7.9249
9.47659
11.2158
12.3606
14.1052
15.1894
16.2515
18.0556
18.2346
18.6517
19.0901
20.1884
21.0827
21.5569
22.2224
22.4276
22.6799
23.2753
23.6627
25.4342
26.0946
26.3041
27.8209
28.0609
29.8479
31.1898
32.9803
34.3236
35.6227
36.4833
38.2249
38.8828
39.1665
39.3659
39.6048
41.2589
41.6918
42.3554
42.6258
44.3358
46.0611
47.8263
48.2834
49.1219
49.312
50.7748
52.4954
53.3787
54.6909
55.7518
57.5259
57.9532
59.7327
61.4196
61.6181
62.0824
63.1722
64.0082
64.2439
65.8911
67.6349
68.3055
69.2208
70.8443
71.2598
71.4948
73.2283
73.4392
75.132
76.6274
78.1851
79.8592
81.6042
82.2306
83.801
85.3318
87.0062
88.7151
90.4551
90.9108
92.4467
94.0181
