0.0021961
0.000402224
0.00235637
0.00268523
0.000626775
0.0163311
0.0137834
0.0417959
0.00129771
0.0059229
0.00135551
0.0156704
0.00480858
0.00381499
0.0171476
0.00191046
0.00268239
0.0139499
0.000747649
0.000515311
0.00100396
0.0111421
0.00360721
0.00298255
0.00619838
0.00389126
0.0023918
0.00231699
0.000985563
0.00519216
0.00272111
0.00169372
0.000885438
0.00376386
0.00303161
0.0011896
0.00217507
0.00234609
0.0121188
0.00288196
0.0161274
0.000756421
0.00501994
0.00161858
0.00212006
0.000827496
0.00139498
0.00439955
0.00107536
0.00262714
0.0163015
0.0117712
0.00268706
0.00677601
0.00100972
0.00119967
0.00324734
0.0022718
0.00975442
0.00162024
0.000841067
0.00792357
0.0272195
0.00215629
0.00953424
0.010095
0.00253635
0.0132161
0.0064521
0.00187213
0.00110679
0.0015957
0.0183484
0.00214638
0.000808034
0.0028096
0.00116865
0.00139752
0.0010778
0.0012693
0.000750356
0.00106914
