2.67451
2.90609
3.12279
3.32822
3.53369
3.76359
3.99758
4.20039
4.43479
4.63812
4.84187
5.04759
5.26618
5.51444
5.74267
5.95205
6.18108
6.41555
6.61823
6.83974
7.06037
7.28241
7.49447
7.71874
7.92262
8.1534
8.37878
8.58697
8.79159
9.03559
9.23231
9.43956
9.64617
9.88911
10.1246
10.3153
10.5457
10.7416
10.9636
11.2018
11.4101
11.6467
11.8487
12.0897
12.3264
12.5268
12.7653
12.9622
13.1762
13.3707
13.6017
13.8537
14.0694
14.2803
14.5328
14.735
14.9666
15.1637
15.3676
15.5929
15.7944
16.0275
16.2249
16.451
16.6517
16.8595
17.1079
17.3346
17.528
17.7786
18.0011
18.2029
18.3998
18.6329
18.8672
19.073
19.2709
19.4724
19.7008
19.9356
20.1633
20.3984
20.6372
20.8711
21.0686
21.3023
21.5427
21.7667
21.9718
22.1944
22.3917
22.6249
22.8293
23.0366
23.251
23.4544
23.6502
23.8479
24.0822
24.297
24.522
24.7601
24.9898
25.1897
25.4235
25.6505
25.8524
26.0812
26.2772
26.5213
26.7255
26.95
27.1473
27.3807
27.5836
27.7821
27.9824
28.2243
28.4239
28.6596
28.8881
29.1213
29.3541
29.5888
29.8259
30.035
30.2309
30.4637
30.6987
30.9002
31.1332
31.366
31.594
31.8371
32.0615
32.2963
32.5274
32.7611
32.964
33.1614
33.3904
33.6335
33.8584
34.1028
34.3117
34.5439
34.7369
34.9393
35.1742
35.4102
35.612
35.8117
36.0398
36.2467
36.4684
36.6769
36.9088
37.1509
37.3421
37.563
37.7762
38.0065
38.2108
38.4465
38.6423
38.8483
39.0745
39.3109
39.5476
39.7776
39.9802
40.1826
40.3794
40.5917
40.8194
41.0097
41.2457
41.4476
41.6767
41.8778
42.0853
42.3189
42.5617
42.7811
43.007
43.2108
43.4184
43.6518
43.8527
44.0824
44.3233
44.553
44.767
44.9742
45.1984
45.4018
45.6016
45.8069
46.0343
46.2361
46.4636
46.6968
46.9273
47.1353
47.3385
47.6049
47.8158
48.06
48.2667
48.4748
48.6806
48.8886
49.0941
49.2983
49.4952
49.6943
49.9267
50.119
50.3225
50.528
50.764
50.9893
51.1924
51.4251
51.6609
51.8539
52.0501
52.2744
52.4812
52.6821
52.9215
53.1545
53.3565
53.5905
53.7867
54.0197
54.2189
54.4298
54.6569
54.8637
55.0965
55.3302
55.5301
55.7392
55.9619
56.199
56.4285
56.6243
56.8567
57.0603
57.2988
57.4974
57.726
57.9296
58.1686
58.3739
58.6012
58.8013
59.0244
59.2669
59.4625
59.6653
59.8666
60.0652
60.2937
60.5333
60.7697
60.9719
61.1812
61.3996
61.6059
61.8374
62.0709
62.3058
62.5064
62.716
62.9082
63.1251
63.326
63.5253
63.7609
63.9738
64.1805
64.3834
64.6088
64.82
65.0221
65.2541
65.4492
65.6473
65.8783
66.1073
66.3043
66.5394
66.742
66.9683
67.1749
67.4152
67.6241
67.8423
68.0515
68.2858
68.5208
68.7371
68.938
69.1738
69.3757
69.5724
69.7783
70.0081
70.2103
70.4016
70.6004
70.827
71.0337
71.2336
71.4641
71.6664
71.8678
72.103
72.3324
72.5359
72.7343
72.9673
73.2021
73.4021
73.6019
73.8316
74.0372
74.238
74.4654
74.6678
74.8795
75.1034
75.3073
75.5368
75.7363
75.9655
76.1709
76.4085
76.6089
76.8075
77.0118
77.2087
77.4371
77.6696
77.9112
78.143
78.3405
78.5751
78.7714
78.9757
79.1754
79.4132
79.6134
79.8379
80.0505
80.2767
80.4756
80.7094
80.9145
81.1447
81.343
81.5699
81.8129
82.0118
82.2102
82.4147
82.6473
82.8797
83.12
83.3493
83.5505
83.7759
83.9835
84.2162
84.4142
84.6427
84.8533
85.0852
85.3165
85.513
85.7207
85.9501
86.1803
86.3771
86.5827
86.782
86.9853
87.2192
87.4394
87.6508
87.8543
88.0503
88.2541
88.4897
88.6998
88.9286
89.1344
89.3652
89.5646
89.7638
89.9942
90.2322
90.4328
90.6703
90.8976
91.1317
91.3331
91.5636
91.7658
91.9966
92.1944
92.4362
92.6669
92.901
93.1019
93.336
93.5334
93.7665
93.9993
94.2008
94.4352
94.6664
94.8973
95.0999
95.3302
