0.000000
0.000000
0.000000
41.647999
41.742001
42.007000
42.048000
42.070000
43.167999
48.584000
50.585999
53.380001
65.728996
72.968002
78.120003
85.518997
87.128998
87.528000
89.001999
90.738998
105.439003
130.688995
145.712997
152.119003
155.686005
157.175003
159.283005
170.078003
184.591995
189.382004
194.220001
200.324005
205.688995
216.231995
236.662994
254.729004
264.255005
268.860992
278.649994
286.734009
293.567993
300.579987
306.026001
307.619995
309.270996
312.308014
313.985992
315.317993
315.328003
317.192993
319.528015
319.954010
321.580994
325.761993
329.744995
332.484009
332.765015
332.772003
332.778015
332.790985
332.812988
332.867004
333.072998
333.093994
333.095001
333.164001
349.562012
351.237000
361.786011
367.963013
369.480011
372.674011
375.769012
379.556000
383.730011
388.705994
390.971985
393.532013
395.526001
396.519012
397.846008
401.627014
403.691986
406.057007
408.109985
411.717987
412.044006
412.104004
412.980011
412.980011
412.980011
412.980011
413.106995
416.565002
429.665985
445.549011
452.628998
462.118988
464.867004
467.191986
470.092010
470.981995
471.578003
473.072998
478.079010
480.908997
486.652008
493.432007
497.437988
499.942993
503.246002
504.377014
504.544006
504.851013
510.542999
511.875000
513.843994
516.924011
521.778015
527.666016
536.937988
542.039978
548.030029
557.664978
560.377991
562.203003
571.848999
575.416992
575.953003
576.028015
576.028015
576.028015
576.031006
576.031006
583.549988
592.630981
605.028992
605.653992
605.965027
605.974976
605.974976
605.974976
605.974976
605.974976
605.974976
605.974976
605.974976
605.974976
606.039978
606.091003
607.068970
607.068970
607.068970
607.068970
607.143982
607.143982
607.435974
607.458008
607.458008
607.530029
607.530029
607.530029
607.530029
607.530029
607.530029
607.530029
607.530029
607.530029
607.530029
607.530029
607.530029
607.530029
607.530029
607.530029
607.530029
607.530029
607.530029
607.530029
607.530029
607.530029
607.530029
607.530029
607.530029
607.530029
607.530029
607.530029
607.530029
607.530029
