1.83168
1.8318
2.36197
2.89399
3.36171
3.86207
4.36269
4.86532
5.36592
5.86534
6.36542
6.86589
7.36527
7.86537
8.3791
8.8654
9.36679
9.88934
10.3694
10.8702
11.369
11.87
12.3698
12.8691
13.3708
13.8692
14.37
14.8732
15.3738
15.873
16.3729
16.8738
17.3736
17.8729
18.3999
18.874
19.377
19.8775
20.3986
20.877
21.3776
21.8778
22.3919
22.8777
23.3776
23.8779
24.3813
24.8821
25.3814
25.8819
26.3814
26.882
27.3813
27.8813
28.3814
28.8886
29.3843
29.886
30.3854
30.9005
31.3857
31.8852
32.3852
32.8859
33.3905
33.8857
34.3894
34.8901
35.4103
35.8888
36.3896
36.909
37.3897
37.8898
38.3892
38.8924
39.394
39.8933
40.3936
40.8937
41.393
41.8938
42.3929
42.8931
43.4186
43.8969
44.3976
44.8967
45.4023
45.8969
46.3974
46.898
47.3982
47.8974
48.4006
48.9018
49.4007
49.927
50.4014
50.9013
51.4253
51.9018
52.4045
52.9215
53.4017
53.9021
54.4302
54.9053
55.4055
55.9056
56.4285
56.9053
57.4056
57.9057
58.4052
58.9098
59.4098
59.9103
60.4096
60.9097
61.4096
61.9095
62.4096
62.9123
63.4135
63.9138
64.4137
64.9131
65.414
65.9136
66.4175
66.9178
67.4179
67.9169
68.4175
68.9237
69.4175
69.9176
70.4171
70.9177
71.4199
71.9213
72.4219
72.9208
73.422
73.9215
74.422
74.9216
75.4217
75.9218
76.422
76.9237
77.4261
77.9256
78.4255
78.9258
79.4252
79.9255
80.4251
80.9257
81.4259
81.9255
82.4295
82.9304
83.4289
83.9294
84.4295
84.9302
85.4297
85.9294
86.4288
86.9314
87.4395
87.9328
88.4325
88.9341
89.4336
89.9334
90.4336
90.9339
91.4339
91.9343
92.437
92.9375
93.4375
93.937
94.438
94.938
