0.00957449
0.00596566
0.00639735
0.00308062
0.0151185
0.0230713
0.00674862
0.00509155
0.00322469
0.000495377
0.0300093
0.00042343
0.000899213
0.00111469
0.000569021
0.000794918
0.000587667
0.0014278
0.00177834
0.00752454
0.000734455
0.000762304
0.00169457
0.00318402
0.000707405
0.0183765
0.000465543
0.014955
0.0189033
0.00145323
0.00146206
0.00259181
0.00162987
0.0138103
0.000976583
0.000972488
0.0140189
0.00192661
0.0120682
0.00155803
0.00169201
0.0133308
0.00126885
0.0277733
0.00644293
0.000509037
0.00140476
0.00100653
0.00181973
0.000606628
0.00483284
0.00758399
0.000968613
0.00807631
0.00710232
0.000572605
0.000453191
0.000737211
0.000830443
0.0126158
0.000399798
0.00103191
0.0210444
0.000946111
0.00105131
0.00197007
0.000642696
0.00105658
0.000715777
0.000591526
0.00136991
0.030826
0.000232143
0.000514616
0.000376851
0.0325321
0.000862284
0.00114385
0.000880661
0.00697667
0.000587399
0.000764256
0.0168188
0.0250714
0.0010894
0.00132373
0.00117097
0.00154583
0.000977901
0.000992976
0.00333352
0.000557282
0.000390816
0.00921462
0.0098975
0.00802961
0.000683071
0.000602951
0.0185699
0.000394181
0.00176389
0.0210595
0.000515559
0.00519051
0.000505255
0.000693587
0.00582484
0.000510986
0.000868149
0.000955239
0.00103848
0.00173152
0.0161877
0.0189158
0.000474624
0.00473854
0.000615738
0.00875053
0.000605689
0.0030512
0.00721727
0.000690742
0.000530946
0.00336272
0.00410811
0.000558529
0.00272546
0.000611739
0.000512276
0.00085471
0.000861832
0.00273194
0.000514934
0.00046824
0.00050493
0.000493073
0.000556038
0.000561948
0.00104089
0.000669154
0.000695443
0.000615623
0.00147361
0.000653218
0.000846157
0.000587047
0.00182278
0.00091497
0.000604078
0.000891659
0.00117858
0.00071673
0.000710001
0.003063
0.000958694
0.000746127
0.0014837
0.000892582
0.000611315
0.000843165
0.00483985
0.0148415
0.000877226
0.000659922
0.000647284
0.000907287
0.00563238
0.000626303
0.000722626
0.00697256
0.000420996
0.000541408
0.000599023
0.000562607
0.00532142
0.000712121
0.00529713
0.0121069
0.0123772
0.00103221
0.00674744
0.00072426
0.0237656
0.00171644
0.000571645
0.000911442
0.0216721
0.000636239
0.00778631
0.000560247
0.000577528
0.00067993
0.00114443
0.00111369
0.00119228
0.00118554
0.00109624
0.000865715
0.00125226
0.014542
0.00105246
0.000974808
0.001381
0.00141196
0.00159854
0.00182261
0.00356004
0.00186839
0.00355645
0.00571667
0.00116651
0.00129953
0.00123387
0.00651737
0.00188392
0.00397799
0.00196815
0.00437946
0.00452178
0.00364592
0.00309959
0.00221492
0.00406956
0.00170345
0.00305265
0.00137053
0.00171814
0.00225837
0.00339788
0.0181215
0.000988861
0.00765905
0.00464159
0.00649271
0.000621864
0.000518708
0.000692932
0.00476233
0.000596185
0.000549088
0.000671717
0.0110566
0.000777132
0.00196104
0.000323074
0.000371977
0.0113149
0.00853631
0.0017263
0.00611747
0.00160107
0.0192819
0.00057226
0.00322808
0.00326222
0.000762383
0.000880149
0.0021413
0.000836678
0.000826606
0.000873256
0.000853879
0.00667977
0.00595552
0.00466894
0.00103224
0.00532265
0.00116822
0.00119419
0.00103372
0.00813116
0.0014001
0.000892762
0.0115701
0.0081241
0.000552455
0.000600983
0.000846684
0.000882931
0.000829842
0.000935261
0.00853006
0.000895542
0.00981354
0.0075805
0.0113325
0.00221729
0.000791667
0.00100131
0.000963557
0.00136569
0.000730357
0.000737703
0.000980381
0.00103352
0.00118667
0.00847651
0.00108005
0.00212836
0.000729869
0.00069004
0.000589249
0.00366673
0.014876
0.000512659
0.000337266
0.000355649
0.000301546
0.000431391
0.000447763
0.00128871
0.00118292
0.00174017
0.00760408
0.000499412
0.000658673
0.000794492
0.000664816
0.00053314
0.000573687
0.00094509
0.000603635
0.00202725
0.000353323
0.0211595
0.0206302
0.0205488
0.0206484
0.0206044
0.0206367
0.0218924
0.0205759
0.0203471
0.0204038
0.0205877
0.0206323
0.0206511
0.0206685
0.0205316
0.021101
0.0204485
0.0210124
0.0207173
0.0204139
0.020639
0.0204334
0.0206298
0.0204685
0.0203947
0.0207928
0.0208434
0.0208961
0.0209486
0.0209126
0.021
0.0211123
0.0205368
0.0207406
0.020852
0.0223646
0.0209351
0.0205553
0.0205962
0.020541
0.0209639
0.0206907
0.0205203
0.0205608
0.0207338
0.0207728
0.0206896
0.0241034
0.0206035
0.0224786
0.020565
0.0207945
0.0208998
0.0207651
0.0278357
0.0208105
0.0208391
0.0249288
0.0208066
0.0206944
0.020699
0.020537
0.0205943
0.0209356
0.0206669
0.0209699
0.0208051
0.0211815
0.0203822
0.0206859
0.0288005
0.0206709
0.0206556
0.0207147
0.0205595
0.0205681
0.0205455
0.0208009
0.0209407
0.0208072
0.020631
0.020903
0.0208547
0.0209895
0.0206586
0.0210735
0.022864
0.0209993
0.0207974
0.0208321
0.020807
0.0209438
0.0211348
0.0212639
0.0220064
0.0226695
0.0209251
0.0237678
0.0209899
0.020825
0.0226566
0.020705
0.0206171
0.0207887
0.0209161
0.0206279
0.0206823
0.0204515
0.0204279
0.0208107
0.0219297
0.0207614
0.0206162
0.020714
0.0206028
0.0205664
0.0207042
0.0214223
0.0210247
0.0208672
0.023219
0.0210269
0.0207159
0.0210845
0.0209933
0.020881
0.0207434
0.0208406
0.0206669
0.0206744
0.0208419
0.0206829
0.0206715
0.0206994
0.0206356
0.0220415
0.0205289
0.0209462
0.0206118
0.0203827
0.0204267
0.0205143
0.0210424
0.0207194
0.0216417
0.0207246
0.0207864
0.0209053
0.020778
0.0245281
0.0206546
0.020835
0.0209907
0.020975
0.0207851
0.0207148
0.0207043
0.0206116
0.0206792
0.021078
0.0207868
0.0207286
0.0206842
0.0209167
0.0208013
0.0208534
0.0208426
0.0205773
0.0207679
0.0206771
0.0206927
0.0211396
0.0207654
0.0205764
0.0208277
0.0207525
0.0209989
0.0208418
0.0206859
0.020796
0.021026
0.0241611
0.0207175
0.0205079
0.0236451
0.0209663
0.0205511
0.0206964
0.0207925
0.0206262
0.0208148
0.0210711
0.0208695
0.0206961
0.0208755
0.0204766
0.0209505
0.0208395
0.0248035
0.0211142
0.020918
0.0205567
0.0227604
0.0208853
0.0211282
0.0207701
0.0210971
0.020976
0.0209212
0.0212228
0.0209482
0.0210445
0.0211413
0.0207468
0.0207676
0.0209726
0.0209929
0.020732
0.0207929
0.0207887
0.02072
0.0208858
0.024135
0.0224806
0.0209388
0.0208321
0.0210451
0.0210483
0.0210573
0.0209478
0.0207995
0.0206341
0.0207713
0.0207971
0.0206421
0.0206874
0.0208325
0.0207482
0.0207539
0.0212551
0.0211281
0.0309018
0.021163
0.0205328
0.022157
0.0206693
0.0206387
0.0206364
0.0204967
0.0208144
0.0208594
0.0209805
0.0211802
0.0208054
0.0210158
0.0209664
0.0205724
0.0208302
0.0207208
0.0206551
0.020769
0.0206332
0.0206306
0.0205402
0.0207409
0.0204112
0.0206658
0.0206939
0.0205347
0.0208499
0.0209226
0.0209517
0.0209146
0.0206794
0.0205292
0.020546
0.0207271
0.0208162
0.020966
0.0248139
0.0210084
0.0208817
0.0207404
0.0207019
0.021088
0.0223611
0.0210536
0.0207274
0.0206319
0.0209239
0.0208904
0.021063
0.0208562
0.0206875
0.020844
0.0205905
0.0205242
0.0203784
0.0204341
0.0208622
0.0203171
0.0203561
0.020575
0.0204017
0.0203403
0.0207062
0.0205097
0.0205886
0.0207996
0.0207869
0.0208232
0.0207147
0.0206626
0.0205896
0.0205732
0.0206489
0.0205204
0.0204996
0.0207688
0.0207613
0.0259188
0.0207187
0.0206123
0.0208551
0.0208283
0.0208503
0.0208102
0.0206392
0.0206113
0.0229878
0.0208973
0.0209349
0.0211791
0.020975
0.0209254
0.0213094
0.0206654
0.0286331
0.0226308
0.0209755
0.0209234
0.0206513
0.0207789
0.0206517
0.020743
0.0208639
0.0209538
0.020697
0.0209619
0.0207914
0.0205697
0.0206397
0.0226721
0.0212395
0.0209041
0.0206199
0.0209877
0.0207518
0.0210895
0.0205387
0.0213233
0.0212126
0.0209234
0.0212425
0.021174
0.0210193
0.0209872
0.0211373
0.020976
0.0208768
0.0207735
0.0207747
0.0213672
0.0215492
0.0208329
0.0207159
0.0208486
0.0205461
0.0206631
0.0206745
0.020636
0.0207584
0.0211258
0.0211638
0.0206645
0.0209555
0.0207749
0.0207839
0.0205566
0.0210252
0.0223653
0.021855
0.0228366
0.0212837
0.0208739
0.0206701
0.0206989
0.0210445
0.020434
0.0204212
0.0204597
0.0205371
0.0209354
0.0209183
0.0210778
0.020631
0.0209597
0.0208825
0.0207233
0.0207797
0.020502
0.0208219
0.020694
0.0206761
0.0206712
0.0210834
0.0209852
0.0208429
0.0208798
0.020787
0.0248177
0.0205555
0.0208288
0.020304
0.020273
0.0204747
0.0207985
0.0207958
0.0206141
0.0209318
0.0206525
0.0206854
0.0205915
0.0209008
0.0208018
0.0207282
0.0206915
0.0208714
0.0211693
0.0207492
0.0210618
0.0207171
0.0210645
0.0226552
0.0205363
0.0211552
0.0210644
0.0205163
0.0205565
0.0207733
0.0208067
0.0224688
0.0206639
0.0208976
0.0208392
0.0206516
0.0206562
0.0206244
0.0205863
0.0209063
0.0208375
0.0207905
0.0208929
0.0208987
0.0208152
0.0207535
0.0234479
0.0208513
0.0209765
0.0209305
0.0208941
0.0212451
0.0209429
0.0209191
0.020975
0.0208774
0.0206649
0.0210141
0.0210413
0.0219081
0.0248853
0.0207365
0.0206755
0.0209508
0.0233245
0.0207273
0.0209061
0.0209615
0.0206129
0.020689
0.0208376
0.0206441
0.0236854
0.0208704
0.020814
0.021039
0.0208571
0.02104
0.0207288
0.0206982
0.0207794
0.0208354
0.0207441
0.020793
0.0206362
0.0209495
0.0208223
0.020739
0.0243069
0.0208444
0.0207501
0.0207913
0.0206371
0.0209978
0.0209523
0.0209705
0.0211889
0.0207691
0.0205587
0.0204881
0.0204869
0.0237766
0.0207625
0.0207342
0.0207187
0.0206449
0.020787
0.0205462
0.0206356
0.0253788
0.0205374
0.0205241
0.0204029
0.020664
0.0207647
0.0207055
0.0211334
0.0210128
0.0209244
0.020722
0.021541
0.0206388
0.0206054
0.0211136
0.0211476
0.020526
0.0207817
0.0207429
0.0208154
0.0207135
0.0206694
0.0206414
0.0204565
0.0204479
0.0205466
0.0208068
0.0206496
0.0206399
0.0208527
0.0250562
0.0209589
0.0211907
0.0209832
0.0206914
0.0207345
0.0209484
0.0216074
0.0206958
0.0207521
0.020607
0.0206924
0.0206705
0.0207795
0.0211881
0.0207187
0.0211506
0.0209915
0.0207551
0.0209514
0.0209179
0.0208066
0.0210408
0.0233474
0.020746
0.0207742
0.0207691
0.0205226
0.0207771
0.0207222
0.0206059
0.0210537
0.020845
0.0207222
0.0208391
0.0212754
0.0219995
0.0206484
0.0208073
0.0210438
0.0206717
0.0221776
0.0221983
0.0212346
0.0210383
0.0229456
0.0268998
0.0228842
0.0208612
0.0206621
0.0207829
0.0205588
0.0206742
0.0208544
0.0207925
0.020922
0.0208691
0.0207846
0.020811
0.0204912
0.0207322
0.0217304
0.0206666
0.020643
0.0208867
0.0236963
0.0208036
0.0206176
0.021149
0.0208776
0.0236757
0.0225013
0.0209178
0.0209432
0.0208193
0.0208666
0.0208187
0.0206823
0.0206245
0.0207877
0.0207313
0.0209134
0.0210204
0.0205965
0.0255023
0.0205579
0.02062
0.0205413
0.0206122
0.0210597
0.0207179
0.0210676
0.020919
0.0206224
0.0240503
0.0329677
0.0208355
0.0222735
0.0207015
0.0247231
0.0206904
0.0327819
0.0205917
0.0208736
0.0209224
0.0204398
0.0207546
0.0208462
0.0206448
0.0206626
0.0208098
0.0209614
0.0206999
0.0208384
0.0206036
0.0208404
0.0210181
0.0209904
0.0207041
0.0209513
0.0207861
0.0205888
0.0205371
0.0207214
0.0206865
0.020508
0.0207963
0.0208324
0.0206845
0.0249255
0.0207228
0.0237793
0.0206199
0.026193
0.0209188
0.0206232
0.020727
0.0204984
0.0205367
0.0205188
0.0206174
0.0208179
0.0205797
0.0205338
0.0207067
0.0206594
0.0207059
0.0209817
0.0207001
0.0205544
0.0205131
0.020783
0.0206014
0.0219141
0.0209786
0.0208785
0.0205671
0.0210971
0.0208741
0.0206369
0.0208333
0.0207633
0.0209214
0.0208918
0.0206238
0.0206428
0.0248709
0.0210322
0.0209962
0.0207204
0.0224949
0.0211976
0.0208995
0.0205403
0.020721
0.0203229
0.0207291
0.0207149
0.020984
0.0208187
0.0207167
0.0207626
0.0208621
0.0208878
0.0205461
0.0207781
0.0208086
0.0209505
0.0210282
0.028035
0.0206778
0.0208092
0.0209786
0.0206165
0.0206157
0.0240137
0.0206358
0.0207671
0.0242599
0.0206293
0.020503
0.0204316
0.0207865
0.0209369
0.0206017
0.0207329
0.0206001
0.0203357
0.0204992
0.0207351
0.0207288
0.0258366
0.0206713
0.0210835
0.0206669
0.0208917
0.0205243
0.0205753
0.0207973
0.0246387
0.0206212
0.0205922
0.020825
0.0209013
0.0206747
0.0215803
0.0213885
0.0207274
0.0205105
0.0208821
0.0209216
0.0208238
0.0208017
0.0242912
0.020536
0.0207199
0.0205082
0.020673
0.020579
0.0207151
0.0210052
0.0209277
0.0207795
0.0208235
0.0209253
0.0207471
0.0210245
0.0205991
0.0212627
0.0207236
0.0204663
0.0205745
0.0207549
0.0209197
0.0206463
0.0206374
0.0205822
0.024035
0.0205053
0.0210483
0.0204084
0.0244783
0.0205555
0.0208442
0.0205592
0.0210333
0.0207021
0.0208178
0.0231096
0.0207776
0.0207377
0.0206779
0.026866
0.02069
0.0207728
0.020728
0.0207987
0.02088
0.0209681
0.0205623
0.0205414
0.0205609
0.020564
0.0260353
0.0206881
0.0205273
0.0207918
0.0209518
0.0210382
0.020726
0.0208341
0.0208322
0.0207187
0.023664
0.020745
0.0209366
0.0205394
0.0206037
0.0203939
0.0204869
0.0206877
0.0208253
0.0206464
0.0227551
0.0208869
0.0206289
0.020931
0.0209213
0.021163
0.0207444
0.0206759
0.0205103
0.0205915
0.0205821
0.020871
0.0207997
0.0206249
0.022371
0.0203592
0.0205801
0.0209151
0.0210534
0.0207159
0.0205271
0.0205238
0.0209423
0.0221027
0.0209734
0.0205667
0.0230261
0.0208114
0.0212157
0.0348044
0.0219937
0.0210944
0.0208396
0.0207247
0.0208
0.0209799
0.0207334
0.0210958
0.0210223
0.0210415
0.0208182
0.0209468
0.0207166
0.0206943
0.0210596
0.0211191
0.0231051
0.0209799
0.020731
0.0211362
0.0208213
0.0208131
0.0207415
0.0213201
0.0208411
0.0219054
0.020815
0.020718
0.0208427
0.0210274
0.0206809
0.0206254
0.0207685
0.0208083
0.0209263
0.0206889
0.0210147
0.0207741
0.0207705
0.0208239
0.0209918
0.0208311
0.0207981
0.0209936
0.0208678
0.0209258
0.0208061
0.0207525
0.0207345
0.020933
0.0207364
0.0208913
0.0208424
0.0208076
0.0209652
0.023574
0.021145
0.020622
0.0208985
0.0208463
0.0207925
0.0209354
0.0216744
0.020774
0.0209053
0.0208245
0.0210321
0.0210857
0.0212221
0.0211172
0.0209623
0.0208865
0.020867
0.0224414
0.020754
0.0223719
0.0206606
0.0216527
0.0210811
0.0207725
0.0210573
0.0205678
0.0208289
0.0208625
0.0210325
0.0212751
0.0207774
0.0207126
0.0207164
0.0208303
0.021032
0.0208218
0.0208794
0.0209113
0.0249183
0.0209262
0.0227778
0.0208644
0.0209852
0.0211408
0.0208314
0.0213239
0.0209757
0.0209491
0.0212818
0.0211133
0.0212345
0.021594
0.0211145
0.0212174
0.0211796
0.0212119
0.0211611
0.0211194
0.0213789
0.0209864
0.0212486
0.0212284
0.0210805
0.0208972
0.0208152
0.0211189
0.0207812
0.020888
0.0208686
0.020878
