19.736
19.932
20.5733
20.5908
23.9343
24.6079
24.6317
24.6496
29.4614
29.7003
33.5914
33.6022
33.6122
33.6225
33.6422
33.6529
33.6724
33.6933
33.7135
33.7944
34.0224
36.6465
36.6668
40.6553
40.6691
44.9853
45.1671
47.8175
48.4513
48.4636
48.4742
48.4944
48.5141
51.3584
51.3754
51.3956
51.7893
52.8767
60.3385
60.3577
60.3785
64.5368
64.5549
66.2729
67.1172
67.1315
67.342
67.3616
67.3731
69.0132
69.8782
70.5413
70.5542
70.5721
70.5912
70.6049
81.947
81.9574
81.9776
82.0085
83.9033
83.9146
88.2618
88.4724
88.4825
88.4939
88.5124
88.5327
88.5526
88.5722
88.5929
90.7332
90.7431
92.462
92.4785
102.273
102.292
102.312
102.332
108.061
108.075
108.086
109.586
111.913
121.023
121.04
121.06
121.08
121.1
121.119
130.874
130.891
145.965
147.469
151.063
153.392
153.404
153.415
157.791
157.807
157.824
158.003
158.013
165.516
165.531
165.542
165.567
165.582
165.602
165.622
165.641
165.653
168.955
169.17
169.189
173.067
173.083
174.833
174.845
174.859
180.714
180.728
180.747
180.761
180.781
185.256
185.268
187.208
187.227
187.238
187.258
187.279
187.297
187.307
187.317
187.327
187.347
187.357
187.368
187.428
187.447
187.458
187.479
187.628
187.638
187.658
187.669
187.849
187.859
187.879
187.898
187.909
187.929
187.941
187.959
187.978
187.989
187.999
188.009
188.019
188.033
195.331
195.347
195.357
206.881
218.007
218.022
223.146
223.156
239.158
239.171
239.182
239.192
239.202
241.082
241.102
241.122
241.304
241.334
241.353
241.379
241.393
243.197
243.385
243.404
243.415
243.614
243.633
244.242
244.255
244.265
244.275
244.295
247.837
247.856
247.877
247.896
247.907
248.297
248.321
248.337
248.348
248.367
248.378
248.399
248.418
248.44
248.459
248.481
248.506
248.518
248.538
248.548
251.916
252.581
252.603
252.621
252.643
252.664
252.683
252.702
254.493
259.758
259.776
261.069
263.442
263.453
263.473
263.493
285.9
285.912
291.482
312.869
348.625
348.639
348.649
348.659
352.84
352.856
352.866
352.877
353.047
353.227
358.996
359.016
359.026
360.02
377.685
377.698
378.543
378.558
383.659
383.671
389.354
390.032
390.482
390.502
398.038
398.057
398.067
398.087
398.097
401.659
422.125
430.175
430.392
430.416
430.432
430.443
430.463
430.489
430.502
439.878
442.691
445.713
445.726
445.736
445.756
445.766
445.776
445.787
451.959
452.151
452.581
453.859
454.533
454.554
454.572
454.582
454.592
455.144
455.163
455.184
455.203
455.214
455.233
455.251
457.08
460.546
471.219
471.23
471.251
488.668
488.89
490.726
490.736
490.756
497.816
502.524
502.534
505.106
505.127
507.498
565.597
565.611
565.629
565.64
565.649
565.659
567.081
567.101
567.114
569.644
569.663
580.365
580.403
580.434
580.465
580.495
580.534
580.569
580.599
580.629
580.66
580.689
580.719
580.75
580.781
580.82
580.85
580.88
580.921
580.96
580.993
581.03
581.061
581.091
581.121
581.151
581.181
581.23
581.261
581.302
581.341
581.381
581.411
581.455
581.486
581.526
581.567
581.605
581.636
581.676
581.706
581.746
581.776
581.806
581.836
581.866
581.911
581.944
581.984
582.021
582.062
582.109
582.147
582.187
582.226
582.263
582.31
582.344
583.301
583.332
583.361
583.407
583.437
583.477
583.507
583.537
583.578
583.624
583.662
583.692
583.733
583.771
583.808
583.855
583.892
583.922
583.952
583.982
584.022
584.071
584.102
584.132
584.173
584.212
584.242
584.292
584.322
584.364
584.402
584.433
584.472
584.533
584.573
584.612
584.652
584.683
584.723
584.766
584.809
584.846
584.887
584.928
584.969
585.007
585.037
585.067
585.097
585.138
585.177
585.207
585.238
585.269
585.308
585.338
585.378
585.408
585.438
585.468
585.499
585.539
585.578
585.621
585.659
585.699
585.739
585.791
585.828
585.858
585.888
585.919
585.949
585.988
586.027
586.063
586.093
586.124
586.155
586.194
586.241
586.28
586.309
586.339
586.369
586.4
586.442
586.48
586.519
586.559
586.59
586.647
586.688
586.72
586.75
586.789
586.83
586.871
586.909
586.939
586.969
587
587.039
587.081
587.119
587.159
587.2
587.239
587.283
587.314
587.346
587.384
587.414
587.445
587.484
587.514
587.546
587.584
587.624
587.665
587.704
587.734
587.765
587.795
587.838
587.874
587.913
587.953
587.99
588.02
588.05
588.081
588.12
588.15
588.181
588.22
588.25
588.281
588.323
588.361
588.401
588.444
588.481
588.52
588.559
588.598
588.636
588.666
588.696
588.737
588.776
588.806
588.837
588.877
588.916
588.956
588.986
589.026
589.057
589.096
589.127
589.166
589.196
589.242
589.281
589.325
589.363
589.401
589.431
589.47
589.522
589.561
589.601
589.642
589.683
589.721
589.761
589.791
589.822
589.862
589.901
589.932
589.972
590.012
590.061
590.101
590.131
590.163
590.201
590.231
590.261
590.291
590.33
590.361
590.401
590.44
590.47
590.509
590.549
590.58
590.611
590.65
590.68
590.72
590.75
590.789
590.82
590.85
590.88
590.911
590.941
590.971
591.01
591.041
591.082
591.121
591.152
591.181
591.22
591.251
591.282
591.321
591.356
591.387
591.426
591.456
591.486
591.527
591.568
591.606
591.645
591.681
591.722
591.752
591.782
591.822
591.86
591.898
591.937
591.967
591.997
592.027
592.068
592.098
592.128
592.168
592.198
592.228
592.269
592.298
592.339
592.378
592.408
592.448
592.487
592.518
592.55
592.588
592.618
592.648
592.677
592.716
592.753
592.798
592.837
592.868
592.898
592.945
592.983
593.013
593.043
593.073
593.106
593.155
593.193
593.234
593.273
593.313
593.344
593.385
593.431
593.471
593.508
593.539
593.568
593.607
593.644
593.684
593.724
593.763
593.794
593.833
593.864
593.894
593.925
593.966
594.005
594.044
594.074
594.114
594.144
594.184
594.214
594.254
594.285
594.324
594.365
594.405
594.444
594.484
594.545
594.584
594.624
594.654
594.693
594.725
594.765
594.795
594.834
594.865
594.903
594.939
594.969
595
595.03
595.069
595.118
595.151
595.188
595.219
595.258
595.288
595.327
595.36
595.4
595.44
595.479
595.509
595.548
595.579
595.619
595.649
595.679
595.709
595.751
595.79
595.83
595.871
595.9
595.941
595.98
596.01
596.052
596.089
596.12
596.15
596.188
596.226
596.265
596.305
596.335
596.365
596.404
596.439
596.469
596.499
596.529
596.559
596.589
596.63
596.669
596.7
596.739
596.769
596.799
596.837
596.874
596.914
596.945
596.975
597.005
597.05
597.08
597.11
597.141
597.181
597.222
597.261
597.3
597.34
597.371
597.401
597.441
597.483
597.523
597.554
597.591
597.621
597.651
597.69
597.722
597.754
597.791
597.822
597.852
597.892
597.922
597.954
597.992
598.025
598.062
598.101
598.132
598.162
598.203
598.243
598.282
598.313
598.352
598.382
598.422
598.452
598.493
598.536
598.577
598.608
598.638
598.68
598.718
598.757
598.796
598.828
598.867
598.897
598.927
598.961
599
599.038
599.078
599.118
599.158
599.198
599.236
599.273
599.313
599.342
599.373
599.403
599.441
599.473
599.512
599.556
599.588
599.618
599.656
599.687
599.727
599.758
599.797
599.837
599.876
599.907
599.937
599.967
600.001
600.037
600.076
600.112
600.142
600.172
600.203
600.232
600.267
600.306
600.343
600.373
600.412
600.443
600.473
600.512
600.544
600.582
600.612
600.644
600.682
600.724
600.762
600.801
600.831
600.871
600.902
600.94
600.972
601.002
601.032
601.062
601.091
601.121
601.16
601.191
601.222
601.252
601.296
601.327
601.367
601.397
601.427
601.458
601.488
601.529
601.568
601.607
601.637
601.667
601.698
601.738
601.78
601.818
601.849
601.889
601.928
601.958
602.003
602.034
602.073
602.106
602.143
602.173
602.212
602.243
602.273
602.304
602.334
602.374
602.412
602.444
602.474
602.514
602.556
602.593
602.633
602.665
602.704
602.736
602.776
602.815
602.873
602.906
602.95
602.991
603.03
603.06
603.099
603.13
603.17
603.21
603.24
603.28
603.319
603.35
603.38
603.41
603.44
603.472
603.527
603.557
603.596
603.629
603.66
603.69
603.729
603.76
603.793
603.826
603.865
603.904
603.947
603.985
604.025
604.055
604.085
604.124
604.17
604.21
604.249
604.28
604.315
604.344
604.385
604.424
604.454
604.485
604.524
604.584
604.624
604.656
604.697
604.747
604.788
604.827
604.865
604.899
604.93
604.972
605.011
605.041
605.081
605.11
605.141
605.171
605.201
605.239
605.276
605.317
605.346
605.386
605.416
605.458
605.496
605.537
605.576
605.617
605.671
605.701
605.741
605.772
605.811
605.841
605.88
605.917
605.959
606
606.031
606.065
606.103
606.147
606.177
606.207
606.246
606.276
606.314
606.351
606.382
606.422
606.452
606.482
606.526
606.559
606.598
606.637
606.677
606.707
606.745
606.782
606.812
606.843
606.883
606.922
606.961
606.998
607.038
607.078
607.108
607.138
607.184
607.222
607.253
607.283
607.327
607.358
607.397
607.428
607.463
607.502
607.532
607.562
607.601
607.632
607.662
607.692
607.732
607.772
607.811
607.842
607.882
607.922
607.952
607.982
608.021
608.053
608.093
608.139
608.177
608.223
608.262
608.292
608.323
608.356
608.392
608.435
608.476
608.513
608.543
608.573
608.603
608.642
608.673
608.713
608.743
608.773
608.804
608.843
608.873
608.919
608.959
608.998
609.028
609.068
609.098
609.128
609.158
609.193
609.224
609.254
609.293
609.329
609.362
609.401
609.44
609.48
609.518
609.555
609.595
609.626
609.665
609.699
609.737
609.775
609.805
609.835
609.865
609.896
609.95
609.98
610.01
610.041
610.08
610.12
610.165
610.195
610.235
610.275
610.305
610.335
610.374
610.41
610.44
610.47
610.5
610.543
610.584
610.62
610.65
610.684
610.715
610.745
610.786
610.825
610.865
610.905
610.938
610.975
611.018
611.056
611.101
611.14
611.181
611.219
611.25
611.281
611.321
611.35
611.38
611.41
611.448
611.49
611.52
611.55
611.59
611.621
611.672
611.711
611.75
611.781
611.82
611.854
611.897
611.936
611.966
611.996
612.026
612.056
612.103
612.141
612.171
612.214
612.251
612.282
612.32
612.351
612.392
612.431
612.461
612.491
612.53
612.563
612.602
612.632
612.662
612.693
612.732
612.764
612.802
612.842
612.881
612.911
612.949
612.987
613.028
613.067
613.097
613.138
613.177
613.217
613.27
613.307
613.347
613.388
613.426
613.457
613.497
613.527
613.567
613.606
613.637
613.667
613.707
613.737
613.767
613.806
613.838
613.88
613.918
613.958
613.998
614.037
614.067
614.098
614.137
614.168
614.208
614.252
614.282
614.313
614.352
614.383
614.412
614.443
614.484
614.523
614.553
614.598
614.628
614.659
614.698
614.728
614.759
614.798
614.828
614.868
614.908
614.939
614.978
615.018
615.049
615.088
615.127
615.166
615.204
615.244
615.286
615.338
615.368
615.408
615.448
615.478
615.518
615.557
615.588
615.618
615.649
615.688
615.729
615.781
615.819
615.859
615.889
615.919
615.96
616.003
616.035
616.066
616.104
616.144
616.174
616.213
616.244
616.274
616.314
616.354
616.394
616.433
616.466
616.504
616.544
616.584
616.614
616.653
616.685
616.728
616.759
616.801
616.839
616.881
616.919
616.949
616.989
617.029
617.059
617.099
617.129
617.168
617.2
617.239
617.279
617.318
617.349
617.379
617.419
617.459
617.489
617.534
617.566
617.604
617.634
617.674
617.705
617.744
617.774
617.805
617.835
