0.00461171
0.00939724
0.000332761
0.0209079
0.00578196
0.015186
0.000873103
0.00366126
0.0111199
0.00235593
0.00273346
0.00239578
0.00198725
0.00120424
0.0144836
0.000674471
0.00276455
0.000786536
0.000504062
0.0116876
0.0183492
0.0143265
0.00222382
0.00271227
0.00741914
0.0149756
0.000530015
0.00171959
0.00114857
0.00191334
0.0120017
0.00196756
0.00770847
0.00241934
0.00291041
0.00861405
0.0100839
0.0037739
0.00750678
0.0176927
0.00132113
0.00143557
0.00228822
0.000891358
0.00588844
0.000997468
0.00374174
0.00155715
0.00362633
0.000952438
0.00215135
0.00883457
0.00073572
0.00145883
0.00496595
0.00338625
0.000856842
0.0147621
0.00368705
0.00112701
0.0124322
0.00117763
0.00113873
0.00445627
0.00222243
0.00190755
0.00188174
0.00183036
0.00200801
0.00183495
0.000649516
0.00181189
0.000727736
0.0110128
0.000936018
0.0089366
0.0010532
0.00534689
0.00880825
0.0121958
0.0024709
0.0190077
0.00133548
0.00134255
0.00113812
0.0151251
0.00177736
0.0011471
0.00344834
0.00141551
0.000868262
0.00884469
0.0130005
0.0126745
0.0289749
0.00085905
0.0137901
0.000386699
0.0055147
0.0292236
0.00218682
0.0109153
0.0356071
0.0185261
0.00888241
0.00405069
0.00121582
0.00137587
0.0156315
0.00266475
0.00871759
0.0149492
0.00871486
0.0105101
0.00279456
0.00929876
0.00628402
0.00183015
0.00191814
0.00122811
0.00468534
0.00534834
0.0031109
0.0103081
0.00830228
0.00257216
0.00899856
0.00095566
0.00280404
0.00600349
0.00325358
0.00737768
0.00255247
0.0132822
0.0252225
0.000849895
0.0086742
0.0118737
0.00228598
0.0129896
0.00104326
0.00750191
0.00311814
0.0272311
0.00636013
0.000954426
0.0362645
0.00278284
0.00238718
0.032601
0.00106011
0.0118697
0.00411958
0.0530393
0.00856778
0.00332923
0.0137153
0.000621851
0.0206239
0.000753629
0.00797019
0.0048557
0.000961981
0.0179698
0.00084327
0.000921008
0.00207944
0.0111888
0.0165752
0.00314846
0.0228499
0.0142235
0.00990652
0.00538419
0.00352705
0.0262568
0.00861482
0.0117282
0.0156304
0.00287519
0.00438233
0.00209524
0.00174276
0.00233105
0.00432452
0.00278966
0.0080237
0.00163574
0.00349714
0.00146051
0.017605
0.0127372
0.000856461
0.0250592
0.0128394
0.0185652
0.000960147
0.00540321
0.00151137
0.00475129
0.00646102
0.004531
0.0108885
0.00340408
0.0189923
0.0127122
0.0193605
0.00889255
0.00400454
0.00682457
0.00111922
0.00136885
0.00168862
0.00143512
0.0110836
0.00159768
0.00124409
0.00120345
0.00614607
0.00595901
0.00490018
0.00214468
0.0344343
0.0013134
0.0102169
0.0242899
0.00129778
0.011662
0.00225178
0.00306814
0.00116733
0.00117702
0.000990152
0.0050905
0.0320841
0.00212363
0.00234758
0.00198702
0.00180792
0.00377123
0.0212172
0.0090909
0.0171509
0.00665461
0.0213102
0.00558703
0.00457957
0.00198067
0.0021334
0.0275218
0.0141942
0.00934933
0.00427329
0.00457039
0.00316506
0.00560319
0.0183937
0.00652904
0.0135075
0.00131736
0.00453039
0.00218696
0.000973332
0.0203183
0.00123155
0.00125072
0.00411126
0.0155931
0.00924076
0.00128915
0.00898475
0.000962866
0.00159716
0.00228076
0.00139799
0.00254405
0.00508782
0.00390671
0.0027791
0.00338465
0.0111981
0.00888128
0.00922057
0.00804211
0.00930716
0.00510336
0.00434676
0.00224351
0.00236429
0.00466317
0.0110765
0.0149706
0.00795506
0.0161824
0.0072143
0.0106712
0.013225
0.00533947
0.00362156
0.00284042
0.00356094
0.00393083
0.00348214
0.00456611
0.00347403
0.0030233
0.00188317
0.00324297
0.00102598
0.00364384
0.00999158
0.00160214
0.0124739
0.000599724
0.0215096
0.0103657
0.00059182
0.0012743
0.00908689
0.0160963
0.000919175
0.00112039
0.003867
0.00485053
0.00217057
0.0012275
0.00226269
0.00107911
0.00558668
0.0146974
0.00272113
0.0107479
0.000646559
0.000737748
0.0186092
0.000477832
0.00809134
0.0118611
0.00572297
0.0148519
0.000989474
0.0184033
0.00390204
0.00386855
0.0019438
0.000823906
0.00124896
0.00966321
0.0111059
0.00193043
0.00302633
0.00438326
0.00305715
0.022344
0.0167898
0.0115382
0.00135277
0.00174818
0.00302511
0.00177348
0.00216732
0.00559657
0.00106314
0.00842639
0.00523899
0.00521365
0.012115
0.0137892
0.00107681
0.00402025
0.00395962
0.00514921
0.00210339
0.00207186
0.0195924
0.011404
0.00115185
0.0030423
0.0115668
0.00704669
0.0035329
0.025535
0.00344138
0.0112377
0.00423584
0.0088392
0.0041518
0.0071307
0.00346052
0.00921248
0.00957616
0.00345916
0.00958073
0.00629441
0.00615828
0.00640371
0.00296575
0.00609476
0.00412058
0.00273066
0.00166138
0.018524
0.00755674
0.00532383
0.0113678
0.00395903
0.0181861
0.016865
0.00237822
0.00679471
0.0144375
0.00360724
0.00411647
0.00202124
0.00282925
0.00121063
0.00562715
0.000874321
0.0018038
0.00229766
0.0031252
0.00279419
0.00231363
0.00239719
0.00466845
0.00123057
0.00350795
0.00344354
0.0014684
0.00516818
0.00176739
0.00718105
0.0105188
0.000972409
0.0109027
0.00499019
0.00105396
0.01533
0.0204941
0.0166814
0.000958575
0.00389064
0.00195474
0.00105427
0.00155151
0.000922412
0.0112867
0.0107996
0.00319972
0.00419611
0.0011449
0.00297646
0.00639334
0.00110151
0.00344159
0.0055467
0.00205735
0.00227454
0.000561485
0.00124634
0.00465696
0.00198648
0.0015072
0.00168189
0.000865554
0.00466384
0.00202749
0.00144868
0.00161207
0.00253903
0.00227427
0.00911348
0.00809966
0.00670962
0.00860933
0.00967425
0.00509172
0.00664768
0.00433477
0.0132432
0.0041947
0.00174786
0.0297016
0.023167
0.0234829
0.0247268
0.0217309
0.0229539
0.0208196
0.0224343
0.0196472
0.0215802
0.0164981
0.0143006
0.0202877
0.0126462
0.0142972
0.0106264
0.00799861
0.00583951
0.0062502
0.0048791
0.00502964
0.00243813
0.00173821
0.00117408
0.0150959
0.00171524
0.00797807
0.00112915
0.000787676
0.00752505
0.000730397
0.00215498
0.00126204
0.00433207
0.00833033
0.00451845
0.0105874
0.00219568
