7.96644
9.50713
11.2497
12.9814
13.6275
14.0823
15.1524
16.9517
18.4264
19.7531
19.9539
20.6103
20.7995
22.535
23.6984
23.9559
24.1557
24.666
26.4373
27.3681
28.0062
29.2733
29.4808
29.7215
31.4173
31.645
33.3718
33.7332
33.8074
34.034
35.7648
36.0258
36.4211
36.6866
37.6676
38.1138
39.2055
40.6856
42.3729
44.0917
44.5471
45.0048
45.1861
46.902
47.8384
48.1921
48.5365
50.2228
51.4175
51.8051
52.8971
53.0995
54.1672
55.8654
57.1537
58.8741
59.0962
59.9099
60.4005
61.414
63.2205
64.5742
66.2855
67.1455
67.3887
69.0243
69.895
70.0872
70.616
72.3123
74.0618
74.5125
74.9441
75.182
76.9221
77.3864
78.3042
79.3597
80.5043
81.7231
82.0291
83.7165
83.9345
84.1345
85.8706
86.7851
88.2826
88.6128
90.2453
90.7535
92.4894
93.9646
94.8239
96.569
98.3626
98.8086
99.0194
100.749
100.979
101.642
102.353
103.623
104.317
104.966
106.277
107.169
108.106
109.6
110.492
111.924
112.11
113.888
114.082
115.825
117.624
118.08
118.303
119.994
120.194
120.827
121.133
122.895
124.643
126.366
127.426
128.921
130.669
130.902
131.308
133.013
133.495
135.015
136.727
137.176
138.905
140.216
141.044
142.784
142.975
144.477
145.976
146.173
147.483
149.188
150.84
151.074
151.54
151.711
153.427
155.174
156.491
157.855
158.037
159.76
161.423
163.159
164.895
165.106
165.711
167.4
168.292
168.973
169.2
169.87
170.056
171.723
173.095
173.293
174.63
174.877
176.582
176.812
178.551
179.411
180.801
181.134
182.883
183.521
184.181
185.288
187.001
187.389
187.499
187.691
188.054
189.71
191.437
193.172
194.885
195.37
197.089
197.73
199.481
199.955
201.687
203.236
203.449
205.194
206.897
208.601
209.228
210.757
211.191
212.686
213.138
213.772
214.865
215.724
216.349
218.043
219.55
221.266
222.946
223.176
223.381
225.063
226.784
227.224
227.683
229.405
231.201
232.925
234.672
235.759
236.374
237.695
239.213
240.868
241.139
241.406
243.214
243.434
243.644
244.32
246.157
247.635
247.928
248.568
250.219
251.933
252.74
254.519
256.168
257.839
258.455
258.639
259.8
261.088
262.798
263.538
265.342
267.093
268.822
270.5
272.257
274.052
275.762
276.863
277.28
279.036
279.918
281.629
283.355
283.58
284.633
285.923
287.571
288.238
288.877
290.592
290.814
291.246
291.496
291.693
293.393
294.472
294.676
296.402
298.062
298.922
299.591
301.28
303.032
304.727
306.415
308.087
309.816
311.59
312.886
313.299
313.54
315.29
316.979
318.67
320.342
322.05
323.79
325.483
327.161
328.862
329.543
329.768
331.49
333.032
333.236
334.987
336.716
337.843
338.465
339.74
340.81
342.088
342.305
344.065
344.951
346.018
347.758
348.673
350.163
351.961
352.897
353.067
353.251
354.981
356.656
358.351
359.047
360.03
361.317
362.381
363.431
365.144
366.896
367.107
368.435
370.139
371.646
372.716
374.035
374.69
375.132
375.389
375.995
377.045
377.719
378.578
378.734
379.201
380.903
381.094
382.784
383.399
383.697
383.893
385.618
387.27
387.47
387.67
389.373
389.802
390.052
390.255
390.522
390.709
391.796
393.498
394.181
395.457
397.156
397.4
398.12
398.24
399.913
401.674
403.453
403.895
404.09
404.547
405.627
406.716
407.96
409.112
409.296
411.049
412.507
414.27
416.019
416.489
418.237
419.99
420.849
421.073
422.145
423.814
425.583
427.305
429.083
430.197
430.526
432.321
433.991
435.522
437.223
438.326
438.992
439.901
440.75
442.086
442.712
443.54
445.271
445.8
447.431
449.17
450.892
451.971
452.176
452.591
453.232
453.874
454.605
455.266
457.101
458.807
460.565
462.223
462.65
464.349
466.048
467.146
468.851
469.056
469.477
471.27
472.08
472.884
473.945
474.795
475.7
477.434
478.465
480.208
480.401
482.116
482.718
484.414
484.653
486.343
486.575
488.258
488.687
488.909
490.532
490.767
492.47
492.922
494.401
496.117
497.826
498.026
499.742
501.429
501.628
502.545
502.974
504.67
505.147
505.317
506.846
507.519
509.221
509.657
511.357
513.161
514.875
516.552
518.219
519.902
521.59
523.286
524.742
526.445
526.894
528.611
530.29
531.973
533.666
535.399
537.157
538.85
540.583
542.286
543.958
545.686
547.408
549.096
550.778
552.449
554.149
555.864
557.566
559.26
560.958
562.671
564.329
565.669
565.827
567.131
568.571
569.683
570.274
570.73
571.82
572.276
573.971
574.413
576.12
577.806
579.493
579.706
