0.202237
0.202446
0.202642
0.202667
0.202718
0.202838
0.202849
0.203020
0.203043
0.203050
0.203243
0.243604
0.367688
0.541209
0.680811
0.802039
0.896770
0.965659
0.982023
1.075316
1.388533
1.731100
2.017487
2.153749
2.241538
2.306816
2.362815
2.426161
2.525558
2.654595
2.776276
2.911254
3.025487
3.104149
3.145908
3.190115
3.253705
3.347019
3.465715
3.624595
3.786372
3.909794
4.020317
4.087253
4.130752
4.158677
4.192707
4.247442
4.322528
4.401038
4.478091
4.528819
4.618967
4.743945
4.827304
4.878759
4.929841
5.040176
5.178505
5.348305
5.558083
5.750278
5.912676
6.045865
6.207995
6.391814
6.569658
6.807446
7.029585
7.296313
7.533025
7.772182
8.050957
8.276016
8.476806
8.681446
8.848719
9.055480
9.288302
9.496810
9.743948
9.943272
10.110956
10.253832
10.348218
10.449404
10.528793
10.650540
10.854560
11.053457
11.288925
11.531981
11.742117
11.993408
12.238512
12.474395
12.681134
12.846620
12.971419
13.063117
13.188872
13.298468
13.395704
13.483487
13.579856
13.669785
13.794044
13.918329
14.059915
14.218773
14.427130
14.650741
14.843208
15.028835
15.137507
15.201216
15.242132
15.308946
15.445786
15.627226
15.809066
15.913681
16.009419
16.097770
16.196060
16.277010
16.348275
16.400606
16.468930
16.542579
16.652615
16.780215
16.933282
17.133070
17.339762
17.512653
17.712925
17.887771
18.108828
18.361281
18.593304
18.826110
19.043014
19.249777
19.399570
19.492156
19.588205
19.698622
19.866560
20.068499
20.266349
20.484380
20.749574
21.019161
21.234371
21.441804
21.647119
21.861777
22.005286
22.151474
22.306927
22.501404
22.754767
22.970424
23.209753
23.401320
23.596128
23.832730
24.090385
24.320223
24.525575
24.711012
24.829348
24.928977
25.034339
25.180246
25.324160
25.481404
25.649930
25.868103
26.099912
26.304782
26.541331
26.740264
26.938755
27.169646
27.372911
27.512167
27.632514
27.762431
27.949078
28.138941
28.389704
28.651831
28.884732
29.127854
29.315234
29.495209
29.616388
29.719442
29.842426
29.959264
30.107130
30.274160
30.433011
30.642755
30.868024
31.071768
31.320321
31.540018
31.758235
31.992765
32.207850
32.397197
32.629542
32.865729
33.066044
33.297796
33.538754
33.783525
33.992230
34.198778
34.432041
34.665084
34.893038
35.083051
35.295015
35.492496
35.623082
35.732450
35.841584
36.042364
36.284056
36.485937
36.677841
36.864472
37.066567
37.298008
37.513681
37.753428
37.929028
38.060395
38.175224
38.313757
38.415966
38.474028
38.496523
38.535469
38.571842
38.655660
38.792268
38.989296
39.195005
39.380447
39.570734
39.761718
39.961931
40.122598
40.299706
40.444374
40.609453
40.745350
40.878738
41.008525
41.117881
41.227845
41.350776
41.470735
41.556689
41.673385
41.789537
41.950633
42.119249
42.333803
42.543529
42.717195
42.848001
42.924760
42.990755
43.053668
43.158401
43.311883
43.450532
43.586142
43.722656
43.896020
44.082426
44.283895
44.458266
44.545618
44.655545
44.836012
45.089732
45.371601
45.664478
45.880965
46.125244
46.328158
46.555684
46.753255
46.945556
47.149838
47.329587
47.542481
47.769339
48.023500
48.225692
48.449878
48.640152
48.827209
49.043154
49.217301
49.406965
49.551931
49.653482
49.736708
49.838823
49.939136
50.074878
50.224876
50.397998
50.564061
50.776225
50.988768
51.168811
51.378326
51.592417
51.780947
52.006640
52.210836
52.431106
52.679649
52.918739
53.118947
53.339263
53.554052
53.765424
53.946037
54.125095
54.307914
54.531235
54.727619
54.963735
55.199675
55.444612
55.687330
55.919558
56.154789
56.354216
56.587843
56.787325
56.986245
57.179437
57.394354
57.616747
57.851014
58.058320
58.293941
58.516636
58.684497
58.828153
58.978788
59.129284
59.315118
59.517943
59.752547
59.986537
60.216413
60.409168
60.626451
60.817682
61.052088
61.258911
61.504472
61.710926
61.941203
62.170562
62.359101
62.524623
62.582291
62.639190
62.787636
63.014550
63.343226
63.623249
63.913384
64.161253
64.388616
64.599792
64.780560
64.970841
65.170164
65.372258
65.599688
65.792856
66.022025
66.225286
66.439837
66.592217
66.754263
66.919685
67.156485
67.408923
67.650832
67.890839
68.123703
68.344064
68.533091
68.756625
68.947154
69.170400
69.390553
69.585181
69.783000
69.983157
70.219716
70.420132
70.654392
70.852082
71.043987
71.222193
71.399517
71.523350
71.613349
71.673722
71.749626
71.868284
71.981360
72.082338
72.131798
72.197279
72.289789
72.435803
72.621407
72.800322
73.018517
73.195080
73.375729
73.509211
73.636846
73.734367
73.805191
73.861040
73.893779
73.970096
74.099686
74.261112
74.435429
74.648228
74.883623
75.134991
75.356316
75.609939
75.821161
76.016417
76.225379
76.408193
76.649529
76.863588
77.093705
77.306535
77.534727
77.759072
77.933576
78.112703
78.276526
78.403731
78.561568
78.736802
78.989759
79.256729
79.489252
79.703376
79.925138
80.105832
80.271648
80.447182
80.583171
80.709654
80.851234
80.979355
81.104902
81.288345
81.508021
81.708468
81.979318
82.220942
82.425721
82.620393
82.841837
83.069448
83.275150
83.523480
83.780060
83.975897
84.139588
84.239274
84.342705
84.468714
84.661341
84.908281
85.151563
85.376138
85.567485
85.762115
85.928336
86.093148
86.257460
86.438753
86.629596
86.834982
87.019603
87.213899
87.450742
87.645912
87.836291
87.956932
88.043448
88.099871
88.169004
88.289076
88.431506
88.578201
88.696178
88.825571
88.976796
89.127980
89.327357
89.513103
89.741094
89.958768
90.137428
90.317743
90.464479
90.639891
90.805000
90.987095
91.214923
91.414180
91.615416
91.818007
92.048555
92.242848
92.432880
92.622062
92.821205
93.009235
93.181515
93.342784
93.448431
93.529257
93.599868
93.693203
93.795107
93.944890
94.122711
94.310866
94.506892
94.746126
94.949003
95.178200
95.382408
95.583957
95.821076
96.017953
96.223578
96.410913
96.614897
96.867320
97.073263
97.297828
97.490244
97.719301
97.915112
98.109510
98.338430
98.532808
98.749879
98.934976
99.157588
99.356231
99.597123
99.828630
100.055493
100.246479
100.440113
100.670809
100.867126
101.061247
101.252651
101.470110
101.656955
101.843917
102.067826
102.257037
102.440047
102.619702
102.836299
103.029676
103.259787
103.497204
103.735198
103.944749
104.118475
104.325239
104.542640
104.766590
104.990506
105.214837
105.416267
105.621994
105.835493
105.976060
106.067868
106.175067
106.287850
106.423241
106.610300
106.794818
106.958300
107.177443
107.362267
107.520901
107.686990
107.867032
108.092066
108.315931
108.559367
108.777008
108.982844
109.173393
109.353895
109.551246
109.733562
109.918671
110.093932
110.265193
110.421737
110.575724
110.683875
110.817221
110.952960
111.103375
111.308914
111.536890
111.749720
111.967234
112.216793
112.421873
112.633606
112.859471
113.063325
113.273451
113.490460
113.698065
113.902303
114.090066
114.287024
114.479484
114.718018
114.928671
115.127793
115.316714
115.491523
115.701062
115.896065
116.109157
116.335560
116.516188
116.705140
116.845902
116.955234
117.037791
117.109439
117.196587
117.285611
117.399023
117.532293
117.708056
117.866433
118.053514
118.216902
118.388042
118.551616
118.688949
118.847723
119.002275
119.112082
119.181920
119.241246
119.333658
119.462556
119.631480
119.828738
120.039511
120.273986
120.536463
120.813120
121.093040
121.330147
121.598205
121.824581
122.042572
122.286504
122.509144
122.719066
122.909832
123.103852
123.324258
123.536466
123.757958
123.976049
124.179215
124.358184
124.601765
124.822315
125.037921
125.285303
125.494313
125.702989
125.921857
126.138225
126.360271
126.574949
126.776530
126.998930
127.231041
127.458885
127.661054
127.837425
127.981838
128.108112
128.187620
128.253635
128.317730
128.331362
128.404372
128.550934
128.730289
128.956937
129.220641
129.463636
129.697580
129.910442
130.122766
130.269650
130.379866
130.463907
130.536692
130.609654
130.700768
130.822410
130.922671
130.973660
131.041225
131.129990
131.274968
131.446542
131.658761
131.873286
132.130616
132.397067
132.623791
132.851936
133.119416
133.356739
133.558985
133.809475
134.029073
134.231494
134.435953
134.586583
134.684580
134.828173
134.966497
135.081672
135.147737
135.209164
135.300878
135.415342
135.574302
135.748966
135.942352
136.145279
136.328473
136.502753
136.654160
136.764371
136.902933
137.038470
137.206435
137.412687
137.659488
137.873792
138.082056
138.312679
138.548450
138.740095
138.918620
139.063874
139.166737
139.219846
139.260496
139.335056
139.441609
139.562504
139.716854
139.894996
140.108903
140.311251
140.531895
140.765055
140.986443
141.253290
141.475590
141.689512
141.891326
142.037642
142.130945
142.215015
142.318116
142.414802
142.515703
142.632260
142.713369
142.793770
142.899514
143.038784
143.202167
143.400590
143.631534
143.882332
144.114017
144.339784
144.566438
144.787577
145.004331
145.148358
145.240203
145.314562
145.449302
145.643685
145.886407
146.145007
146.363540
146.590107
146.771985
146.965243
147.174591
147.395219
147.640634
147.863612
148.068949
148.275476
148.484048
148.644897
148.880653
149.077507
149.241506
149.360992
149.446620
149.513094
149.589411
149.682526
149.804506
149.967717
150.132846
150.399491
150.627064
150.841795
151.086205
151.273174
151.507176
151.725846
151.940651
152.146236
152.356495
152.565472
152.802312
153.022951
153.218220
153.420736
153.642643
153.836600
154.052457
154.218291
154.423108
154.667392
154.881928
155.100298
155.328665
155.521732
155.743567
155.935325
156.159171
156.383725
156.577583
156.779579
156.994590
157.224379
157.441404
157.635433
157.846444
158.041536
158.167477
158.260658
158.291285
158.315659
158.395000
158.502336
158.633953
158.741875
158.805164
158.879027
158.974670
159.111995
159.254109
159.430382
159.673654
159.895562
160.095741
160.368692
160.578526
160.733204
160.827792
160.871878
160.932092
161.005250
161.052231
161.106361
161.168988
161.307951
161.466248
161.637931
161.889291
162.116450
162.342958
162.558029
162.741948
162.868238
162.996853
163.097287
163.191365
163.285900
163.381357
163.506257
163.646733
163.789422
163.965152
164.141229
164.335244
164.535173
164.744908
164.968214
165.164422
165.378903
165.586202
165.781961
165.992775
166.218179
166.435504
166.657512
166.867703
167.073303
167.287288
167.500007
167.735313
167.946359
168.144830
168.350991
168.589860
168.797025
168.996351
169.223589
169.441155
169.653653
169.888232
170.107970
170.330312
170.542837
170.769139
171.012010
171.219839
171.429050
171.671819
171.891024
172.105984
172.295402
172.456919
172.613165
172.711142
172.758433
172.780963
172.833710
172.942752
173.083407
173.280740
173.512673
173.756957
174.015379
174.247377
174.506884
174.743597
174.974511
175.200827
175.398476
175.602711
175.732105
175.874291
175.963400
176.010081
176.033628
176.081949
176.158637
176.261945
176.409672
176.526800
176.632992
176.731755
176.807344
176.914166
177.012555
177.100812
177.166990
177.223985
177.290733
177.381131
177.497620
177.652915
177.829358
178.037885
178.222025
178.404132
178.570558
178.750729
178.917075
179.052332
179.198491
179.454262
179.705111
179.939998
180.182322
180.410586
180.637133
180.857541
181.064644
181.270071
181.504059
181.719763
181.934717
182.131715
182.349758
182.566083
182.792807
183.011657
183.222517
183.454970
183.663923
183.873530
184.073874
184.300474
184.533482
184.757317
184.997102
185.206418
185.414825
185.615659
185.847991
186.053259
186.267423
186.481526
186.700942
186.920908
187.121159
187.329965
187.547597
187.741477
187.935897
188.128892
188.343317
188.540355
188.779103
189.004182
189.221952
189.405407
189.586079
189.731756
189.872747
190.006156
190.168112
190.344724
190.537313
190.744119
190.969198
191.198128
191.424123
191.647922
191.847781
192.059193
192.264483
192.475998
192.686342
192.884307
193.081276
193.240921
193.394604
193.562036
193.797841
194.016750
194.229749
194.450249
194.662652
194.869755
195.061561
195.236483
195.388147
195.520570
195.676706
195.896224
196.081850
196.229248
196.340815
196.456786
196.587696
196.741686
196.931583
197.117925
197.313864
197.445944
197.563140
197.684154
197.820940
197.984870
198.169654
198.423969
198.659485
198.886386
199.069202
199.314122
199.516630
199.703210
199.919889
200.109715
200.282510
200.469648
200.605782
200.777713
200.965317
201.156560
201.352726
201.549453
201.758076
201.941558
202.079556
202.193876
202.326337
202.494387
202.671552
202.857014
203.073861
203.283187
203.465016
203.635955
203.812309
204.002167
204.188275
204.361523
204.529587
204.710309
204.916774
205.141478
205.341850
205.550421
205.722788
205.969171
206.177738
206.411575
206.614217
206.796332
207.032931
207.231921
207.433556
207.627911
207.818469
208.041961
208.240998
208.447244
208.665160
208.881184
209.078489
209.289064
209.446880
209.658778
209.833927
210.034652
210.214901
210.401247
210.559629
210.684893
210.794377
210.900068
211.013778
211.174732
211.336435
211.524619
211.734756
211.967245
212.159989
212.338290
212.461486
212.576569
212.627126
212.667060
212.740241
212.866139
213.053891
213.263844
213.473603
213.692401
213.943102
214.187641
214.419858
214.633696
214.844796
215.058969
215.293324
215.517486
215.754067
215.965600
216.166599
216.376682
216.569716
216.757242
216.953173
217.135795
217.354642
217.548808
217.738170
217.949366
218.164056
218.350743
218.536333
218.744113
218.964830
219.175739
219.353988
219.607979
219.817137
220.025487
220.238817
220.457365
220.666900
220.876469
221.100157
221.295249
221.485672
221.700201
221.925028
222.115579
222.312440
222.475129
222.621971
222.752437
223.020963
223.263473
223.501511
223.725177
223.941690
224.114732
224.353150
224.586243
224.808325
225.025151
225.173353
225.297776
225.352389
225.371903
225.402231
225.477509
225.593594
225.728930
225.909833
226.110867
226.322227
226.501620
226.613808
226.674656
226.723682
226.789568
226.907863
227.077196
227.262481
227.473055
227.678553
227.918149
228.146754
228.378837
228.604408
228.813493
229.031596
229.245796
229.453684
229.662740
229.834066
230.060600
230.260847
230.486107
230.677974
230.871920
231.065204
231.282488
231.503842
231.746384
231.936034
232.097983
232.201361
232.303932
232.388083
232.483233
232.610241
232.774861
232.970237
233.175300
233.359143
233.533180
233.691455
233.828026
233.954425
234.051274
234.142375
234.264904
234.404377
234.575062
234.789316
234.989559
235.199824
235.364295
235.535839
235.604438
235.646328
235.710908
235.793674
235.913347
236.050434
236.204905
236.387178
236.574859
236.756800
236.945172
237.162292
237.344132
237.524739
237.700331
237.815129
237.887032
237.917711
237.974981
238.083234
238.240502
238.414336
238.592869
238.846143
239.069959
239.313811
239.563028
239.812304
240.051124
240.282382
240.511086
240.754673
240.977632
241.181202
241.400727
241.627987
241.798358
242.019211
242.200444
242.362644
242.482822
242.585413
242.680340
242.800314
242.938607
243.100825
243.320947
243.575856
243.859676
244.125145
244.386420
244.622711
244.877970
245.100839
245.336673
245.573986
245.793452
246.014372
246.222686
246.420229
246.603265
246.789909
246.966387
247.167691
247.366231
247.548087
247.786642
247.998225
248.223313
248.445870
248.680456
248.932124
249.175816
249.419448
249.676673
249.926908
250.148634
250.371496
250.626805
250.839440
251.077808
251.267580
251.496194
251.720770
251.941712
252.167456
252.395058
252.608201
252.816245
253.032940
253.213035
253.381027
253.590677
253.791196
253.976307
254.160456
254.348172
254.556553
254.759673
254.942692
255.143120
255.322782
255.515944
255.676068
255.809998
255.935457
256.026563
256.128093
256.242185
256.372952
256.543563
256.750528
256.965480
257.181009
257.387447
257.586217
257.771456
257.954429
258.139488
258.312084
258.492571
258.669959
258.885881
259.093757
259.307610
259.520161
259.752739
259.972444
260.233262
260.454721
260.705565
260.930514
261.141751
261.374821
261.561308
261.796743
262.010254
262.221367
262.401636
262.641315
262.854034
263.080328
263.324742
263.553222
263.794218
263.999522
264.211635
264.427149
264.627481
264.802919
265.008193
265.241847
265.433208
265.674665
265.874711
266.073125
266.289643
266.487236
266.708776
266.898269
267.098894
267.301046
267.498918
267.706170
267.898144
268.088341
268.293844
268.466549
268.691286
268.898726
269.089409
269.261751
269.446774
269.647115
269.855037
270.078352
270.283043
270.442874
270.599658
270.727930
270.859298
270.984275
271.175212
271.358075
271.583173
271.825913
272.084139
272.325399
272.590632
272.853378
273.089002
273.353356
273.578599
273.799210
274.045014
274.257453
274.484674
274.698191
274.905838
275.135776
275.340116
275.604893
275.806336
276.027877
276.222942
276.411192
276.620889
276.807213
276.987970
277.208069
277.413044
277.644418
277.848500
278.089867
278.315280
278.559426
278.783898
278.976210
279.223982
279.436393
279.644093
279.858964
280.066224
280.274920
280.487137
280.693409
280.905451
281.148369
281.366306
281.581518
281.796284
281.971801
282.097583
282.173544
282.239117
282.328519
282.417688
282.496082
282.643707
282.848455
283.074738
283.315625
283.589006
283.829913
284.052430
284.256409
284.439727
284.570959
284.691039
284.800201
284.981352
285.192623
285.400178
285.613596
285.834001
286.017484
286.184587
286.370846
286.550274
286.758671
287.004128
287.240267
287.442703
287.642771
287.818171
287.953187
288.075416
288.252930
288.469038
288.721191
288.954338
289.171310
289.370726
289.580554
289.751509
289.927260
290.106749
290.295588
290.493416
290.728292
291.023093
291.269535
291.486671
291.651365
291.767284
291.848303
291.891622
291.942160
291.955387
292.051676
292.218557
292.415017
292.631947
292.802644
292.939159
293.083786
293.209567
293.285832
293.429406
293.692910
294.007934
294.338274
294.571170
294.671616
294.858704
295.131427
295.449538
295.664246
295.834325
296.000193
296.226301
296.429885
296.638413
296.820407
297.057186
297.237650
297.460542
297.680704
297.886415
298.092117
298.268401
298.462876
298.679449
298.928148
299.143556
299.349462
299.533736
299.732548
299.936650
300.167921
300.405295
300.588303
300.728557
300.816454
300.882226
300.952236
301.031169
301.124845
301.259229
301.436330
301.618877
301.817073
302.044461
302.308751
302.556418
302.799632
303.052592
303.294455
303.538085
303.757767
303.951862
304.160357
304.346167
304.526752
304.709004
304.890501
305.038780
305.151597
305.221695
305.291093
305.384847
305.503830
305.646660
305.808610
305.998736
306.182412
306.367376
306.562924
306.671119
306.773483
306.856778
306.953603
307.064892
307.186922
307.313137
307.461180
307.625281
307.835158
308.032456
308.239303
308.460306
308.686796
308.893245
309.120467
309.324402
309.536018
309.757747
310.000153
310.196697
310.389886
310.568479
310.765368
310.962252
311.158326
311.356206
311.574745
311.772801
311.982145
312.199494
312.372429
312.496412
312.587171
312.691829
312.855482
313.114468
313.350480
313.541011
313.709390
313.889815
314.109957
314.344003
314.572985
314.779900
314.940626
315.139273
315.298062
315.456806
315.604380
315.782688
315.988783
316.226928
316.430253
316.695929
316.880011
317.019176
317.118748
317.214560
317.349590
317.504914
317.689853
317.892293
318.037932
318.117246
318.171499
318.249065
318.361458
318.509896
318.699567
318.920955
319.138049
319.364248
319.598477
319.858219
320.067842
320.255533
320.418159
320.569755
320.739796
320.915186
321.072190
321.284379
321.488443
321.701140
321.915651
322.141905
322.368206
322.600508
322.827283
323.038794
323.191288
323.299055
323.393403
323.507783
323.638437
323.829604
324.033546
324.182202
324.310579
324.443356
324.589738
324.757520
324.951865
325.181329
325.399207
325.642474
325.857465
326.008280
326.125062
326.255493
326.426999
326.620816
326.853778
327.072100
327.266094
327.472306
327.685044
327.878353
328.120368
328.350716
328.592167
328.816157
329.070322
329.261606
329.432934
329.569555
329.704078
329.853695
329.984972
330.113430
330.331864
330.527759
330.722170
330.904272
331.096713
331.295861
331.504308
331.703618
331.912142
332.135847
332.346013
332.546204
332.783703
333.004606
333.209810
333.433063
333.646743
333.861420
334.077623
334.280617
334.507808
334.718841
334.916316
335.124558
335.318452
335.488958
335.600512
335.703572
335.878688
336.094947
336.347817
336.558059
336.724060
336.937814
337.095877
337.252553
337.412583
337.609211
337.794976
338.015352
338.238259
338.474452
338.729435
338.968638
339.175542
339.405440
339.622836
339.829908
340.040296
340.239634
340.426437
340.560786
340.642648
340.669590
340.698854
340.779425
340.899698
341.063997
341.260266
341.485432
341.765952
342.022473
342.264534
342.506043
342.704968
342.832468
342.914608
342.945656
342.970960
343.032461
343.134213
343.296436
343.475976
343.713442
343.912336
344.189643
344.468264
344.713564
344.964345
345.208296
345.431598
345.664003
345.901067
346.094322
346.236001
346.321446
346.426389
346.578001
346.713889
346.943816
347.158417
347.381141
347.608343
347.822434
348.060114
348.260796
348.467483
348.669097
348.872305
349.057793
349.319845
349.545727
349.736661
349.961848
350.137266
350.276668
350.475039
350.635896
350.807072
350.995533
351.223086
351.437349
351.648712
351.861840
352.083854
352.299089
352.516132
352.748379
353.005504
353.270266
353.532897
353.770462
353.991555
354.181806
354.381058
354.572027
354.780931
354.998648
355.227602
355.450383
355.685814
355.943615
356.208883
356.443389
356.711522
356.955729
357.143163
357.423445
357.660436
357.865736
358.067281
358.298021
358.516120
358.736144
358.946620
359.134218
359.340276
359.539955
359.794389
360.025321
360.262504
360.488685
360.707856
360.894198
361.077327
361.239754
361.460553
361.639629
361.884906
362.112853
362.335373
362.550231
362.760993
362.982418
363.199788
363.400009
363.617908
363.805710
363.993043
364.190551
364.338556
364.535893
364.705163
364.867173
365.100437
365.286003
365.583173
365.808875
366.024209
366.161896
366.281829
366.377082
366.475384
366.595923
366.758162
367.004908
367.260727
367.472049
367.677395
367.854090
368.113169
368.297223
368.466317
368.614918
368.772438
368.973087
369.211998
369.439705
369.642345
369.805468
370.029957
370.228497
370.409443
370.586740
370.756449
370.957017
371.178810
371.425006
371.617963
371.819806
372.002986
372.183567
372.449246
372.680369
372.906754
373.109127
373.322544
373.514601
373.719339
373.864788
373.955710
374.009908
374.050603
374.116417
374.242655
374.411359
374.597204
374.835175
375.023955
375.288614
375.557443
375.814399
376.046678
376.296592
376.570986
376.769028
377.032795
377.294692
377.516615
377.738345
377.965626
378.169408
378.401879
378.603612
378.806521
378.992383
379.221374
379.379271
379.531644
379.749247
379.934197
380.101837
380.224650
380.322797
380.415663
380.502687
380.643185
380.854975
381.003347
381.186283
381.375316
381.549084
381.673347
381.793952
381.923721
382.056164
382.161024
382.263725
382.367441
382.472062
382.590253
382.761043
382.953609
383.139992
383.389741
383.612085
383.830145
384.036866
384.232357
384.422873
384.595822
384.767663
384.972798
385.168827
385.363699
385.571310
385.779414
386.031955
386.258750
386.475615
386.699278
386.913937
387.113659
387.340912
387.621545
387.827750
388.011681
388.178559
388.303474
388.393686
388.440889
388.480201
388.549343
388.661328
388.799167
388.992484
389.216352
389.482360
389.721170
389.947596
390.180180
390.396736
390.580274
390.768868
390.974941
391.214395
391.443495
391.675675
391.875467
392.044891
392.200666
392.371661
392.556220
392.754578
392.966850
393.188331
393.410884
393.603948
393.826767
394.051792
394.266588
394.462958
394.672976
394.891948
395.099054
395.288221
395.529109
395.722456
395.968084
396.174426
396.376657
396.571464
396.764841
396.973333
397.162588
397.351271
397.553288
397.756062
397.993239
398.186446
398.368568
398.584046
398.816760
399.014211
399.272730
399.510207
399.752897
399.946902
400.080129
400.229045
400.402034
400.600085
400.791329
401.021780
401.237129
401.440562
401.621652
401.771584
401.891474
402.005610
402.120217
402.273909
402.479267
402.679776
402.897436
403.117682
403.327174
403.557547
403.739908
403.952662
404.174399
404.385589
404.608682
404.807451
405.006099
405.205034
405.372440
405.604801
405.803390
406.007945
406.245245
406.455438
406.665764
406.877024
407.125295
407.330344
407.559918
407.762033
407.957985
408.142696
408.346289
408.601419
408.827650
409.045442
409.248305
409.473497
409.677828
409.879147
410.086866
410.277852
410.492029
410.686581
410.883912
411.088464
411.297276
411.506595
411.712581
411.920044
412.118799
412.309165
412.493672
412.678866
412.878723
413.070061
413.265402
413.474138
413.701129
413.914940
414.111271
414.342728
414.539808
414.740657
414.956969
415.155407
415.343060
415.555749
415.727032
415.908231
416.092469
416.240224
416.326206
416.379657
416.441373
416.524236
416.647105
416.723732
416.766694
416.893883
417.050055
417.217009
417.405522
417.619373
417.874797
418.101114
418.312308
418.499316
418.688301
418.839636
418.962183
419.075215
419.179771
419.274519
419.442017
419.621395
419.835373
420.028730
420.210881
420.451910
420.652139
420.868020
421.072657
421.300739
421.498614
421.711555
421.914493
422.126665
422.323429
422.539999
422.755291
422.971109
423.183927
423.397275
423.613998
423.836032
424.050714
424.245443
424.443492
424.624693
424.836275
425.081936
425.282952
425.503570
425.720682
425.924847
426.116277
426.305624
426.486258
426.709186
426.883641
427.073642
427.270590
427.510753
427.718937
427.887011
428.110619
428.303914
428.483885
428.655318
428.862132
429.052518
429.241107
429.420360
429.613656
429.813102
430.002287
430.234045
430.428342
430.636070
430.765880
430.872600
430.981552
431.107164
431.255270
431.427330
431.618133
431.801399
431.989170
432.170474
432.371485
432.579465
432.777021
432.978269
433.188069
433.391496
433.597160
433.814233
434.027635
434.237141
434.437375
434.672875
434.873159
435.088112
435.292749
435.502335
435.727097
435.931926
436.151442
436.365495
436.568538
436.764956
436.960077
437.159300
437.358800
437.554764
437.757143
437.960940
438.175151
438.389580
438.610700
438.848503
439.065652
439.271337
439.486365
439.691581
439.898519
440.119999
440.329354
440.527308
440.720897
440.918224
441.118259
441.323810
441.543512
441.751461
441.914415
442.154623
442.350242
442.554159
442.764245
442.972936
443.155748
443.386695
443.596485
443.795707
443.990924
444.213173
444.433706
444.654246
444.857388
445.065113
445.275285
445.482962
445.705657
445.914421
446.121814
446.326914
446.523413
446.682243
446.785826
446.849457
446.914602
446.966672
447.051586
447.148959
447.271985
447.429677
447.621374
447.845249
448.085036
448.331880
448.555906
448.790362
448.966388
449.132844
449.451925
449.736129
449.980370
450.191943
450.388361
450.586930
450.786995
450.966619
451.149589
451.347619
451.513247
451.748035
451.978926
452.211989
452.448900
452.685852
452.909520
453.172829
453.400569
453.625090
453.841758
454.051607
454.265653
454.503537
454.732979
454.964044
455.164999
455.381866
455.560289
455.769091
456.013223
456.218070
456.408757
456.610311
456.868342
457.056420
457.291014
457.500316
457.744814
457.967839
458.184568
458.390332
458.590477
458.825099
459.044595
459.254147
459.468895
459.683995
459.885936
460.109135
460.319995
460.533193
460.746203
460.950773
461.165750
461.364111
461.560816
461.784948
461.996806
462.200426
462.396969
462.597015
462.799298
463.021168
463.228182
463.444118
463.629851
463.901779
464.112939
464.346985
464.558470
464.762778
464.970634
465.168691
465.377395
465.582796
465.755477
466.004994
466.217032
466.441517
466.653016
466.876615
467.089077
467.302857
467.500544
467.692758
467.898876
468.100951
468.309057
468.517207
468.731195
468.958887
469.193264
469.444133
469.630056
469.885104
470.079262
470.245140
470.395178
470.550663
470.723596
470.919582
471.126567
471.340489
471.569695
471.813126
472.016068
472.309279
472.555041
472.797493
473.063306
473.290378
473.518892
473.748391
473.967343
474.186442
474.407541
474.612565
474.832326
475.034213
475.240084
475.445396
475.650421
475.863848
476.067940
476.276506
476.485005
476.699372
476.899876
477.114955
477.338808
477.552664
477.762571
477.974166
478.182389
478.407310
478.628132
478.844193
479.065211
479.244892
479.500775
479.709320
479.916394
480.137014
480.371078
480.593173
480.799306
481.000060
481.200537
481.371271
481.613548
481.781507
482.014942
482.209505
482.413052
482.606579
482.804709
483.008281
483.203149
483.406993
483.606868
483.804692
484.006052
484.199692
484.394220
484.626849
484.867052
485.098498
485.305655
485.516348
485.731624
485.962498
486.139182
486.327928
486.503501
486.695057
486.857923
487.034769
487.215003
487.391340
487.589732
487.814488
488.040155
488.271754
488.490993
488.730336
488.945925
489.149911
489.332757
489.453217
489.601700
489.739536
489.916410
490.107771
490.287709
490.468220
490.651792
490.857289
491.063462
491.274800
491.479186
491.669264
491.864880
492.084392
492.288239
492.488560
492.689295
492.881290
493.011240
493.120401
493.190061
493.258796
493.345348
493.455984
493.543018
493.573240
493.655780
493.772110
493.882250
494.005713
494.143053
494.297425
494.476719
494.655022
494.837161
495.013624
495.197696
495.403332
495.602580
495.803790
496.005664
496.201233
496.377900
496.550160
496.731414
496.934702
497.150760
497.370887
497.530325
497.614607
497.711202
497.880381
498.040456
498.134821
498.220609
498.285526
498.399986
498.605944
498.753064
498.845261
498.877715
498.897877
498.928786
498.955979
498.974570
498.985529
498.992024
498.998589
499.004057
499.007684
499.009861
499.011886
499.013020
499.013849
499.014333
499.014774
499.015107
499.015452
499.015850
499.016256
499.016639
499.017000
499.017312
499.017564
499.017737
499.017911
499.018031
499.018139
499.018204
499.018269
499.018306
499.018325
499.018338
499.018345
499.018347
499.018349
499.018353
499.018358
499.018363
499.018369
499.018373
499.018377
499.018381
499.018384
499.018386
499.018388
499.018389
499.018391
499.018391
499.018392
499.018392
499.018392
499.018392
499.018392
499.018392
499.018392
499.018393
499.018393
499.018393
499.018393
499.018393
499.018393
499.018393
499.018393
499.018393
499.018393
499.018393
499.018393
499.018393
499.018393
499.018393
499.018393
499.018393
499.018393
499.018393
499.018393
499.018393
499.018393
499.018393
499.018393
499.018393
499.018393
499.018393
499.018393
499.018393
499.018393
499.018393
499.018393
499.018393
499.018393
499.018393
499.018393
499.018393
499.018393
499.018393
499.018393
499.018393
499.018393
499.018393
499.018393
499.018393
499.018393
499.018393
499.018393
499.018393
499.018393
499.018393
499.018393
499.018393
499.018393
499.018393
499.018393
499.018393
499.018393
499.018393
499.018393
499.018393
499.018393
499.018393
499.018393
499.018393
499.018393
499.018393
499.018393
499.018393
499.018393
499.018394
499.018394
499.018394
499.018394
499.018394
499.018394
499.018394
499.018394
499.018394
499.018394
499.018394
499.018394
499.018394
499.018394
499.018394
499.018394
499.018394
499.018394
499.018394
499.018394
499.018394
499.018394
499.018394
499.018394
499.018394
499.018394
499.018394
499.018394
499.018394
