2.82924
3.02822
3.23508
3.44868
3.68563
3.90223
4.10251
4.29702
4.51357
4.71351
4.95233
5.19573
5.38764
5.61778
5.82427
6.03721
6.2482
6.44803
6.66754
6.86424
7.07114
7.29357
7.51681
7.72442
7.94583
8.17646
8.37947
8.59709
8.80739
9.03764
9.25098
9.4763
9.71253
9.94161
10.1485
10.3746
10.575
10.7841
10.9872
11.2161
11.4487
11.647
11.8744
12.0747
12.2681
12.4786
12.7127
12.9426
13.1747
13.3738
13.6111
13.8448
14.0572
14.28
14.4855
14.721
14.9128
15.1423
15.3526
15.5534
15.786
16.0292
16.2673
16.4697
16.6912
16.9277
17.1183
17.3518
17.5534
17.7741
17.9735
18.1692
18.4055
18.6072
18.8111
19.0436
19.2413
19.4705
19.7071
19.9096
20.1426
20.3492
20.5501
20.7764
20.9876
21.205
21.404
21.6055
21.8493
22.0492
22.2718
22.5164
22.7207
22.9485
23.1888
23.4269
23.6673
23.9028
24.1437
24.3386
24.5662
24.7684
24.9716
25.1638
25.386
25.5905
25.8304
26.0252
26.2325
26.4259
26.6807
26.9079
27.098
27.339
27.5393
27.747
27.9687
28.1688
28.3604
28.5766
28.799
29.0096
29.2491
29.4421
29.679
29.8762
30.0741
30.3049
30.5328
30.7394
30.9711
31.1807
31.3924
31.6131
31.8489
32.0467
32.2715
32.4732
32.7088
32.9502
33.1536
33.3493
33.5451
33.7695
34.0052
34.2093
34.4308
34.6427
34.8781
35.1053
35.3081
35.5131
35.7416
35.9877
36.1923
36.3969
36.5963
36.8259
37.028
37.2429
37.4457
37.6549
37.884
38.0863
38.3128
38.5124
38.7125
38.944
39.1778
39.3823
39.5769
39.814
40.0074
40.2004
40.4054
40.6343
40.847
41.0533
41.2559
41.4888
41.7168
41.9228
42.1508
42.3554
42.5605
42.7997
43.0233
43.2381
43.429
43.6274
43.8629
44.0645
44.3004
44.5161
44.7244
44.9532
45.1564
45.3842
45.5781
45.7857
46.0155
46.2146
46.4401
46.6801
46.8814
47.1198
47.3388
47.5444
47.7847
47.9782
48.1796
48.4211
48.6492
48.8433
49.0776
49.308
49.5155
49.7295
49.9756
50.2078
50.407
50.6159
50.8482
51.0871
51.3261
51.5334
51.7656
52.0031
52.2048
52.4119
52.6116
52.8572
53.0814
53.2821
53.4904
53.7174
53.9117
54.1393
54.3465
54.5797
54.786
54.9941
55.2239
55.4599
55.655
55.8474
56.0509
56.2817
56.4795
56.7076
56.9056
57.1325
57.3619
57.56
57.7634
57.9694
58.1963
58.4032
58.6345
58.8519
59.0689
59.2723
59.4788
59.6833
59.8848
60.1109
60.3096
60.5067
60.7445
60.9814
61.1754
61.3972
61.6113
61.8541
62.0954
62.3107
62.553
62.7632
62.9939
63.1903
63.4138
63.6404
63.8418
64.0669
64.2717
64.5008
64.74
64.975
65.2032
65.405
65.64
65.8373
66.0391
66.2313
66.465
66.6626
66.8954
67.0946
67.3285
67.5287
67.7363
67.9623
68.1565
68.3548
68.5655
68.7837
68.9951
69.2172
69.4206
69.625
69.8554
70.0668
70.311
70.5149
70.718
70.9378
71.1669
71.3688
71.6161
71.8512
72.0884
72.2917
72.5258
72.7632
72.9636
73.2035
73.4359
73.6264
73.8452
74.0514
74.2716
74.495
74.7228
74.9277
75.1609
75.3992
75.6215
75.825
76.0182
76.2254
76.4521
76.6588
76.9003
77.1253
77.3589
77.6055
77.8343
78.0706
78.2866
78.5051
78.7132
78.9109
79.1208
79.3448
79.5798
79.8064
80.0242
80.261
80.4738
80.6601
80.8566
81.0885
81.2897
81.4934
81.6922
81.9279
82.1566
82.3933
82.5899
82.8209
83.023
83.2482
83.4574
83.6862
83.8935
84.1209
84.3576
84.5531
84.7964
85.025
85.2256
85.4304
85.6318
85.8581
86.0624
86.2915
86.5186
86.7533
86.9874
87.187
87.3938
87.5856
87.7971
88.0167
88.2256
88.455
88.6625
88.8968
89.0995
89.3276
89.5322
89.7636
89.997
90.2231
90.4595
90.693
90.924
91.1274
91.3641
91.56
91.8055
92.0263
92.2369
92.4358
92.6443
92.8799
93.0785
93.3127
93.5135
93.7242
93.9394
94.1612
94.3524
94.5617
94.795
95.016
95.2463
95.4543
95.6653
95.8706
96.1032
96.3071
96.5378
96.7889
96.9792
97.2158
97.4366
97.6581
97.8543
98.0875
98.3173
98.5531
98.7842
98.9915
99.2209
99.4204
99.6177
99.8184
100.053
100.282
100.527
100.73
100.957
101.161
101.358
101.589
101.787
102.025
102.224
102.46
102.69
102.922
103.154
103.373
103.596
103.834
104.039
104.265
104.461
104.688
104.929
105.155
105.389
105.614
105.814
106.02
106.259
106.461
106.687
106.911
107.147
107.35
107.569
107.802
108.04
108.272
108.498
108.695
108.891
109.122
109.358
109.56
109.792
110.023
110.229
110.466
110.7
110.929
111.163
111.401
111.634
111.869
112.087
112.29
112.501
112.705
112.926
113.161
113.396
113.622
113.856
114.055
114.261
114.494
114.7
114.927
115.132
115.366
115.597
115.799
116.019
116.223
116.462
116.705
116.938
117.171
117.381
117.609
117.816
118.055
118.279
118.494
118.716
118.917
119.156
119.35
119.557
119.783
119.979
120.175
120.376
120.604
120.81
121.002
121.206
121.411
121.608
121.819
122.038
122.244
122.441
122.644
122.876
123.075
123.319
123.544
123.747
123.956
124.185
124.396
124.628
124.823
125.024
125.264
125.471
125.693
125.919
126.113
126.346
126.543
126.773
126.978
127.204
127.406
127.607
127.839
128.039
128.266
128.471
128.707
128.904
129.143
129.373
129.604
129.804
130.012
130.245
130.446
130.649
130.853
131.082
131.287
131.495
131.72
131.928
132.125
132.328
132.564
132.774
132.997
133.229
133.47
133.693
133.899
134.128
134.351
134.559
134.771
134.992
135.198
135.419
135.661
135.884
136.099
136.316
136.508
136.713
136.936
137.144
137.344
137.566
137.803
138.021
138.241
138.444
138.667
138.869
139.085
139.285
139.507
139.748
139.971
140.201
140.405
140.615
140.817
141.024
141.236
141.464
141.681
141.88
142.086
142.292
142.524
142.758
142.954
143.159
143.392
143.591
143.797
144.022
144.229
144.447
144.683
144.894
145.101
145.306
145.521
145.723
145.951
146.153
146.357
146.561
146.764
147.009
147.217
147.442
147.678
147.884
148.103
148.315
148.516
148.727
148.925
149.151
149.354
149.556
149.762
149.992
150.191
150.414
150.618
150.82
151.039
151.249
151.485
151.697
151.898
152.115
152.328
152.533
152.741
152.95
153.16
153.368
153.57
153.798
154.037
154.273
154.475
154.71
154.909
155.133
155.366
155.589
155.809
156.016
156.237
156.474
156.692
156.919
157.141
157.346
157.547
157.762
157.965
158.169
158.389
158.597
158.807
159.027
159.257
159.465
159.686
159.881
160.104
160.339
160.56
160.765
160.975
161.174
161.397
161.594
161.799
162.024
162.255
162.46
162.686
162.897
163.145
163.363
163.566
163.769
164.004
164.22
164.442
164.66
164.864
165.083
165.299
165.492
165.69
165.891
166.109
166.318
166.522
166.757
166.963
167.18
167.389
167.618
167.849
168.051
168.268
168.487
168.7
168.923
169.141
169.367
169.594
169.84
170.036
170.238
170.472
170.691
170.906
171.103
171.311
171.505
171.708
171.936
172.155
172.387
172.613
172.831
173.053
173.269
173.487
173.715
173.941
174.162
174.375
174.602
174.812
175.046
175.279
175.505
175.708
175.913
176.12
176.33
176.549
176.78
177.006
177.218
177.426
177.68
177.886
178.117
178.319
178.522
178.733
178.968
179.183
179.388
179.596
179.815
180.024
180.228
180.45
180.687
180.895
181.094
181.324
181.528
181.736
181.958
182.183
182.402
182.628
182.858
183.09
183.294
183.499
183.702
183.918
184.148
184.354
184.595
184.818
185.045
185.242
185.447
185.667
185.871
186.11
186.308
186.541
186.76
186.98
187.191
187.414
187.616
187.83
188.05
188.25
188.471
188.679
188.883
189.086
189.288
189.495
189.696
189.9
190.103
190.325
190.537
190.77
190.979
191.182
191.411
191.627
191.828
192.053
192.274
192.477
192.695
192.902
193.15
193.372
193.576
193.784
194.012
194.214
194.44
194.661
194.872
195.089
195.3
195.52
195.757
195.955
196.183
196.387
196.619
196.851
197.054
197.258
197.468
197.7
197.925
198.122
198.335
198.561
198.8
199.009
199.233
199.469
199.703
199.912
200.13
200.346
200.56
200.787
201
201.233
201.444
201.654
201.873
202.082
202.306
202.543
202.767
203.001
203.207
203.434
203.639
203.845
204.084
204.314
204.516
204.742
204.957
205.175
205.392
205.597
205.802
206.012
206.23
206.453
206.669
206.866
207.075
207.283
207.489
207.717
207.947
208.154
208.378
208.581
208.793
208.997
209.21
209.436
209.641
209.865
210.073
210.279
210.503
210.733
210.949
211.168
211.371
211.575
211.791
212.011
212.248
212.462
212.662
212.869
213.106
213.313
213.516
213.741
213.965
214.161
214.38
214.609
214.829
215.046
215.271
215.502
215.699
215.898
216.124
216.333
216.55
216.75
216.95
217.157
217.359
217.575
217.787
217.995
218.233
218.45
218.684
218.9
219.108
219.325
219.532
219.761
219.97
220.182
220.392
220.596
220.827
221.035
221.238
221.455
221.657
221.867
222.093
222.29
222.52
222.734
222.932
223.135
223.353
223.572
223.785
223.986
224.197
224.419
224.64
224.843
225.043
225.246
225.463
225.679
225.906
226.12
226.328
226.543
226.77
227.003
227.205
227.438
227.668
227.88
228.102
228.33
228.554
228.768
228.977
229.184
229.389
229.616
229.827
230.041
230.248
230.484
230.718
230.957
231.178
231.384
231.617
231.828
232.043
232.238
232.465
232.689
232.913
233.141
233.343
233.547
233.749
233.977
234.187
234.4
234.62
234.847
235.072
235.282
235.498
235.729
235.934
236.14
236.345
236.572
236.813
237.026
237.245
237.459
237.661
237.872
238.079
238.305
238.507
238.729
238.933
239.135
239.34
239.538
239.746
239.966
240.192
240.397
240.621
240.84
241.06
241.273
241.476
241.685
241.887
242.096
242.299
242.534
242.745
242.951
243.161
243.37
243.58
243.785
243.997
244.22
244.418
244.621
244.859
245.062
245.278
245.481
245.691
245.9
246.111
246.332
246.566
246.787
246.997
247.2
247.405
247.61
247.824
248.058
248.283
248.5
248.708
248.915
249.118
249.32
249.519
249.75
249.967
250.198
250.415
250.622
250.834
251.058
251.263
251.476
251.678
251.897
252.131
252.354
252.568
252.768
252.975
253.178
253.38
253.611
253.843
254.061
254.267
254.481
254.695
254.897
255.097
255.297
255.505
255.708
255.933
256.138
256.35
256.556
256.773
256.977
257.206
257.406
257.615
257.815
258.015
258.214
258.42
258.616
258.849
259.061
259.288
259.509
259.736
259.952
260.184
260.398
260.612
260.821
261.048
261.27
261.502
261.722
261.934
262.142
262.344
262.571
262.778
262.99
263.209
263.43
263.657
263.854
264.059
264.262
264.479
264.681
264.896
265.094
265.315
265.549
265.758
265.959
266.184
266.426
266.649
266.865
267.067
267.27
267.484
267.707
267.928
268.153
268.368
268.575
268.796
269.008
269.212
269.425
269.626
269.855
270.057
270.257
270.481
270.71
270.91
271.119
271.338
271.573
271.79
272.008
272.243
272.465
272.685
272.908
273.141
273.359
273.583
273.815
274.028
274.227
274.45
274.688
274.883
275.091
275.296
275.507
275.728
275.954
276.153
276.4
276.623
276.844
277.047
277.254
277.478
277.715
277.947
278.167
278.373
278.59
278.791
279.013
279.246
279.486
279.684
279.895
280.106
280.33
280.561
280.77
280.969
281.188
281.399
281.616
281.818
282.023
282.238
282.444
282.665
282.888
283.116
283.338
283.542
283.759
283.984
284.19
284.411
284.622
284.825
285.033
285.261
285.463
285.667
285.864
286.08
286.295
286.522
286.725
286.936
287.136
287.339
287.558
287.763
287.981
288.205
288.437
288.653
288.853
289.064
289.267
289.469
289.702
289.927
290.14
290.376
290.577
290.789
291.015
291.233
291.456
291.673
291.876
292.075
292.287
292.515
292.741
292.961
293.165
293.373
293.602
293.825
294.03
294.23
294.46
294.661
294.874
295.086
295.315
295.527
295.728
295.935
296.162
296.385
296.587
296.811
296.999
297.203
297.406
297.626
297.836
298.042
298.25
298.463
298.699
298.903
299.104
299.324
299.562
299.775
299.996
300.194
300.409
300.615
300.832
301.042
301.256
301.475
301.698
301.901
302.121
302.351
302.569
302.792
303.004
303.239
303.439
303.652
303.877
304.082
304.291
304.494
304.701
304.902
305.115
305.318
305.543
305.751
305.972
306.182
306.389
306.598
306.798
307.005
307.215
307.424
307.638
307.847
308.071
308.271
308.494
308.705
308.94
309.147
309.366
309.568
309.796
310.019
310.247
310.473
310.694
310.917
311.147
311.345
311.567
311.776
312.01
312.222
312.429
312.633
312.852
313.072
313.283
313.518
313.738
313.973
314.177
314.386
314.621
314.827
315.054
315.265
315.467
315.689
315.917
316.123
316.325
316.529
316.749
316.961
317.172
317.38
317.589
317.794
317.994
318.219
318.424
318.635
318.84
319.045
319.245
319.475
319.677
319.9
320.121
320.325
320.53
320.749
320.957
321.179
321.395
321.607
321.828
322.03
322.243
322.475
322.696
322.925
323.135
323.342
323.559
323.758
323.967
324.165
324.371
324.6
324.82
325.028
325.244
325.467
325.678
325.908
326.107
326.315
326.522
326.737
326.942
327.143
327.343
327.566
327.776
327.976
328.197
328.415
328.621
328.841
329.078
329.293
329.529
329.754
329.955
330.171
330.377
330.58
330.796
331.022
331.236
331.467
331.693
331.922
332.125
332.347
332.573
332.785
333.017
333.222
333.427
333.657
333.872
334.092
334.307
334.51
334.742
334.966
335.197
335.401
335.626
335.837
336.049
336.282
336.496
336.696
336.928
337.141
337.375
337.587
337.823
338.027
338.243
338.451
338.653
338.858
339.066
339.274
339.499
339.718
339.929
340.132
340.336
340.549
340.782
340.991
341.201
341.413
341.635
341.854
342.058
342.282
342.492
342.7
342.924
343.146
343.375
343.595
343.814
344.054
344.269
344.472
344.682
344.912
345.109
345.321
345.54
345.767
345.995
346.201
346.414
346.64
346.848
347.052
347.285
347.5
347.74
347.976
348.2
348.398
348.605
348.828
349.053
349.266
349.486
349.7
349.928
350.142
350.352
350.559
350.793
351.016
351.25
351.481
351.702
351.933
352.147
352.37
352.595
352.818
353.018
353.217
353.438
353.651
353.866
354.105
354.309
354.528
354.734
354.953
355.17
355.373
355.596
355.82
356.039
356.246
356.442
356.642
356.847
357.066
357.279
357.491
357.69
357.924
358.131
358.33
358.534
358.774
358.976
359.177
359.38
359.586
359.796
359.998
360.225
360.435
360.648
360.855
361.071
361.293
361.523
361.723
361.933
362.133
362.349
362.552
362.772
362.989
363.189
363.409
363.632
363.829
364.045
364.258
364.461
364.676
364.908
365.117
365.326
365.574
365.788
365.996
366.206
366.425
366.638
366.866
367.088
367.323
367.535
367.776
367.986
368.187
368.398
368.607
368.823
369.027
369.258
369.483
369.699
369.9
370.11
370.326
370.527
370.764
370.991
371.205
371.409
371.622
371.854
372.066
372.273
372.488
372.695
372.901
373.126
373.34
373.566
373.791
374.017
374.223
374.445
374.657
374.887
375.122
375.358
375.563
375.77
375.975
376.191
376.395
376.598
376.803
377.03
377.233
377.446
377.666
377.887
378.107
378.307
378.518
378.722
378.962
379.178
379.38
379.581
379.782
379.991
380.21
380.423
380.647
380.87
381.076
381.277
381.498
381.707
381.922
382.132
382.336
382.544
382.771
382.968
383.176
383.385
383.623
383.861
384.062
384.276
384.51
384.732
384.948
385.166
385.377
385.592
385.784
385.996
386.207
386.403
386.606
386.809
387.036
387.243
387.45
387.653
387.869
388.088
388.316
388.525
388.726
388.925
389.129
389.332
389.553
389.781
390.017
390.237
390.469
390.688
390.921
391.141
391.354
391.561
391.779
392.016
392.216
392.427
392.64
392.847
393.05
393.256
393.475
393.68
393.919
394.158
394.359
394.564
394.784
395.001
395.204
395.424
395.643
395.841
396.054
396.275
396.501
396.709
396.922
397.143
397.382
397.603
397.807
398.024
398.224
398.427
398.655
398.861
399.076
399.292
399.494
399.698
399.901
400.108
400.32
400.533
400.735
400.954
401.184
401.399
401.632
401.852
402.082
402.299
402.53
402.755
402.981
403.206
403.424
403.641
403.866
404.079
404.288
404.534
404.755
404.954
405.16
405.393
405.605
405.836
406.042
406.25
406.484
406.693
406.898
407.098
407.325
407.527
407.738
407.944
408.163
408.396
408.625
408.834
409.069
409.282
409.485
409.685
409.891
410.132
410.35
410.567
410.787
411.022
411.246
411.45
411.655
411.852
412.051
412.286
412.492
412.7
412.926
413.158
413.389
413.606
413.826
414.053
414.252
414.485
414.703
414.908
415.136
415.341
415.55
415.785
416.002
416.233
416.466
416.665
416.876
417.099
417.32
417.544
417.752
417.983
418.216
418.438
418.68
418.882
419.12
419.32
419.524
419.759
419.963
420.179
420.394
420.598
420.82
421.052
421.282
421.497
421.698
421.897
422.099
422.32
422.523
422.728
422.948
423.182
423.387
423.589
423.787
423.998
424.204
424.418
424.652
424.875
425.096
425.327
425.559
425.79
425.996
426.207
426.41
426.629
426.855
427.072
427.281
427.483
427.705
427.937
428.18
428.389
428.613
428.821
429.061
429.288
429.492
429.705
429.933
430.153
430.373
430.582
430.798
430.993
431.195
431.424
431.642
431.865
432.083
432.306
432.505
432.707
432.913
433.112
433.324
433.535
433.757
433.972
434.189
434.397
434.629
434.845
435.056
435.295
435.492
435.728
435.923
436.138
436.368
436.588
436.794
436.995
437.198
437.435
437.644
437.87
438.105
438.304
438.528
438.748
438.965
439.161
439.403
439.638
439.843
440.064
440.271
440.507
440.711
440.93
441.162
441.379
441.599
441.828
442.052
442.257
442.456
442.665
442.898
443.102
443.304
443.519
443.719
443.949
444.155
444.358
444.584
444.787
445.002
445.241
445.468
445.693
445.899
446.116
446.317
446.553
446.763
446.968
447.187
447.417
447.646
447.861
448.09
448.289
448.52
448.719
448.921
449.151
449.37
449.574
449.787
450.024
450.226
450.428
450.663
450.872
451.08
451.298
451.5
451.732
451.931
452.133
452.341
452.561
452.783
452.98
453.217
453.416
453.636
453.835
454.038
454.276
454.507
454.711
454.922
455.127
455.33
455.561
455.795
456.001
456.202
456.41
456.638
456.845
457.065
457.283
457.495
457.7
457.927
458.131
458.334
458.551
458.787
459.011
459.241
459.466
459.686
459.893
460.096
460.329
460.531
460.732
460.944
461.148
461.379
461.598
461.801
462.008
462.212
462.416
462.625
462.858
463.06
463.262
463.472
463.685
463.913
464.113
464.332
464.543
464.766
464.967
465.185
465.4
465.63
465.832
466.032
466.253
466.504
466.7
466.915
467.13
467.36
467.566
467.786
468.001
468.208
468.419
468.624
468.837
469.035
469.24
469.45
469.669
469.874
470.111
470.333
470.561
470.765
470.98
471.203
471.404
471.622
471.829
472.05
472.261
472.464
472.665
472.869
473.078
473.31
473.525
473.728
473.927
474.123
474.36
474.562
474.764
475.002
475.23
475.449
475.663
475.892
476.127
476.363
476.57
476.783
476.985
477.206
477.408
477.632
477.84
478.042
478.249
478.454
478.69
478.892
479.111
479.338
479.574
479.775
479.98
480.184
480.389
480.622
480.819
481.051
481.278
481.48
481.698
481.898
482.101
482.304
482.506
482.706
482.909
483.115
483.353
483.557
483.762
483.966
484.201
484.403
484.626
484.834
485.041
485.245
485.448
485.685
485.893
486.106
486.314
486.556
486.763
486.966
487.183
487.394
487.626
487.834
488.039
488.241
488.45
488.654
488.86
489.071
489.277
489.482
489.682
489.888
490.106
490.31
490.506
490.716
490.939
491.157
491.389
491.607
491.81
492.015
492.24
492.449
492.658
492.9
493.102
493.307
493.521
493.73
493.946
494.169
494.381
494.585
494.837
495.041
495.265
495.495
495.715
495.903
496.105
496.316
496.542
496.732
496.924
497.127
497.357
497.589
497.799
498.012
498.232
498.442
498.645
498.88
499.08
499.284
499.505
499.728
499.931
500.135
500.347
500.574
500.772
500.985
501.192
501.408
501.611
501.83
502.056
502.276
502.512
502.736
502.961
503.181
503.393
503.6
503.802
504.023
504.242
504.452
504.653
504.873
505.092
505.306
505.511
505.717
505.954
506.179
506.384
506.596
506.831
507.053
507.265
507.478
507.684
507.898
508.105
508.334
508.553
508.782
508.998
509.2
509.419
509.63
509.834
510.062
510.291
510.501
510.705
510.911
511.116
511.334
511.558
511.788
512.019
512.241
512.465
512.675
512.906
513.136
513.354
513.566
513.787
514.003
514.203
514.424
514.64
514.847
515.045
515.273
515.47
515.685
515.892
516.096
516.323
516.529
516.749
516.97
517.174
517.385
517.58
517.78
517.99
518.195
518.39
518.594
518.804
519.02
519.243
519.47
519.69
519.886
520.099
520.309
520.514
520.732
520.949
521.162
521.364
521.572
521.781
521.989
522.218
522.432
522.636
522.857
523.058
523.263
523.472
523.682
523.906
524.106
524.315
524.517
524.722
524.941
525.159
525.383
525.586
525.795
526.004
526.213
526.432
526.64
526.854
527.073
527.294
527.503
527.71
527.918
528.132
528.358
528.569
528.774
528.98
529.189
529.391
529.6
529.814
530.039
530.248
530.439
530.659
530.865
531.093
531.322
531.525
531.731
531.932
532.145
532.373
532.576
532.781
533.002
533.205
533.408
533.633
533.843
534.055
534.27
534.506
534.717
534.934
535.146
535.359
535.569
535.781
536.013
536.243
536.479
536.693
536.907
537.119
537.328
537.547
537.746
537.969
538.175
538.394
538.606
538.809
539.013
539.247
539.463
539.68
539.889
540.09
540.329
540.547
540.761
540.978
541.195
541.395
541.615
541.826
542.035
542.247
542.449
542.66
542.862
543.059
543.291
543.501
543.715
543.923
544.139
544.339
544.563
544.769
544.983
545.2
545.44
545.653
545.881
546.099
546.309
546.533
546.735
546.958
547.165
547.37
547.593
547.81
548.046
548.247
548.461
548.659
548.868
549.068
549.271
549.477
549.681
549.888
550.099
550.316
550.527
550.746
550.973
551.181
551.402
551.611
551.807
552.007
552.22
552.425
552.642
552.849
553.053
553.264
553.485
553.696
553.912
554.122
554.338
554.576
554.78
554.993
555.202
555.413
555.625
555.848
556.051
556.275
556.484
556.705
556.919
557.125
557.342
557.543
557.755
557.969
558.182
558.382
558.6
558.82
559.034
559.245
559.453
559.664
559.89
560.096
560.308
560.518
560.721
560.941
561.144
561.349
561.57
561.798
562.025
562.24
562.434
562.638
562.842
563.061
563.268
563.488
563.675
563.894
564.094
564.303
564.519
564.72
564.936
565.146
565.359
565.577
565.799
566.02
566.234
566.444
566.655
566.856
567.063
567.271
567.496
567.707
567.916
568.131
568.347
568.549
568.771
568.977
569.186
569.411
569.625
569.832
570.054
570.263
570.494
570.71
570.924
571.151
571.364
571.572
571.803
572.038
572.257
572.473
572.69
572.901
573.115
573.32
573.533
573.753
573.955
574.168
574.399
574.606
574.811
575.018
575.248
575.451
575.685
575.889
576.101
576.308
576.529
576.729
576.938
577.147
577.378
577.578
577.789
577.995
578.194
578.414
578.627
578.833
579.035
579.243
579.466
579.686
579.896
580.117
580.33
580.547
580.76
580.972
581.21
581.435
581.655
581.889
582.088
582.289
582.503
582.725
582.957
583.169
583.386
583.603
583.834
584.047
584.271
584.512
584.742
584.948
585.157
585.357
585.557
585.77
586.006
586.22
586.421
586.626
586.848
587.057
587.262
587.463
587.683
587.892
588.098
588.302
588.538
588.755
589.004
589.221
589.449
589.662
589.879
590.079
590.309
590.528
590.768
590.989
591.199
591.404
591.624
591.84
592.045
592.246
592.466
592.695
592.924
593.133
593.362
593.586
593.812
594.023
594.232
594.462
594.672
594.882
595.097
595.306
595.527
595.73
595.959
596.167
596.383
596.609
596.816
597.028
597.24
597.461
597.67
597.87
598.08
598.331
598.554
598.775
598.979
599.215
599.42
599.635
599.855
600.055
600.285
600.491
600.704
600.919
601.139
601.345
601.547
601.759
601.981
602.191
602.391
602.612
602.85
603.078
603.298
603.506
603.708
603.926
604.147
604.362
604.562
604.765
604.99
605.218
605.436
605.648
605.859
606.082
606.294
606.505
606.725
606.94
607.163
607.376
607.58
607.79
608
608.202
608.413
608.621
608.822
609.046
609.272
609.498
609.716
609.928
610.144
610.353
610.561
610.763
610.996
611.198
611.427
611.651
611.876
612.082
612.299
612.509
612.711
612.929
613.156
613.365
613.584
613.785
614.015
614.231
614.46
614.676
614.886
615.106
615.316
615.536
615.757
615.982
616.191
616.412
616.632
616.858
617.077
617.297
617.512
617.723
