0.000000
0.000000
0.000000
60.563999
60.775002
60.811001
60.962002
60.962002
62.558998
68.787003
71.737999
73.555000
90.128998
102.416000
105.306999
108.042999
111.318001
121.966003
136.046005
143.283005
149.610001
152.973007
154.087997
161.240005
171.048996
184.882996
195.024002
209.645004
217.764008
220.324997
226.806000
227.296997
227.417999
230.636002
244.322006
252.432999
258.373993
262.346985
266.954010
271.013000
272.489990
275.057007
278.579987
292.518005
309.625000
332.993011
353.838989
377.782013
381.015015
381.270996
382.006012
384.493988
395.714996
411.368011
421.972992
438.906006
450.022003
458.571014
458.933014
461.183014
464.053986
470.000000
481.980011
494.799988
502.634003
508.028992
510.992004
513.505005
518.138000
534.973999
548.677979
561.554016
572.117981
580.224976
586.463013
593.340027
596.932983
597.853027
600.963013
606.148010
619.543030
630.210022
642.940979
656.474976
664.257019
666.835999
673.182983
687.338989
694.318970
698.228027
701.820984
704.273010
708.924988
716.515015
720.052002
722.952026
724.171997
725.033997
729.103027
736.620972
751.695984
771.742004
777.388000
786.182983
799.281006
805.465027
812.692017
823.429016
832.000000
840.945007
848.982971
853.054993
859.859009
869.038025
876.268982
886.885010
901.369995
910.606995
917.062012
919.036011
922.413025
925.955994
928.909973
931.289001
932.504028
932.775024
936.455994
941.171021
943.643005
943.857971
950.346008
956.596985
964.241028
977.448975
978.523010
978.523010
978.528992
982.617981
991.276001
995.476990
995.629028
997.140991
1003.614990
1006.510986
1008.992981
1012.729004
1026.770020
1033.296021
1040.083984
1045.354980
1051.875000
1057.170044
1065.347046
1076.354004
1094.826050
1105.104004
1111.762939
1119.558960
1128.093018
1131.663940
1136.958008
1141.125977
1145.563965
1149.328979
1155.171997
1159.506958
1163.921997
1167.324951
1167.869995
1167.896973
1169.380005
1180.213013
1180.626953
1181.359009
1185.413940
1191.707031
1198.769043
1214.462036
1222.863037
1228.302002
1234.088989
1241.564941
1257.802979
1266.386963
1279.813965
1289.677979
1296.621948
1305.618042
1309.906982
1311.352051
1312.665039
1318.034058
1326.887939
1337.942017
1354.652954
1374.656982
1382.857056
1386.831055
1396.569946
1409.201050
1423.630005
1436.932983
1444.166016
1449.720947
1455.734985
1471.626953
1482.985962
1491.827026
1497.562988
1504.713989
1514.036987
1525.798950
1535.828979
1548.423950
1555.614990
1561.567993
1567.712036
1578.822998
1588.176025
1591.597046
1595.704956
1601.542969
1606.843018
1609.581055
1612.208008
1615.119019
1620.430054
1624.985962
1627.724976
1629.328979
1629.529053
1630.681030
1636.469971
1642.069946
1656.358032
1660.276978
1664.062012
1671.681030
1675.241943
1676.740967
1676.822021
1677.958008
1677.967041
1677.967041
1677.967041
1677.967041
1677.974976
1677.977051
1678.118042
1678.427979
1682.979004
1687.371948
1692.168945
1696.840942
1699.401978
1702.711060
1706.550049
1713.473022
1721.159058
1730.515015
1742.647949
1747.896973
1756.899048
1764.362061
1773.029053
1780.000000
1792.885010
1800.907959
1808.009033
1814.449951
1820.103027
1824.286011
1828.509033
1836.322021
1840.212036
1846.737061
1856.454956
1864.397949
1872.673950
1883.333984
1886.485962
1888.734009
1894.173950
1899.654053
1905.760010
1913.946045
1917.312988
1920.390015
1925.218994
1929.229980
1933.805054
1944.834961
1959.052979
1968.046021
1973.964966
1975.112061
1975.259033
1975.292969
1975.292969
1977.302002
1987.556030
1991.386963
1992.661987
1997.446045
2008.556030
2008.595947
2008.802979
2011.635010
2038.160034
2055.868896
2065.430908
2074.269043
2085.977051
2095.240967
2103.928955
2129.650879
2140.412109
2148.752930
2162.379883
2168.285889
2170.030029
2178.263916
2181.458008
2183.053955
2190.252930
2201.743896
2218.914062
2238.872070
2241.224121
2243.747070
2244.131104
2244.666016
2245.781006
2254.815918
2262.504883
2267.054932
2277.152100
2293.959961
2302.083008
2307.315918
2308.099121
2308.162109
2308.166016
2316.159912
2319.662109
2323.760010
2343.814941
2351.447021
2357.693115
2362.199951
2366.887939
2377.991943
2386.446045
2392.861084
2402.770996
2409.989990
2427.841064
2434.613037
2446.623047
2465.843994
2480.910889
2487.210938
2487.910889
2491.251953
2499.585938
2511.347900
2523.763916
2525.891113
2530.280029
2541.480957
2554.485107
2561.372070
2564.674072
2565.193115
2565.193115
2565.193115
2565.193115
2565.193115
2565.193115
2565.502930
2565.606934
2565.610107
2565.613037
2565.624023
2565.762939
2568.126953
2573.389893
2588.128906
2594.019043
2600.333008
2606.556885
2617.212891
2626.167969
2636.791992
2655.023926
2664.106934
2670.031982
2675.295898
2678.592041
2679.620117
2682.658936
2693.483887
2700.548096
2707.733887
2721.000977
2724.427979
2724.879883
2725.600098
2725.866943
2728.121094
2739.125000
2752.611084
2754.827881
2757.865967
2763.685059
2768.541016
2774.022949
2782.412109
2788.225098
2794.978027
2805.860107
2814.404053
2823.437012
2835.246094
2842.497070
2850.035889
2860.141113
2864.976074
2869.025879
2873.220947
2876.259033
2876.645996
2876.725098
2876.727051
2878.210938
2878.430908
2886.918945
2890.675049
2894.764893
2896.724121
2898.635010
2899.060059
2899.079102
2902.988037
2911.083984
2911.271973
2911.574951
2911.574951
2911.574951
2911.574951
2911.575928
2911.597900
2917.381104
2920.009033
2920.125977
2920.178955
2920.191895
2920.230957
2920.413086
2920.553955
2920.583984
2920.583984
2920.583984
2920.583984
2920.584961
2920.584961
2920.584961
2920.712891
2922.600098
2929.170898
2940.843994
2947.854004
2954.544922
2960.626953
2968.141113
2972.069092
2980.072998
2986.413086
2993.645020
2998.114990
3002.035889
3006.452881
3009.510010
3012.504883
3016.697021
3018.863037
3021.376953
3023.745117
3025.081055
3025.827881
3025.889893
3025.922119
3026.322998
3027.943115
3028.288086
3028.832031
3028.832031
3028.832031
3028.832031
3028.832031
3028.832031
3033.016113
3033.670898
3033.697998
3033.879883
3034.071045
3034.136963
3034.272949
3034.272949
3034.272949
3034.272949
3034.272949
3034.272949
3034.273926
3034.281006
3034.281006
3034.283936
3034.285889
3034.510010
3035.951904
3037.698975
3039.697998
3042.854980
3046.233887
3051.639893
3053.635986
3053.635986
3053.639893
3053.639893
3053.639893
3053.639893
3053.639893
3053.639893
3053.639893
3053.639893
3053.639893
3053.639893
3053.639893
3053.639893
3053.641113
3053.641113
3053.641113
3053.652100
3053.666016
3053.675049
3053.677979
3053.681885
3053.687012
3053.725098
3056.670898
3063.062988
3069.309082
3078.318115
3085.711914
3090.368896
3090.585938
3091.847900
3099.769043
3100.200928
3100.250977
3100.431885
3100.777100
3100.837891
3104.358887
3109.534912
3114.710938
3122.466064
3128.132080
3132.719971
3137.492920
3139.264893
3140.592041
3140.825928
3140.844971
3140.844971
3145.295898
3147.039062
3147.773926
3150.297119
3156.341064
3160.892090
3164.979004
3165.711914
3165.998047
3165.999023
3166.002930
3167.125000
3167.850098
3168.272949
3168.281006
3168.291016
3168.343994
3168.454102
3168.616943
3170.363037
3173.208984
3174.895996
3175.865967
3176.461914
3176.508057
3176.508057
3176.508057
3176.508057
3176.508057
3176.508057
3176.508057
3176.514893
3176.537109
3176.541016
3176.541016
3177.157959
3177.242920
3177.242920
3177.245117
3177.427979
3178.581055
3178.605957
3178.614990
3178.622070
3178.666992
3178.727051
3179.082031
3179.332031
3180.122070
3180.780029
3181.331055
3181.538086
3181.591064
3181.592041
3181.592041
3181.592041
3181.593018
3181.607910
3181.607910
3181.620117
3181.620117
3181.620117
3181.621094
3182.231934
3182.231934
3182.231934
3182.587891
3182.592041
3182.592041
3182.621094
3182.681885
3182.715088
3182.715088
3182.717041
3182.717041
3182.721924
3182.742920
3182.750977
3182.750977
3182.750977
3182.750977
3182.888916
3183.770020
3183.770020
3183.772949
3184.175049
3184.210938
3184.304932
3184.988037
3187.312988
3187.923096
3188.298096
3188.605957
3188.606934
3188.616943
3188.751953
3189.138916
3191.251953
3198.181885
3211.066895
3218.972900
3225.481934
3233.575928
3239.462891
3249.809082
3271.416992
3285.562988
3288.650879
3289.621094
3293.095947
3300.812012
3318.650879
3329.572998
3332.625977
3341.632080
3347.370117
3351.267090
3352.374023
3353.980957
3360.770996
3368.221924
3373.156982
3379.292969
3383.283936
3386.977051
3388.785889
3389.079102
3401.830078
3423.573975
3427.808105
3428.232910
3428.232910
3428.360107
3428.516113
3430.517090
3438.718018
3438.873047
3439.482910
3447.493896
3451.508057
3459.306885
3464.541992
3470.947998
3483.919922
3493.946045
3502.305908
3513.666992
3521.069092
3534.959961
3547.028076
3547.939941
3548.169922
3548.178955
3548.214111
3557.663086
3570.388916
3592.196045
3607.496094
3630.063965
3638.210938
3649.111084
3653.906006
3654.711914
3655.461914
3666.706055
3689.177002
3694.172119
3700.299072
3703.495117
3707.377930
3712.708984
3720.564941
3727.145020
3733.423096
3744.612061
3750.047119
3754.834961
3765.324951
3771.513916
3773.142090
3781.989990
3786.287109
3795.531982
3805.493896
3813.283936
3821.927002
3825.016113
3829.603027
3845.218018
3850.449951
3851.874023
3856.946045
3857.511963
3857.653076
3858.157959
3858.158936
3859.027100
3866.079102
3867.697021
3869.073975
3869.282959
3870.509033
3878.212891
3895.539062
3907.083984
3910.075928
3918.596924
3922.875000
3925.980957
3931.320068
3940.495117
3944.260986
3949.587891
3954.385010
3956.179932
3957.458984
3959.292969
3966.239014
3969.082031
3969.664062
3969.920898
3970.485107
3970.572021
3970.592041
3970.679932
3970.747070
3971.183105
3976.211914
3979.437012
3983.216064
3995.756104
4019.364990
4024.584961
4028.278076
4032.423096
4037.655029
4040.516113
4043.762939
4049.680908
4053.337891
4056.649902
4061.050049
4063.346924
4064.501953
4065.143066
4065.524902
4065.531982
4067.121094
4067.125000
4067.295898
4067.330078
4067.668945
4067.677979
4067.679932
4067.693115
4069.289062
4070.345947
4070.354980
4070.365967
4070.374023
4070.375977
4070.394043
4071.118896
4071.986084
4072.750000
4073.017090
4073.489014
4074.885986
4075.111084
4075.129883
4075.166016
4075.175049
4075.218994
4075.239014
4075.250977
4075.293945
4075.892090
4075.909912
4077.541992
4077.834961
4077.992920
4078.232910
4078.854980
4079.414062
4079.521973
4079.522949
4079.522949
4079.522949
4079.522949
4079.522949
4079.522949
4079.622070
4080.909912
4100.192871
4101.770996
4101.886230
4104.352051
4113.806152
4127.954102
4148.648926
4154.633789
4173.141113
4181.068848
4187.787109
4193.597168
4197.085938
4203.511230
4218.934082
4239.202148
4241.336914
4244.852051
4248.762207
4255.894043
4258.213867
4258.594238
4258.631836
4258.637207
4258.638184
4258.638184
4258.638184
4259.705078
4259.708984
4259.731934
4259.842773
4259.854980
4262.608887
4263.909180
4264.515137
4270.586914
4275.752930
4280.935059
4286.618164
4287.282227
4287.627930
4287.740234
4287.764160
4287.765137
4287.772949
4287.799805
4288.157227
4289.282227
4290.235840
4291.125977
4292.157227
4294.286133
4298.905762
4304.950195
4307.623047
4308.139160
4308.141113
4308.141113
4308.141113
4308.141113
4308.141113
4308.285156
4309.341797
4310.644043
4312.403809
4315.486816
4318.765137
4322.928223
4325.496094
4327.690918
4331.350098
4334.298828
4336.665039
4341.363770
4344.514160
4351.944824
4368.671875
4374.451172
4385.277832
4393.910156
4403.160156
4412.318848
4422.044922
4427.962891
4432.098145
4434.255859
4435.348145
4437.084961
4444.147949
4450.285156
4457.897949
4466.913086
4473.386230
4479.454102
4487.983887
4492.582031
4498.210938
4503.268066
4510.078125
4512.818848
4515.419922
4518.089844
4522.074219
4524.741211
4527.655762
4532.251953
4535.395020
4538.414062
4542.587891
4545.255859
4549.373047
4551.965820
4554.469238
4558.723145
4561.309082
4563.363770
4564.545898
4564.785156
4564.857910
4565.708008
4565.836914
4565.934082
4566.188965
4566.188965
4570.554199
4581.909180
4582.166992
4582.207031
4582.310059
4582.577148
4583.425781
4584.363770
4585.652832
4588.308105
4588.979980
4589.068848
4589.094238
4589.393066
4590.287109
4592.023926
4595.259766
4598.208984
4601.212891
4608.102051
4613.213867
4617.050781
4623.466797
4627.180176
4630.774902
4631.775879
4631.775879
4631.775879
4631.775879
4631.775879
4631.775879
4631.775879
4631.775879
4631.775879
4631.775879
4631.791016
4631.795898
4631.797852
4631.797852
4631.797852
4631.798828
4631.799805
4631.799805
4631.799805
4632.169922
4632.895020
4632.961914
4632.961914
4632.963867
4632.969238
4633.307129
4634.630859
4635.851074
4637.570801
4640.122070
4642.020996
4642.556152
4643.966797
4646.456055
4649.476074
4649.940918
4650.102051
4650.143066
4650.143066
4650.143066
4650.304199
4650.304199
4650.473145
4650.484863
4650.484863
4650.484863
4650.515137
4650.569824
4650.569824
4650.601074
4650.606934
4650.606934
4650.607910
4650.607910
4650.607910
4650.607910
4650.607910
4650.607910
4650.611816
4650.611816
4650.679199
4650.730957
4650.733887
4650.761230
4650.807129
4650.841797
4650.902832
4650.945801
4651.138184
4651.687988
4652.000977
4652.122070
4652.154785
4652.155762
4652.155762
4652.291016
4652.296875
4652.325195
4652.611816
4652.700195
4652.804199
4652.857910
4652.886230
4652.886230
4652.891113
4652.894043
4652.898926
4653.185059
4653.608887
4653.747070
4653.749023
4653.751953
4653.756836
4653.854004
4653.858887
4653.860840
4653.867188
4653.871094
4653.871094
4653.880859
4653.880859
4653.880859
4653.882812
4653.884766
4653.884766
4653.884766
4654.643066
4655.724121
4655.724121
4655.724121
4655.801758
4665.963867
4669.126953
4671.478027
4673.662109
4674.395020
4675.378906
4679.853027
4683.597168
4687.056152
4692.896973
4703.296875
4714.150879
4722.144043
4723.991211
4725.784180
4729.153809
4732.049805
4735.298828
4738.699219
4738.745117
4738.746094
4738.746094
4738.746094
4738.746094
4738.746094
4738.746094
4738.746094
4738.838867
4739.606934
4740.541016
4741.845215
4741.845215
4741.845215
4741.852051
4741.890137
4741.915039
4741.976074
4741.992188
4741.992188
4741.992188
4741.992188
4741.992188
4741.992188
4741.993164
4741.993164
4741.993164
4741.993164
4741.993164
4741.993164
4741.993164
4741.993164
4741.993164
4741.993164
4741.993164
4741.993164
4741.993164
4741.993164
4741.993164
4741.993164
4741.993164
4741.993164
4741.993164
4741.993164
4741.993164
4741.993164
4741.993164
4741.993164
4741.993164
4741.993164
4741.993164
4741.993164
4741.993164
4741.993164
4741.993164
4741.993164
4741.993164
4741.993164
4741.993164
4741.993164
4741.993164
4741.993164
4741.993164
4741.993164
4741.993164
4741.993164
4741.993164
4741.993164
4741.993164
4741.993164
4741.993164
4741.993164
4741.993164
4741.993164
4741.993164
4741.993164
4741.993164
4741.993164
4741.993164
4741.993164
4741.993164
4741.993164
4741.993164
4741.993164
4741.993164
4741.993164
