1.90354
1.90361
2.42798
2.97787
3.44885
3.93526
4.43493
4.95248
5.43529
5.93566
6.44819
6.93648
7.43679
7.946
8.43818
8.93667
9.47633
9.94185
10.4398
10.9393
11.4493
11.9399
12.441
12.943
13.4412
13.9417
14.4414
14.9427
15.4408
15.9431
16.4699
16.9433
17.4439
17.9735
18.4456
18.9468
19.4706
19.9463
20.4508
20.9481
21.4481
21.9479
22.4482
22.9493
23.4489
23.9494
24.4494
24.9719
25.4508
25.951
26.4514
26.9515
27.451
27.9689
28.453
29.0097
29.4534
29.954
30.4542
30.9713
31.4547
31.9551
32.4734
32.9564
33.4571
33.9566
34.4573
34.9572
35.4566
36.0131
36.4586
36.9592
37.4599
37.9594
38.4601
38.9647
39.4607
39.9605
40.4615
40.9619
41.4889
41.9613
42.4624
42.9633
43.4633
43.9644
44.464
44.9636
45.465
45.9666
46.4657
46.9664
47.4675
47.9786
48.4673
48.9677
49.4688
49.9761
50.4678
50.9683
51.4692
52.0033
52.4902
52.9708
53.5073
53.9721
54.4716
54.9942
55.473
55.9729
56.4798
56.9736
57.474
57.9742
58.4743
58.9749
59.4791
59.9752
60.5067
60.9817
61.4761
61.9764
62.4768
62.9942
63.478
63.9787
64.5009
64.9787
65.4794
65.9809
66.4801
66.9807
67.4806
67.9818
68.4811
68.9951
69.4834
69.983
70.515
70.9844
71.4851
71.9851
72.5259
72.9855
73.4856
73.9853
74.4951
74.9851
75.4865
75.9876
76.488
76.9872
77.4871
77.988
78.5052
78.9897
79.4886
80.0244
80.4899
80.9908
81.4936
81.9905
82.4914
82.9918
83.4913
83.9927
84.4935
84.9934
85.4935
85.9938
86.4945
86.9946
87.4936
87.9956
88.4962
88.9974
89.4968
89.9972
90.4978
90.9977
91.4972
91.9986
92.4983
92.9988
93.5137
94.0003
94.5005
95.0163
95.4994
96.0005
96.5006
97.0022
97.502
98.0021
98.5029
99.0022
99.5033
100.004
100.527
101.004
101.504
102.041
102.507
103.006
103.507
104.039
104.506
105.007
105.507
106.02
106.508
107.009
107.509
108.04
108.51
109.009
109.508
110.023
110.51
111.011
111.511
112.011
112.513
113.014
113.513
114.013
114.514
115.013
115.513
116.02
116.515
117.015
117.515
118.016
118.516
119.016
119.517
120.016
120.517
121.018
121.519
122.018
122.518
123.019
123.519
124.02
124.52
125.024
125.521
126.022
126.543
127.023
127.523
128.039
128.523
129.023
129.523
130.025
130.525
131.024
131.525
132.026
132.565
133.027
133.527
134.027
134.559
135.028
135.528
136.028
136.529
137.028
137.528
138.037
138.529
139.029
139.53
140.03
140.532
141.033
141.531
142.031
142.531
143.033
143.533
144.032
144.533
145.033
145.534
146.035
146.534
147.034
147.534
148.036
148.537
149.035
149.556
150.038
150.538
151.04
151.54
152.039
152.545
153.039
153.54
154.039
154.541
155.04
155.539
156.041
156.542
157.042
157.548
158.042
158.542
159.043
159.543
160.044
160.561
161.045
161.545
162.045
162.545
163.046
163.567
164.047
164.547
165.083
165.546
166.046
166.547
167.048
167.549
168.07
168.55
169.049
169.549
170.056
170.548
171.051
171.551
172.051
172.552
173.053
173.552
174.053
174.553
175.054
175.555
176.054
176.554
177.053
177.556
178.054
178.555
179.056
179.596
180.057
180.557
181.094
181.559
182.059
182.559
183.09
183.559
184.06
184.595
185.06
185.561
186.06
186.561
187.061
187.562
188.063
188.563
189.063
189.563
190.064
190.562
191.064
191.563
192.063
192.565
193.066
193.576
194.066
194.566
195.089
195.566
196.067
196.567
197.067
197.566
198.069
198.569
199.069
199.57
200.069
200.571
201.085
201.571
202.098
202.572
203.073
203.572
204.085
204.573
205.074
205.597
206.075
206.574
207.076
207.575
208.075
208.582
209.076
209.577
210.077
210.577
211.076
211.578
212.077
212.578
213.106
213.58
214.079
214.609
215.08
215.58
216.08
216.581
217.082
217.583
218.081
218.581
219.108
219.584
220.082
220.596
221.084
221.584
222.093
222.584
223.084
223.586
224.085
224.586
225.086
225.587
226.086
226.588
227.089
227.587
228.102
228.589
229.089
229.616
230.09
230.59
231.09
231.617
232.091
232.592
233.093
233.592
234.093
234.591
235.093
235.594
236.094
236.595
237.094
237.595
238.095
238.595
239.096
239.595
240.096
240.621
241.097
241.598
242.097
242.599
243.098
243.614
244.098
244.621
245.097
245.599
246.112
246.599
247.101
247.601
248.101
248.601
249.118
249.602
250.102
250.622
251.103
251.604
252.105
252.604
253.103
253.612
254.105
254.605
255.106
255.606
256.138
256.606
257.106
257.616
258.108
258.617
259.109
259.609
260.109
260.612
261.11
261.611
262.11
262.611
263.11
263.611
264.111
264.612
265.112
265.613
266.113
266.649
267.113
267.614
268.113
268.615
269.116
269.626
270.113
270.615
271.119
271.617
272.117
272.619
273.118
273.618
274.118
274.62
275.119
275.62
276.12
276.623
277.121
277.622
278.121
278.622
279.122
279.622
280.122
280.624
281.124
281.624
282.124
282.624
283.124
283.624
284.125
284.633
285.126
285.627
286.127
286.627
287.136
287.626
288.127
288.653
289.128
289.629
290.141
290.631
291.13
291.629
292.131
292.631
293.131
293.629
294.129
294.631
295.131
295.632
296.133
296.634
297.133
297.635
298.135
298.634
299.134
299.635
300.135
300.635
301.136
301.636
302.135
302.637
303.138
303.653
304.138
304.639
305.14
305.64
306.14
306.64
307.14
307.641
308.142
308.64
309.147
309.642
310.142
310.643
311.147
311.643
312.143
312.644
313.144
313.643
314.177
314.645
315.145
315.645
316.145
316.645
317.172
317.648
318.148
318.648
319.148
319.649
320.148
320.649
321.149
321.648
322.15
322.651
323.15
323.651
324.165
324.652
325.152
325.678
326.153
326.653
327.153
327.654
328.155
328.654
329.155
329.654
330.171
330.655
331.155
331.657
332.157
332.656
333.158
333.658
334.158
334.658
335.158
335.658
336.159
336.696
337.16
337.661
338.16
338.66
339.161
339.661
340.162
340.66
341.16
341.663
342.163
342.663
343.163
343.664
344.164
344.682
345.165
345.666
346.201
346.666
347.167
347.667
348.168
348.669
349.169
349.669
350.169
350.668
351.168
351.669
352.171
352.67
353.172
353.671
354.17
354.671
355.173
355.673
356.174
356.674
357.174
357.673
358.174
358.674
359.177
359.675
360.175
360.675
361.175
361.676
362.176
362.675
363.19
363.678
364.179
364.679
365.179
365.679
366.207
366.681
367.18
367.682
368.199
368.681
369.181
369.699
370.183
370.683
371.183
371.684
372.183
372.695
373.184
373.684
374.185
374.69
375.185
375.686
376.192
376.687
377.186
377.686
378.186
378.688
379.188
379.688
380.211
380.689
381.189
381.707
382.191
382.709
383.192
383.69
384.191
384.732
385.192
385.691
386.207
386.694
387.193
387.693
388.194
388.694
389.195
389.695
390.194
390.696
391.195
391.695
392.216
392.696
393.197
393.697
394.198
394.699
395.204
395.698
396.196
396.71
397.201
397.701
398.2
398.702
399.2
399.701
400.202
400.702
401.202
401.702
402.203
402.704
403.207
403.703
404.204
404.704
405.205
405.706
406.205
406.705
407.206
407.707
408.207
408.708
409.207
409.707
410.208
410.709
411.246
411.708
412.207
412.709
413.21
413.711
414.211
414.711
415.211
415.711
416.233
416.713
417.213
417.714
418.217
418.713
419.215
419.715
420.215
420.714
421.215
421.715
422.215
422.728
423.216
423.718
424.218
424.716
425.215
425.717
426.218
426.72
427.219
427.719
428.221
428.721
429.22
429.721
430.22
430.722
431.221
431.722
432.223
432.722
433.224
433.723
434.224
434.724
435.224
435.728
436.224
436.725
437.226
437.726
438.227
438.748
439.227
439.728
440.227
440.729
441.229
441.729
442.229
442.729
443.23
443.73
444.231
444.73
445.241
445.731
446.231
446.733
447.231
447.733
448.232
448.733
449.234
449.734
450.234
450.735
451.236
451.735
452.236
452.735
453.236
453.736
454.236
454.737
455.237
455.737
456.239
456.737
457.239
457.739
458.239
458.74
459.241
459.739
460.24
460.74
461.241
461.742
462.243
462.742
463.242
463.742
464.244
464.744
465.244
465.744
466.253
466.745
467.245
467.746
468.246
468.746
469.248
469.748
470.248
470.765
471.249
471.749
472.261
472.749
473.249
473.748
474.25
474.764
475.249
475.75
476.249
476.783
477.252
477.752
478.252
478.752
479.254
479.775
480.255
480.754
481.278
481.755
482.256
482.756
483.256
483.762
484.257
484.757
485.257
485.759
486.257
486.763
487.258
487.759
488.259
488.76
489.261
489.761
490.26
490.76
491.261
491.76
492.26
492.762
493.263
493.763
494.264
494.764
495.265
495.764
496.264
496.764
497.265
497.766
498.265
498.766
499.266
499.768
500.268
500.772
501.267
501.767
502.277
502.769
503.267
503.767
504.269
504.77
505.271
505.77
506.27
506.77
507.271
507.772
508.272
508.783
509.274
509.772
510.291
510.774
511.275
511.788
512.274
512.773
513.273
513.788
514.276
514.777
515.276
515.776
516.277
516.777
517.278
517.781
518.279
518.804
519.279
519.781
520.28
520.78
521.282
521.781
522.281
522.782
523.286
523.782
524.282
524.783
525.282
525.795
526.283
526.784
527.295
527.785
528.285
528.786
529.286
529.784
530.29
530.787
531.285
531.788
532.288
532.787
533.289
533.788
534.288
534.79
535.29
535.79
536.291
536.791
537.328
537.791
538.291
538.809
539.291
539.792
540.293
540.793
541.294
541.826
542.293
542.795
543.295
543.796
544.297
544.795
545.296
545.796
546.309
546.798
547.297
547.81
548.298
548.798
549.299
549.8
550.316
550.799
551.299
551.808
552.299
552.8
553.302
553.801
554.302
554.802
555.303
555.803
556.3
556.803
557.305
557.805
558.306
558.82
559.305
559.805
560.308
560.807
561.307
561.807
562.307
562.808
563.308
563.808
564.308
564.806
565.307
565.809
566.31
566.808
567.31
567.811
568.312
568.812
569.312
569.813
570.313
570.812
571.314
571.814
572.314
572.814
573.32
573.814
574.314
574.814
575.315
575.817
576.316
576.816
577.317
577.817
578.317
578.817
579.318
579.818
580.318
580.82
581.32
581.836
582.321
582.821
583.332
583.855
584.322
584.821
585.338
585.828
586.339
586.848
587.323
587.838
588.325
588.838
589.325
589.826
590.33
590.824
591.325
591.86
592.339
592.837
593.362
593.834
594.328
594.834
595.328
595.83
596.335
596.838
597.341
597.831
598.353
598.831
599.343
599.837
600.343
600.831
601.367
601.849
602.334
602.85
603.35
603.833
604.362
604.835
605.346
605.841
606.351
606.843
607.337
607.842
608.356
608.844
609.339
609.839
610.374
610.839
611.351
611.854
612.351
612.842
613.365
613.841
614.353
614.843
615.343
615.859
616.355
616.858
617.349
617.843
