7.341e-05
0.00697508
0.00472144
0.000502074
0.0100929
0.000532068
0.000538162
0.00137056
0.00134158
0.00698696
0.006619
0.00520967
0.00233306
0.00348889
0.0013388
0.000940773
0.00162908
0.00182012
0.00225751
0.0027927
0.000954458
0.00210472
0.00262463
0.00244809
0.00116417
0.00147893
0.000773919
0.000525062
0.00105532
0.00173668
0.00116705
0.00133923
0.00112863
0.000969579
0.00780581
0.0215167
0.000512738
0.00116488
0.000951619
0.00178837
0.00091042
0.000872028
0.00169095
0.000939208
0.00180941
0.00151262
0.00406313
0.00101156
