0.0057962
0.00268766
0.00868749
0.00281978
0.00517863
0.0155081
0.0106139
0.0495293
0.020035
0.00819813
0.0138168
0.00596382
0.00194261
0.0137211
0.00169795
0.00199619
0.003344
0.00179133
0.00322134
0.00269992
0.00288243
0.00310726
0.00363601
0.00250624
0.00443073
0.00891106
0.00844767
0.0082739
0.0169114
0.00458903
0.0154759
0.00623143
0.00205388
0.0100962
0.00173237
0.00199008
0.00234901
0.00442782
0.00357009
0.00386843
0.0146345
0.00219561
0.00122062
0.00269134
0.00483118
0.00854398
0.00248574
0.00182423
0.00454091
0.0105098
0.00555668
0.00684439
0.00678373
0.00601303
0.0042511
0.00347253
0.00403982
0.00226991
0.020386
0.000426462
0.00265804
0.00218723
0.0385918
0.00369292
0.00337019
0.00410494
0.00302414
0.0287046
