7.85043
9.45875
11.2363
12.3707
14.1132
15.2076
16.299
18.0461
18.2236
18.6368
18.8703
20.5741
21.9344
22.5633
23.63
24.2944
24.5352
25.0217
25.5836
26.5182
26.6834
27.6913
28.0162
29.6549
31.4285
31.6417
33.3288
35.1364
36.9288
38.685
39.3673
40.6507
40.9344
41.3147
42.2372
42.8775
44.6064
45.5682
45.8234
45.9559
46.3872
48.1098
49.0131
49.4271
49.6607
51.3655
53.0901
54.6986
54.9927
56.8064
58.5795
60.1988
61.9627
63.6616
65.4205
67.0716
68.9084
70.6385
72.4629
74.2249
75.5625
77.2613
79.0391
80.56
82.3073
82.7043
84.2388
86.0454
