2.6343
2.85851
3.09008
3.29354
3.49827
3.70439
3.94042
4.14216
4.34334
4.54409
4.77382
4.97637
5.22348
5.46638
5.69868
5.92344
6.127
6.32815
6.55521
6.77944
6.99575
7.2286
7.43095
7.67184
7.88652
8.09507
8.33958
8.54013
8.77558
8.97437
9.18262
9.42376
9.66935
9.89505
10.0878
10.3183
10.5508
10.7723
10.9794
11.2148
11.4493
11.6621
11.8927
12.1021
12.3384
12.5743
12.8005
13.0488
13.2254
13.4219
13.6728
13.8647
14.0957
14.3053
14.5142
14.759
14.9758
15.1809
15.3806
15.6066
15.8481
16.0473
16.2712
16.4998
16.7381
16.933
17.1424
17.3433
17.5476
17.7475
17.9843
18.1871
18.3913
18.611
18.8461
19.0507
19.2513
19.4813
19.6893
19.9278
20.1293
20.3565
20.5577
20.7891
20.9874
21.2102
21.4409
21.6346
21.8795
22.1154
22.3138
22.5402
22.7468
22.979
23.178
23.4141
23.6161
23.8146
24.0454
24.2799
24.4812
24.7157
24.9482
25.152
25.3437
25.55
25.7799
25.9827
26.2183
26.4244
26.6495
26.8516
27.0467
27.2705
27.4745
27.6782
27.8796
28.1084
28.3062
28.5107
28.7404
28.9785
29.2051
29.4113
29.6412
29.8424
30.0739
30.2761
30.5071
30.7337
30.9613
31.1672
31.4006
31.5995
31.7979
32.0359
32.2386
32.4491
32.6622
32.896
33.0976
33.3026
33.531
33.7631
34.0027
34.2076
34.4449
34.6761
34.8699
35.1137
35.3401
35.5799
35.7743
35.983
36.2104
36.4307
36.6535
36.9
37.1328
37.3354
37.5572
37.7708
37.9654
38.2005
38.4364
38.6679
38.911
39.1312
39.3405
39.5446
39.765
40.0001
40.2005
40.4393
40.6344
40.8701
41.064
41.2915
41.5327
41.7616
41.998
42.2253
42.4215
42.6537
42.8589
43.0887
43.2899
43.4895
43.7261
43.9574
44.156
44.3624
44.593
44.8306
45.0639
45.2558
45.4877
45.6846
45.9194
46.1219
46.3551
46.5579
46.7554
46.989
47.1909
47.4265
47.6614
47.8901
48.0975
48.3427
48.5665
48.7689
49.0027
49.1986
49.4138
49.6454
49.84
50.041
50.2785
50.4802
50.7135
50.936
51.1447
51.3359
51.5752
51.7708
51.9763
52.2074
52.4073
52.6065
52.8487
53.078
53.3056
53.5011
53.7077
53.9385
54.1402
54.3839
54.6085
54.8389
55.0467
55.2482
55.4855
55.7159
55.923
56.1142
56.3542
56.5845
56.7808
57.0169
57.2135
57.4211
57.6263
57.8499
58.0581
58.2896
58.5213
58.7192
58.9157
59.1164
59.343
59.5451
59.7484
59.952
60.182
60.4157
60.6206
60.8535
61.0829
61.3068
61.5181
61.743
61.9445
62.1497
62.3449
62.5496
62.7459
62.9872
63.216
63.413
63.6436
63.8433
64.0895
64.293
64.528
64.7363
64.9618
65.1924
65.4014
65.6346
65.8358
66.041
66.2368
66.4597
66.6693
66.8634
67.0586
67.2844
67.4912
67.721
67.9512
68.1917
68.432
68.6547
68.8862
69.0932
69.2857
69.5212
69.7217
69.9507
70.1637
70.398
70.6233
70.8669
71.0948
71.2985
71.5252
71.7214
71.9545
72.1952
72.4307
72.6695
72.8639
73.0937
73.3191
73.5527
73.7514
73.9939
74.21
74.4426
74.6408
74.8455
75.0863
75.3161
75.5491
75.7537
75.9831
76.1821
76.3882
76.6146
76.8356
77.0427
77.2458
77.4804
77.682
77.8849
78.105
78.3059
78.5371
78.7419
78.9726
79.1752
79.4081
79.64
79.8794
80.107
80.3069
80.5346
80.7392
80.973
81.1744
81.4053
81.6423
81.8489
82.0746
82.2872
82.4866
82.6829
82.8832
83.0844
83.3137
83.5446
83.7625
83.9787
84.2104
84.4399
84.6773
84.9085
85.1113
85.3207
85.5224
85.7526
85.9886
86.1915
86.3934
86.6201
86.8256
