1.79134
1.79144
2.31957
2.85869
3.32442
3.82946
4.34349
4.82385
5.32424
5.82434
6.32831
6.82503
7.32724
7.82824
8.34009
8.82853
9.32803
9.82844
10.3282
10.8283
11.3282
11.828
12.3385
12.8315
13.3324
13.8318
14.3324
14.8323
15.3319
15.8482
16.332
16.8322
17.3435
17.836
18.3362
18.8462
19.3488
19.836
20.3905
20.8363
21.3358
21.8367
22.3365
22.8398
23.3396
23.8407
24.3396
24.84
25.3439
25.8418
26.344
26.8519
27.344
27.8441
28.3441
28.844
29.3447
29.844
30.3443
30.8437
31.3438
31.8445
32.3475
32.8484
33.3478
33.8481
34.3476
34.8486
35.3479
35.8502
36.3519
36.8526
37.3519
37.8523
38.3526
38.8517
39.3673
39.8527
40.3522
40.8703
41.3525
41.8556
42.3562
42.8594
43.3564
43.8561
44.3626
44.8565
45.3559
45.8565
46.3564
46.8599
47.3606
47.8598
48.3607
48.8606
49.3604
49.8604
50.3598
50.8606
51.3655
51.8628
52.3636
52.864
53.3641
53.8647
54.3841
54.8638
55.3641
55.8643
56.3647
56.8648
57.3677
57.8683
58.3681
58.8674
59.3678
59.8686
60.3679
60.8684
61.3683
61.8675
62.3724
62.8725
63.3724
63.872
64.3716
64.8715
65.4015
65.8724
66.3728
66.8722
67.3717
67.876
68.3766
68.8864
69.3765
69.8856
70.3982
70.8764
71.376
71.8767
72.3774
72.8804
73.3799
73.8799
74.3798
74.8797
75.3798
75.8803
76.3887
76.8795
77.3843
77.8852
78.3838
78.8841
79.3838
79.8844
80.3836
80.8848
81.3841
81.8843
82.3841
82.8879
83.3881
83.8876
84.388
84.8882
85.3883
85.8884
86.3934
86.8876
