0.000000
0.000000
0.000000
41.716000
41.747002
41.759998
42.034000
42.047001
43.097000
48.279999
50.869999
52.619999
65.014000
72.551003
77.660004
85.149002
86.789001
88.492996
90.602997
92.835999
108.508003
125.140999
146.399002
154.475006
158.171005
159.623993
163.962997
172.345001
182.572006
190.968002
195.759003
200.259003
206.722000
216.050995
228.837006
254.126007
259.756989
263.088013
264.200012
264.217987
264.230011
275.067993
285.846008
288.695007
292.122009
300.334015
304.044006
308.093994
313.165985
314.839996
318.308990
320.304993
320.554993
320.660004
320.735992
320.781006
320.884003
320.908997
320.941010
320.944000
320.962006
321.286011
321.290985
321.290985
321.295990
321.295990
321.567993
321.811005
322.119995
322.134003
322.134003
326.023010
329.075989
329.165009
333.522003
341.955994
351.429993
355.737000
360.990997
371.117004
371.877014
372.523010
373.862000
377.095001
378.260986
378.942993
379.927002
381.217987
390.901001
395.781006
400.557007
401.556000
403.522003
410.032990
419.722992
428.096008
434.005005
436.553009
439.278992
443.065002
447.903992
448.197998
448.197998
448.488007
449.059998
449.114014
462.074005
465.170013
467.342010
469.343994
471.622986
473.520996
476.595001
484.984985
488.729004
490.036987
490.321014
490.321014
490.321014
490.321991
490.321991
490.324005
490.464996
490.466003
490.466003
490.466003
490.523010
490.588989
490.627991
490.630005
490.630005
490.657013
490.712006
490.739014
490.743988
490.744995
490.748993
490.937988
490.980988
490.980988
490.980988
490.980988
490.980988
491.450989
491.450989
491.450989
491.450989
491.450989
491.450989
491.450989
491.450989
491.450989
491.450989
491.450989
491.450989
491.450989
491.450989
491.450989
491.450989
491.450989
491.450989
491.450989
491.450989
491.450989
491.450989
491.450989
491.450989
491.450989
491.450989
491.450989
491.450989
491.450989
