0.000672946
0.00104224
0.00599983
0.00163048
0.0297422
0.0114857
0.0264433
0.0108892
0.000801363
0.0152497
0.0180885
0.00960903
0.00264753
0.00968295
0.0120647
0.00512714
0.0011144
0.00476259
0.00346084
0.00121081
0.00407843
0.00212181
0.016729
0.00840466
0.0107584
0.00160879
0.00239889
0.00596181
0.00352616
0.00274565
0.00781671
0.00337281
0.00240785
0.00275246
0.00928805
0.00697349
0.00249126
0.00102858
0.00532253
0.00817667
0.00105649
0.00132258
0.00701258
0.00338502
0.00210488
0.00517017
0.00362229
0.00639392
0.00966685
0.00295773
0.00406494
0.00456349
0.00332066
0.00372533
0.0040978
0.00393036
0.0040596
0.0054529
0.0130991
0.00371178
0.00387804
0.00357395
0.00253267
0.00354228
0.00750386
0.00215438
0.00567974
