7.84613
9.57025
11.2362
12.3359
12.5757
14.261
15.1528
16.2311
18.0419
18.2009
18.8443
20.515
22.0963
23.0994
24.4539
24.6711
25.3183
26.8301
27.1175
27.4984
27.7019
29.3684
30.9817
32.666
34.4814
38.5796
40.1342
41.6677
43.3657
45.0678
45.2934
46.8285
48.57
50.2325
50.4389
52.0364
53.7765
55.495
57.2795
59.2455
60.9379
62.6028
62.8487
64.5534
66.7442
68.4905
69.1493
70.732
72.4751
74.2605
75.8015
77.5022
79.0333
80.5695
82.2736
83.8092
85.342
87.0754
88.6153
90.1451
91.8818
93.4178
94.9766
96.7575
98.2211
99.9195
101.684
