2.73964
2.96214
3.20382
3.41246
3.64221
3.84009
4.0493
4.24962
4.48231
4.70257
4.91731
5.15514
5.38181
5.59169
5.79407
6.02521
6.22756
6.42236
6.62317
6.85898
7.09603
7.30919
7.52882
7.76773
7.96495
8.20078
8.4373
8.64149
8.84081
9.08152
9.30365
9.53901
9.73739
9.96042
10.1685
10.36
10.5867
10.8094
11.0113
11.2168
11.4202
11.6549
11.8595
12.0649
12.3015
12.5339
12.7399
12.978
13.1774
13.3727
13.5673
13.8082
14.0433
14.2393
14.435
14.6428
14.8773
15.1138
15.321
15.5443
15.772
16.0069
16.2063
16.433
16.6715
16.8701
17.1102
17.338
17.5391
17.7368
17.977
18.1759
18.3837
18.5836
18.8137
19.0207
19.2234
19.4535
19.6576
19.8598
20.0886
20.2953
20.4886
20.6923
20.9228
21.1524
21.3549
21.5737
21.8056
22.0338
22.244
22.481
22.6688
22.878
23.0705
23.3009
23.5107
23.7413
23.9677
24.1815
24.3791
24.616
24.8404
25.0444
25.2738
25.4745
25.7133
25.9407
26.1427
26.384
26.6115
26.8088
27.0212
27.2389
27.4431
27.6363
27.836
28.071
28.2778
28.4895
28.7255
28.9526
29.1561
29.3552
29.5956
29.8204
30.0489
30.2774
30.4799
30.7157
30.9115
31.1432
31.3851
31.6118
31.8221
32.0142
32.2163
32.4482
32.6469
32.8846
33.114
33.32
33.5501
33.793
33.9895
34.2137
34.4573
34.6515
34.847
35.0806
35.2867
35.4729
35.6991
35.9293
36.1311
36.33
36.5663
36.7982
37.0304
37.2365
37.466
37.6673
37.8676
38.0981
38.3295
38.5305
38.7651
38.9953
39.2
39.4006
39.6336
39.8692
40.1018
40.3038
40.53
40.734
40.9714
41.2008
41.4316
41.6342
41.8679
42.0985
42.2999
42.5011
42.7017
42.9296
43.1314
43.3328
43.5335
43.7668
43.9686
44.1758
44.4031
44.6045
44.8053
45.0368
45.2727
45.5042
45.7372
45.9698
46.1735
46.3745
46.5776
46.8024
47.0068
47.237
47.4371
47.673
47.8741
48.0773
48.3047
48.5368
48.7406
48.9446
49.1789
49.3808
49.584
49.8102
50.0117
50.212
50.4128
50.6429
50.8785
51.114
51.343
51.5794
51.8126
52.0134
52.242
52.4436
52.6441
52.8473
53.0804
53.3113
53.5119
53.7448
53.9789
54.1812
54.3816
54.6112
54.8144
55.0453
55.2482
55.4829
55.7183
55.9488
56.1849
56.4137
56.6129
56.8156
57.043
57.2443
57.4504
57.6857
57.8863
58.1219
58.3271
58.5469
58.7493
58.9884
59.2151
59.4181
59.6193
59.8498
60.0506
60.2847
60.4852
60.686
60.9139
61.1172
61.3212
61.525
61.7482
61.9483
62.1494
62.3535
62.589
62.8215
63.0258
63.2592
63.4889
63.6914
63.9241
64.1338
64.3335
64.5345
64.7282
64.9644
65.1981
65.3964
65.6331
65.8654
66.0665
66.2995
66.5337
66.7321
66.9436
67.1628
67.3649
67.5977
67.8267
68.028
68.2556
68.463
68.6769
68.9127
69.135
69.3359
69.5676
69.8069
70.0141
70.2433
70.479
70.7148
70.9491
71.175
71.3788
71.5769
71.8133
72.047
72.2467
72.4497
72.6819
72.9121
73.1455
73.349
73.5746
73.8112
74.0194
74.2459
74.4519
74.6761
74.8779
75.1095
75.3461
75.5791
75.7773
76.0151
76.217
76.4215
76.6502
76.85
77.0521
77.2836
77.4854
77.7167
77.9196
78.1477
78.3457
78.5563
78.7906
79.0199
79.2563
79.4469
79.6797
79.89
80.1172
80.3169
80.5514
80.7491
80.9792
81.1838
81.3853
81.5845
81.8172
82.0524
82.2541
82.4879
82.6814
82.9232
83.1226
83.3341
83.5551
83.7889
84.0224
84.2491
84.4855
84.6836
84.8841
85.1141
85.3236
85.5229
85.7243
85.9558
86.15
86.3788
86.5846
86.8311
87.0567
87.2894
87.4886
87.7311
87.9282
88.163
88.3918
88.5906
88.7849
89.028
89.2588
89.4583
89.6553
89.8864
90.1292
90.3324
90.5612
90.7889
90.9881
91.2268
91.4474
91.66
91.8616
92.0594
92.2898
92.5039
92.7302
92.97
93.1948
93.3997
93.5961
93.8283
94.0669
94.2903
94.4927
94.7278
94.964
95.1955
95.4289
95.6221
95.8655
96.0649
96.2679
96.4989
96.7394
96.9679
97.1654
97.3682
97.5716
97.7992
97.9964
98.1997
98.3988
98.6334
98.8268
99.036
99.2633
99.4973
99.6992
99.9049
100.132
100.332
100.533
100.766
100.994
101.203
101.43
101.666
101.87
102.068
102.274
102.5
