0.202239
0.202302
0.202372
0.202424
0.202489
0.202546
0.202600
0.202657
0.202725
0.202803
0.205054
0.302279
0.473407
0.619950
0.746639
0.863254
0.939951
0.988357
1.005358
1.268123
1.680000
1.954794
2.142987
2.238630
2.296263
2.361082
2.433527
2.527078
2.654642
2.822653
2.979316
3.086559
3.134350
3.197766
3.290593
3.410813
3.560848
3.691625
3.786171
3.867642
3.940278
4.017492
4.081560
4.150070
4.242914
4.346382
4.443777
4.543395
4.581640
4.617205
4.682960
4.784443
4.904953
5.030051
5.175889
5.337038
5.540492
5.771030
5.977771
6.206251
6.408534
6.610586
6.789951
7.004356
7.223584
7.414047
7.637038
7.852246
8.032698
8.207289
8.400289
8.555974
8.698184
8.831976
9.016208
9.231012
9.460461
9.675687
9.783303
9.836467
9.856683
9.874109
9.926211
10.013388
10.152701
10.336918
10.544328
10.835078
11.133977
11.412742
11.629056
11.866919
12.028015
12.247489
12.426812
12.646139
12.850626
13.091365
13.320101
13.500885
13.677206
13.882850
14.091871
14.263296
14.440331
14.621141
14.857032
15.099539
15.306358
15.543508
15.762925
15.934662
16.085684
16.232344
16.342479
16.440662
16.510716
16.572484
16.645712
16.755166
16.929392
17.140101
17.339431
17.550393
17.813281
18.083437
18.337430
18.548933
18.698529
18.874478
19.048727
19.266624
19.479922
19.629611
19.688555
19.811643
20.012758
20.241656
20.385988
20.527592
20.683529
20.856200
21.108226
21.395036
21.639610
21.915357
22.183930
22.413506
22.643012
22.913877
23.141949
23.365025
23.606682
23.776701
23.940223
24.216211
24.545943
24.862727
25.128468
25.522330
25.994368
26.439552
26.953691
27.105558
27.229767
27.368470
27.428395
27.467059
27.517910
27.552575
27.588133
27.610970
27.613095
27.652716
27.734915
27.738734
27.772138
27.805421
27.873521
27.944479
28.029143
28.080403
28.110356
28.130936
28.178151
28.224590
28.235070
28.300870
28.329165
28.355113
28.368422
28.386942
28.394609
28.406330
28.420218
28.458428
28.486555
28.510880
28.582938
28.598853
28.637456
28.706847
28.766245
28.836330
28.877809
28.919923
28.965867
29.067404
29.145758
29.224403
29.253222
29.309096
29.330821
29.354917
29.386196
29.405060
29.444605
29.460832
29.477474
29.483691
29.490932
29.515359
29.556681
29.635204
29.691935
29.848521
29.977734
30.097097
30.170021
30.248149
30.292897
30.366713
30.454365
30.483716
30.487015
30.492024
30.496846
30.513985
30.532328
30.565012
30.575116
30.594687
30.619934
30.666425
30.691492
30.696683
30.722767
30.757404
30.816132
30.847650
30.875993
30.891266
30.919342
30.974293
31.027323
31.060299
31.097595
31.136644
31.195451
31.247817
31.286219
31.316601
31.344649
31.388025
31.434123
31.499604
31.534705
31.572108
31.596173
31.642327
31.651023
31.671304
31.676294
31.692477
31.697605
31.707723
31.734785
31.744989
31.753644
31.787782
31.838662
31.941700
32.082200
32.227518
32.456662
32.634875
32.974370
33.420294
33.727952
33.764316
33.799828
33.829649
33.845106
33.908594
33.961862
34.004932
34.034304
34.107807
34.148070
34.252489
34.299833
34.333055
34.402471
34.568871
34.876967
35.043076
35.191260
35.306707
35.362211
35.457069
35.496808
35.547818
35.600118
35.628960
35.633950
35.637163
35.646147
35.648895
35.650418
35.650489
35.650535
35.650600
35.650660
35.650723
35.650777
35.650839
35.650901
35.650970
35.651020
35.651086
35.651133
35.651201
35.651251
35.651334
35.651402
35.651460
35.651515
35.651564
35.651612
35.651669
35.651724
35.651793
35.651855
35.651909
35.651963
35.652055
35.652114
35.652179
35.652251
35.652300
35.652381
35.652429
35.652471
35.652517
35.652589
35.652631
35.652721
35.652755
35.652819
35.652867
35.652939
35.652979
35.653048
35.653117
35.653162
35.653230
35.653277
35.653342
35.653397
35.653475
35.653535
35.653585
35.653655
35.653713
35.653752
35.653826
35.653890
35.653898
35.653962
35.654043
35.654113
35.654165
35.654232
35.654292
35.654366
35.654428
35.654490
35.654502
35.654572
35.654627
35.654685
35.654767
35.654797
35.654853
35.654923
35.654973
35.655035
35.655103
35.655164
35.655216
35.655270
35.655329
35.655418
35.655464
35.655529
35.655599
35.655642
35.655698
35.655761
35.655808
35.655867
35.655908
35.655942
35.655993
35.656091
35.656158
35.656219
35.656292
35.656339
35.656405
35.656474
35.656487
35.656530
35.656623
35.656682
35.656735
35.656800
35.656861
35.656924
35.656970
35.657029
35.657080
35.657157
35.657224
35.657274
35.657334
35.657381
35.657446
35.657501
35.657557
35.657607
35.657654
35.657711
35.657765
35.657834
35.657887
35.657894
35.657948
35.658039
35.658098
35.658162
35.658235
35.658295
35.658364
35.658413
35.658478
35.658518
35.658572
35.658630
35.658696
