1.08567
1.08583
2.30184
2.83407
3.30123
3.81087
4.30514
4.80567
5.30609
5.80866
6.30511
6.8058
7.30937
7.80594
8.30593
8.84116
9.30999
9.81001
10.3094
10.8098
11.3098
11.8097
12.3103
12.8092
13.3093
13.8107
14.3131
14.8138
15.3214
15.8136
16.3131
16.8136
17.3381
17.8141
18.3136
18.814
19.3279
19.8174
20.3393
20.8178
21.3549
21.8176
22.317
22.8179
23.3182
23.8177
24.3211
24.8404
25.3217
25.822
26.3221
26.822
27.3217
27.8361
28.3213
28.822
29.3262
29.8254
30.3252
30.8261
31.3257
31.8259
32.3262
32.8254
33.3258
33.8257
34.3255
34.8298
35.3299
35.8299
36.33
36.8295
37.3295
37.8298
38.3296
38.8297
39.3336
39.8339
40.333
40.8332
41.3336
41.834
42.3328
42.8341
43.3332
43.8334
44.3375
44.8379
45.3376
45.838
46.3373
46.8374
47.3378
47.8374
48.3379
48.8417
49.3416
49.8415
50.341
50.8422
51.343
51.8418
52.3416
52.8433
53.3462
53.8457
54.3449
54.8451
55.3453
55.8461
56.3452
56.8456
57.3475
57.8492
58.3499
58.8491
59.3494
59.8498
60.3493
60.8495
61.3493
61.8495
62.3535
62.8533
63.3533
63.8542
64.3536
64.854
65.3534
65.8656
66.3535
66.8539
67.3652
67.8575
68.358
68.8576
69.357
69.8577
70.358
70.8574
71.3791
71.8614
72.3616
72.8612
73.3616
73.8615
74.3609
74.8618
75.362
75.8613
76.3616
76.8646
77.3652
77.8653
78.3654
78.8656
79.3652
79.8903
80.3655
80.866
81.3857
81.8686
82.37
82.8695
83.3698
83.8693
84.3703
84.8842
85.3692
85.8692
86.379
86.8738
87.374
87.8737
88.3922
88.8739
89.3738
89.8869
90.3738
90.8734
91.3743
91.8818
92.3778
92.8775
93.3999
93.8777
94.3774
94.8775
95.3773
95.8778
96.3783
96.8812
97.3813
97.8822
98.399
98.8815
99.3819
99.905
100.381
100.882
101.382
101.885
102.386
