0.000000
0.000000
0.000000
41.557999
41.731998
41.757000
42.035000
42.051998
43.606998
49.174000
50.764000
51.137001
67.413002
73.459999
76.688004
86.167000
88.550003
92.682999
93.917000
96.476997
109.192001
124.927002
147.139999
153.798996
158.537994
158.912994
165.076996
172.513000
185.819000
190.850998
195.679993
200.003998
206.828003
216.477997
229.438995
250.893997
260.587006
265.575012
266.803986
266.850006
267.433014
275.105988
283.023987
286.506012
292.217987
296.601013
303.290009
308.144012
308.792999
310.716003
312.476013
314.837006
317.878998
322.654999
322.726013
322.735992
322.735992
322.735992
322.737000
322.737000
322.973999
326.617004
326.730011
326.799011
326.816010
326.967010
326.971985
326.997986
327.000000
327.000000
327.000000
327.000000
327.006989
327.154999
327.157990
327.157990
327.157990
327.157990
327.157990
327.157990
327.157990
327.157990
327.157990
327.157990
327.157990
327.157990
327.157990
327.157990
327.157990
327.157990
327.157990
327.157990
327.157990
327.157990
327.157990
327.157990
327.157990
327.157990
327.157990
327.157990
327.157990
327.157990
327.157990
327.157990
327.157990
327.157990
327.157990
327.157990
327.157990
327.157990
327.157990
327.157990
327.157990
327.157990
327.157990
327.157990
327.157990
327.157990
327.157990
327.157990
327.157990
327.157990
327.157990
327.157990
327.157990
327.157990
327.390015
327.984009
328.201996
328.204987
328.204987
328.205994
328.209015
328.209015
328.209015
328.223999
328.226990
328.294006
328.294006
328.294006
328.294006
328.294006
328.294006
328.294006
328.294006
328.294006
328.294006
328.294006
328.294006
328.294006
328.294006
328.294006
328.294006
328.294006
328.294006
328.294006
328.294006
328.294006
328.294006
328.294006
328.294006
328.294006
328.294006
328.294006
328.294006
328.294006
328.294006
328.294006
328.294006
328.294006
328.294006
328.294006
328.294006
328.294006
328.294006
328.294006
328.294006
328.294006
328.294006
328.294006
328.294006
328.294006
328.294006
328.294006
328.294006
328.294006
328.294006
328.294006
328.294006
328.294006
328.294006
328.294006
328.294006
328.294006
328.294006
328.294006
328.294006
328.294006
328.294006
328.294006
328.294006
328.294006
328.294006
