1.10494
1.10517
2.32587
2.87969
3.3316
3.83163
4.33338
4.83419
5.33454
5.83542
6.33465
6.83499
7.33631
7.83623
8.33677
8.83693
9.33697
9.83719
10.3449
10.8385
11.3398
11.8394
12.3555
12.84
13.3402
13.8406
14.3408
14.8419
15.3422
15.8429
16.3433
16.8433
17.3442
17.8431
18.344
18.8449
19.3523
19.8458
20.346
20.8493
21.3474
21.8472
22.348
22.8504
23.3492
23.8488
24.3495
24.8488
25.3493
25.851
26.3501
26.851
27.3514
27.8529
28.3526
28.8532
29.3713
29.8536
30.353
30.8691
31.3552
31.8557
32.3561
32.8552
33.3554
33.8562
34.3578
34.8566
35.3574
35.9023
36.3581
36.8588
37.3588
37.8597
38.3598
38.8597
39.3625
39.8616
40.3628
40.8764
41.3627
41.8632
42.3633
42.8639
43.3636
43.8639
44.3641
44.8648
45.3657
45.8654
46.3661
46.8665
47.3669
47.8676
48.3681
48.8685
49.3675
49.9039
50.3697
50.8696
51.3827
51.8698
52.3707
52.8709
53.3715
53.8714
54.4059
54.8732
55.3734
55.8727
56.374
56.8739
57.3746
57.875
58.3758
58.8762
59.3742
59.8728
60.3925
60.8751
61.376
61.8838
62.3775
62.8787
63.3781
63.8788
64.3799
64.8803
65.3874
65.8815
66.3806
66.8811
67.3816
67.8829
68.3842
68.8831
69.3816
69.8899
70.3832
70.8843
71.4053
71.8846
72.3855
72.8856
73.3909
73.8869
74.3874
74.8874
75.3865
75.8874
76.3883
76.9132
77.389
77.8897
78.389
78.9075
79.3906
79.8904
80.4083
80.8908
81.422
81.8918
82.3923
82.9189
83.3936
83.8937
84.414
84.8948
85.3952
85.8958
86.397
86.8962
87.3966
87.8958
88.3961
88.9168
89.3971
89.8969
90.3975
90.8995
91.4249
91.8999
92.4008
92.9006
93.4036
93.9014
94.4013
94.9254
95.4023
95.9023
96.4026
96.902
97.4035
97.9297
98.4032
98.9057
99.4054
99.9382
100.409
100.906
101.406
101.947
102.407
102.906
103.433
103.907
104.408
104.908
105.432
105.909
106.41
106.932
107.411
107.911
108.411
108.911
109.412
109.913
110.434
110.913
111.413
111.913
112.413
112.914
113.416
113.916
114.416
114.915
115.415
115.916
116.417
116.917
117.419
117.919
118.418
118.936
119.417
119.919
120.419
120.921
121.42
121.921
122.421
122.921
123.422
123.922
124.423
124.922
125.422
125.924
126.424
126.924
127.423
127.925
128.425
128.925
129.427
129.927
130.428
130.927
131.427
131.928
132.428
132.928
133.429
133.928
134.43
134.93
135.431
135.932
136.432
136.932
137.432
137.932
138.433
138.934
139.433
139.935
140.437
140.935
141.435
141.947
142.435
142.936
143.438
143.935
144.437
144.936
145.437
145.937
146.438
146.939
147.44
147.939
148.439
148.939
149.44
149.94
150.455
150.942
151.442
151.94
152.441
152.942
153.466
153.942
154.443
154.944
155.445
155.945
156.446
156.946
157.446
157.946
158.447
158.946
159.447
159.948
160.469
160.948
161.448
161.949
162.461
162.95
163.449
163.949
164.45
164.95
165.472
165.952
166.452
166.953
167.454
167.953
168.454
168.953
169.455
169.954
170.455
170.954
171.455
171.955
172.454
172.955
173.456
173.956
174.457
174.957
175.458
175.958
176.458
176.959
177.458
177.959
178.46
178.96
179.461
179.961
180.461
180.962
181.472
181.961
182.461
182.963
183.463
183.964
184.463
184.965
185.465
185.966
186.466
186.965
187.464
187.965
188.467
188.987
189.467
189.967
190.467
190.965
191.467
191.968
192.483
192.968
193.469
193.97
194.47
194.97
195.472
195.972
196.472
196.972
197.472
197.973
198.473
198.973
199.481
199.974
200.473
200.975
201.474
201.975
202.475
202.975
203.476
203.975
204.476
204.977
205.5
205.977
206.477
206.978
207.502
207.979
208.48
209.001
209.481
209.981
210.482
210.982
211.483
211.983
212.483
212.983
213.483
214.011
214.483
214.985
215.484
215.984
216.483
216.985
217.485
217.986
218.487
218.986
219.487
220.009
220.487
220.988
221.489
221.99
222.489
222.99
223.491
223.99
224.489
224.99
225.491
225.991
226.49
226.991
227.491
227.991
228.492
228.994
229.494
229.994
230.495
230.995
231.496
231.994
232.495
232.996
233.497
233.997
234.497
234.999
235.498
236.027
236.499
236.998
237.499
237.999
238.499
239
239.498
240.001
240.5
241.001
241.502
242.003
242.514
243.002
243.503
244.004
244.536
245.008
245.505
246.024
246.506
247.006
247.506
248.007
248.507
249.014
249.503
250.005
250.505
251.006
251.508
252.024
252.508
253.009
253.509
254.01
254.51
255.01
255.511
256.012
256.511
257.011
257.512
258.013
258.514
259.035
259.513
260.014
260.526
261.014
261.515
262.029
262.515
263.015
263.516
264.016
264.515
265.016
265.517
266.018
266.519
267.022
267.518
268.043
268.52
269.02
269.521
270.021
270.519
271.019
271.52
272.02
272.531
273.023
273.523
274.026
274.523
275.023
275.525
276.026
276.523
277.024
277.525
278.025
278.526
279.027
279.527
280.028
280.567
281.029
281.528
282.06
282.528
283.029
283.557
284.03
284.53
285.054
285.531
286.03
286.531
287.031
287.532
288.045
288.532
289.031
289.534
290.044
290.534
291.034
291.534
292.034
292.534
293.036
293.536
294.037
294.538
295.038
295.538
296.038
296.539
297.039
297.549
298.039
298.54
299.04
299.539
300.04
300.54
301.048
301.542
302.04
302.541
303.043
303.562
304.043
304.544
305.044
305.545
306.044
306.544
307.045
307.587
308.045
308.545
309.046
309.547
310.047
310.547
311.047
311.547
312.048
312.549
313.049
313.548
314.049
314.55
315.05
315.575
316.051
316.557
317.058
317.55
318.049
318.564
319.051
319.578
320.053
320.554
321.097
321.554
322.055
322.555
323.055
323.556
324.056
324.584
325.056
325.557
326.058
326.558
327.058
327.559
328.058
328.56
329.059
329.56
330.06
330.561
331.062
331.57
332.061
332.561
333.074
333.562
334.063
334.583
335.063
335.563
336.082
336.564
337.063
337.573
338.065
338.566
339.066
339.567
340.067
340.568
341.068
341.567
342.068
342.568
343.068
343.568
344.069
344.57
345.07
345.569
346.1
346.57
347.072
347.603
348.072
348.573
349.116
349.575
350.073
350.574
351.074
351.574
352.074
352.575
353.075
353.576
354.085
354.576
355.075
355.606
356.075
356.578
357.08
357.577
358.078
358.578
359.081
359.577
360.079
360.579
361.081
361.581
362.081
362.58
363.079
363.581
364.082
364.581
365.082
365.583
366.084
366.584
367.083
367.585
368.085
368.585
369.085
369.586
370.086
370.598
371.086
371.586
372.087
372.588
373.088
373.606
374.089
374.588
375.09
375.591
376.09
376.618
377.09
377.59
378.091
378.592
379.092
379.593
380.113
380.592
381.093
381.594
382.095
382.593
383.094
383.595
384.095
384.595
385.099
385.597
386.097
386.597
387.097
387.598
388.098
388.598
389.098
389.598
390.099
390.598
391.099
391.6
392.101
392.601
393.102
393.601
394.101
394.602
395.102
395.601
396.103
396.604
397.103
397.604
398.104
398.605
399.105
399.606
400.128
400.607
401.107
401.606
402.107
402.607
403.108
403.608
404.109
404.608
405.11
405.61
406.11
406.611
407.111
407.611
408.111
408.613
409.119
409.613
410.112
410.62
411.114
411.614
412.112
412.612
413.114
413.624
414.115
414.615
415.116
415.614
416.115
416.617
417.117
417.616
418.117
418.626
419.119
419.618
420.132
420.62
421.121
421.629
422.12
422.62
423.121
423.621
424.122
424.622
425.122
425.622
426.122
426.623
427.123
427.634
428.125
428.649
429.125
429.625
430.125
430.63
431.126
431.627
432.181
432.633
433.128
433.627
434.146
434.629
435.129
435.629
436.129
436.629
437.129
437.636
438.13
438.631
439.13
439.656
440.133
440.631
441.149
441.633
442.133
442.633
443.134
443.633
444.152
444.635
445.135
445.636
446.136
446.636
447.137
447.637
448.137
448.662
449.138
449.639
450.138
450.649
451.139
451.639
452.151
452.642
453.14
453.64
454.142
454.641
455.158
455.643
456.142
456.656
457.143
457.643
458.167
458.645
459.145
459.669
460.145
460.647
461.168
461.647
462.147
462.648
463.148
463.649
464.168
464.649
465.149
465.65
466.149
466.65
467.149
467.657
468.15
468.65
469.164
469.65
470.151
470.674
471.152
471.652
472.195
472.653
473.154
473.663
474.154
474.653
475.156
475.655
476.156
476.656
477.155
477.674
478.157
478.657
479.157
479.658
480.158
480.659
481.16
481.664
482.161
482.659
483.161
483.659
484.16
484.659
485.16
485.662
486.162
486.673
487.163
487.664
488.164
488.663
489.165
489.664
490.164
490.665
491.167
491.666
492.168
492.665
493.167
493.67
494.168
494.667
495.168
495.668
496.168
496.67
497.168
497.669
498.17
498.671
499.172
499.672
500.172
500.671
501.172
501.672
502.171
502.679
503.173
503.673
504.174
504.675
505.175
505.673
506.174
506.676
507.176
507.676
508.177
508.676
509.177
509.677
510.177
510.677
511.177
511.704
512.178
512.679
513.18
513.68
514.179
514.687
515.181
515.68
516.182
516.683
517.182
517.682
518.183
518.683
519.182
519.683
520.184
520.684
521.184
521.699
522.185
522.687
523.187
523.687
524.188
524.688
525.188
525.686
526.186
526.687
527.188
527.688
528.189
528.688
529.189
529.69
530.19
530.691
531.221
531.692
532.192
532.693
533.206
533.694
534.193
534.693
535.191
535.694
536.193
536.694
537.194
537.695
538.195
538.713
539.197
539.696
540.197
540.698
541.199
541.698
542.199
542.698
543.198
543.702
544.2
544.7
545.2
545.699
546.201
546.701
547.203
547.702
548.211
548.703
549.203
549.723
550.203
550.704
551.221
551.705
552.204
552.716
553.206
553.707
554.226
554.708
555.207
555.709
556.208
556.708
557.209
557.708
558.209
558.709
559.209
559.746
560.212
560.712
561.228
561.712
562.21
562.711
563.213
563.713
564.214
564.714
565.214
565.729
566.215
566.715
567.216
567.715
568.214
568.725
569.216
569.716
570.25
570.718
571.217
571.745
572.217
572.718
573.225
573.718
574.218
574.719
575.22
575.72
576.22
576.72
577.25
577.723
578.222
578.723
579.222
579.723
580.223
580.723
581.223
581.725
582.224
582.725
583.224
583.748
584.226
584.726
585.24
585.726
586.227
586.749
587.228
587.728
588.255
588.729
589.228
589.748
590.229
590.729
591.243
591.73
592.23
592.731
593.231
593.776
594.233
594.733
595.234
595.734
596.235
596.749
597.25
597.75
598.25
598.738
599.235
599.735
600.248
