2.87823
3.10703
3.31286
3.53219
3.73692
3.95188
4.1624
4.36531
4.59536
4.79337
5.04048
5.24058
5.47622
5.68357
5.88926
6.12511
6.34783
6.57495
6.80747
7.0231
7.25904
7.48876
7.68129
7.88183
8.08434
8.3234
8.54176
8.74791
8.97886
9.18468
9.3791
9.61415
9.81578
10.0504
10.2563
10.4821
10.6845
10.8925
11.1175
11.3202
11.5279
11.7319
11.9571
12.1853
12.3834
12.5843
12.7761
13.0172
13.2186
13.4402
13.6682
13.8845
14.105
14.3461
14.5788
14.7744
15.0108
15.2473
15.4428
15.6772
15.8789
16.1057
16.3039
16.537
16.741
16.9473
17.1787
17.3855
17.6124
17.8151
18.0385
18.2735
18.4735
18.6736
18.8983
19.101
19.3029
19.5121
19.7521
19.9854
20.1891
20.3826
20.621
20.8477
21.0591
21.2888
21.5203
21.7153
21.954
22.2009
22.3977
22.6032
22.8261
23.0624
23.2635
23.4984
23.7271
23.9656
24.1672
24.402
24.5989
24.8008
24.991
25.23
25.4401
25.6543
25.8703
26.0842
26.2866
26.4822
26.712
26.9205
27.1381
27.3671
27.602
27.837
28.0615
28.2906
28.4978
28.7214
28.9258
29.1557
29.3597
29.5639
29.8066
30.0143
30.2534
30.4469
30.6889
30.885
31.0841
31.2933
31.5183
31.7555
31.98
32.1741
32.4063
32.6075
32.8327
33.0662
33.2618
33.4739
33.6755
33.9352
34.1463
34.3458
34.5917
34.8176
35.0578
35.286
35.521
35.7217
35.9187
36.16
36.3919
36.5881
36.8012
37.0296
37.2262
37.4603
37.6576
37.8954
38.0895
38.3223
38.5487
38.7438
38.9469
39.1512
39.386
39.6169
39.8159
40.0149
40.2507
40.4468
40.6868
40.8811
41.0846
41.3217
41.5216
41.758
41.9538
42.1577
42.3669
42.5904
42.7963
43.0313
43.2157
43.4471
43.648
43.8505
44.0765
44.3086
44.5099
44.712
44.9449
45.1493
45.3893
45.5887
45.7936
45.9956
46.2235
46.4262
46.6246
46.8608
47.064
47.2924
47.5273
47.7694
47.9913
48.228
48.4291
48.6343
48.8618
49.0562
49.2516
49.4809
49.7238
49.9174
50.1138
50.3163
50.5184
50.7534
50.9828
51.2154
51.4404
51.652
51.8762
52.0785
52.3017
52.5027
52.7338
52.9373
53.1736
53.4038
53.6159
53.8473
54.0417
54.2835
54.4799
54.7195
54.9571
55.1912
55.4185
55.6209
55.8498
56.0861
56.2861
56.4845
56.7101
56.9101
57.1101
57.3476
57.5467
57.7465
57.9484
58.1928
58.4244
58.6457
58.8551
59.0983
59.327
59.5231
59.7319
59.9627
60.1676
60.3827
60.61
60.8059
61.0485
61.2725
61.5056
61.7065
61.9144
62.1524
62.3489
62.5481
62.7734
62.9719
63.1768
63.4247
63.6632
63.8609
64.0539
64.2887
64.518
64.7254
64.9683
65.1656
65.4006
65.6004
65.8343
66.0677
66.3017
66.5357
66.7359
66.9669
67.1987
67.4085
67.6418
67.8331
68.0663
68.3021
68.5317
68.7366
68.9718
69.1701
69.3796
69.5872
69.826
70.0282
70.2234
70.4516
70.6436
70.8392
71.0411
71.276
71.4697
71.7091
71.9418
72.1751
72.3757
72.5797
72.81
73.0066
73.2386
73.4773
73.7089
73.918
74.1505
74.3567
74.5879
74.7895
75.0224
75.2593
75.4848
75.7218
75.9564
76.1606
76.3624
76.5866
76.8017
77.0286
77.239
77.4403
77.6733
77.8685
78.0979
78.3033
78.5064
78.7383
78.9398
79.1762
79.3793
79.6106
79.8419
80.0451
80.2863
80.509
80.7437
80.9776
81.1753
81.3821
81.5802
81.8111
82.0263
82.2381
82.4334
82.6394
82.8741
83.0798
83.2759
83.511
83.7111
83.921
84.124
84.3466
84.5364
84.7475
84.9737
85.2008
85.3953
85.6275
85.8534
86.0564
86.2832
86.4912
86.7242
86.9504
87.1554
87.3856
87.6253
87.8539
88.0578
88.2948
88.493
88.7395
88.9605
89.2036
89.4014
89.6017
89.8367
90.0373
90.2659
90.4746
90.6752
90.8972
91.1343
91.3631
91.5989
91.839
92.0409
92.2687
92.4769
92.6749
92.8987
93.1047
93.2998
93.4955
93.7281
93.931
94.1664
94.3745
94.6188
94.8515
95.0511
95.2744
95.4715
95.663
95.8967
96.1328
96.3336
96.5738
96.7689
96.9914
97.2087
97.4107
97.6191
97.8557
98.0651
98.2986
98.5307
98.7683
98.9619
99.1956
99.3923
99.6312
99.8278
100.031
100.271
100.479
100.679
100.918
101.151
101.369
101.603
101.806
102.046
102.272
102.509
102.712
102.921
103.159
103.354
103.559
103.789
103.995
104.222
104.458
104.671
104.892
105.122
105.356
105.58
105.785
106.024
106.242
106.457
106.659
106.886
107.125
107.325
107.529
107.755
107.967
108.194
108.399
108.635
108.873
109.075
109.307
109.509
109.742
109.942
110.14
110.373
110.571
110.821
111.018
111.245
111.481
111.708
111.908
112.147
112.381
112.574
112.773
112.981
113.19
113.407
113.641
113.838
114.063
114.27
114.506
114.74
114.964
115.175
115.375
115.575
115.772
116.01
116.245
116.475
116.718
116.915
117.139
117.378
117.583
117.807
118.013
118.215
118.414
118.656
118.881
119.121
119.353
119.551
119.76
119.979
120.175
120.378
120.585
120.807
121.015
121.214
121.449
121.653
121.854
122.062
122.265
122.489
122.69
122.922
123.153
123.357
123.557
123.757
123.995
124.224
124.455
124.688
124.902
125.127
125.333
125.562
125.794
125.987
126.192
126.426
126.656
126.89
127.126
127.331
127.57
127.808
128.009
128.238
128.467
128.703
128.924
129.125
129.361
129.576
129.813
130.021
130.242
130.455
130.696
130.913
131.108
131.345
131.584
131.781
131.984
132.213
132.44
132.676
132.882
133.109
133.338
133.556
133.76
133.975
134.164
134.372
134.6
134.831
135.031
135.24
135.438
135.645
135.88
136.093
136.315
136.529
136.726
136.966
137.183
137.415
137.632
137.857
138.052
138.257
138.488
138.688
138.891
139.091
139.292
139.515
139.751
139.977
140.211
140.45
140.678
140.875
141.103
141.312
141.542
141.743
141.981
142.207
142.422
142.615
142.847
143.081
143.277
143.503
143.71
143.941
144.139
144.344
144.582
144.784
145.013
145.221
145.458
145.667
145.9
146.145
146.345
146.551
146.781
147.001
147.205
147.43
147.634
147.869
148.064
148.298
148.529
148.736
148.966
149.169
149.394
149.589
149.817
150.027
150.253
150.464
150.669
150.899
151.141
151.349
151.577
151.777
151.982
152.212
152.414
152.642
152.849
153.051
153.245
153.483
153.682
153.878
154.127
154.337
154.538
154.765
155.001
155.21
155.442
155.676
155.91
156.124
156.341
156.54
156.746
156.974
157.172
157.422
157.642
157.874
158.077
158.307
158.529
158.737
158.948
159.174
159.373
159.61
159.844
160.079
160.306
160.517
160.742
160.941
161.169
161.371
161.611
161.84
162.039
162.285
162.514
162.742
162.953
163.201
163.399
163.634
163.862
164.095
164.301
164.532
164.726
164.954
165.15
165.356
165.582
165.817
166.042
166.285
166.501
166.723
166.923
167.136
167.362
167.559
167.79
168.002
168.226
168.431
168.629
168.84
169.071
169.268
169.49
169.727
169.924
170.126
170.33
170.57
170.771
171.012
171.24
171.472
171.675
171.91
172.137
172.345
172.544
172.739
172.976
173.173
173.373
173.604
173.808
174.032
174.266
174.47
174.667
174.877
175.105
175.309
175.538
175.739
175.966
176.172
176.407
176.634
176.867
177.066
177.267
177.496
177.704
177.903
178.101
178.34
178.537
178.751
178.983
179.201
179.426
179.624
179.864
180.102
180.296
180.499
180.706
180.938
181.14
181.373
181.605
181.842
182.045
182.231
182.434
182.633
182.87
183.095
183.301
183.503
183.723
183.927
184.162
184.364
184.606
184.801
185.038
185.236
185.438
185.664
185.879
186.098
186.302
186.525
186.723
186.92
187.126
187.358
187.56
187.765
187.992
188.236
188.479
188.723
188.957
189.135
189.367
189.57
189.806
190.008
190.244
190.46
190.654
190.878
191.086
191.306
191.51
191.749
191.947
192.183
192.405
192.639
192.841
193.041
193.266
193.475
193.703
193.904
194.144
194.38
194.584
194.801
195.014
195.244
195.443
195.682
195.877
196.082
196.311
196.565
196.778
196.978
197.172
197.398
197.598
197.83
198.032
198.261
198.461
198.67
198.898
199.132
199.366
199.589
199.825
200.025
200.271
200.496
200.696
200.946
201.178
201.38
201.579
201.783
201.999
202.198
202.429
202.629
202.867
203.068
203.296
203.503
203.736
203.944
204.136
204.371
204.602
204.805
205.017
205.25
205.479
205.688
205.92
206.12
206.321
206.542
206.774
206.969
207.18
207.403
207.607
207.837
208.073
208.269
208.468
208.676
208.9
209.1
209.302
209.543
209.777
210.004
210.201
210.44
210.642
210.839
211.038
211.279
211.482
211.702
211.909
212.138
212.336
212.55
212.778
212.983
213.214
213.421
213.658
213.857
214.089
214.327
214.573
214.793
214.992
215.225
215.422
215.613
215.853
216.086
216.317
216.558
216.789
216.987
217.21
217.415
217.647
217.858
218.095
218.29
218.496
218.723
218.925
219.149
219.36
219.589
219.792
220.007
220.239
220.437
220.642
220.842
221.076
221.301
221.541
221.775
221.976
222.173
222.384
222.607
222.812
223.037
223.241
223.473
223.674
223.915
224.145
224.375
224.61
224.847
225.048
225.281
225.49
225.726
225.927
226.169
226.39
226.625
226.824
227.064
227.302
227.492
227.742
227.968
228.156
228.389
228.588
228.818
229.025
229.231
229.439
229.662
229.863
230.096
230.33
230.517
230.715
230.925
231.156
231.363
231.572
231.806
232.031
232.235
232.469
232.688
232.889
233.093
233.333
233.56
233.746
233.958
234.19
234.419
234.62
234.862
235.093
235.302
235.5
235.729
235.932
236.168
236.419
236.647
236.879
237.11
237.324
237.518
237.716
237.916
238.145
238.38
238.61
238.809
239.015
239.228
239.424
239.665
239.903
240.148
240.348
240.583
240.772
240.974
241.185
241.421
241.615
241.842
242.075
242.27
242.472
242.7
242.925
243.128
243.36
243.591
243.8
244.027
244.221
244.411
244.61
244.844
245.047
245.276
245.482
245.722
245.935
246.169
246.402
246.599
246.82
247.061
247.277
247.503
247.695
247.888
248.122
248.315
248.518
248.715
248.947
249.18
249.379
249.612
249.812
250.039
250.246
250.448
250.644
250.852
251.09
251.291
251.519
251.76
251.96
252.161
252.355
252.554
252.787
252.985
253.184
253.412
253.65
253.89
254.096
254.32
254.514
254.752
254.987
255.219
255.421
255.658
255.89
256.09
256.325
256.529
256.761
256.952
257.15
257.392
257.585
257.794
257.998
258.227
258.468
258.665
258.889
259.132
259.344
259.55
259.799
260.027
260.268
260.477
260.703
260.904
261.126
261.33
261.567
261.794
261.992
262.228
262.459
262.662
262.894
263.123
263.329
263.558
263.762
263.986
264.195
264.431
264.627
264.866
265.095
265.332
265.556
265.797
266.026
266.226
266.442
266.676
266.875
267.083
267.309
267.511
267.723
267.958
268.187
268.387
268.615
268.853
269.044
269.24
269.482
269.709
269.948
270.144
270.349
270.58
270.773
270.974
271.18
271.409
271.604
271.812
272.01
272.241
272.45
272.687
272.913
273.113
273.313
273.543
273.772
273.98
274.215
274.449
274.654
274.875
275.083
275.284
275.487
275.698
275.929
276.157
276.396
276.623
276.827
277.029
277.225
277.465
277.662
277.897
278.095
278.328
278.564
278.774
278.998
279.205
279.415
279.609
279.824
280.064
280.262
280.467
280.698
280.909
281.126
281.331
281.536
281.759
281.969
282.192
282.394
282.595
282.816
283.051
283.248
283.491
283.694
283.894
284.119
284.328
284.556
284.762
284.962
285.212
285.434
285.671
285.876
286.1
286.305
286.541
286.768
286.967
287.167
287.375
287.605
287.808
288.016
288.25
288.479
288.689
288.917
289.13
289.366
289.601
289.832
290.056
290.261
290.495
290.722
290.923
291.161
291.356
291.559
291.79
291.986
292.196
292.393
292.594
292.8
293.034
293.235
293.434
293.638
293.845
294.079
294.314
294.542
294.781
295.015
295.239
295.448
295.647
295.882
296.095
296.32
296.518
296.757
296.984
297.185
297.387
297.596
297.816
298.012
298.221
298.452
298.683
298.885
299.121
299.359
299.593
299.797
300.034
300.233
300.43
300.658
300.897
301.121
301.329
301.555
301.756
301.963
302.196
302.433
302.659
302.866
303.066
303.303
303.503
303.737
303.961
304.184
304.388
304.614
304.815
305.02
305.246
305.48
305.715
305.927
306.148
306.38
306.614
306.84
307.043
307.249
307.465
307.664
307.866
308.106
308.333
308.538
308.744
308.972
309.204
309.398
309.634
309.863
310.096
310.301
310.534
310.733
310.93
311.162
311.371
311.591
311.83
312.066
312.292
312.496
312.698
312.933
313.162
313.391
313.598
313.836
314.059
314.306
314.532
314.763
315
315.235
315.46
315.663
315.912
316.145
316.373
316.583
316.806
317.019
317.213
317.451
317.677
317.876
318.078
318.307
318.536
318.731
318.965
319.195
319.434
319.66
319.868
320.07
320.272
320.512
320.734
320.939
321.138
321.342
321.593
321.835
322.06
322.269
322.494
322.716
322.915
323.146
323.346
323.576
323.788
324.012
324.213
324.42
324.649
324.883
325.117
325.335
325.561
325.794
326.019
326.226
326.429
326.659
326.892
327.135
327.334
327.567
327.779
327.999
328.199
328.44
328.672
328.852
329.061
329.261
329.479
329.72
329.933
330.165
330.361
330.568
330.759
330.997
331.205
331.43
331.663
331.862
332.068
332.293
332.493
332.735
332.961
333.161
333.364
333.571
333.77
333.999
334.207
334.433
334.635
334.832
335.06
335.296
335.499
335.731
335.941
336.178
336.42
336.652
336.889
337.088
337.294
337.527
337.722
337.949
338.156
338.396
338.632
338.816
339.044
339.249
339.485
339.738
339.954
340.154
340.389
340.62
340.855
341.087
341.291
341.51
341.743
341.977
342.209
342.441
342.676
342.875
343.1
343.295
343.53
343.733
343.933
344.17
344.401
344.604
344.84
345.066
345.297
345.501
345.736
345.935
346.167
346.395
346.596
346.837
347.072
347.296
347.538
347.765
347.967
348.165
348.363
348.595
348.816
349.021
349.218
349.457
349.665
349.869
350.106
350.312
350.529
350.738
350.989
351.233
351.463
351.675
351.881
352.119
352.322
352.557
352.747
352.971
353.177
353.385
353.608
353.813
354.012
354.211
354.441
354.67
354.87
355.078
355.321
355.52
355.727
355.947
356.15
356.386
356.626
356.858
357.09
357.333
357.532
357.755
357.955
358.158
358.397
358.629
358.855
359.059
359.286
359.506
359.73
359.931
360.142
360.368
360.568
360.783
361.008
361.211
361.414
361.646
361.878
362.076
362.307
362.537
362.739
362.936
363.153
363.383
363.58
363.789
363.982
364.216
364.444
364.688
364.908
365.139
365.364
365.564
365.767
365.963
366.201
366.432
366.662
366.895
367.128
367.36
367.559
367.758
367.997
368.226
368.426
368.63
368.868
369.103
369.292
369.493
369.709
369.914
370.131
370.331
370.55
370.749
370.99
371.182
371.397
371.629
371.83
372.065
372.277
372.489
372.711
372.937
373.163
373.378
373.595
373.806
374.004
374.241
374.452
374.656
374.882
375.098
375.32
375.539
375.753
375.958
376.157
376.382
376.616
376.819
377.02
377.234
377.451
377.653
377.868
378.067
378.298
378.502
378.717
378.921
379.134
379.36
379.576
379.786
379.989
380.191
380.426
380.642
380.867
381.062
381.26
381.474
381.689
381.917
382.14
382.369
382.572
382.777
382.993
383.224
383.424
383.639
383.864
384.081
384.294
384.532
384.737
384.96
385.174
385.381
385.617
385.82
386.044
386.274
386.485
386.705
386.912
387.118
387.321
387.548
387.771
388.005
388.203
388.432
388.65
388.86
389.069
389.285
389.489
389.714
389.917
390.12
390.338
390.542
390.75
390.947
391.151
391.36
391.596
391.827
392.061
392.25
392.469
392.678
392.895
393.102
393.313
393.52
393.751
393.969
394.175
394.415
394.615
394.849
395.05
395.246
395.473
395.702
395.924
396.162
396.395
396.601
396.824
397.028
397.242
397.452
397.663
397.873
398.079
398.284
398.485
398.685
398.914
399.111
399.323
399.523
399.739
399.968
400.182
400.406
400.636
400.837
401.049
401.275
401.474
401.707
401.944
402.167
402.371
402.585
402.81
403.014
403.234
403.463
403.67
403.879
404.082
404.295
404.496
404.692
404.875
405.074
405.299
405.514
405.721
405.947
406.174
406.434
406.649
406.866
407.072
407.277
407.496
407.696
407.909
408.107
408.329
408.552
408.758
408.986
409.181
409.401
409.614
409.814
410.02
410.251
410.453
410.659
410.875
411.084
411.291
411.505
411.723
411.934
412.152
412.375
412.583
412.807
413.032
413.234
413.442
413.669
413.879
414.104
414.306
414.522
414.731
414.937
415.161
415.388
415.603
415.814
416.028
416.237
416.456
416.678
416.881
417.108
417.333
417.545
417.778
417.997
418.211
418.467
418.687
418.903
419.14
419.34
419.545
419.777
419.995
420.219
420.439
420.667
420.892
421.104
421.31
421.541
421.741
421.968
422.174
422.38
422.597
422.824
423.027
423.249
423.456
423.675
423.887
424.119
424.357
424.564
424.774
424.991
425.215
425.453
425.676
425.909
426.133
426.334
426.556
426.787
427.004
427.238
427.44
427.646
427.855
428.082
428.284
428.512
428.719
428.952
429.165
429.374
429.583
429.783
430.016
430.224
430.447
430.658
430.86
431.072
431.272
431.488
431.703
431.918
432.133
432.352
432.552
432.75
432.981
433.196
433.425
433.63
433.849
434.071
434.297
434.513
434.739
434.955
435.159
435.383
435.599
435.828
436.05
436.279
436.492
436.713
436.92
437.132
437.333
437.554
437.777
437.996
438.214
438.42
438.644
438.847
439.072
439.297
439.501
439.727
439.953
440.168
440.36
440.573
440.772
440.991
441.228
441.45
441.676
441.879
442.08
442.284
442.491
442.721
442.95
443.178
443.39
443.596
443.803
444.013
444.222
444.43
444.643
444.865
445.1
445.303
445.513
445.729
445.938
446.154
446.388
446.609
446.815
447.03
447.246
447.463
447.684
447.909
448.112
448.322
448.521
448.723
448.955
449.155
449.368
449.591
449.815
450.05
450.274
450.499
450.734
450.965
451.175
451.403
451.605
451.824
452.056
452.289
452.503
452.735
452.96
453.199
453.41
453.617
453.848
454.048
454.261
454.485
454.69
454.912
455.13
455.365
455.6
455.826
456.033
456.235
456.438
456.646
456.874
457.084
457.292
457.499
457.713
457.919
458.156
458.398
458.587
458.8
458.995
459.198
459.421
459.642
459.868
460.099
460.304
460.549
460.768
461.011
461.24
461.436
461.661
461.884
462.11
462.338
462.551
462.758
462.977
463.177
463.386
463.603
463.842
464.064
464.271
464.496
464.715
464.926
465.142
465.359
465.564
465.803
466.007
466.235
466.441
466.644
466.844
467.043
467.252
467.471
467.675
467.882
468.112
468.339
468.559
468.769
469
469.23
469.443
469.666
469.871
470.089
470.313
470.551
470.762
470.975
471.202
471.405
471.624
471.848
472.055
472.26
472.496
472.714
472.915
473.12
473.351
473.568
473.796
474.027
474.254
474.455
474.661
474.898
475.122
475.353
475.561
475.792
476.018
476.225
476.431
476.636
476.839
477.054
477.254
477.468
477.668
477.9
478.134
478.359
478.587
478.799
479.013
479.231
479.429
479.631
479.854
480.064
480.263
480.494
480.698
480.907
481.139
481.35
481.563
481.789
481.998
482.2
482.417
482.65
482.859
483.077
483.303
483.53
483.761
483.965
484.181
484.394
484.626
484.844
485.045
485.253
485.457
485.681
485.895
486.096
486.329
486.561
486.788
486.999
487.214
487.424
487.644
487.873
488.102
488.324
488.54
488.764
488.985
489.22
489.437
489.657
489.869
490.088
490.303
490.545
490.75
490.983
491.202
491.415
491.643
491.85
492.081
492.283
492.501
492.703
492.928
493.139
493.369
493.587
493.788
494.009
494.214
494.42
494.652
494.863
495.092
495.282
495.512
495.736
495.976
496.203
496.416
496.644
496.848
497.055
497.269
497.482
497.714
497.948
498.165
498.365
498.574
498.782
498.998
499.212
499.413
499.644
499.848
500.051
500.268
500.501
500.714
500.936
501.155
501.384
501.601
501.805
502.016
502.217
502.448
502.673
502.882
503.115
503.336
503.545
503.762
503.975
504.199
504.436
504.636
504.846
505.045
505.249
505.454
505.655
505.881
506.095
506.313
506.519
506.734
506.966
507.203
507.416
507.622
507.84
508.064
508.267
508.483
508.691
508.894
509.108
509.312
509.51
509.707
509.913
510.12
510.319
510.537
510.768
510.992
511.203
511.422
511.643
511.859
512.066
512.282
512.509
512.718
512.955
513.188
513.417
513.635
513.86
514.081
514.305
514.531
514.744
514.946
515.17
515.384
515.608
515.818
516.043
516.239
516.467
516.67
516.904
517.11
517.328
517.552
517.749
517.971
518.192
518.395
518.612
518.828
519.048
519.256
519.456
519.676
519.894
520.126
520.339
520.543
520.769
520.987
521.214
521.422
521.657
521.853
522.054
522.253
522.461
522.669
522.889
523.099
523.327
523.544
523.76
523.96
524.19
524.413
524.625
524.85
525.071
525.279
525.486
525.698
525.902
526.105
526.314
526.537
526.763
526.989
527.215
527.421
527.646
527.866
528.07
528.281
528.498
528.715
528.949
529.151
529.38
529.615
529.819
530.04
530.244
530.454
530.65
530.85
531.055
531.265
531.505
531.71
531.928
532.161
532.373
532.592
532.802
533.031
533.252
533.469
533.667
533.885
534.098
534.325
534.525
534.724
534.955
535.163
535.376
535.611
535.842
536.073
536.305
536.532
536.754
536.957
537.167
537.394
537.605
537.825
538.041
538.271
538.475
538.675
538.885
539.12
539.346
539.556
539.758
539.989
540.193
540.404
540.605
540.807
541.039
541.257
541.462
541.671
541.909
542.119
542.338
542.549
542.76
542.992
543.194
543.404
543.609
543.827
544.035
544.24
544.458
544.685
544.898
545.125
545.34
545.552
545.776
545.986
546.198
546.423
546.627
546.84
547.049
547.256
547.456
547.689
547.893
548.095
548.296
548.513
548.737
548.945
549.168
549.371
549.576
549.781
550.004
550.213
550.436
550.664
550.872
551.097
551.31
551.524
551.727
551.933
552.15
552.375
552.578
552.8
553.004
553.207
553.408
553.614
553.827
554.03
554.232
554.456
554.68
554.907
555.109
555.327
555.529
555.734
555.94
556.15
556.37
556.589
556.789
557.005
557.201
557.417
557.639
557.867
558.095
558.304
558.536
558.756
558.992
559.215
559.424
559.627
559.827
560.03
560.246
560.475
560.686
560.887
561.123
561.334
561.538
561.74
561.97
562.182
562.387
562.601
562.826
563.058
563.281
563.517
563.744
563.946
564.152
564.379
564.601
564.828
565.041
565.269
565.474
565.688
565.888
566.096
566.304
566.507
566.734
566.938
567.143
567.352
567.577
567.801
568.021
568.222
568.445
568.644
568.866
569.079
569.287
569.485
569.714
569.934
570.153
570.356
570.586
570.806
571.015
571.208
571.415
571.623
571.836
572.054
572.278
572.494
572.699
572.896
573.108
573.329
573.539
573.764
573.985
574.2
574.397
574.627
574.847
575.067
575.289
575.486
575.703
575.898
576.11
576.33
576.558
576.78
577.006
577.215
577.449
577.649
577.852
578.084
578.286
578.512
578.729
578.963
579.189
579.405
579.609
579.812
580.017
580.249
580.466
580.674
580.893
581.099
581.331
581.542
581.757
581.984
582.194
582.417
582.623
582.829
583.046
583.272
583.51
583.726
583.925
584.14
584.348
584.558
584.77
584.97
585.2
585.42
585.633
585.844
586.071
586.286
586.511
586.725
586.93
587.141
587.347
587.583
587.788
588.003
588.248
588.454
588.671
588.893
589.094
589.329
589.533
589.739
589.949
590.158
590.358
590.575
590.8
591.02
591.225
591.45
591.675
591.891
592.092
592.296
592.51
592.719
592.92
593.127
593.341
593.549
593.751
593.962
594.169
594.379
594.607
594.824
595.024
595.251
595.454
595.658
595.884
596.085
596.289
596.506
596.726
596.95
597.169
597.388
597.624
597.85
598.055
598.287
598.511
598.713
598.928
599.151
599.377
599.596
599.801
600.002
600.226
600.453
600.666
600.871
601.074
