0.000000
0.000000
0.000000
0.000000
59.773998
59.775002
60.438999
60.456001
62.353001
68.123001
71.709999
74.872002
92.667000
101.056999
105.391998
108.030998
109.674004
120.422997
135.658005
153.671005
179.531006
195.824005
208.369003
217.561005
221.567993
223.561996
225.164993
225.335007
225.490005
226.348007
228.559998
230.569000
232.438004
232.723007
232.886002
232.940002
234.320999
240.104004
244.959000
251.210007
254.410995
259.003998
264.024994
269.829987
274.031006
279.710999
284.881989
287.520996
287.550995
288.005005
288.005005
288.011993
288.024994
288.162994
288.166992
292.528015
315.656006
329.786011
350.975006
368.312012
378.313995
391.576996
394.165985
397.295013
401.011993
409.966003
433.227997
445.356995
459.135986
468.691010
474.355011
474.888000
475.141998
482.342987
501.398987
512.801025
524.672974
530.015015
535.827026
545.776001
553.728027
562.151001
577.117004
581.189026
582.843018
590.044006
595.505005
604.557983
620.836975
631.963013
642.151001
653.520996
661.221008
668.088989
675.934021
688.887024
695.273010
703.182007
708.909973
709.749023
711.911987
713.314026
717.049011
723.942017
734.502014
740.039001
742.197998
746.341003
751.882019
753.862976
753.862976
753.862976
760.809021
761.124023
763.408997
773.556030
776.424988
776.525024
776.570984
776.572021
777.021973
777.038025
777.038025
777.038025
778.648987
787.221985
789.924011
792.393982
796.341980
799.369019
802.885010
806.166992
811.213989
814.406982
818.448975
822.879028
833.958984
848.742981
859.346985
863.059998
863.145996
863.174011
870.193970
880.255005
882.950012
887.362000
890.588989
894.325989
899.422974
904.763977
912.570984
921.594971
935.635010
945.914001
953.664978
962.567993
979.130981
996.541016
1013.531982
1030.673950
1043.786011
1045.954956
1046.410034
1046.477051
1047.292969
1060.817993
1069.671021
1072.848022
1079.192017
1079.890015
1079.895020
1079.907959
1079.907959
1079.907959
1081.366943
1087.782959
1093.430054
1096.360962
1099.239014
1100.873047
1102.884033
1105.531982
1108.328979
1109.020020
1109.034058
1109.037964
1109.723999
1110.734009
1110.922974
1112.146973
1117.386963
1123.151978
1132.766968
1139.323975
1143.646973
1147.546997
1150.899048
1150.958984
1150.962036
1156.375000
1162.052979
1165.094971
1171.685059
1181.530029
1188.787964
1202.833008
1210.748047
1213.140015
1216.415039
1219.642944
1221.613037
1222.968994
1225.824951
1229.342041
1234.709961
1239.006958
1241.798950
1242.084961
1242.088013
1242.310059
1247.180054
1256.883057
1261.791016
1267.146973
1279.284058
1284.456055
1288.932983
1294.748047
1303.067993
1307.510986
1313.909058
1322.972046
1329.063965
1335.728027
1343.197021
1346.880981
1352.349976
1357.223999
1364.791016
1370.566040
1381.281006
1390.130005
1397.629028
1408.334961
1414.786011
1420.784058
1430.410034
1436.746948
1443.623047
1450.588989
1459.613037
1463.932007
1466.540039
1472.006958
1476.428955
1483.524048
1486.688965
1490.907959
1500.770996
1510.915039
1524.234985
1533.961060
1547.837036
1555.470947
1564.435059
1571.416016
1577.031982
1579.182007
1580.177002
1586.136963
1603.824951
1621.676025
1629.587036
1635.920044
1642.512939
1657.991943
1670.156982
1678.045044
1688.303955
1692.798950
1697.645996
1705.152954
1714.703003
1717.985962
1721.515015
1722.582031
1722.588989
1723.156982
1730.776001
1738.317017
1746.172974
1751.234985
1759.541016
1768.623047
1781.791992
1802.093994
1805.260986
1806.425049
1808.099976
1811.755981
1822.894043
1835.655029
1855.814941
1865.498047
1874.909058
1880.608032
1887.832031
1895.651978
1907.753052
1913.365967
1919.115967
1928.316040
1932.261963
1936.718018
1940.444946
1942.286011
1942.313965
1942.314941
1942.314941
1942.314941
1942.314941
1942.449951
1943.239014
1944.944946
1951.147949
1952.453979
1957.457031
1962.444946
1965.011963
1966.291016
1966.442993
1966.444946
1966.444946
1966.444946
1966.449951
1966.746948
1967.974976
1967.975952
1967.975952
1967.999023
1970.587036
1976.421997
1993.129028
1994.161011
1995.359009
1997.337036
1997.385986
1997.385986
1997.385986
1999.000000
1999.133057
1999.137939
1999.137939
1999.137939
1999.137939
1999.137939
1999.510986
1999.510986
1999.522949
2000.592041
2002.718018
2002.959961
2003.583984
2003.599976
2003.628052
2003.628052
2003.628052
2003.651001
2003.814941
2003.814941
2003.814941
2003.814941
2003.814941
2003.816040
2003.850952
2003.876953
2003.876953
2008.519043
2013.640015
2016.086060
2019.136963
2023.312988
2025.739990
2027.941040
2030.718994
2032.365967
2033.192017
2033.250977
2033.953003
2034.015991
2034.015991
2034.181030
2034.189941
2034.244995
2034.546997
2034.833008
2035.755981
2040.562012
2052.743896
2069.950928
2086.055908
2097.525879
2102.085938
2103.877930
2105.606934
2107.767090
2111.440918
2119.666992
2123.379883
2124.502930
2125.237061
2125.813965
2125.909912
2126.603027
2128.019043
2130.884033
2135.208008
2142.906006
2146.696045
2150.273926
2156.284912
2157.493896
2158.909912
2166.085938
2179.025879
2194.604980
2206.517090
2213.978027
2217.808105
2221.004883
2226.599121
2236.366943
2239.769043
2244.322998
2249.270996
2249.945068
2251.785889
2262.635986
2275.908936
2279.502930
2281.268066
2284.500000
2287.281006
2290.480957
2296.039062
2301.520996
2309.000977
2317.032959
2330.985107
2342.544922
2356.156982
2369.784912
2379.686035
2388.835938
2401.818115
2419.891113
2429.502930
2436.658936
2444.419922
2454.062988
2468.312988
2478.645996
2479.893066
2482.696045
2489.599121
2493.611084
2497.766113
2503.689941
2514.872070
2525.124023
2547.311035
2558.697021
2572.957031
2581.142090
2592.632080
2602.789062
2605.337891
2605.615967
2606.145996
2607.548096
2620.652100
2628.293945
2630.730957
2631.389893
2631.527100
2631.899902
2632.041016
2637.358887
2638.711914
2638.813965
2638.864990
2641.800049
2655.625000
2666.914062
2672.728027
2676.065918
2679.548096
2681.596924
2689.489014
2700.019043
2708.172119
2710.290039
2711.948975
2714.104004
2719.321045
2728.902100
2746.275879
2750.785889
2755.402100
2764.199951
2773.698975
2779.777100
2782.465088
2785.281982
2793.045898
2803.534912
2805.110107
2810.950928
2823.948975
2826.226074
2826.481934
2826.683105
2832.834961
2840.801025
2848.217041
2856.018066
2867.272949
2876.524902
2882.910889
2896.447021
2905.649902
2918.833008
2931.167969
2932.023926
2936.686035
2942.766113
2946.487061
2955.306885
2963.412109
2971.218018
2976.882080
2985.961914
2995.396973
3004.513916
3017.139893
3024.226074
3031.100098
3034.054932
3039.220947
3044.292969
3044.528076
3044.975098
3045.303955
3045.988037
3046.797119
3047.583008
3051.509033
3062.097900
3066.333984
3068.798096
3070.860107
3071.906006
3073.384033
3081.177979
3088.906982
3097.927979
3108.105957
3112.975098
3118.102051
3122.677979
3129.897949
3135.073975
3140.039062
3148.660889
3155.645020
3162.705078
3169.218018
3178.503906
3183.797119
3189.029053
3196.472900
3201.676025
3206.495117
3214.041992
3219.027100
3224.339111
3234.261963
3241.422119
3248.072021
3254.927979
3265.267090
3273.157959
3279.839111
3290.176025
3296.680908
3303.133057
3309.148926
3317.201904
3318.967041
3320.524902
3321.875000
3323.406982
3328.049072
3339.919922
3351.591064
3358.310059
3360.966064
3364.500000
3367.678955
3371.242920
3374.524902
3378.938965
3391.543945
3401.178955
3411.583984
3413.966064
3416.843994
3418.521973
3423.346924
3427.659912
3431.250000
3432.757080
3434.810059
3436.805908
3439.792969
3443.949951
3444.939941
3446.334961
3448.306885
3448.856934
3449.004883
3449.034912
3449.034912
3449.034912
3449.034912
3449.034912
3449.034912
3449.034912
3449.034912
3449.034912
3449.076904
3449.242920
3450.020020
3450.214111
3450.354004
3451.308105
3452.235107
3453.663086
3458.844971
3462.007080
3464.575928
3468.490967
3469.739990
3469.791016
3470.308105
3480.726074
3497.885010
3510.912109
3516.181885
3517.133057
3521.618896
3528.474121
3532.187988
3533.524902
3533.696045
3533.702881
3533.702881
3533.702881
3534.294922
3534.656982
3535.580078
3535.581055
3535.581055
3535.583008
3536.329102
3538.083008
3538.688965
3539.452881
3541.492920
3544.447998
3551.927979
3560.822021
3566.022949
3567.943115
3569.135010
3571.044922
3575.168945
3576.240967
3576.726074
3577.024902
3577.897949
3578.611084
3579.250977
3579.468994
3579.773926
3579.924072
3579.924072
3579.924072
3580.560059
3580.889893
3580.945068
3584.819092
3585.709961
3587.352051
3587.726074
3587.782959
3587.822021
3587.825928
3587.836914
3588.095947
3588.274902
3588.352051
3588.729980
3589.283936
3589.845947
3590.309082
3591.308105
3592.269043
3592.541992
3592.570068
3592.584961
3593.771973
3593.775879
3593.775879
3593.785889
3593.785889
3593.875000
3593.989014
3594.047119
3594.048096
3594.049072
3594.049072
3594.049072
3594.049072
3594.049072
3594.091064
3594.091064
3594.091064
3598.483887
3598.497070
3598.500977
3598.528076
3598.563965
3598.608887
3598.608887
3598.608887
3598.608887
3598.608887
3598.608887
3598.608887
3598.608887
3598.623047
3598.639893
3598.788086
3599.486084
3600.074951
3600.105957
3600.107910
3600.148926
3600.345947
3600.345947
3600.461914
3600.461914
3600.466064
3600.779053
3601.191895
3601.291992
3601.300049
3601.308105
3601.326904
3601.326904
3601.330078
3601.330078
3601.330078
3601.330078
3601.342041
3601.690918
3602.637939
3604.152100
3605.166992
3605.316895
3605.360107
3605.360107
3605.527100
3605.724121
3605.730957
3605.738037
3605.742920
3605.831055
3605.862061
3606.044922
3606.094971
3607.041992
3610.396973
3614.437988
3622.981934
3630.655029
3638.208008
3649.016113
3655.189941
3662.250000
3671.178955
3687.417969
3698.260010
3706.488037
3726.337891
3730.971924
3731.333984
3731.333984
3738.040039
3757.620117
3762.294922
3765.784912
3769.023926
3771.587891
3778.958984
3798.489990
3807.385986
3821.457031
3830.787109
3839.156982
3847.242920
3851.566895
3856.819092
3861.947998
3869.445068
3874.551025
3888.366943
3898.342041
3910.193115
3916.520996
3926.268066
3932.247070
3944.354004
3971.064941
3986.833008
3996.593018
4006.029053
4014.900879
4018.694092
4021.446045
4023.516113
4029.837891
4039.114990
4050.013916
4050.845947
4050.971924
4051.409912
4060.548096
4083.303955
4098.493164
4111.233887
4113.163086
4113.830078
4115.412109
4121.911133
4128.943848
4138.633789
4156.712891
4168.866211
4174.973145
4177.504883
4179.825195
4182.409180
4187.937012
4196.476074
4207.898926
4226.886230
4238.867188
4246.671875
4249.061035
4251.165039
4251.326172
4256.702148
4261.041992
4261.259766
4262.429199
4266.392090
4273.483887
4283.592773
4298.342773
4303.267090
4304.665039
4304.680176
4304.685059
4304.685059
4304.708984
4304.832031
4304.991211
4305.211914
4305.388184
4305.413086
4305.415039
4305.833008
4307.250000
4310.997070
4314.258789
4314.986816
4315.097168
4315.131836
4315.132812
4316.154785
4316.232910
4316.246094
4322.696777
4324.086914
4324.314941
4324.508789
4324.921875
4325.123047
4325.580078
4326.390137
4327.214844
4328.143066
4328.453125
4328.513184
4328.513184
4328.513184
4332.512207
4332.587891
4332.725098
4332.725098
4332.725098
4332.725098
4332.741211
4332.776855
4332.920898
4332.942871
4332.948242
4332.983887
4332.984863
4332.984863
4333.062012
4335.354980
4339.224121
4342.655762
4347.915039
4351.768066
4355.944824
4359.732910
4363.307129
4365.006836
4366.458984
4368.150879
4369.126953
4369.966797
4370.969238
4371.975098
4373.777832
4374.794922
4376.361816
4377.668945
4380.166992
4381.204102
4381.359863
4384.312988
4389.377930
4390.992188
4391.910156
4392.340820
4397.606934
4409.225098
4414.529785
4418.952148
4424.351074
4431.483887
4436.460938
4441.035156
4446.078125
4449.352051
4452.956055
4456.230957
4457.088867
4457.102051
4457.102051
4457.106934
4458.002930
4458.094238
4458.948242
4460.490234
4461.912109
4461.920898
4462.179199
4462.188965
4462.188965
4462.188965
4462.242188
4462.352051
4462.357910
4462.691895
4463.074219
4463.224121
4464.080078
4466.053223
4467.791992
4473.108887
4479.724121
4484.352051
4488.979004
4493.901855
4494.668945
4494.799805
4494.809082
4494.809082
4494.809082
4494.836914
4494.931152
4494.931152
4494.931152
4494.931152
4494.931152
4494.931152
4494.931152
4494.936035
4494.983887
4495.231934
4497.831055
4500.262207
4500.673828
4500.742188
4500.756836
4500.756836
4500.777832
4500.783203
4500.783203
4500.783203
4500.783203
4501.028809
4501.186035
4501.317871
4501.446777
4501.446777
4501.446777
4501.448242
4501.448242
4501.448242
4501.448242
4501.448242
4501.448242
4501.448242
4501.448242
4501.448242
4501.448242
4501.448242
4501.448242
4504.686035
4506.545898
4508.439941
4509.187988
4509.187988
4509.187988
4509.187988
4509.187988
4509.187988
4509.187988
4509.187988
4509.187988
4509.187988
4509.194824
4509.199219
4509.201172
4509.208984
4509.320801
4509.448242
4509.461914
4509.541016
4512.301758
4516.439941
4521.099121
4526.592773
4531.772949
4537.666992
4541.806152
4545.792969
4551.529785
4555.521973
4557.892090
4559.860840
4560.588867
4561.190918
4561.807129
4561.997070
4562.974121
4563.076172
4563.076172
4563.076172
4563.076172
4563.076172
4563.076172
4563.280762
4564.485840
4566.143066
4569.062012
4571.080078
4574.125000
4576.479980
4578.237793
4580.170898
4582.651855
4588.272949
4607.430176
4617.827148
4622.071777
4628.002930
4629.887207
4634.948242
4638.804199
4642.482910
4647.678223
4651.694824
4655.865234
4661.970215
4666.283203
4670.606934
4674.416016
4678.331055
4680.854980
4683.033203
4687.727051
4690.067871
4691.273926
4693.457031
4694.543945
4695.561035
4696.897949
4697.747070
4698.816895
4699.823242
4700.517090
4700.581055
4700.592773
4700.592773
4700.592773
4700.600098
4700.790039
4701.109863
4701.196777
4701.203125
4701.203125
4701.996094
4701.996094
4706.253906
4706.321777
4706.321777
4706.338867
4706.369141
4706.372070
4706.372070
4706.372070
4706.372070
4706.372070
4706.377930
4706.414062
4706.524902
4707.083984
4707.673828
4708.176758
4708.465820
4709.130859
4712.436035
4720.999023
4725.222168
4729.691895
4731.901855
4732.571777
4732.655762
4732.684082
4732.684082
4732.720215
4732.804199
4732.824219
4732.829102
4732.830078
4732.833008
4732.833984
4732.838867
4732.838867
4732.838867
4732.851074
4732.857910
4732.857910
4732.857910
4732.857910
4732.857910
4732.857910
4732.857910
4732.857910
4732.857910
4732.857910
4732.857910
4732.857910
4732.857910
4732.857910
4732.857910
4732.857910
4732.857910
4732.861816
4732.861816
4732.862793
