1.11372
1.11394
2.32861
2.83206
3.33349
3.83548
4.36554
4.8376
5.33708
5.83871
6.34791
6.83877
7.3369
7.83848
8.33921
8.83969
9.34125
9.84161
10.3418
10.8422
11.3519
11.8422
12.3421
12.8425
13.3421
13.8416
14.3463
14.8443
15.3451
15.846
16.346
16.8454
17.3458
17.8472
18.3463
18.8478
19.3538
19.848
20.3616
20.8492
21.3495
21.8506
22.3507
22.8501
23.3506
23.851
24.3518
24.8515
25.3528
25.8706
26.3536
26.8549
27.3674
27.8546
28.3553
28.8559
29.3599
29.8567
30.3567
30.8852
31.3585
31.8588
32.3582
32.8583
33.3592
33.8596
34.3608
34.8609
35.3598
35.8765
36.392
36.8721
37.3622
37.8955
38.3634
38.8629
39.3862
39.8644
40.3642
40.8812
41.3659
41.8653
42.3673
42.866
43.3668
43.867
44.3674
44.8681
45.3895
45.8681
46.3681
46.8702
47.3701
47.8701
48.371
48.8707
49.3718
49.8715
50.3723
50.872
51.3732
51.8763
52.3729
52.8732
53.4039
53.874
54.3748
54.8756
55.3768
55.8764
56.3766
56.8776
57.3772
57.8771
58.3788
58.8784
59.3793
59.8796
60.3831
60.8795
61.3808
61.9146
62.381
62.8814
63.3815
63.8823
64.3826
64.8822
65.4008
65.8829
66.3833
66.8843
67.4087
67.8847
68.3846
68.8855
69.3867
69.8871
70.387
70.8868
71.3884
71.889
72.388
72.8885
73.3896
73.918
74.3903
74.8906
75.3904
75.8921
76.3914
76.8917
77.3919
77.8913
78.3918
78.8911
79.393
79.8931
80.3936
80.8943
81.3945
81.8954
82.3955
82.8949
83.3952
83.9212
84.3975
84.8982
85.4004
85.8995
86.3991
86.8993
87.4006
87.9009
88.4004
88.9017
89.4019
89.9009
90.4015
90.9008
91.4018
91.9024
92.4027
92.9035
93.4038
93.9048
94.406
94.9058
95.4055
95.9056
96.4052
96.9065
97.4111
97.9078
98.407
98.9078
99.4081
99.9094
100.409
100.918
101.409
101.91
102.411
102.921
103.411
103.911
104.412
104.912
105.413
105.913
106.414
106.914
107.415
107.914
108.415
108.914
109.415
109.943
110.416
110.917
111.417
111.917
112.417
112.918
113.418
113.918
114.419
114.918
115.419
115.919
116.421
116.921
117.42
117.922
118.422
118.923
119.429
119.923
120.428
120.923
121.449
121.925
122.425
122.926
123.425
123.925
124.455
124.927
125.426
125.927
126.428
126.928
127.428
127.928
128.429
128.929
129.429
129.929
130.455
130.93
131.431
131.932
132.44
132.931
133.433
133.932
134.432
134.933
135.438
135.934
136.435
136.966
137.436
137.935
138.436
138.937
139.437
139.937
140.45
140.937
141.437
141.938
142.439
142.938
143.438
143.942
144.44
144.941
145.458
145.939
146.441
146.941
147.442
147.943
148.442
148.966
149.444
149.944
150.464
150.945
151.473
151.945
152.446
152.946
153.483
153.946
154.447
154.947
155.448
155.948
156.449
156.974
157.449
157.95
158.449
158.95
159.45
159.951
160.45
160.951
161.452
161.952
162.451
162.953
163.454
163.954
164.454
164.955
165.456
165.956
166.456
166.956
167.456
167.955
168.457
168.957
169.458
169.959
170.458
170.958
171.473
171.959
172.459
172.976
173.46
173.96
174.471
174.961
175.461
175.966
176.462
176.96
177.463
177.963
178.465
178.964
179.465
179.965
180.466
180.967
181.465
181.965
182.465
182.967
183.467
183.968
184.469
184.969
185.47
185.97
186.469
186.97
187.471
187.97
188.479
188.973
189.472
189.972
190.473
190.973
191.472
191.973
192.473
192.975
193.475
193.975
194.476
194.977
195.476
195.975
196.476
196.979
197.478
197.977
198.478
198.978
199.479
199.98
200.496
200.99
201.481
201.999
202.482
202.98
203.503
203.982
204.483
205.017
205.483
205.983
206.484
206.984
207.485
207.986
208.485
208.987
209.486
210.004
210.487
210.986
211.487
211.989
212.488
212.988
213.489
213.989
214.49
214.992
215.49
215.991
216.491
216.991
217.492
217.991
218.496
218.992
219.493
220.007
220.494
220.995
221.494
221.994
222.495
222.995
223.495
223.997
224.495
224.997
225.498
225.997
226.496
226.996
227.497
227.998
228.499
229.025
229.5
230
230.517
231.001
231.501
232.031
232.513
233.003
233.502
234.009
234.503
235.004
235.505
236.004
236.505
237.005
237.518
238.006
238.506
239.016
239.506
240.006
240.507
241.008
241.508
242.008
242.509
243.01
243.51
244.027
244.511
245.01
245.511
246.013
246.512
247.012
247.513
248.013
248.519
249.013
249.514
250.013
250.545
251.014
251.524
252.015
252.516
253.017
253.517
254.017
254.517
255.017
255.518
256.019
256.529
257.019
257.519
258.02
258.52
259.021
259.521
260.027
260.521
261.022
261.523
262.023
262.523
263.023
263.523
264.024
264.523
265.024
265.525
266.027
266.525
267.035
267.527
268.04
268.526
269.044
269.528
270.027
270.527
271.028
271.529
272.029
272.529
273.03
273.543
274.03
274.529
275.028
275.53
276.03
276.531
277.032
277.533
278.033
278.533
279.034
279.535
280.064
280.535
281.035
281.537
282.036
282.536
283.051
283.537
284.037
284.556
285.038
285.538
286.039
286.541
287.04
287.54
288.041
288.541
289.04
289.54
290.057
290.539
291.039
291.559
292.042
292.543
293.043
293.543
294.044
294.544
295.043
295.545
296.044
296.544
297.045
297.545
298.047
298.547
299.047
299.548
300.047
300.548
301.048
301.555
302.05
302.549
303.066
303.549
304.05
304.551
305.051
305.553
306.053
306.552
307.052
307.552
308.053
308.554
309.054
309.555
310.055
310.556
311.055
311.556
312.066
312.556
313.056
313.556
314.06
314.557
315.058
315.557
316.058
316.584
317.059
317.56
318.079
318.56
319.061
319.561
320.07
320.563
321.062
321.594
322.063
322.563
323.064
323.576
324.066
324.566
325.065
325.564
326.065
326.566
327.066
327.567
328.068
328.568
329.068
329.568
330.069
330.569
331.07
331.57
332.071
332.57
333.071
333.571
334.071
334.571
335.071
335.57
336.072
336.573
337.088
337.573
338.071
338.573
339.074
339.575
340.076
340.62
341.087
341.576
342.077
342.577
343.101
343.577
344.078
344.604
345.078
345.579
346.078
346.596
347.08
347.581
348.081
348.579
349.08
349.581
350.082
350.581
351.081
351.583
352.119
352.584
353.084
353.608
354.085
354.586
355.086
355.586
356.086
356.586
357.09
357.587
358.088
358.588
359.088
359.588
360.088
360.589
361.09
361.589
362.09
362.591
363.09
363.591
364.091
364.591
365.092
365.592
366.093
366.592
367.093
367.594
368.094
368.594
369.104
369.593
370.093
370.594
371.096
371.596
372.096
372.594
373.097
373.597
374.097
374.597
375.099
375.598
376.099
376.617
377.099
377.598
378.099
378.601
379.134
379.601
380.101
380.601
381.102
381.602
382.14
382.603
383.104
383.639
384.105
384.604
385.104
385.618
386.105
386.606
387.118
387.607
388.107
388.608
389.108
389.608
390.12
390.609
391.109
391.61
392.109
392.61
393.11
393.61
394.11
394.615
395.112
395.611
396.111
396.612
397.112
397.612
398.114
398.613
399.127
399.614
400.114
400.636
401.114
401.615
402.116
402.617
403.116
403.615
404.116
404.617
405.118
405.619
406.119
406.649
407.119
407.618
408.119
408.626
409.12
409.621
410.121
410.659
411.121
411.621
412.152
412.624
413.123
413.624
414.124
414.625
415.161
415.625
416.126
416.626
417.126
417.626
418.126
418.627
419.14
419.627
420.128
420.667
421.129
421.629
422.129
422.629
423.13
423.629
424.13
424.63
425.131
425.63
426.133
426.632
427.133
427.647
428.133
428.633
429.165
429.635
430.135
430.658
431.134
431.635
432.151
432.635
433.137
433.637
434.137
434.638
435.159
435.638
436.138
436.639
437.139
437.639
438.139
438.644
439.14
439.64
440.139
440.639
441.141
441.642
442.142
442.642
443.143
443.643
444.144
444.645
445.145
445.645
446.154
446.645
447.145
447.645
448.147
448.647
449.155
449.647
450.148
450.648
451.147
451.648
452.146
452.647
453.149
453.649
454.15
454.65
455.151
455.651
456.152
456.652
457.153
457.653
458.156
458.653
459.152
459.653
460.154
460.654
461.155
461.661
462.156
462.657
463.157
463.656
464.157
464.657
465.158
465.658
466.158
466.658
467.159
467.675
468.159
468.659
469.16
469.666
470.161
470.661
471.161
471.661
472.162
472.662
473.163
473.663
474.164
474.664
475.163
475.664
476.166
476.665
477.166
477.668
478.166
478.667
479.167
479.667
480.168
480.667
481.167
481.669
482.2
482.668
483.168
483.669
484.181
484.67
485.171
485.681
486.172
486.671
487.171
487.672
488.171
488.673
489.172
489.671
490.174
490.674
491.174
491.674
492.174
492.703
493.176
493.677
494.214
494.676
495.177
495.677
496.177
496.678
497.178
497.678
498.179
498.678
499.179
499.679
500.18
500.681
501.181
501.681
502.18
502.682
503.181
503.683
504.199
504.683
505.182
505.682
506.184
506.685
507.203
507.685
508.186
508.692
509.185
509.707
510.187
510.687
511.203
511.689
512.188
512.718
513.189
513.689
514.19
514.69
515.19
515.691
516.192
516.691
517.192
517.691
518.192
518.692
519.193
519.693
520.193
520.694
521.215
521.693
522.195
522.695
523.196
523.696
524.197
524.696
525.196
525.698
526.196
526.696
527.216
527.699
528.2
528.716
529.199
529.7
530.201
530.701
531.2
531.711
532.201
532.701
533.202
533.702
534.203
534.724
535.203
535.703
536.204
536.702
537.204
537.704
538.205
538.705
539.205
539.705
540.205
540.706
541.207
541.707
542.208
542.708
543.207
543.709
544.209
544.709
545.21
545.709
546.209
546.71
547.211
547.72
548.211
548.737
549.213
549.715
550.214
550.712
551.213
551.727
552.215
552.714
553.215
553.715
554.232
554.716
555.217
555.734
556.216
556.718
557.218
557.719
558.218
558.718
559.217
559.719
560.22
560.721
561.22
561.72
562.221
562.722
563.221
563.744
564.224
564.722
565.221
565.723
566.223
566.735
567.224
567.724
568.224
568.725
569.225
569.726
570.226
570.725
571.227
571.727
572.227
572.727
573.228
573.729
574.228
574.728
575.229
575.73
576.229
576.73
577.229
577.731
578.231
578.732
579.233
579.731
580.249
580.732
581.233
581.757
582.234
582.735
583.272
583.747
584.241
584.77
585.251
585.735
586.235
586.746
587.253
587.737
588.269
588.738
589.238
589.76
590.25
590.746
591.246
591.739
592.239
592.741
593.256
593.772
594.252
594.743
595.272
595.758
596.257
596.747
597.26
597.744
598.255
598.745
599.245
599.745
600.248
600.746
