0.00125161
0.0191038
0.00302575
0.0206324
0.0240384
0.0106388
0.00298456
0.0435238
0.00157312
0.0314824
0.0122057
0.00492433
0.000802299
0.00165884
0.00718769
0.0229045
0.000812931
0.0292261
0.041517
0.0032804
0.00448966
0.0016728
0.00138723
0.0380557
0.0121837
0.01436
0.0650085
0.0509441
0.00202808
0.0246581
0.00173306
0.0100577
0.00184202
0.0162354
0.00200596
0.0222215
0.0119505
0.0430089
0.0264568
0.0272632
0.0384708
0.0423496
0.0357867
0.0130428
0.00393785
0.00323565
0.0427804
0.00484403
0.0282365
0.00411745
0.0287745
0.0282245
0.001704
0.0105268
0.0117363
0.0343321
0.0362254
0.000890327
0.00191101
0.00519819
0.0277115
0.0018834
0.00221515
0.0404783
0.0198356
0.00231568
0.0181733
0.00306722
0.00318032
0.00768433
0.0085462
0.00195113
0.00182655
0.00202409
0.000847416
0.023747
0.00255716
0.00246785
0.0331642
0.0224279
0.0150088
0.016237
0.0020683
0.0401129
0.030325
0.00273099
0.0174927
0.0147525
0.00982252
0.0496071
0.012334
0.0306331
0.00108244
0.00123992
0.00178805
0.089471
0.00151257
0.0347505
0.00204605
0.001712
0.0171569
0.0514082
0.00146219
0.0102824
0.00394151
0.00806465
0.0517236
0.00135686
0.0412605
0.00079494
0.00141247
0.00255131
0.0464889
0.00890563
0.0345775
0.00306373
0.00286977
0.0120927
0.00143769
0.00176153
0.000865758
0.0245864
