8.61967
10.2934
10.4912
11.7937
12.6442
14.2611
14.8249
15.8061
17.3541
19.1104
19.3157
20.3691
21.915
22.5522
24.2534
24.9585
25.5682
25.7961
26.0375
27.5853
28.3016
28.7694
30.5112
30.9658
31.5709
32.033
32.7234
33.5907
34.4452
34.6845
35.7759
36.1801
36.8426
38.3372
38.7896
38.9923
39.8224
40.3138
40.5151
42.0201
42.7014
42.9153
43.549
45.2459
45.4367
46.1662
46.9856
48.026
49.7938
50.019
51.7633
52.1833
52.6241
53.6671
54.3384
54.8001
55.8624
57.59
58.4505
58.6736
60.4221
60.9008
61.5293
62.4381
62.6283
64.1626
64.348
65.2731
65.7039
65.9032
66.0893
67.4353
69.1635
70.7742
72.4671
72.6964
73.1457
74.452
74.6771
75.2967
76.5793
76.791
77.0297
77.2451
78.9868
79.4382
81.2539
81.7302
81.9459
82.1561
83.4396
85.2192
86.3077
87.0055
88.7903
90.518
90.67
91.4041
93.2765
93.8812
94.3081
95.0225
95.1955
95.6326
96.2865
98.1113
98.7842
100.523
101.415
101.869
102.512
103.135
104.012
104.203
105.359
106.038
106.248
107.909
108.425
109.089
110.403
110.841
