3.0497
3.29973
3.52169
3.71738
3.93875
4.13933
4.38042
4.58346
4.78926
5.01141
5.23351
5.45347
5.69592
5.89217
6.12163
6.34563
6.57588
6.76508
6.96394
7.17634
7.40572
7.63036
7.8564
8.08414
8.30418
8.49725
8.70745
8.9167
9.10772
9.34093
9.56104
9.77649
10.0358
10.2636
10.4578
10.6735
10.9219
11.155
11.3446
11.5498
11.7546
11.9627
12.1903
12.3925
12.607
12.8525
13.0862
13.3281
13.5608
13.7788
13.9979
14.2361
14.4581
14.6741
14.8913
15.1199
15.3289
15.537
15.7436
15.9665
16.1672
16.3916
16.6221
16.8451
17.058
17.2847
17.5001
17.7006
17.9283
18.158
18.382
18.5813
18.7972
19.0548
19.2928
19.5063
19.71
19.9226
20.152
20.3528
20.5568
20.7771
20.9926
21.1982
21.4267
21.6729
21.8922
22.0949
22.3176
22.5173
22.7198
22.9233
23.1535
23.3872
23.5893
23.7987
24.029
24.236
24.4571
24.6943
24.9185
25.126
25.3281
25.5445
25.7504
25.9815
26.213
26.4422
26.6774
26.889
27.0837
27.3319
27.5721
27.7864
27.9949
28.2567
28.4741
28.6864
28.9084
29.1286
29.338
29.5407
29.7767
30.0039
30.2238
30.4481
30.6746
30.9161
31.1312
31.3337
31.5373
31.7573
32.0028
32.2103
32.4168
32.6445
32.8788
33.0995
33.3262
33.5251
33.7416
33.9668
34.1673
34.4105
34.6376
34.8549
35.083
35.3047
35.5233
35.7323
35.9385
36.1532
36.3745
36.5914
36.8115
37.0329
37.2469
37.4676
37.6829
37.8745
38.0883
38.308
38.531
38.7557
38.9605
39.1601
39.3749
39.5772
39.7986
40.0271
40.2553
40.47
40.6924
40.9083
41.1047
41.3475
41.5524
41.7659
41.9813
42.1958
42.4378
42.6525
42.8635
43.076
43.2852
43.5015
43.7092
43.9204
44.1161
44.3257
44.5255
44.7653
44.9932
45.2224
45.4211
45.6492
45.8786
46.0679
46.2779
46.4658
46.7018
46.9284
47.144
47.3695
47.572
47.7803
47.9872
48.2156
48.4232
48.6554
48.887
49.1307
49.3459
49.5447
49.7527
49.9981
50.2198
50.4184
50.6237
50.8454
51.0653
51.2677
51.5113
51.7148
51.9472
52.1439
52.3598
52.5651
52.7602
52.9638
53.1528
53.382
53.6434
53.8726
54.0876
54.3123
54.5251
54.7485
54.9576
55.1608
55.3562
55.5804
55.8129
56.0331
56.2596
56.4774
56.7019
56.9112
57.1248
57.3438
57.5566
57.7674
57.9802
58.1778
58.3759
58.6086
58.8111
59.047
59.2754
59.5019
59.7097
59.9616
60.1943
60.378
60.6143
60.8665
61.0838
61.2869
61.493
61.6937
61.9381
62.1462
62.3867
62.5942
62.8092
63.0157
63.2452
63.4669
63.6711
63.8882
64.0919
64.3134
64.5454
64.7777
65.0142
65.2158
65.4187
65.6362
65.8552
66.0711
66.2888
66.5464
66.7469
66.9467
67.1672
67.3823
67.5927
67.8066
68.0172
68.2507
68.4728
68.7098
68.9399
69.1425
69.3783
69.6057
69.8161
70.0553
70.281
70.5051
70.7311
70.935
71.1449
71.3634
71.5854
71.7871
72.0112
72.2105
72.4201
72.6537
72.8917
73.1098
73.333
73.5306
73.7374
73.9538
74.1963
74.3964
74.6265
74.8322
75.0499
75.2562
75.4615
75.6673
75.8931
76.141
76.3467
76.5508
76.7521
76.9932
77.1918
77.4305
77.6517
77.8746
78.0982
78.3002
78.5213
78.718
78.9417
79.1726
79.3845
79.6327
79.8564
80.1222
80.3217
80.5546
80.7573
80.9929
81.2178
81.4394
81.6499
81.8836
82.0963
82.3134
82.5277
82.7605
82.9674
83.1917
83.4139
83.632
83.8436
84.0491
84.2679
84.4951
84.734
84.9628
85.1762
85.3802
85.587
85.815
86.0633
86.2683
86.5024
86.7333
86.937
87.1796
87.3793
87.609
87.8326
88.0652
88.2695
88.4865
88.6867
88.8888
89.0751
89.3238
89.5624
89.7684
89.9744
90.2007
90.4173
90.6087
90.8352
91.0512
91.3505
91.577
91.7852
92.0274
92.2663
92.4819
92.7153
92.9434
93.1816
93.3915
93.6264
93.844
94.0673
94.2715
94.508
94.7495
94.9577
95.1707
95.3879
95.6037
95.8138
96.0149
96.2665
96.4841
96.6977
96.9805
97.1955
97.4194
97.6422
97.8392
98.0599
98.3039
98.5169
98.7223
98.9509
99.1707
99.3813
99.605
99.8304
100.036
100.279
100.505
100.722
100.931
101.143
101.358
101.567
101.802
102.011
102.255
102.454
102.659
102.884
103.088
103.298
103.512
103.731
103.953
104.181
104.39
104.63
104.893
105.106
105.315
105.534
105.727
105.944
106.149
106.375
106.569
106.796
107.01
107.231
107.434
107.663
107.881
108.144
108.37
108.599
108.826
109.067
109.289
109.526
109.748
109.954
110.154
110.366
110.598
110.808
111.013
111.223
111.422
111.658
