0.862122
0.959366
0.962787
1.028389
1.049369
1.064931
1.066281
1.066353
1.066414
1.067241
1.077610
1.195150
1.374754
1.543794
1.714610
1.840942
1.926531
1.968125
1.988932
2.262540
2.645062
2.906556
3.058923
3.136264
3.204157
3.254437
3.296547
3.323423
3.363537
3.515182
3.747193
3.929699
4.132624
4.413142
4.681540
4.946814
5.096535
5.156367
5.330788
5.562697
5.788947
6.018354
6.273811
6.462116
6.651853
6.887171
7.185566
7.474937
7.673788
7.917856
8.345960
8.754375
9.068078
9.249215
9.348783
9.414123
9.486813
9.686930
9.994527
10.440340
10.859020
11.228702
11.523849
11.755205
11.948817
12.147235
12.319800
12.474050
12.596203
12.683528
12.927184
13.251946
13.650739
14.021110
14.387918
14.575663
14.704059
14.909890
15.151311
15.457554
15.830569
16.180160
16.425169
16.664315
16.888297
17.170766
17.452205
17.684344
17.884095
17.975051
18.022986
18.169094
18.309827
18.466251
18.733256
19.025769
19.416704
19.780798
20.197137
20.490693
20.746775
20.948936
21.111632
21.232542
21.406927
21.687115
21.949968
22.140742
22.320994
22.613194
22.913864
23.193659
23.430485
23.539287
23.630273
23.722415
23.872331
23.972574
24.037151
24.203334
24.353881
24.465340
24.624829
24.878738
25.216137
25.504743
25.749725
25.980222
26.139806
26.275175
26.418277
26.656496
26.975909
27.247505
27.518619
27.907919
28.310071
28.778604
29.096735
29.348804
29.558058
29.791708
29.975890
30.152096
30.421903
30.774390
31.135306
31.466290
31.744001
31.970598
32.219691
32.368258
32.495035
32.639924
32.874512
33.257225
33.643349
33.962325
34.214102
34.391292
34.588590
34.793840
34.948915
35.077077
35.212463
35.415391
35.716283
36.000601
36.293479
36.740269
37.159837
37.517648
37.774797
37.985641
38.135351
38.252886
38.316531
38.478301
38.783748
39.125764
39.482867
39.823807
40.096351
40.331345
40.507410
40.733154
40.879556
40.999319
41.163666
41.291778
41.451512
41.716782
42.184126
42.596608
42.911852
43.176630
43.331903
43.444819
43.599087
43.815136
44.081213
44.423683
44.818398
45.261300
45.575531
45.893906
46.134039
46.369648
46.605915
46.821751
46.966774
47.055426
47.229724
47.471137
47.736422
48.052709
48.344661
48.639505
48.882114
49.112472
49.352752
49.606943
49.964718
50.231137
50.707274
51.043595
51.350737
51.559812
51.686919
51.734681
51.811023
51.942853
52.140369
52.527602
52.837469
53.166704
53.491895
53.871503
54.174806
54.440245
54.585661
54.855116
55.221846
55.637968
56.038810
56.344622
56.562208
56.693348
56.811604
56.964534
57.142817
57.331195
57.513029
57.633652
57.709182
57.795794
57.842848
57.886432
58.003709
58.218285
58.498262
58.794627
59.123601
59.450063
59.729096
59.940375
60.074442
60.218042
60.499674
60.697253
60.788626
60.950800
61.177197
61.491226
61.874193
62.239363
62.566973
62.868836
63.118522
63.392432
63.632779
63.842047
63.960179
64.095826
64.186987
64.311030
64.622996
64.882253
65.070346
65.237262
65.355281
65.545913
65.811013
66.126805
66.561434
67.021724
67.406995
67.758106
67.991479
68.184231
68.442740
68.740016
68.970892
69.120695
69.239676
69.420310
69.612179
69.822838
70.015141
70.256775
70.506047
70.747233
70.898724
71.027327
71.078689
71.216265
71.612058
71.938755
72.402683
72.759449
73.103840
73.342844
73.397448
73.504297
73.670493
73.783260
73.937643
74.220266
74.584738
74.949350
75.308743
75.613231
75.874765
76.076146
76.272093
76.429582
76.815934
77.151100
77.533165
77.935912
78.199562
78.494647
78.909630
79.265350
79.527855
79.686049
79.849672
80.025016
80.281467
80.599390
80.946195
81.365504
81.790382
82.139378
82.441224
82.542641
82.688489
82.883041
83.141420
83.412045
83.626518
83.801109
84.000584
84.188180
84.423653
84.655794
84.937583
85.200604
85.417940
85.636018
85.764008
85.843250
85.907400
86.114213
86.387941
86.659326
86.923256
87.145242
87.458926
87.738319
88.001313
88.154837
88.280127
88.393596
88.527015
88.732312
88.862981
89.047676
89.105568
89.184086
89.396762
89.593766
89.786088
89.989152
90.129911
90.253639
90.371563
90.564906
90.793924
91.191428
91.507513
91.829928
92.159810
92.444724
92.626380
92.861771
93.223605
93.560051
93.755484
93.973502
94.092832
94.443369
94.678902
94.830293
94.989905
95.188341
95.376430
95.585448
95.880253
96.077081
96.229859
96.325334
96.517514
96.759028
97.029499
97.277850
97.525748
97.853121
98.227290
98.583271
98.970452
99.130609
99.192960
99.280492
99.450391
99.708299
99.994138
100.306897
100.650266
100.957303
101.222900
101.388246
101.610438
101.827453
102.161863
102.548631
102.923710
103.394515
103.694759
103.944095
104.083540
104.190916
104.264528
104.304170
104.489083
104.682821
104.839769
105.077210
105.269252
105.426209
105.627402
105.816500
106.057876
106.296280
106.653270
106.976207
107.366441
107.674237
108.000180
108.340002
108.712539
108.966704
109.271850
109.557598
109.850782
110.108285
110.286906
110.424162
110.603939
110.799702
111.103395
111.395194
111.679382
111.855871
112.010563
112.097864
112.306526
112.587530
112.910329
113.200872
113.467504
113.716777
113.846183
113.901723
113.970370
114.113075
114.311606
