0.000000
35.631001
85.600998
85.727997
85.744003
85.745003
86.162003
88.000999
91.305000
91.914001
102.492996
112.392998
114.292000
115.538002
119.795998
128.365997
162.087006
219.003006
252.677994
274.556000
291.239014
313.019012
336.566010
336.735992
362.854004
373.542999
376.459991
385.018005
397.941986
427.803986
435.864014
438.924988
448.421997
467.536011
494.944000
498.394989
515.067017
530.354004
546.620972
575.236023
589.280029
589.328979
591.760986
600.260986
614.879028
637.924011
669.036011
699.476990
728.921997
741.445984
770.393005
791.346008
806.098022
808.172974
809.908997
813.797974
836.075989
876.919983
889.664001
910.424011
926.390015
969.138000
994.369019
1008.578003
1024.474976
1040.921997
1068.189941
1100.678955
1107.586060
1119.948975
1142.660034
1170.922974
1196.317017
1213.324951
1248.271973
1277.291992
1313.896973
1336.697998
1342.090942
1356.030029
1382.199951
1423.642944
1442.137939
1458.973022
1466.297974
1468.920044
1482.078003
1493.579956
1496.975952
1500.944946
1519.109985
1526.500977
1532.612061
1536.776001
1539.251953
1554.785034
1579.318970
1593.208984
1600.350952
1631.876953
1664.189941
1670.899048
1674.026001
1694.890015
1722.932983
1745.525024
1765.360962
1797.656006
1824.042969
1843.298950
1852.001953
1863.431030
1864.896973
1866.083008
1867.687988
1869.482056
1904.102051
1933.224976
1958.214966
1978.026001
2011.139038
2034.895020
2055.503906
2061.184082
2067.145020
2085.874023
2093.052002
2115.520020
2118.487061
2134.241943
2161.399902
2180.810059
2193.312988
2202.194092
2206.166016
2229.318115
2240.344971
2258.916992
2288.590088
2291.877930
2333.287109
2375.069092
2384.272949
2387.959961
2401.695068
2419.833008
2446.239990
2455.233887
2476.241943
2499.292969
2520.287109
2533.826904
2544.707031
2559.768066
2572.770020
2611.123047
2628.120117
2638.979004
2676.597900
2699.158936
2719.864990
2747.721924
2754.488037
2771.478027
2783.864014
2783.879883
2799.858887
2841.907959
2876.180908
2907.031006
2923.777100
2932.360107
2959.054932
2974.612061
2998.142090
2998.358887
3021.986084
3060.823975
3078.618896
3117.304932
3135.634033
3144.007080
3168.625977
3191.339111
3229.594971
3256.393066
3274.712891
3291.981934
3302.907959
3322.889893
3328.545898
3331.570068
3347.093018
3377.268066
3395.759033
3403.566895
3411.224121
3443.520020
3490.759033
3518.280029
3541.260986
3553.477051
3566.291992
3573.803955
3595.767090
3620.845947
3636.929932
3651.794922
3660.743896
3670.955078
3685.028076
3696.697998
3724.273926
3751.541016
3759.039062
3764.916992
3779.246094
3782.117920
3785.259033
