2.55947
3.06314
3.56477
4.06539
4.58363
5.06656
5.56799
6.06826
6.57648
7.06813
7.56892
8.08427
8.56897
9.06857
9.56898
10.0681
10.5687
11.0683
11.5685
12.0696
12.607
13.0865
13.5701
14.0702
14.5712
15.0715
15.5728
16.0726
16.5729
17.0725
17.5719
18.072
18.5814
19.0723
19.573
20.0737
20.5744
21.0741
21.5765
22.0953
22.574
23.0756
23.5894
24.075
24.5757
25.0752
25.5765
26.0754
26.5761
27.0842
27.577
28.0768
28.5779
29.0777
29.5775
30.0779
30.5777
31.1312
31.5779
32.0776
32.5781
33.0998
33.5909
34.079
34.6376
35.0834
35.5802
36.1533
36.5917
37.081
37.58
38.1576
38.5802
39.0804
39.5799
40.0812
40.5815
41.1049
41.582
42.0824
42.582
43.0825
43.5827
44.1163
44.5825
45.0819
45.6492
46.0822
46.5828
47.0822
47.5843
48.0846
48.5844
49.1309
49.5853
50.0849
50.6242
51.0848
51.5846
52.144
52.6241
53.0861
53.6434
54.0882
54.5865
55.0862
55.6203
56.086
56.5862
57.1251
57.5902
58.0881
58.6088
59.0879
59.5878
60.0881
60.6145
61.0892
61.5888
62.0878
62.5946
63.0886
63.5885
64.0925
64.59
65.0896
65.6363
66.0905
66.5903
67.1672
67.5932
68.092
68.5926
69.1553
69.606
70.0926
70.5921
71.1667
71.5923
72.092
72.6538
73.1318
73.5934
74.0935
74.6268
75.1071
75.6674
76.1416
76.5945
77.0949
77.6521
78.0993
78.596
79.1726
79.6331
80.1286
80.5963
81.096
81.6502
82.0973
82.5959
83.0964
83.6326
84.0973
84.5982
85.0987
85.6666
86.098
86.6145
87.1797
87.6326
88.0987
88.6868
89.0985
89.6438
90.0979
90.6091
91.0993
91.6415
92.1009
92.7157
93.1001
93.6272
94.1009
94.6198
95.1013
95.6049
96.1028
96.602
97.102
97.6427
98.1027
98.6024
99.1711
99.6132
100.104
100.604
101.144
101.604
102.104
102.659
103.135
103.605
104.104
104.63
105.167
105.604
106.149
106.606
107.106
107.663
108.144
108.606
109.107
109.607
110.154
110.607
111.107
111.658
