0.00485092
0.0069523
0.0107561
0.000509999
0.000472559
0.00641957
0.00109757
0.00121062
0.00147534
0.00141912
0.0137903
0.000880073
0.000882729
0.00128589
0.00129688
0.00120407
0.000653409
0.00326642
0.00366401
0.00135728
0.00538818
0.00126206
0.00107801
0.00196759
0.0015936
0.00254748
0.00116755
0.000449595
0.000713535
0.00104422
0.000711445
0.000857193
0.00109137
0.00482246
0.00565691
0.0020266
0.0101402
0.00751854
0.00205506
0.00568815
0.00248666
0.00107308
0.00104268
0.00863808
0.000254825
0.0129359
0.000759521
0.0017896
0.00962941
0.000821228
0.00113494
0.00121178
0.000966981
0.000639694
0.0013202
0.00098473
0.00971782
0.0148885
0.000692068
0.00504961
0.000316776
0.000348279
0.000792411
0.00400698
0.0148157
0.00138634
0.00162459
0.00137686
0.0172246
0.000462234
0.00136041
0.00157448
0.000909276
0.00130879
0.00871323
0.000714643
0.00107143
0.00480343
0.00190201
0.00235476
0.00323303
0.00533017
0.0012683
0.00152376
0.0035079
0.000932895
0.000876613
0.00132363
0.00150435
0.00216696
0.00148033
0.00108829
0.00808018
0.0062417
0.000734176
0.000416364
0.000727643
0.000464434
0.000883838
0.000600322
0.000759569
0.00418015
0.000794464
0.00273231
0.0166272
0.022611
0.008223
0.00571152
0.0010414
0.000295129
0.00312721
0.00147994
0.00403619
0.00148799
0.00193395
0.000500082
0.00131785
0.00565166
0.00104112
0.00413263
0.000636156
0.00943029
0.00364534
0.000589828
0.00191703
0.000655455
0.00278586
0.00192886
0.000581544
0.00585176
0.0028669
0.00752852
0.00244735
0.000803599
0.00909361
0.000802706
0.00126763
0.00146062
0.00191737
0.000975845
0.00178421
0.0144045
0.00100573
0.00131844
0.00326445
0.00391323
0.000907365
0.00269913
0.0013997
0.00143291
0.00280011
0.0029664
0.00259944
0.00134332
0.00302267
0.00645901
0.0112088
0.0112984
0.0110513
0.00374159
0.00238301
0.00613025
0.0078646
0.00475818
0.00964503
0.00511988
0.00843059
0.00959608
0.00515675
0.00685577
0.00872452
0.0042058
0.0048601
0.0097315
0.00637408
0.00937339
0.00540192
0.00709088
0.00811702
0.00741734
0.00927444
0.00449005
0.00425119
0.00812399
0.00917868
0.00621705
0.00757089
0.00713095
0.0086385
0.00882224
0.00583009
0.00950316
0.00430446
0.00426257
0.00634376
0.00926854
0.00464136
0.00772782
0.00931003
0.00825956
0.00858475
0.00521012
0.00875362
0.00423926
0.0049131
0.0122562
0.00447349
0.00848298
0.00845502
0.00497164
0.00828247
0.00645942
0.00710641
0.0107348
0.00420481
0.0049497
0.00969248
0.00526164
0.00946147
0.00534507
0.00467892
0.00919161
0.00646894
0.00880362
0.00507377
0.00688838
0.00577722
0.00503491
0.00426094
0.00555096
0.00676905
0.00452097
0.0103609
0.00427254
0.00441759
0.0056603
0.00661878
0.00954406
0.00421077
0.00618769
0.00831259
0.00493339
0.00938096
0.00675255
0.0042511
0.00443603
0.00769502
0.00473634
0.01034
0.00975003
0.00517353
0.00984063
0.00645119
0.0071587
0.004241
0.00427382
0.00893196
0.00505582
0.0043232
0.00763354
0.00915751
0.0084213
0.00765033
0.00495232
0.0103502
0.0043217
0.00587285
0.00612134
0.00874459
0.00903728
0.00556121
0.00945276
0.00644597
0.00448958
0.0100813
0.00592779
0.0042355
0.00522352
0.00662522
0.00879225
0.00908422
0.0055829
0.0105569
0.00819084
0.00683704
0.0108379
0.00429414
0.00441341
0.0071114
0.01126
0.00934866
0.0062811
0.00462923
0.0102674
0.00455903
0.00666389
0.010283
0.0044232
0.00414228
0.0114643
0.00766042
0.00943435
0.00848954
0.00439965
0.00833332
0.00833758
0.00536982
0.0103545
0.0078361
0.00414708
0.00610928
0.00702066
0.00577665
0.00950898
0.00484448
0.00914431
0.00936396
0.00627178
0.00960722
0.00419078
0.00501534
0.00950154
0.00656378
0.0113469
0.0103923
0.00449155
0.00878891
0.00918843
0.00498885
0.010649
0.0041921
0.00426663
0.00855405
0.00493179
0.00558973
0.00483189
0.00517835
0.0090383
0.00550827
0.00854119
0.00424507
0.00981463
0.00677945
0.00883465
0.00598813
0.00880778
0.00857402
0.00427949
0.00787948
0.00627304
0.00720773
0.0118705
0.00413245
0.00589333
0.00950027
0.00421933
0.0101846
0.00606322
0.00662503
0.00965536
0.00427945
0.00905244
0.00884959
0.00420318
0.00524685
0.0112031
0.012222
0.00807211
0.0102958
0.00472735
0.00927486
0.00665015
0.00418285
0.0073986
0.00819808
0.00969163
0.00884817
0.00499925
0.0079371
0.0122634
0.00462804
0.00497869
0.00991376
0.0041512
0.00743783
0.0100034
0.00657759
0.00926493
0.00706223
0.00808672
0.00888118
0.00464498
0.0103736
0.00705662
0.00421384
0.00548844
0.0101789
0.00465599
0.00922325
0.00792995
0.0064778
0.009905
0.00511888
0.00684292
0.00419485
0.00501867
0.00760291
0.00612798
0.00994679
0.00945291
0.00960399
0.0104066
0.00886712
0.00438576
0.00547558
0.00907028
0.00428764
0.00858249
0.00777062
0.00634905
0.0105425
0.00475723
0.00821948
0.00986654
0.00684822
0.00918123
0.00708491
0.00500715
0.00959615
0.00633651
0.00911312
0.00888104
0.00727156
0.00953176
0.00705436
0.00621078
0.00939798
0.00418149
0.00844881
0.0103736
0.00452366
0.0109168
0.00860289
0.00447806
0.00891594
0.00954224
0.00956467
0.00423844
0.00841497
0.00953771
0.00713412
0.00960376
0.00794934
0.00733995
0.0049875
0.00948783
0.0113925
0.00428012
0.00437512
0.0104527
0.0069735
0.00566027
0.00663747
0.00885371
0.00892252
0.00515952
0.00990292
0.00699357
0.00437669
0.00570593
0.0111624
0.00930902
0.00494898
0.00869036
0.00717757
0.00838543
0.00861297
0.00537073
0.00422977
0.00474734
0.00838061
0.00848415
0.00485634
0.00981798
0.00485729
0.00666494
0.0137877
0.0108814
0.0045686
0.00657078
0.0043588
0.0077851
0.00680974
0.00679634
0.0104953
0.00714048
0.00880039
0.00945644
0.00420662
0.00566984
0.00826646
0.00724777
0.00596644
0.00916821
0.00902881
0.0062153
0.00563665
0.00860447
0.0121094
0.00477008
0.00912921
0.00820799
0.00826037
0.0113918
0.0104407
0.0106467
0.00595719
0.00704065
0.00495696
0.00431355
0.00529168
0.00527274
0.00960098
0.00694715
0.00838519
0.00457113
0.00478542
0.00881837
0.00848242
0.00516516
0.00427564
0.00425918
