7.92705
9.61718
12.417
22.4085
22.4188
22.5927
22.6074
22.6284
22.648
22.6678
23.2248
25.4075
25.4198
25.44
25.4595
25.4802
27.1148
27.1372
29.7866
29.804
31.4918
31.5076
31.5196
31.5408
31.5597
31.5806
33.36
42.1054
42.1257
42.1462
42.1663
42.9434
42.9636
43.5867
43.8125
44.0167
44.0451
44.0617
44.0763
44.1007
48.6492
48.6678
48.6871
50.2037
50.2145
55.8355
55.8531
57.1284
57.3437
59.9468
59.9602
60.4193
60.4397
60.4586
64.0478
64.0603
64.2675
64.7211
64.739
64.7652
68.6406
68.6511
68.6641
86.9701
87.0015
87.0159
87.0287
87.1963
89.02
89.0312
89.0445
89.0644
93.9321
94.1634
94.3708
94.3831
94.403
95.2355
95.2527
96.1006
96.1221
96.1434
96.544
96.5639
96.586
96.6036
96.6237
96.6437
96.6644
96.6851
96.7042
96.7325
96.7504
98.4525
98.4669
101.671
108.407
109.647
109.659
109.679
109.699
110.095
110.111
112.065
112.503
114.482
115.502
117.008
117.023
117.035
117.058
117.076
122.251
122.268
125.324
129.063
129.084
130.844
130.86
130.883
130.899
133.676
135.45
135.467
135.661
135.679
135.701
135.72
135.739
136.556
140.517
144.586
148.093
148.111
152.499
152.511
152.532
152.552
152.572
152.591
152.612
159.377
166.475
171.211
171.234
181.186
184.654
184.675
184.694
184.887
184.908
184.929
184.948
184.967
184.99
187.486
187.51
187.53
187.562
206.419
214.681
219.653
219.674
219.691
219.716
219.731
219.755
219.777
219.792
219.814
219.835
219.859
219.875
219.9
219.917
219.94
219.956
219.978
219.999
220.017
220.04
220.062
220.079
220.103
220.124
220.141
220.162
220.181
220.203
220.223
220.24
220.264
220.293
220.306
220.329
220.351
220.367
220.39
220.412
220.431
220.451
220.468
220.492
220.527
220.544
220.572
220.592
220.615
220.636
220.652
220.675
220.694
220.715
220.738
220.759
220.773
220.799
220.815
220.839
220.855
220.875
220.899
220.916
220.939
220.963
220.981
221.001
221.02
221.038
221.06
221.081
221.099
221.125
221.169
221.183
221.204
221.226
221.248
221.263
221.284
221.307
221.323
221.348
221.365
221.401
221.415
221.439
221.455
221.481
221.501
221.515
221.54
221.557
221.578
221.6
221.615
221.64
221.655
221.675
221.698
221.72
221.739
221.758
221.775
221.8
221.826
221.844
221.865
221.893
221.919
221.936
221.96
221.977
221.995
222.02
222.036
222.059
222.076
222.097
222.119
222.139
222.156
222.181
222.198
222.218
222.241
222.264
222.279
222.302
222.326
222.344
222.361
222.379
222.405
222.419
222.441
222.465
222.479
222.496
222.526
222.55
222.572
222.591
222.607
222.631
222.651
222.668
222.693
222.71
222.728
222.749
222.769
222.788
222.812
222.827
222.851
222.872
222.888
222.912
222.928
222.947
222.972
222.989
223.014
223.045
223.059
223.083
223.104
223.12
223.145
223.163
223.179
223.203
223.22
223.24
223.259
223.279
223.303
223.32
223.343
223.364
223.384
223.401
223.423
223.441
223.463
223.483
223.499
223.522
223.54
223.562
223.587
223.604
223.621
223.644
223.659
223.685
223.7
223.721
223.744
223.759
223.784
223.803
223.831
223.847
223.874
223.907
223.931
223.953
223.98
224.004
224.021
224.037
224.062
224.083
224.104
224.123
224.139
224.163
224.187
224.207
224.228
224.253
224.268
224.29
224.313
224.329
224.351
224.37
224.39
224.412
224.428
224.453
224.47
224.5
224.52
224.545
224.56
224.584
224.602
224.621
224.644
224.66
224.681
224.703
224.72
224.742
224.761
224.784
224.804
224.824
224.845
224.863
224.878
224.9
224.923
224.941
224.963
224.983
225.001
225.025
225.04
225.063
225.084
225.101
225.124
225.141
225.163
225.184
225.201
225.224
225.243
225.262
225.284
225.301
225.321
225.343
225.36
225.383
225.405
225.419
225.446
225.471
225.488
225.512
225.534
225.554
225.569
225.593
225.614
225.632
225.655
225.674
225.693
225.711
225.735
225.757
225.777
225.791
225.816
225.833
225.851
225.872
225.895
225.915
225.932
225.957
225.974
226.007
226.024
226.049
226.076
226.091
226.115
226.133
226.154
226.174
226.191
226.206
226.223
226.246
226.266
226.283
226.308
226.323
226.345
226.373
226.398
226.439
226.457
226.475
226.498
226.517
226.537
226.561
226.578
226.6
226.62
226.636
226.656
226.679
226.697
226.717
226.74
226.76
226.777
226.796
226.819
226.843
226.868
226.888
226.907
226.926
226.95
226.981
227.001
227.017
227.038
227.056
227.071
227.096
227.116
227.14
227.158
227.179
227.195
227.215
227.239
227.259
227.276
227.301
227.314
