7.94368
9.63311
11.2975
12.4283
14.138
15.2291
16.2899
18.0464
18.2591
18.7391
18.9339
19.1615
20.1995
21.0911
21.5626
22.4406
22.6896
23.0266
23.2408
25.0091
25.5014
27.1571
27.3477
29.0833
29.817
31.6005
33.3873
35.1287
36.4612
38.2011
38.8488
39.6702
41.4371
42.1873
42.9857
43.6059
43.8281
44.1294
45.7797
47.5004
48.7117
50.2425
51.9656
53.7267
54.1474
55.6277
55.8654
56.0231
56.456
57.151
57.3575
58.2406
59.9853
60.4824
62.169
63.8646
64.09
64.2827
64.4704
64.7835
66.4374
68.1521
68.3991
68.6859
69.6883
71.3404
71.7743
73.5319
74.6322
76.1666
77.2686
79.0207
80.713
82.4149
83.4826
85.0037
86.7568
87.0494
87.2094
89.0871
89.4278
89.6404
90.9019
92.643
93.5118
93.9563
94.195
94.4269
95.266
95.8883
96.1649
96.7726
98.4927
100.144
101.686
103.427
105.181
106.895
107.98
108.42
109.724
110.134
111.829
112.086
112.266
112.521
112.704
114.509
115.515
116.348
117.096
118.783
120.536
122.297
124.066
125.344
127.041
128.857
129.097
130.922
132.588
133.688
135.489
135.761
135.883
136.58
138.316
138.788
139.904
140.536
141.379
143.062
144.6
146.311
148.134
148.317
150.071
151.823
152.058
152.64
154.442
155.774
156.213
156.449
158.219
159.391
160.638
161.066
162.764
163.25
164.94
165.804
166.007
166.499
168.202
169.289
171.021
171.251
171.417
173.153
174.909
176.626
178.329
180.1
181.206
181.619
182.517
182.723
184.454
184.715
185.008
186.853
187.592
189.219
190.966
192.693
194.423
196.117
197.828
199.582
201.282
203.014
204.748
206.446
208.189
209.978
211.66
213.394
214.452
214.693
214.911
216.581
217.244
217.671
219.446
