0.00122491
0.00269447
0.00321367
0.00159631
0.000551454
0.0167777
0.00646524
0.024072
0.0121121
0.0171365
0.00777476
0.0115699
0.0127317
0.000701354
0.00764783
0.00157897
0.00340853
0.0164669
0.00171555
0.0263292
0.00282938
0.0028887
0.00123825
0.00101863
0.00259441
0.00258377
0.00883797
0.0017476
0.00280969
0.00244941
0.00573835
0.00343946
0.0101057
0.00167416
0.00345665
0.00318902
0.00162456
0.015148
0.00502242
0.00183252
0.00525961
0.0075799
0.0152132
0.0199988
0.000582762
0.00136034
0.00245394
0.00480516
0.00108359
0.0042651
0.00268755
0.0139371
0.00707484
0.00336608
0.00191847
0.0177355
0.0113023
0.00439234
0.0118672
0.00519566
0.00281421
0.00132086
0.00844757
0.00346118
0.00209025
0.00108482
0.0115685
0.00166886
0.00154752
0.00124629
0.00242357
0.0218451
0.00207504
0.0238527
0.0277802
0.0051967
0.0145819
0.00331182
0.00302333
0.00427658
0.00571554
0.00991712
0.00189104
0.0127182
0.00952029
0.0135374
0.0129195
0.00388779
0.00342706
0.0220477
0.00647269
0.0103355
0.00265864
0.0054191
0.00348308
0.0123118
0.00258176
0.0173269
0.00220368
0.00134304
0.00614892
0.00322735
0.00219176
0.00349892
0.00738133
0.00154431
0.00940161
0.0103113
0.00136896
0.00954732
0.00140504
0.00102137
0.00234857
0.0103808
0.0107618
0.00175372
0.0060994
0.00261266
0.00256455
0.00293811
0.0256246
0.00148399
0.00189449
0.00252909
0.000793973
0.00926023
0.00108365
0.00151671
0.0129483
0.0020309
0.00122161
0.00329633
0.0017516
0.00118613
0.00240607
0.00230815
0.00069962
0.0163418
0.0114736
0.00932345
0.0194749
0.00779044
0.00606953
0.013848
0.000892102
0.00134337
0.0122436
0.00370033
0.00111545
0.0138163
0.0100531
0.00108007
0.00101426
0.00406293
0.00146477
0.00265182
0.00260249
0.0048157
0.00983803
0.00468888
0.00328371
0.00247718
0.0025203
0.00972714
0.00325467
0.00455557
0.00676193
0.00492463
0.00371404
0.0026584
0.00141039
0.00260048
0.0127678
0.011956
0.00723069
0.00972563
0.0127422
0.0102452
0.0132399
0.00661137
0.00770056
0.0110719
0.00502875
0.0116412
0.0028041
0.00417302
0.00165968
0.00298479
0.0012089
0.00183081
0.020586
0.0101212
0.00114011
0.00409108
0.00740988
