0.202242
0.202305
0.202375
0.202430
0.202485
0.202542
0.202604
0.202658
0.202730
0.202792
0.202859
0.242711
0.366274
0.516569
0.679470
0.811649
0.913735
0.986222
1.001974
1.198377
1.607809
1.904855
2.096129
2.214489
2.285041
2.340089
2.408239
2.505798
2.628166
2.795068
2.956275
3.072544
3.131927
3.182973
3.268248
3.381579
3.525788
3.637278
3.747165
3.828732
3.913116
3.992021
4.056940
4.138535
4.218544
4.320953
4.434653
4.531218
4.603505
4.646120
4.690983
4.766428
4.890616
5.028388
5.224444
5.415013
5.658921
5.878915
6.094150
6.290307
6.489438
6.689477
6.871119
7.088301
7.308173
7.499818
7.693818
7.924138
8.116648
8.303350
8.508290
8.695831
8.864820
9.035338
9.216504
9.471903
9.695229
9.910187
10.072450
10.229958
10.412328
10.662886
10.886640
11.133619
11.353777
11.568463
11.795733
11.994063
12.228217
12.433180
12.637420
12.838064
13.065479
13.257779
13.445742
13.657690
13.857355
14.028430
14.204635
14.421794
14.660484
14.873217
15.124456
15.339587
15.580688
15.777251
15.986953
16.137976
16.301514
16.460134
16.673028
16.871776
17.073649
17.304783
17.484806
17.664430
17.784174
17.864697
17.926733
18.011253
18.133208
18.270638
18.465077
18.686634
18.898148
19.067466
19.250367
19.387346
19.502946
19.610726
19.702793
19.837874
19.992050
20.181999
20.401354
20.636425
20.865300
21.068775
21.262531
21.412165
21.502564
21.565156
21.636590
21.748710
21.909683
22.101418
22.318476
22.521840
22.735027
22.953119
23.211691
23.464115
23.679039
23.889087
24.123488
24.349732
24.560573
24.766091
24.957326
25.169596
25.386939
25.631025
25.846815
26.010864
26.152241
26.281810
26.362131
26.447565
26.584395
26.791444
26.975097
27.186454
27.371223
27.585936
27.798012
28.005786
28.220393
28.409954
28.600021
28.821487
29.005429
29.184189
29.328128
29.460550
29.612694
29.777674
29.989125
30.192054
30.398520
30.638384
30.844861
31.084724
31.317773
31.497831
31.651048
31.762404
31.857602
31.939588
32.030475
32.139401
32.294994
32.436398
32.562646
32.639903
32.719610
32.833559
33.005404
33.213759
33.443926
33.687257
33.919184
34.179232
34.419901
34.615028
34.838738
35.033389
35.260207
35.478714
35.668914
35.895173
36.122238
36.323086
36.477157
36.626524
36.778708
36.960701
37.152002
37.314286
37.476826
37.594582
37.750780
37.950502
38.142040
38.375311
38.615444
38.826106
39.073086
39.277640
39.475653
39.687745
39.868873
39.997687
40.107316
40.216039
40.324310
40.444994
40.569406
40.697449
40.824133
41.000370
41.175271
41.319629
41.474527
41.630235
41.769546
41.886887
42.044919
42.199190
42.369685
42.531846
42.726437
42.930983
43.162736
43.390657
43.625769
43.856118
44.047611
44.235128
44.454360
44.680433
44.903770
45.097035
45.323446
45.521668
45.759531
45.962476
46.164196
46.396145
46.594386
46.820643
47.009992
47.192437
47.367317
47.534982
47.695406
47.879928
48.038015
48.196954
48.354180
48.541701
48.744610
48.970028
49.172710
49.413658
49.619723
49.819944
50.042531
50.221120
50.419354
50.616138
50.825033
51.014453
51.241068
51.453094
51.611534
51.744335
51.868245
51.999320
52.087494
52.184109
52.284309
52.411904
52.581795
52.743263
52.906032
53.059919
53.201584
53.339950
53.473415
53.530913
53.632923
53.845072
54.196285
54.670478
55.122003
55.299164
55.397663
55.425025
55.467926
55.548128
55.633471
55.687277
55.738105
55.835155
55.838020
55.881635
55.898036
55.962753
56.051443
56.157967
56.217867
56.346561
56.396230
56.462917
56.559846
56.637757
56.804097
56.943216
57.033249
57.112240
57.231574
57.366151
57.391886
57.422517
57.444950
57.498705
57.615988
57.702087
57.925407
58.255907
58.508342
58.646719
58.786487
58.911614
59.074095
59.284840
59.527098
59.785974
59.928304
60.025435
60.189444
60.318989
60.463284
60.677258
61.061963
61.395354
61.681836
61.857443
61.972815
62.111776
62.257055
62.455437
62.622673
62.678581
62.757633
63.014773
63.349230
63.716462
63.976456
64.157813
64.329975
64.530741
64.764741
64.982555
65.202856
65.438487
65.648592
65.851241
66.027555
66.239963
66.419647
66.609028
66.754971
66.921892
67.084744
67.273085
67.473433
67.671803
67.864085
68.052471
68.265475
68.470527
68.643470
68.848947
69.056488
69.239782
69.455649
69.642863
69.862010
70.043891
70.250089
70.453210
70.609410
70.744772
70.875505
71.062543
71.295618
71.522108
71.699170
71.866856
72.063201
72.221332
72.376762
72.483600
72.584502
72.674331
72.761705
72.810340
72.907553
73.068683
73.213101
73.341501
73.451817
73.577626
73.699245
73.814608
73.922181
74.066684
74.208128
74.382076
74.533870
74.684867
74.852631
75.015611
75.193981
75.374931
75.616236
75.877839
76.088225
76.265084
76.391565
76.472140
76.487439
76.536173
76.655955
76.831711
77.009569
77.215658
77.387768
77.486424
77.544962
77.570376
77.634392
77.725803
77.869098
78.036000
78.194601
78.364366
78.544835
78.766723
78.964901
79.163563
79.390337
79.595070
79.760621
79.929587
80.052403
80.111534
80.155534
80.225108
80.327585
80.485123
80.649605
80.828947
81.012567
81.211036
81.361565
81.511521
81.622601
81.749033
81.868584
82.025560
82.172340
82.359339
82.563234
82.749733
82.974009
83.169137
83.405142
83.609480
83.835941
84.023881
84.246942
84.472998
84.671582
84.902573
85.100965
85.298719
85.530475
85.735515
85.931870
86.151130
86.327512
86.490645
86.665506
86.881038
87.047113
87.201535
87.347887
87.509664
87.665073
87.795415
87.879615
87.947445
87.994318
88.056949
88.165658
88.269242
88.344636
88.389036
88.479401
88.614737
88.771306
88.915669
89.046765
89.202856
89.318358
89.401214
89.499896
89.671907
89.898308
90.083789
90.223887
90.318726
90.382538
90.477781
90.600596
90.724500
90.887047
91.072096
91.242214
91.451128
91.638065
91.857751
92.045909
92.230497
92.410915
92.617999
92.784324
92.930755
93.064161
93.150092
93.220343
93.301903
93.406441
93.541539
93.678501
93.844303
94.009676
94.166032
94.315518
94.459302
94.577137
94.698494
94.842609
95.017772
95.148220
95.234915
95.252137
95.281138
95.364151
95.496685
95.650304
95.867634
96.119655
96.349471
96.589688
96.836989
97.127661
97.415669
97.699761
97.929806
98.147608
98.385945
98.583525
98.810555
99.043432
99.276683
99.482231
99.723178
99.929659
100.165487
100.351948
100.543580
100.709324
100.857308
100.959016
101.103752
101.274186
101.488808
101.663176
101.849417
102.104218
102.367603
102.616098
102.836398
103.012470
103.171490
103.324674
103.498013
103.715123
103.931101
104.120410
104.316153
104.550958
104.756831
104.998534
105.218348
105.373109
105.519854
105.692629
105.881000
106.079387
106.220373
106.342080
106.477801
106.597154
106.748821
106.901021
107.027563
107.111920
107.214420
107.331993
107.444140
107.576768
107.763009
107.973064
108.142935
108.314241
108.438349
108.557779
108.640595
108.716710
108.779808
108.833882
108.898894
108.960764
109.046979
109.134254
109.250858
109.379533
109.501146
109.659849
109.796158
109.892869
110.006764
110.128537
110.308180
110.488158
110.723336
110.932537
111.170719
111.358366
111.545666
111.704453
111.828043
111.980101
112.143496
112.297241
112.391026
112.440024
112.490942
112.605398
112.727602
112.857049
113.045163
113.241520
113.495738
113.726247
113.999298
114.236772
114.518595
114.797049
115.042317
115.315539
115.593701
115.821055
116.066229
116.261163
116.475541
116.674439
116.868718
117.074655
117.289427
117.513076
117.712153
117.955914
118.205856
118.464108
118.691122
118.956656
119.181006
119.423045
119.591398
119.716340
119.818617
119.904964
120.016015
120.184072
120.340503
120.466595
120.569431
120.636189
120.776251
120.949390
121.163981
121.338182
121.531548
121.711677
121.848413
121.969283
122.071806
122.188094
122.343169
122.531102
122.771009
122.984062
123.232864
123.448632
123.710268
123.938715
124.168834
124.433791
124.683502
124.873566
125.072224
125.256763
125.404860
125.556394
125.669669
125.781970
125.858320
125.919820
125.978029
126.043753
126.156759
126.259425
126.379253
126.506309
126.620647
126.756026
126.919595
127.145931
127.357626
127.607207
127.819157
128.025687
128.226371
128.456093
128.631051
128.796667
128.921415
129.069380
129.233843
129.387453
129.557080
129.775772
130.017280
130.240722
130.515639
130.790445
131.026097
131.293680
131.517838
131.736431
131.950123
132.196637
132.434967
132.639177
132.843122
133.079158
133.281500
133.518426
133.718059
133.917075
134.115653
134.344327
134.569255
134.759534
134.980263
135.165110
135.349159
135.563269
135.779783
135.969189
136.196547
136.425171
136.627689
136.869652
137.082128
137.333642
137.581211
137.794553
138.039590
138.240043
138.443279
138.613869
138.782807
138.933994
139.108262
139.236993
139.368989
139.572162
139.762588
139.969174
140.137696
140.345246
140.533496
140.762396
140.980966
141.171555
141.363048
141.541841
141.714593
141.840639
141.936157
142.010483
142.113828
142.229226
142.369578
142.559532
142.772015
142.946576
143.096546
143.268674
143.434141
143.660394
143.872194
144.115193
144.315319
144.545051
144.681778
144.730613
144.849703
144.972819
145.208213
145.439327
145.638552
145.792853
145.921300
146.086152
146.272317
146.495332
146.724541
146.953169
147.151724
147.382128
147.580880
147.779228
147.976786
148.208861
148.435696
148.630453
148.825141
149.020737
149.249915
149.449205
149.648460
149.845772
150.074869
150.295886
150.513492
150.700008
150.887131
151.076796
151.305333
151.535353
151.737909
151.977339
152.187640
152.439908
152.663176
152.909173
153.118854
153.366239
153.575402
153.813024
154.041795
154.267942
154.461617
154.663747
154.903982
155.106188
155.302238
155.498489
155.734687
155.947747
156.166618
156.386464
156.642351
156.896798
157.122013
157.381434
157.597082
157.842881
158.049849
158.292809
158.501464
158.705165
158.935974
159.170695
159.372384
159.575559
159.810773
160.012130
160.212227
160.443481
160.650323
160.848714
161.047106
161.282110
161.515177
161.752987
161.984290
162.178711
162.401132
162.599355
162.842643
163.096971
163.306139
163.537446
163.729927
163.948624
164.139624
164.375111
164.580561
164.817450
165.018039
165.193722
165.356673
165.426357
165.698515
165.811245
165.966701
166.231838
166.600361
166.866811
167.111532
167.278600
167.669856
168.328006
169.135438
170.001862
170.695529
171.300302
171.814320
172.156707
172.431491
172.707481
172.962965
173.153972
173.321457
173.522831
173.708457
173.932881
174.124772
174.343761
174.532566
174.757520
174.981003
175.176492
175.405414
175.602104
175.833271
176.028142
176.253274
176.479098
176.712022
176.916692
177.119703
177.355514
177.556129
177.789880
178.021756
178.257981
178.459879
178.648869
178.831858
178.937929
179.027165
179.118470
179.201231
179.275985
179.319860
179.343378
179.364999
179.380280
179.394356
179.403896
179.409629
179.414554
179.418361
179.420833
179.422964
179.424485
179.425449
179.426183
179.426739
179.427218
179.427508
179.427748
179.427896
179.428020
179.428098
179.428168
