2.70727
2.94732
3.16556
3.36675
3.56975
3.76971
4.0027
4.20812
4.44331
4.67724
4.90587
5.14528
5.34701
5.5522
5.78803
6.02878
6.2534
6.49166
6.72355
6.91555
7.16035
7.36248
7.56383
7.79356
8.02307
8.23502
8.4669
8.69868
8.89262
9.13249
9.3484
9.6007
9.82898
10.0291
10.2227
10.4194
10.6547
10.8522
11.0711
11.2779
11.5277
11.7568
11.9593
12.1894
12.3946
12.6267
12.856
13.0718
13.2523
13.4806
13.7038
13.9011
14.1147
14.3304
14.5677
14.7731
15.0027
15.202
15.4036
15.6069
15.8307
16.0649
16.2706
16.4952
16.7315
16.9236
17.1457
17.3556
17.5733
17.7644
18.0052
18.2366
18.4723
18.7108
18.9159
19.1383
19.3427
19.5712
19.7705
19.967
20.1764
20.414
20.6143
20.8469
21.079
21.3118
21.545
21.745
21.9745
22.1773
22.3713
22.5746
22.8011
22.9995
23.1979
23.4352
23.6655
23.861
24.0604
24.299
24.5438
24.7272
24.9686
25.1625
25.3925
25.5978
25.8282
26.0296
26.262
26.4609
26.6928
26.8984
27.0962
27.335
27.537
27.7673
27.9697
28.1691
28.4054
28.6337
28.8694
29.0717
29.3106
29.5453
29.7724
29.9785
30.2074
30.405
30.604
30.8439
31.0416
31.2768
31.469
31.6728
31.8732
32.0678
32.2756
32.4848
32.7053
32.9359
33.1461
33.3459
33.5805
33.8103
34.0465
34.2743
34.5084
34.7093
34.9088
35.1113
35.3417
35.5707
35.7707
35.9694
36.2066
36.4396
36.6741
36.9041
37.1013
37.3103
37.512
37.7467
37.9854
38.1879
38.391
38.6209
38.832
39.0193
39.2239
39.4522
39.6552
39.8846
40.083
40.3192
40.5522
40.7893
41.006
41.2241
41.416
41.6642
41.8644
42.0943
42.3275
42.5305
42.729
42.931
43.1593
43.3588
43.5635
43.7968
44.0033
44.2395
44.4694
44.6658
44.8888
45.1254
45.3609
45.5698
45.7612
45.9641
46.1846
46.3825
46.6191
46.8495
47.0489
47.2532
47.4868
47.7233
47.9639
48.1911
48.4067
48.635
48.8673
49.0642
49.3003
49.5044
49.7469
49.9829
50.1824
50.4026
50.6439
50.8743
51.0712
51.2738
51.4653
51.6961
51.9337
52.1474
52.3709
52.5754
52.7974
53.03
53.2369
53.4587
53.6947
53.9015
54.1364
54.3482
54.5419
54.7681
54.9977
55.1971
55.4053
55.6146
55.8116
56.0074
56.2184
56.4433
56.6483
56.8892
57.1155
57.3207
57.5423
57.7866
58.0141
58.2155
58.4533
58.6512
58.8811
59.0778
59.2881
59.487
59.7067
59.9363
60.1767
60.4035
60.6121
60.8148
61.0491
61.2753
61.5089
61.7166
61.9477
62.1578
62.3878
62.584
62.7882
63.0186
63.228
63.4351
63.6336
63.8367
64.034
64.2371
64.4364
64.6891
64.8863
65.0872
65.2983
65.5146
65.7484
65.9824
66.19
66.4235
66.6181
66.8133
67.0407
67.2412
67.4706
67.7155
67.931
68.1352
68.3748
68.6081
68.8157
69.0124
69.219
69.46
69.6695
69.8798
70.0801
70.2973
70.5153
70.7139
70.9121
71.1086
71.314
71.5425
71.7442
71.9471
72.1816
72.4156
72.617
72.8433
73.0779
73.2818
73.5152
73.7145
73.9477
74.1491
74.3791
74.6141
74.8438
75.0804
75.2818
75.5116
75.7153
75.9429
76.1464
76.384
76.6138
76.8146
77.0452
77.2475
77.45
77.6539
77.8822
78.1164
78.3147
78.5449
78.7469
78.9818
79.1874
79.4127
79.6156
79.8464
80.0516
80.2804
80.4822
80.6861
80.8848
81.0915
81.2909
81.523
81.7332
81.9342
82.1386
82.3705
82.5706
82.7975
83.0265
83.2338
83.4391
83.6449
83.8779
84.0855
84.3326
84.5515
84.7562
84.9812
85.1798
85.4088
85.6434
85.8415
86.042
86.2799
86.4903
86.7297
86.9558
87.1797
87.4167
87.6444
87.8842
88.087
88.2852
88.5203
88.7506
88.9889
89.1876
89.4112
89.6188
89.8531
90.0574
90.2868
90.4955
90.698
90.8906
91.1006
91.2962
91.501
91.7238
91.9515
92.1519
92.3832
92.6162
92.8206
93.048
93.2495
93.4892
93.6921
93.9199
94.1468
94.3509
94.5825
94.7837
94.9902
95.2163
95.4524
95.6506
95.8543
96.0874
96.2985
96.5299
96.7313
96.9583
97.1654
97.4067
97.6057
97.7954
98.0199
98.2305
98.4354
98.6274
98.8552
99.0563
99.2561
99.4548
99.6956
99.8866
100.127
100.33
100.531
100.763
101.01
101.214
101.418
101.654
101.882
102.089
102.29
102.491
102.729
102.931
103.165
103.397
103.628
103.83
104.053
104.294
104.498
104.729
104.927
105.163
105.361
105.603
105.835
106.036
106.237
106.433
106.667
106.862
107.065
107.297
107.528
107.732
107.959
108.195
108.396
108.596
108.801
108.998
109.23
109.432
109.63
109.84
110.077
110.282
110.515
110.713
110.948
111.15
111.386
111.584
111.815
112.053
112.246
112.476
112.683
112.905
113.11
113.336
113.54
113.778
114.01
114.214
114.447
114.639
114.84
115.076
115.287
115.482
115.72
115.923
116.121
116.328
116.56
116.765
116.992
117.231
117.458
117.692
117.929
118.131
118.366
118.57
118.766
118.999
119.19
119.432
119.64
119.85
120.076
120.309
120.52
120.718
120.949
121.15
121.354
121.555
121.785
122.035
122.231
122.429
122.663
122.902
123.138
123.373
123.572
123.808
124.043
124.247
124.474
124.683
124.908
125.111
125.311
125.514
125.749
125.946
126.149
126.375
126.581
126.788
127.025
127.249
127.484
127.683
127.898
128.13
128.363
128.614
128.842
129.049
129.289
129.522
129.75
129.953
130.181
130.385
130.58
130.827
131.058
131.253
131.487
131.725
131.917
132.112
132.309
132.546
132.787
133.023
133.229
133.429
133.656
133.86
134.103
134.333
134.567
134.764
134.997
135.198
135.435
135.649
135.871
136.113
136.333
136.534
136.759
136.968
137.2
137.397
137.595
137.831
138.073
138.305
138.536
138.775
139.014
139.205
139.4
139.645
139.879
140.076
140.27
140.504
140.702
140.938
141.165
141.368
141.575
141.768
141.977
142.204
142.4
142.599
142.843
143.049
143.274
143.475
143.669
143.898
144.138
144.369
144.566
144.773
145.008
145.239
145.435
145.661
145.873
146.098
146.297
146.533
146.767
146.974
147.192
147.395
147.628
147.83
148.074
148.305
148.514
148.757
148.989
149.191
149.42
149.621
149.853
150.053
150.292
150.485
150.716
150.915
151.136
151.368
151.566
151.785
152.024
152.257
152.479
152.666
152.916
153.144
153.344
153.541
153.777
153.985
154.206
154.412
154.629
154.832
155.064
155.305
155.515
155.752
155.988
156.194
156.425
156.632
156.864
157.089
157.316
157.548
157.775
158.007
158.203
158.444
158.675
158.905
159.113
159.351
159.556
159.794
160.004
160.193
160.422
160.617
160.824
161.052
161.253
161.458
161.689
161.888
162.121
162.319
162.552
162.748
162.986
163.219
163.418
163.642
163.879
164.089
164.287
164.485
164.716
164.915
165.141
165.347
165.585
165.792
165.995
166.231
166.464
166.663
166.899
167.121
167.322
167.553
167.751
167.992
168.189
168.409
168.638
168.833
169.073
169.272
169.514
169.715
169.915
170.146
170.356
170.584
170.785
171.006
171.198
171.396
171.603
171.835
172.036
172.265
172.475
172.708
172.937
173.137
173.343
173.573
173.795
174
174.234
174.46
174.668
174.897
175.102
175.308
175.497
175.731
175.975
176.177
176.384
176.612
176.808
177.038
177.244
177.447
177.647
177.887
178.108
178.315
178.544
178.756
178.957
179.185
179.419
179.621
179.851
180.08
180.289
180.507
180.701
180.941
181.169
181.376
181.604
181.807
182.046
182.275
182.5
182.708
182.941
183.134
183.349
183.569
183.773
184.005
184.207
184.44
184.635
184.874
185.105
185.3
185.501
185.701
185.935
186.166
186.397
186.6
186.836
187.033
187.238
187.464
187.693
187.895
188.101
188.337
188.539
188.768
188.977
189.197
189.394
189.637
189.873
190.068
190.31
190.525
190.756
190.947
191.146
191.374
191.578
191.773
191.975
192.209
192.443
192.671
192.883
193.119
193.298
193.5
193.726
193.957
194.184
194.39
194.591
194.787
195.02
195.219
195.418
195.615
195.851
196.087
196.312
196.517
196.709
196.908
197.136
197.363
197.571
197.804
198.012
198.243
198.451
198.678
198.894
199.126
199.33
199.563
199.796
200.024
200.227
200.433
200.665
200.864
201.061
201.265
201.49
201.685
201.889
202.086
202.322
202.55
202.759
202.985
203.187
203.421
203.63
203.869
204.07
204.273
204.501
204.728
204.929
205.132
205.36
205.57
205.769
205.999
206.204
206.403
206.608
206.836
207.066
207.306
207.541
207.74
207.968
208.174
208.405
208.643
208.847
209.07
209.277
209.508
209.719
209.949
210.129
210.356
210.565
210.763
210.993
211.199
211.44
211.64
211.842
212.067
212.303
212.489
212.718
212.951
213.154
213.379
213.56
213.796
213.987
214.185
214.43
214.666
214.873
215.095
215.291
215.489
215.689
215.927
216.123
216.353
216.561
216.788
216.993
217.227
217.461
217.657
217.885
218.091
218.327
218.526
218.765
218.991
219.227
219.429
219.63
219.855
220.058
220.289
220.522
220.755
220.957
221.165
221.396
221.594
221.821
222.055
222.26
222.492
222.724
222.924
223.158
223.36
223.6
223.826
224.033
224.264
224.496
224.699
224.937
225.158
225.356
225.564
225.772
226.003
226.202
226.434
226.632
226.863
227.066
227.297
