0.000000
0.000000
0.000000
41.544998
41.745998
41.759998
42.034000
42.058998
43.210999
48.590000
50.637001
54.092999
66.677002
73.041000
76.449997
85.954002
88.058998
92.612999
94.452003
95.976997
108.850998
126.332001
148.485992
155.779999
159.057007
161.791000
164.526001
174.069000
187.701996
192.119995
197.074997
203.412003
208.255997
217.751007
231.895004
254.602005
264.054993
268.621002
277.333008
285.118988
292.507996
299.302002
304.912994
306.720001
309.359009
311.127014
313.178009
313.519989
317.657990
318.084991
318.092987
319.782013
324.424011
328.403015
330.122986
330.125000
330.128998
330.144012
330.157013
330.223999
330.407990
332.063995
332.233002
332.576996
332.576996
332.580994
332.606995
332.608002
332.608002
332.608002
333.024994
337.200989
339.203003
343.166992
354.196991
366.209015
369.109985
371.808990
375.097992
379.187012
385.490997
388.498993
390.484985
391.984009
393.114990
396.640015
403.005005
405.183990
405.881012
406.260986
406.287994
406.485992
406.533997
407.593994
413.421997
417.855011
423.902008
446.601990
451.140015
455.765991
463.104004
466.734985
469.903992
471.260986
471.411011
472.546997
477.770996
480.792999
487.216003
490.066010
492.897003
495.213013
498.071991
500.929993
503.731995
504.381989
506.016998
509.204010
511.528992
522.533020
530.072021
540.343018
546.450989
550.943970
557.132019
561.190979
564.974976
574.812012
574.921997
577.140015
579.692993
580.510986
581.239014
587.823975
591.742004
603.228027
614.106018
615.281006
615.408020
615.424011
615.424011
615.424011
615.424011
615.424011
615.424011
615.424011
615.424011
615.424011
615.424011
615.424011
615.424011
615.424011
615.424011
615.424011
615.424011
615.424011
615.424011
615.424011
615.424011
615.471985
615.471985
615.473999
615.513977
615.846008
616.924988
618.216003
619.130005
620.797974
622.804016
623.901978
629.538025
632.948975
633.492981
634.383972
636.695007
642.184021
645.705017
649.893982
655.588013
658.442993
661.560974
662.215027
662.708008
664.192017
667.093994
668.487000
669.960999
671.414978
673.927979
678.072998
682.604980
685.924011
687.934021
688.028992
688.085999
688.112976
688.127991
688.244019
688.375000
688.421021
689.512024
692.849976
695.731018
698.697998
705.598022
711.247986
711.257019
711.257019
711.270996
712.409973
713.570007
713.570007
713.570007
714.140015
716.155029
720.612000
723.913025
727.463013
731.531006
733.877991
736.289978
738.491028
741.624023
742.482971
744.015015
748.603027
752.495972
755.752991
761.408020
764.463989
767.348022
776.275024
779.698975
779.888000
779.890991
779.893005
781.900024
785.216980
785.216980
785.216980
785.216980
785.216980
793.093994
793.093994
795.049988
796.296021
798.921997
801.543030
803.176025
805.049011
806.398010
812.073975
823.015015
832.547974
832.547974
837.517029
843.671997
843.693970
843.703003
843.705017
843.804016
844.114014
844.114014
847.226990
850.486023
854.294006
860.572021
870.614014
883.713989
900.067017
908.711975
915.523010
919.197998
921.072021
929.950989
940.999023
951.216980
956.583984
964.755981
968.849976
970.486023
975.193970
976.296997
979.060974
982.432007
982.677002
983.155029
985.080994
986.518005
987.374023
987.778992
987.791992
987.817993
988.689026
1003.630981
1004.156982
1004.195984
1004.245972
1004.250000
1004.299011
1007.835022
1007.859009
1015.947021
1018.434998
1018.924011
1019.544006
1021.351013
1021.351013
1022.870972
1027.357056
1030.619995
1033.577026
1035.287964
1035.811035
1037.990967
1044.931030
1056.599976
1059.246948
1060.897949
1062.689941
1063.135010
1063.373047
1064.359985
1064.982056
1065.253052
1065.260986
1065.260986
1065.260986
1065.666992
1075.014038
1076.520996
1076.890991
1076.915039
1076.967041
1077.024048
1077.563965
1079.078979
1079.141968
1079.141968
1079.786987
1082.141968
1083.395996
1083.896973
1084.468018
1084.759033
1084.759033
1084.759033
1084.759033
1084.784058
1084.784058
1084.784058
1084.787964
1084.791016
1084.792969
1084.853027
1085.078003
1086.457031
1090.572021
1092.357056
1095.062012
1099.307983
1109.560059
1113.416016
1115.708008
1118.740967
1121.609985
1122.770996
1123.473022
1123.977051
1124.046021
1124.055054
1124.530029
1126.707031
1127.220947
1127.222046
1127.222046
1127.222046
1127.224976
1127.267944
1127.269043
1127.269043
1127.269043
1127.269043
1127.269043
1127.301025
1127.375977
1127.536011
1127.645996
1127.652954
1127.652954
1127.652954
1127.652954
1127.652954
1127.652954
1127.652954
1127.707031
1127.764038
1127.766968
1127.906982
1128.082031
1128.088013
1128.092041
1128.980957
1129.515991
1129.592041
1129.805054
1129.909058
1130.004028
1130.083008
1130.255981
1130.258057
1130.258057
1130.258057
1130.258057
1130.258057
1130.262939
1130.272949
1130.420044
1130.420044
1130.446045
1130.496948
1130.993042
1131.062012
1131.062012
1131.068970
1131.292969
1133.536987
1144.183960
1145.254028
1146.527954
1150.665039
1154.689941
1159.354004
1166.578979
1171.629028
1176.857056
1181.281982
1183.037964
1183.177002
1183.197021
1183.203003
1183.203003
1183.203003
1183.203003
1183.203003
1183.203003
1183.203003
1183.203003
1183.203003
1183.203003
1183.203003
1183.203003
