1.87321
1.87331
2.40081
2.93482
3.40255
3.90313
4.40237
4.90614
5.40627
5.90631
6.40593
6.91571
7.40688
7.90686
8.40686
8.90605
9.40699
9.90902
10.4198
10.9106
11.4108
11.9102
12.417
12.9106
13.4111
13.9105
14.411
14.9103
15.4134
15.9145
16.4148
16.9237
17.4144
17.9142
18.4147
18.9161
19.4146
19.9152
20.4255
20.9186
21.4185
21.9184
22.4189
22.9185
23.4352
23.9211
24.4228
24.9221
25.4223
25.9229
26.4229
26.924
27.4266
27.9264
28.4263
28.9263
29.4267
29.9263
30.4267
30.9264
31.4271
31.9267
32.4267
32.9362
33.4305
33.9297
34.431
34.9307
35.4301
35.9301
36.4398
36.931
37.4345
37.9341
38.4344
38.9343
39.4525
39.9341
40.4346
40.9347
41.4371
41.9353
42.4379
42.9379
43.4388
43.939
44.4694
44.9382
45.4387
45.9644
46.4383
46.9387
47.443
47.9639
48.4422
48.9422
49.4426
49.9829
50.4427
50.9423
51.4653
51.9426
52.4467
52.946
53.4589
53.9468
54.4464
54.946
55.4468
55.9465
56.4468
56.9494
57.4502
57.95
58.4536
58.95
59.4506
59.9501
60.4501
60.9506
61.4505
61.9547
62.4543
62.9545
63.4542
63.9546
64.4549
64.9546
65.4548
65.9541
66.4549
66.9581
67.4584
67.959
68.4583
68.9665
69.4602
69.959
70.4579
70.9584
71.4604
71.9622
72.4621
72.9621
73.462
73.9622
74.4627
74.9632
75.4631
75.9632
76.4668
76.9664
77.4662
77.9666
78.4666
78.9664
79.4666
79.9662
80.4661
80.9689
81.4702
81.9704
82.4702
82.9709
83.483
83.9699
84.4711
84.9813
85.471
85.9742
86.4904
86.9747
87.4742
87.9744
88.475
88.9892
89.4746
89.9742
90.4958
90.9773
91.5011
91.9787
92.4779
92.9787
93.4894
93.9788
94.4782
94.9902
95.4795
95.9821
96.4822
96.9823
97.4829
97.9829
98.4819
98.982
99.4829
99.9826
100.487
101.01
101.486
101.986
102.492
102.987
103.486
103.987
104.499
104.991
105.491
105.991
106.49
106.99
107.491
107.99
108.49
108.998
109.49
109.991
110.515
110.995
111.494
111.995
112.504
112.994
113.494
114.011
114.494
114.994
115.502
115.999
116.499
116.999
117.498
117.999
118.505
118.999
119.498
119.999
120.502
121.003
121.502
122.002
122.502
123.003
123.502
124.002
124.503
125.003
125.514
126.007
126.507
127.025
127.506
128.006
128.506
129.007
129.522
130.006
130.506
131.007
131.511
132.011
132.51
133.023
133.511
134.01
134.51
135.01
135.51
136.011
136.534
137.014
137.514
138.015
138.536
139.015
139.514
140.014
140.517
141.015
141.514
142.015
142.517
143.049
143.519
144.018
144.518
145.019
145.518
146.018
146.533
147.019
147.522
148.022
148.522
149.023
149.522
150.053
150.522
151.023
151.522
152.024
152.522
153.023
153.541
154.026
154.527
155.027
155.531
156.03
156.531
157.031
157.548
158.031
158.53
159.03
159.556
160.03
160.53
161.052
161.53
162.03
162.552
163.031
163.534
164.034
164.534
165.035
165.535
166.034
166.534
167.035
167.553
168.035
168.539
169.074
169.538
170.039
170.584
171.038
171.538
172.039
172.539
173.039
173.573
174.043
174.543
175.043
175.542
176.043
176.542
177.042
177.543
178.043
178.544
179.043
179.543
180.08
180.546
181.046
181.546
182.046
182.547
183.047
183.569
184.047
184.547
185.05
185.55
186.05
186.551
187.05
187.562
188.05
188.551
189.05
189.551
190.068
190.555
191.054
191.578
192.055
192.554
193.054
193.554
194.054
194.591
195.059
195.559
196.087
196.559
197.059
197.571
198.059
198.558
199.058
199.563
200.059
200.562
201.062
201.562
202.062
202.563
203.062
203.563
204.07
204.567
205.066
205.57
206.066
206.567
207.066
207.567
208.067
208.567
209.071
209.566
210.066
210.57
211.071
211.57
212.07
212.57
213.07
213.57
214.07
214.57
215.095
215.573
216.074
216.581
217.074
217.58
218.092
218.575
219.075
219.574
220.079
220.576
221.081
221.594
222.078
222.579
223.083
223.587
224.083
224.584
225.084
225.58
226.082
226.582
227.082
