0.202240
0.202311
0.202365
0.202423
0.202476
0.202540
0.202594
0.202652
0.202705
0.202764
0.202838
0.237485
0.357770
0.531658
0.671879
0.807767
0.909349
0.983791
1.002664
1.144648
1.477027
1.858367
2.097259
2.207385
2.282258
2.337698
2.405572
2.481867
2.593069
2.755526
2.899221
3.037558
3.113003
3.161999
3.229166
3.340802
3.447646
3.564138
3.667820
3.758385
3.830714
3.899950
3.967604
4.049176
4.140634
4.238273
4.347315
4.446385
4.521793
4.563063
4.606802
4.683979
4.791987
4.954573
5.125004
5.319353
5.566617
5.827117
6.072984
6.262125
6.454419
6.621434
6.801618
6.988581
7.212179
7.403711
7.624038
7.806001
7.978522
8.142855
8.326206
8.478892
8.651291
8.790520
8.948370
9.147093
9.364621
9.595147
9.832712
9.997622
10.153385
10.330283
10.568696
10.785655
11.026458
11.217863
11.437163
11.659985
11.857821
12.058715
12.295498
12.499661
12.712866
12.940822
13.164546
13.352240
13.573384
13.761124
13.943551
14.128656
14.358039
14.567762
14.782708
15.036450
15.246691
15.449997
15.671110
15.862756
16.007964
16.100441
16.192529
16.331921
16.517569
16.704680
16.937191
17.174574
17.363874
17.555016
17.683783
17.770597
17.798745
17.835084
17.905842
18.012160
18.177448
18.374232
18.575384
18.747556
18.955274
19.141733
19.331198
19.501570
19.652602
19.748521
19.848502
19.971425
20.086359
20.204091
20.340428
20.494575
20.665564
20.870206
21.125946
21.329113
21.509354
21.700842
21.868393
22.046733
22.239472
22.467585
22.658887
22.848247
23.072509
23.257728
23.459265
23.625437
23.824905
24.044304
24.272848
24.475549
24.713249
24.918597
25.120999
25.347509
25.576441
25.816845
26.023708
26.252644
26.431391
26.608540
26.805502
27.056893
27.274255
27.482238
27.681955
27.909154
28.104878
28.297949
28.472077
28.634428
28.737094
28.822714
28.924995
29.036474
29.168233
29.352448
29.569252
29.769716
30.015893
30.236806
30.463214
30.692700
30.959767
31.189277
31.406750
31.591584
31.749550
31.830179
31.868542
31.900008
31.977251
32.084161
32.253035
32.457012
32.657218
32.874118
33.138544
33.412888
33.644191
33.871338
34.127389
34.375118
34.583211
34.824326
35.058425
35.258662
35.457427
35.688509
35.885637
35.974935
36.007570
36.162471
36.379103
36.692621
36.959343
37.230702
37.435272
37.665472
37.871258
38.118279
38.326152
38.532152
38.771679
38.989279
39.233759
39.479535
39.683603
39.884576
40.115506
40.313352
40.510685
40.708820
40.937917
41.129590
41.348707
41.533705
41.751484
41.941200
42.160306
42.377694
42.555116
42.729277
42.895853
43.070817
43.244945
43.424364
43.634780
43.846419
44.053384
44.262697
44.446180
44.633968
44.827818
45.066161
45.276363
45.527915
45.784002
46.005988
46.231790
46.451258
46.702262
46.915309
47.125431
47.369829
47.573836
47.807250
48.006102
48.234530
48.430362
48.661039
48.888068
49.084028
49.311147
49.542179
49.738418
49.967073
50.168986
50.398976
50.632832
50.862577
51.092108
51.324421
51.557835
51.763875
52.003121
52.207530
52.448649
52.654825
52.857115
53.082323
53.274944
53.503805
53.732928
53.923091
54.126852
54.374321
54.604164
54.799333
54.976002
55.154663
55.345866
55.531059
55.705119
55.904578
56.084126
56.298338
56.500720
56.702796
56.921608
57.155910
57.370636
57.593460
57.819190
58.074369
58.276005
58.459076
58.584164
58.653967
58.711134
58.793163
58.919708
59.064844
59.238849
59.469691
59.727754
59.992540
60.221803
60.450188
60.716938
60.991246
61.250211
61.479112
61.723771
61.972075
62.247611
62.513326
62.734844
62.991380
63.245223
63.459354
63.706113
63.911266
64.113706
64.345909
64.544419
64.742617
64.968364
65.175458
65.354962
65.535985
65.746026
65.987972
66.211631
66.426521
66.656460
66.844802
67.066094
67.284051
67.470243
67.691652
67.891246
68.096700
68.305371
68.553911
68.765410
69.009502
69.216445
69.417935
69.643833
69.832772
70.051969
70.267721
70.456968
70.650509
70.877390
71.108927
71.311462
71.545084
71.723962
71.906150
72.063328
72.265169
72.449481
72.668261
72.847196
73.023948
73.143817
73.243669
73.347808
73.503399
73.669663
73.865257
74.118815
74.346515
74.570905
74.816701
75.042704
75.236522
75.381339
75.528241
75.628046
75.685864
75.745714
75.874831
75.965344
76.117376
76.291882
76.505456
76.726139
76.955225
77.186390
77.380456
77.605635
77.831634
78.063292
78.259410
78.486560
78.693542
78.897365
79.139186
79.344584
79.541372
79.769969
79.995301
80.225428
80.423726
80.614535
80.800267
81.028545
81.268143
81.476646
81.714864
81.958240
82.164383
82.293380
82.403389
82.503676
82.628580
82.774743
82.963108
83.149996
83.392854
83.603297
83.840032
84.074313
84.268510
84.489413
84.708720
84.902435
85.137772
85.337180
85.558487
85.742595
85.959956
86.137329
86.305528
86.421002
86.482521
86.554783
86.663649
86.781452
86.901206
87.058575
87.174450
87.278594
87.397597
87.534367
87.712879
87.883516
88.058632
88.273351
88.493510
88.715488
88.898642
89.074519
89.264599
89.418025
89.551472
89.713243
89.855447
89.973851
90.045092
90.139409
90.237081
90.376986
90.522372
90.720854
90.944963
91.189516
91.433313
91.636080
91.855881
92.029416
92.194101
92.398294
92.589573
92.827011
93.037276
93.249315
93.463380
93.714933
93.934933
94.198147
94.457607
94.677998
94.927818
95.175386
95.411396
95.608511
95.826466
96.000733
96.192323
96.351566
96.515256
96.715569
96.898082
97.119694
97.278831
97.362252
97.436890
97.615076
97.856667
98.071564
98.321468
98.540148
98.794327
99.013934
99.234943
99.449167
99.663367
99.792374
99.906112
100.059425
100.250035
100.513909
100.735920
100.976879
101.205372
101.400095
101.632082
101.830957
102.030926
102.231469
102.464407
102.664249
102.894524
103.094064
103.333958
103.537880
103.763363
103.976263
104.159722
104.385614
104.586701
104.828492
105.038248
105.284585
105.493281
105.719271
105.899843
106.091566
106.305871
106.563222
106.777064
106.984093
107.224689
107.473823
107.719910
107.962651
108.205902
108.445770
108.652352
108.886161
109.079836
109.299438
109.507715
109.710198
109.873385
110.061007
110.265265
110.448350
110.650396
110.818624
111.019395
111.199177
111.393830
111.639136
111.863159
112.129047
112.359702
112.626098
112.841298
113.078889
113.277359
113.475116
113.706247
113.940239
114.164528
114.356322
114.566155
114.748568
114.937061
115.041859
115.116119
115.225691
115.441424
115.650214
115.878491
116.054183
116.223428
116.392712
116.563128
116.760517
116.930005
117.129921
117.308571
117.528637
117.755090
117.954001
118.185804
118.426337
118.638552
118.896218
119.125048
119.352726
119.599381
119.830122
119.988357
120.078088
120.106205
120.157890
120.271417
120.413905
120.590340
120.830885
121.049759
121.269558
121.513238
121.735114
121.904704
122.054316
122.210765
122.334876
122.485492
122.636147
122.843003
123.043744
123.286192
123.486257
123.672919
123.889236
124.079387
124.297673
124.492552
124.716590
124.934414
125.112073
125.261979
125.388401
125.509331
125.673955
125.842282
126.022172
126.200200
126.375614
126.585327
126.775883
127.007953
127.236326
127.426383
127.625684
127.798256
127.941394
128.052271
128.178047
128.288670
128.419686
128.530895
128.619718
128.692994
128.766788
128.861005
129.009008
129.203388
129.446082
129.651332
129.850447
130.046951
130.278649
130.487574
130.726004
130.964284
131.170218
131.407507
131.607424
131.786891
131.983649
132.153158
132.364119
132.585851
132.788599
132.970097
133.162385
133.311947
133.491315
133.652964
133.851874
134.054774
134.231811
134.431661
134.617623
134.765912
134.949281
135.155893
135.353221
135.600826
135.810236
136.012211
136.187611
136.385280
136.598644
136.790306
136.987257
137.217379
137.414945
137.630102
137.808830
137.939966
138.103127
138.284977
138.523851
138.716284
138.874457
138.992697
139.102827
139.250184
139.433046
139.685742
139.912980
140.177203
140.427901
140.633284
140.823356
141.022968
141.218622
141.394113
141.616276
141.820655
142.063397
142.268880
142.494852
142.658799
142.796689
142.907480
143.086997
143.279212
143.461147
143.601620
143.692586
143.830384
143.970202
144.095429
144.229971
144.335269
144.468951
144.617603
144.777491
144.971678
145.149059
145.330280
145.498425
145.623510
145.728160
145.890112
146.083808
146.265933
146.485163
146.705779
146.907049
147.059891
147.202019
147.272106
147.334140
147.457619
147.610746
147.804838
147.959330
148.123270
148.263560
148.432146
148.578807
148.753410
148.913669
149.080968
149.275698
149.444438
149.630020
149.862254
150.096130
150.291645
150.479657
150.691854
150.880743
151.113104
151.288735
151.433675
151.507952
151.553047
151.587962
151.644663
151.728389
151.839852
151.895010
151.946438
152.063994
152.191618
152.350492
152.491689
152.636676
152.785487
152.966257
153.149789
153.312288
153.505552
153.679629
153.882504
154.064879
154.246986
154.466584
154.655743
154.848486
155.050023
155.253213
155.496414
155.712880
155.935889
156.164385
156.433353
156.665997
156.939667
157.170529
157.399721
157.660847
157.911452
158.113677
158.305993
158.458346
158.564760
158.641247
158.732512
158.819158
158.888679
158.941338
158.968424
158.991661
159.010545
159.023989
159.035559
159.042431
159.048343
159.052170
159.055594
159.057794
159.059646
159.060795
159.061775
159.062455
159.062873
159.063176
159.063427
159.063593
159.063719
159.063839
159.063942
159.064016
159.064091
159.064152
159.064197
