2.84557
3.05739
3.26802
3.46942
3.66925
3.90492
4.10994
4.31072
4.50725
4.72061
4.93222
5.13567
5.33671
5.58711
5.78435
6.02031
6.26882
6.47977
6.67978
6.87966
7.09058
7.33232
7.56011
7.75319
7.98624
8.19288
8.43085
8.63391
8.83862
9.06363
9.25676
9.50402
9.70301
9.93363
10.1234
10.3565
10.5437
10.7765
11.0056
11.2423
11.4565
11.6569
11.8722
12.1006
12.3316
12.5586
12.8025
13.0023
13.1869
13.4083
13.6168
13.8291
14.0161
14.2509
14.4746
14.683
14.9143
15.1389
15.3721
15.5779
15.8019
15.9922
16.1929
16.3994
16.6387
16.8345
17.0622
17.2658
17.4619
17.6718
17.9044
18.1028
18.3403
18.5445
18.7676
18.9995
19.2023
19.4138
19.6421
19.8353
20.0329
20.2325
20.4722
20.6747
20.9019
21.1033
21.3407
21.5677
21.7774
21.972
22.2022
22.3953
22.6052
22.842
23.0682
23.2697
23.4955
23.6948
23.8957
24.1014
24.3316
24.5325
24.7378
24.9665
25.1726
25.3756
25.6013
25.8304
26.0664
26.2983
26.5263
26.7695
26.9994
27.2038
27.4272
27.6669
27.8783
28.1016
28.3144
28.5346
28.7358
28.9704
29.1715
29.3695
29.6124
29.843
30.079
30.2848
30.5141
30.7133
30.91
31.1188
31.341
31.5564
31.7855
32.0226
32.2159
32.425
32.6461
32.8778
33.0774
33.2867
33.516
33.7158
33.9353
34.1596
34.368
34.5626
34.7655
34.9873
35.2103
35.405
35.6358
35.8334
36.0651
36.2636
36.4906
36.7249
36.9585
37.1675
37.3913
37.5969
37.7926
38.0288
38.2617
38.4971
38.7008
38.925
39.1363
39.3405
39.5465
39.7628
39.9682
40.1727
40.3662
40.5966
40.8024
41.0046
41.2023
41.4417
41.6441
41.8378
42.072
42.2847
42.4746
42.705
42.9318
43.122
43.3456
43.546
43.7464
43.9483
44.1862
44.39
44.5889
44.7903
45.0437
45.2551
45.4566
45.6802
45.9081
46.1178
46.3234
46.5496
46.7521
46.9517
47.1862
47.4271
47.6324
47.8329
48.0705
48.312
48.5174
48.7542
48.9888
49.194
49.3919
49.6345
49.8842
50.1009
50.3026
50.5193
50.7231
50.9517
51.1486
51.3793
51.5837
51.8064
52.0068
52.2445
52.4432
52.6461
52.8777
53.091
53.3144
53.5584
53.7532
53.9577
54.1836
54.386
54.5867
54.7905
55.0208
55.2193
55.4549
55.6583
55.8879
56.0988
56.3331
56.5684
56.7761
56.9764
57.1769
57.3925
57.5884
57.7862
58.0175
58.2585
58.4871
58.7017
58.9103
59.1029
59.3059
59.5465
59.7518
59.9784
60.2108
60.4157
60.6145
60.8154
61.0474
61.2476
61.4452
61.6875
61.8846
62.1161
62.3232
62.5511
62.7506
62.988
63.2127
63.414
63.6469
63.8764
64.0814
64.3164
64.5204
64.7475
64.9823
65.2125
65.4488
65.6867
65.9333
66.1287
66.3576
66.5585
66.7928
66.994
67.1888
67.4275
67.6288
67.8552
68.0882
68.2964
68.4885
68.7225
68.9525
69.1911
69.4241
69.6245
69.8264
70.0261
70.2222
70.4589
70.6631
70.8933
71.1214
71.3564
71.5939
71.8163
72.0127
72.215
72.4127
72.6415
72.8494
73.0854
73.3223
73.5228
73.7504
73.9953
74.2206
74.4196
74.6315
74.8631
75.0906
75.3141
75.5195
75.7213
75.9619
76.202
76.4261
76.624
76.8345
77.0423
77.2744
77.5162
77.71
77.9451
78.1793
78.3778
78.6186
78.8265
79.0155
79.2447
79.4451
79.645
79.8843
80.1109
80.3454
80.5766
80.8151
81.0501
81.2448
81.446
81.6833
81.8822
82.1182
82.3562
82.5584
82.7896
82.9884
83.1925
83.3851
83.6263
83.8192
84.049
84.2535
84.4424
84.6728
84.8706
85.1091
85.339
85.53
85.7323
85.9682
86.2043
86.4072
86.6329
86.8398
87.0741
87.274
87.5098
87.7081
87.9377
88.1448
88.3733
88.5785
88.7782
88.9761
89.2086
89.4014
89.608
89.8353
90.0374
90.2392
90.4703
90.7137
90.9425
91.1502
91.3766
91.5821
91.7795
91.9851
92.2201
92.4224
92.6536
92.8561
93.0951
93.322
93.5465
93.7812
93.9818
94.219
94.4533
94.6914
94.8877
95.1213
95.3245
95.5287
95.7629
95.9656
96.1642
96.4058
96.6368
96.8586
97.0634
97.2694
97.4677
97.7083
97.941
98.1406
98.3714
98.6006
98.8342
99.0329
99.2641
99.4629
99.6655
99.8722
100.111
100.315
100.541
100.746
100.98
101.212
101.418
101.647
101.888
102.086
102.312
102.528
102.751
102.953
103.176
103.384
103.619
103.839
104.05
104.276
104.514
104.743
104.944
105.184
105.383
105.579
105.789
105.992
106.224
106.429
106.63
106.856
107.085
107.313
107.513
107.708
107.946
108.156
108.354
108.592
108.787
109.029
109.223
109.453
109.651
109.884
110.092
110.326
110.553
110.797
111.03
111.228
111.465
111.667
111.861
112.093
112.297
112.523
112.723
112.915
113.124
113.35
113.549
113.778
114.012
114.224
114.457
114.701
114.93
115.127
115.367
115.56
115.801
116.003
116.216
116.435
116.629
116.866
117.067
117.305
117.536
117.768
117.987
118.196
118.419
118.625
118.865
119.067
119.273
119.467
119.71
119.91
120.139
120.364
120.571
120.8
121.004
121.232
121.466
121.672
121.898
122.102
122.314
122.504
122.734
122.941
123.164
123.367
123.599
123.798
124.039
124.269
124.466
124.699
124.895
125.124
125.327
125.558
125.758
125.992
126.197
126.408
126.593
126.821
127.02
127.232
127.482
127.709
127.943
128.175
128.405
128.637
128.837
129.072
129.272
129.51
129.739
129.964
130.16
130.395
130.637
130.837
131.063
131.272
131.514
131.721
131.916
132.152
132.34
132.565
132.764
133.008
133.219
133.434
133.634
133.836
134.066
134.315
134.541
134.752
134.976
135.178
135.418
135.616
135.842
136.051
136.279
136.472
136.708
136.904
137.109
137.313
137.521
137.748
137.951
138.177
138.371
138.611
138.841
139.044
139.278
139.512
139.716
139.943
140.153
140.349
140.589
140.811
141.009
141.209
141.412
141.65
141.873
142.07
142.273
142.518
142.712
142.914
143.136
143.385
143.584
143.782
144.014
144.217
144.442
144.648
144.88
145.076
145.322
145.519
145.716
145.954
146.157
146.388
146.584
146.808
147.041
147.245
147.449
147.676
147.867
148.096
148.295
148.493
148.697
148.902
149.129
149.336
149.575
149.798
150.009
150.233
150.47
150.696
150.899
151.125
151.331
151.563
151.767
151.968
152.204
152.436
152.636
152.833
153.037
153.26
153.462
153.663
153.863
154.098
154.302
154.534
154.764
154.971
155.2
155.409
155.61
155.847
156.047
156.278
156.516
156.725
156.93
157.165
157.363
157.594
157.795
158.033
158.262
158.47
158.698
158.93
159.128
159.366
159.599
159.804
160.039
160.245
160.446
160.648
160.871
161.106
161.305
161.512
161.74
161.957
162.189
162.417
162.627
162.848
163.051
163.286
163.485
163.683
163.881
164.119
164.35
164.551
164.779
164.985
165.218
165.446
165.646
165.843
166.063
166.299
166.499
166.729
166.933
167.164
167.375
167.606
167.823
168.037
168.241
168.486
168.687
168.888
169.089
169.283
169.517
169.727
169.931
170.16
170.362
170.585
170.796
171.006
171.227
171.437
171.634
171.864
172.098
172.297
172.532
172.762
172.963
173.198
173.43
173.659
173.863
174.1
174.297
174.53
174.756
174.961
175.194
175.394
175.633
175.83
176.062
176.273
176.505
176.704
176.913
177.143
177.346
177.545
177.77
178.002
178.201
178.405
178.636
178.837
179.065
179.278
179.506
179.705
179.933
180.134
180.335
180.539
180.769
181.004
181.239
181.463
181.671
181.903
182.106
182.304
182.516
182.745
182.97
183.164
183.387
183.591
183.824
184.031
184.232
184.47
184.674
184.882
185.077
185.286
185.51
185.718
185.912
186.119
186.353
186.562
186.786
186.988
187.19
187.422
187.641
187.847
188.054
188.256
188.458
188.66
188.893
189.103
189.303
189.544
189.745
189.971
190.202
190.409
190.634
190.837
191.074
191.277
191.507
191.711
191.942
192.148
192.377
192.606
192.803
193.013
193.236
193.448
193.65
193.878
194.117
194.316
194.554
194.785
194.995
