0.000000
0.000000
0.000000
41.647999
41.727001
41.862000
42.048000
42.070000
43.221001
48.316002
50.632000
53.161999
65.612000
73.070999
78.105003
85.419998
87.139999
94.251999
95.705002
97.522003
111.181999
134.483002
150.962006
158.033997
161.740005
163.113998
164.998001
181.139999
190.593994
194.798996
201.397995
205.526993
209.580002
222.511002
235.289001
248.811996
264.832001
270.403992
275.283997
286.714996
293.703003
300.489014
306.769012
308.648010
310.691010
313.151001
315.049988
315.411011
319.355988
320.097992
320.109009
320.141998
324.306000
328.518005
331.436005
332.529999
332.532013
332.537994
332.545013
332.554993
332.595001
332.747986
332.756012
332.756012
332.765015
350.214996
355.209015
360.970001
370.881989
374.355011
377.554993
383.919006
387.596008
390.199005
393.468994
398.498993
400.519012
404.209015
406.946014
411.013000
419.282990
422.338989
423.519012
423.833008
423.945007
423.945007
424.428009
424.446991
424.446991
424.449005
424.460999
424.460999
424.460999
424.460999
424.536011
427.222992
436.160004
448.911987
450.278992
450.834991
450.846008
450.846008
450.846008
450.846008
450.846008
450.846008
450.850006
450.854004
450.855011
450.855011
450.855011
450.873993
451.407990
451.602997
451.665009
451.718994
451.752014
451.914001
451.941010
451.947998
451.949005
451.950012
451.953003
451.953003
451.953003
451.953003
451.953003
451.963989
452.346985
459.903992
463.023010
468.691986
472.641998
476.802002
485.380005
490.135010
493.953003
496.963989
502.766998
504.833008
504.878998
504.878998
504.881012
506.391998
506.497986
506.712006
506.819000
507.119995
507.733002
509.015015
509.286011
509.298004
509.299011
509.299011
509.321991
509.610992
510.084991
510.726013
511.289001
511.596985
511.684998
511.701996
511.730011
511.841003
511.894012
511.914001
512.380005
515.658020
520.263000
526.650024
532.166992
543.958984
547.869995
549.431030
550.036011
550.171021
550.171997
550.174988
550.179993
556.226013
567.943970
576.181030
577.094971
584.374023
590.669983
594.953979
597.450012
599.888977
602.765991
607.518982
610.659973
614.043030
618.476013
622.434998
626.651001
630.833008
634.723999
637.034973
641.280029
653.630981
665.096985
680.148010
686.689026
691.882019
705.119995
717.099976
736.526001
739.109985
740.856018
741.124023
741.169006
741.174011
741.265015
750.812012
754.077026
754.598999
754.767029
754.820007
754.838989
754.856995
754.859009
755.971008
757.166992
757.172974
757.172974
760.211975
769.101990
778.781006
784.705017
791.382996
793.414001
794.374023
799.783020
802.857971
804.793030
810.283997
820.323975
827.793030
831.460022
838.744995
844.036011
848.851013
854.289001
855.456970
855.689026
855.739990
855.744019
855.744995
855.745972
855.778992
870.130981
870.156006
876.226990
878.328979
878.328979
878.328979
878.328979
878.328979
878.328979
878.328979
878.328979
878.330017
878.330017
878.443970
878.960022
880.080994
884.520020
889.697998
891.619019
892.643982
895.617981
896.979004
899.885010
902.705017
906.331970
910.443970
913.801025
919.965027
930.005005
931.125000
931.145996
931.156982
934.213989
938.184021
951.146973
952.901001
953.505981
954.094971
955.593018
956.403992
959.862976
965.257996
967.913025
984.768005
988.395020
988.565002
988.578003
988.578003
988.578003
988.583008
988.583008
988.583984
988.583984
988.583984
988.583984
988.583984
988.583984
990.153992
993.468018
994.947021
998.349976
1000.218994
1003.387024
1013.815002
1019.718018
1022.460022
1023.859985
1026.265991
1029.022949
1032.214966
1040.454956
1055.166992
1064.416016
1073.713989
1079.572021
1085.834961
1086.871948
1088.219971
1090.255981
1091.894043
1091.970947
1091.970947
1095.292969
1107.604004
1121.130005
1121.954956
1130.423950
1137.384033
1138.483032
1142.479980
1144.206055
1144.272949
1144.282959
1144.286011
1144.561035
1144.671021
1147.141968
1148.564941
1150.686035
1155.942017
1160.291992
1161.958008
1164.475952
1167.006958
1168.936035
1170.535034
1170.770996
1170.952026
1171.107056
1171.225952
1171.277954
1171.411987
1171.781982
1172.338013
1173.829956
1178.109009
1179.203979
1179.256958
1179.350952
1179.353027
1180.300049
1181.561035
1182.659058
1182.688965
1182.689941
1182.689941
1182.689941
1182.689941
1182.689941
1182.689941
1182.689941
1182.689941
1182.689941
1182.689941
1182.689941
1182.689941
1182.689941
1182.689941
