2.95725
3.19536
3.41656
3.62203
3.83159
4.04127
4.25441
4.44868
4.67445
4.90158
5.13443
5.32739
5.57292
5.77753
6.01065
6.23016
6.48261
6.70886
6.92312
7.17376
7.38187
7.58317
7.8121
8.04018
8.2451
8.46976
8.69713
8.90923
9.13184
9.35332
9.54359
9.78416
10.011
10.215
10.4618
10.6913
10.8863
11.1177
11.318
11.5292
11.7686
11.9992
12.2226
12.453
12.6504
12.8945
13.1259
13.3182
13.5143
13.7473
13.9459
14.175
14.4093
14.6125
14.8411
15.0747
15.3065
15.5032
15.7058
15.935
16.1438
16.37
16.572
16.8015
17.0081
17.2432
17.4799
17.6821
17.9106
18.1379
18.3451
18.5417
18.7683
18.9698
19.1706
19.3707
19.6011
19.8388
20.0512
20.2669
20.4842
20.6901
20.9135
21.1457
21.3528
21.5879
21.8186
22.0244
22.2595
22.4475
22.6636
22.868
23.0657
23.305
23.5083
23.719
23.9344
24.1356
24.3716
24.6176
24.8415
25.0471
25.2501
25.4392
25.6688
25.8753
26.105
26.3398
26.5381
26.7336
26.9671
27.2084
27.4096
27.6506
27.8489
28.0476
28.2847
28.5266
28.761
28.9632
29.2013
29.395
29.6374
29.8656
30.0987
30.3308
30.5318
30.7577
30.9918
31.189
31.3865
31.5874
31.8176
32.0059
32.2174
32.4377
32.6487
32.8728
33.1191
33.339
33.5811
33.8083
34.0092
34.2279
34.4387
34.6557
34.8774
35.0795
35.3211
35.5194
35.7519
35.9515
36.1876
36.3843
36.6109
36.8194
37.0195
37.2488
37.4464
37.6782
37.8786
38.0879
38.3257
38.523
38.7518
38.9555
39.1757
39.3845
39.6262
39.8259
40.0243
40.2757
40.4897
40.6962
40.9237
41.1582
41.3946
41.5882
41.8169
42.0552
42.2477
42.4628
42.6601
42.8906
43.1177
43.3269
43.5637
43.7935
44.0202
44.2264
44.4551
44.6563
44.8887
45.1314
45.3367
45.5266
45.7653
45.9963
46.1974
46.397
46.6016
46.8356
47.0666
47.2944
47.5206
47.7646
47.9642
48.1723
48.4012
48.6378
48.8639
49.121
49.3532
49.5562
49.7531
49.9855
50.183
50.3824
50.5796
50.8091
51.0123
51.25
51.4712
51.6631
51.8784
52.0842
52.3172
52.52
52.7194
52.9566
53.1583
53.3905
53.6227
53.8318
54.0636
54.2743
54.5192
54.7417
54.9518
55.1403
55.3492
55.5774
55.8163
56.0125
56.2107
56.4463
56.672
56.9029
57.1076
57.3313
57.5391
57.7703
58.0139
58.2034
58.4324
58.6724
58.8755
59.0683
59.2705
59.5076
59.7384
59.9363
60.1662
60.3747
60.5731
60.8144
61.0162
61.2458
61.4878
61.7061
61.9461
62.1377
62.3802
62.5769
62.812
63.0172
63.2512
63.4832
63.7097
63.936
64.1406
64.3707
64.6089
64.8405
65.0427
65.2504
65.4632
65.6528
65.8594
66.1004
66.305
66.5106
66.7465
66.9671
67.1735
67.3635
67.5841
67.8177
68.0223
68.2543
68.4469
68.6443
68.8519
69.0787
69.2849
69.5253
69.7219
69.9162
70.1567
70.3548
70.5873
70.7931
71.0322
71.2202
71.419
71.614
71.8552
72.0881
72.3077
72.5325
72.7664
72.9702
73.1881
73.4204
73.6316
73.859
74.0899
74.2865
74.5158
74.7105
74.9471
75.1748
75.4195
75.6053
75.8057
76.0412
76.2588
76.4718
76.6808
76.8923
77.1234
77.3386
77.5488
77.7805
77.99
78.2197
78.4302
78.6492
78.8698
79.1004
79.3034
79.5281
79.728
79.9617
80.1655
80.3714
80.5673
80.7747
81.0053
81.206
81.4126
81.6113
81.8403
82.0385
82.2732
82.4718
82.7066
82.9429
83.173
83.3724
83.5727
83.8032
84.0314
84.2422
84.4387
84.6724
84.9059
85.1028
85.3425
85.5385
85.7676
85.9693
86.1702
86.3956
86.6011
86.7927
87.0258
87.2327
87.4342
87.6326
87.8299
88.069
88.2779
88.478
88.7042
88.9273
89.1271
89.376
89.5959
89.8061
90.0425
90.2529
90.4756
90.6866
90.8948
91.1097
91.3146
91.5121
91.7457
91.9811
92.1788
92.372
92.6026
92.8335
93.0308
93.2706
93.5131
93.7524
93.9414
94.1438
94.3845
94.5772
94.8027
95.0061
95.2065
95.4099
95.6473
95.8805
96.0748
96.2906
96.5083
96.7397
96.9505
97.1829
97.415
97.6126
97.8535
98.0614
98.2893
98.4921
98.7251
98.9655
99.1657
99.3979
99.5984
99.822
100.025
100.219
100.42
100.662
100.863
101.064
101.265
101.472
101.698
101.905
102.113
102.32
102.519
102.723
102.949
103.172
103.366
103.574
103.796
104.006
104.222
104.455
104.666
104.895
105.115
105.318
105.547
105.78
105.982
106.212
106.448
106.66
106.885
107.124
107.312
107.552
107.757
107.992
108.201
108.39
108.595
108.799
109.015
109.242
109.473
109.671
109.872
110.081
110.281
110.513
110.724
110.957
111.157
111.382
111.618
111.821
112.014
112.245
112.451
112.677
112.91
113.146
113.353
113.589
113.823
114.04
114.261
114.511
114.711
114.929
115.119
115.361
115.562
115.782
115.998
116.217
116.428
116.672
116.902
117.135
117.333
117.574
117.767
117.972
118.205
118.44
118.676
118.919
119.155
119.361
119.56
119.788
119.993
120.221
120.424
120.657
120.869
121.082
121.302
121.494
121.719
121.962
122.151
122.35
122.554
122.783
123.017
123.247
123.451
123.652
123.852
124.061
124.287
124.478
124.688
124.894
125.121
125.332
125.547
125.786
126.016
126.241
126.444
126.67
126.902
127.136
127.374
127.57
127.784
128.01
128.248
128.45
128.67
128.875
129.103
129.332
129.537
129.745
129.973
130.179
130.382
130.589
130.798
131
131.199
131.393
131.628
131.827
132.055
132.255
132.485
132.685
132.926
133.128
133.368
133.582
133.825
134.06
134.282
134.519
134.75
134.955
135.149
135.359
135.586
135.788
135.995
136.228
136.471
136.665
136.869
137.097
137.33
137.563
137.772
138.004
138.206
138.407
138.632
138.836
139.067
139.308
139.529
139.775
140.005
140.234
140.473
140.681
140.91
141.134
141.327
141.561
141.796
141.989
142.195
142.402
142.633
142.842
143.045
143.275
143.503
143.711
143.912
144.134
144.327
144.522
144.757
144.993
145.217
145.417
145.654
145.892
146.121
146.353
146.565
146.796
147.022
147.229
147.468
147.667
147.87
148.103
148.305
148.536
148.752
148.971
149.204
149.409
149.642
149.843
150.04
150.239
150.476
150.678
150.873
151.111
151.314
151.514
151.74
151.949
152.151
152.352
152.562
152.791
152.994
153.234
153.455
153.652
153.857
154.062
154.285
154.487
154.694
154.893
155.135
155.331
155.537
155.777
155.996
156.202
156.432
156.649
156.852
157.058
157.265
157.466
157.694
157.896
158.129
158.371
158.6
158.798
159.026
159.231
159.423
159.626
159.858
160.057
160.289
160.487
160.733
160.93
161.159
161.393
161.626
161.852
162.054
162.253
162.454
162.654
162.895
163.134
163.364
163.56
163.789
163.997
164.197
164.432
164.621
164.859
165.063
165.268
165.501
165.715
165.93
166.138
166.339
166.542
166.78
167.01
167.244
167.473
167.71
167.942
168.166
168.371
168.61
168.842
169.075
169.31
169.518
169.747
169.978
170.174
170.378
170.578
170.772
171.007
171.22
171.433
171.67
171.866
172.069
172.307
172.486
172.709
172.943
173.168
173.371
173.568
173.799
174.034
174.238
174.447
174.69
174.894
175.132
175.376
175.61
175.806
176.023
176.236
176.459
176.664
176.865
177.105
177.314
177.529
177.738
177.991
178.216
178.416
178.645
178.875
179.099
179.306
179.537
179.726
179.934
180.128
180.361
180.564
180.775
181.001
181.199
181.406
181.641
181.887
182.092
182.314
182.522
182.756
182.953
183.176
183.371
183.567
183.777
184.007
184.208
184.441
184.646
184.879
185.078
185.315
185.557
185.746
185.974
186.182
186.423
186.63
186.866
187.092
187.327
187.524
187.75
187.977
188.232
188.453
188.685
188.888
189.121
189.332
189.531
189.726
189.922
190.157
190.347
190.575
190.782
191.011
191.213
191.445
191.646
191.846
192.082
192.318
192.523
192.758
192.975
193.21
193.406
193.618
193.848
194.055
194.261
194.464
194.659
194.891
195.084
195.287
195.509
195.713
195.908
196.119
196.316
196.549
196.76
196.958
197.157
197.398
197.622
197.83
198.036
198.281
198.477
198.675
198.91
199.105
199.317
199.535
199.777
200.012
200.21
200.439
200.639
200.88
201.104
201.3
201.498
201.697
201.923
202.13
202.335
202.565
202.8
203.002
203.206
203.418
203.635
203.836
204.046
204.248
204.48
204.72
204.94
205.138
205.352
205.548
205.801
206.007
206.24
206.459
206.664
206.897
207.129
207.353
207.555
207.79
207.99
208.194
208.397
208.609
208.833
209.064
209.296
209.496
209.726
209.924
210.152
210.382
210.591
210.832
211.032
211.232
211.443
211.674
211.906
212.104
212.315
212.546
212.765
212.97
213.197
213.411
213.634
213.835
214.067
214.267
214.475
214.698
214.905
215.109
215.33
215.565
215.769
216.006
216.205
216.43
216.664
216.867
217.1
217.328
217.563
217.776
217.968
218.168
218.366
218.599
218.799
219.002
219.208
219.417
219.649
219.846
220.044
220.243
220.473
220.683
220.924
221.148
221.356
221.583
221.776
221.97
222.17
222.404
222.609
222.844
223.073
223.303
223.542
223.737
223.965
224.161
224.364
224.566
224.798
225.033
225.236
225.469
225.7
225.905
226.135
226.34
226.538
226.739
226.976
227.207
227.444
227.676
227.915
228.114
228.353
228.579
228.784
229.014
229.254
229.458
229.688
229.905
230.092
230.327
230.556
230.768
230.998
231.196
231.402
231.636
231.844
232.042
232.28
232.512
232.722
232.947
233.147
233.378
233.582
233.819
234.046
234.249
234.477
234.711
234.937
235.148
235.345
235.539
235.744
235.973
236.174
236.422
236.642
236.872
237.068
237.274
237.501
237.699
237.935
238.174
238.41
238.638
238.844
239.084
239.285
239.482
239.716
239.956
240.159
240.398
240.628
240.825
241.027
241.257
241.496
241.709
241.912
242.143
242.344
242.549
242.747
242.976
243.177
243.412
243.618
243.818
244.042
244.276
244.51
244.713
244.918
245.146
245.35
245.585
245.788
245.99
246.225
246.451
246.665
246.893
247.093
247.336
247.569
247.793
247.985
248.19
248.417
248.619
248.819
249.045
249.246
249.454
249.662
249.864
250.084
250.328
250.531
250.754
250.96
251.199
251.429
251.663
251.898
252.107
252.332
252.567
252.804
253.038
253.234
253.443
253.667
253.904
254.134
254.34
254.578
254.82
255.054
255.276
255.481
255.676
255.882
256.113
256.318
256.516
256.749
256.987
257.188
257.426
257.66
257.861
258.062
258.283
258.52
258.752
258.969
259.169
259.366
259.574
259.79
260.026
260.227
260.43
260.633
260.866
261.094
261.293
261.492
261.731
261.963
262.173
262.408
262.615
262.822
263.054
263.284
263.488
263.687
263.919
264.119
264.324
264.555
264.792
265.032
265.26
265.486
265.716
265.946
266.145
266.342
266.547
266.78
267.02
267.239
267.438
267.637
267.835
268.068
268.271
268.504
268.703
268.904
269.135
269.371
269.567
269.772
270.002
270.201
270.414
270.639
270.844
271.077
271.277
271.51
271.718
271.939
272.146
272.378
272.575
272.775
272.985
273.177
273.378
273.611
273.842
274.044
274.285
274.485
274.714
274.915
275.126
275.33
275.563
275.788
276.019
276.256
276.49
276.695
276.927
277.152
277.385
277.611
277.835
278.037
278.239
278.439
278.641
278.877
279.118
279.347
279.583
279.822
280.068
280.281
280.482
280.681
280.92
281.152
281.372
281.579
281.807
282.007
282.221
282.412
282.644
282.843
283.076
283.28
283.508
283.715
283.946
284.173
284.37
284.572
284.801
285.038
285.271
285.502
285.74
285.94
286.168
286.378
286.582
286.812
287.008
287.211
287.443
287.645
287.883
288.106
288.302
288.502
288.708
288.909
289.113
289.351
289.573
289.773
289.98
290.209
290.403
290.647
290.841
291.072
291.273
291.472
291.706
291.936
292.172
292.402
292.631
292.831
293.04
293.278
293.48
293.681
293.879
294.128
294.361
294.569
294.806
295.03
295.255
295.451
295.684
295.878
296.085
296.316
296.546
296.773
296.982
297.208
297.413
297.622
297.84
298.08
298.31
298.514
298.744
298.941
299.172
299.378
299.609
299.805
300.014
300.24
300.479
300.706
300.91
301.12
301.358
301.591
301.819
302.051
302.257
302.496
302.73
302.961
303.192
303.421
303.625
303.833
304.058
304.298
304.527
304.759
304.992
305.196
305.433
305.643
305.844
306.07
306.276
306.479
306.717
306.918
307.153
307.358
307.587
307.812
308.022
308.229
308.463
308.666
308.893
309.098
309.327
309.523
309.721
309.964
310.191
310.383
310.588
310.813
311.049
311.249
311.484
311.677
311.877
312.115
312.351
312.546
312.748
312.982
313.184
313.421
313.658
313.896
314.145
314.38
314.605
314.807
315.007
315.208
315.436
315.674
315.874
316.072
316.306
316.516
316.754
316.968
317.205
317.448
317.671
317.904
318.142
318.346
318.566
318.804
319.037
319.262
319.468
319.698
319.936
320.163
320.388
320.617
320.835
321.035
321.244
321.464
321.705
321.908
322.106
322.342
322.542
322.772
322.978
323.207
323.406
323.61
323.84
324.036
324.242
324.461
324.661
324.868
325.103
325.312
325.55
325.751
325.96
326.186
326.391
326.619
326.821
327.027
327.255
327.461
327.689
327.925
328.127
328.362
328.59
328.823
329.056
329.28
329.514
329.74
329.974
330.209
330.436
330.633
330.866
331.109
331.308
331.568
331.792
332.026
332.257
332.488
332.715
332.962
333.187
333.418
333.653
333.858
334.082
334.282
334.487
334.714
334.949
335.147
335.382
335.616
335.843
336.046
336.245
336.478
336.715
336.916
337.159
337.387
337.598
337.795
338.024
338.223
338.421
338.62
338.856
339.058
339.303
339.537
339.732
339.93
340.134
340.357
340.602
340.837
341.061
341.294
341.503
341.738
341.935
342.139
342.372
342.571
342.795
342.995
343.225
343.423
343.636
343.862
344.084
344.291
344.531
344.757
344.959
345.165
345.401
345.64
345.882
346.111
346.341
346.542
346.751
346.974
347.187
347.421
347.652
347.886
348.108
348.338
348.539
348.741
348.967
349.19
349.408
349.609
349.807
350.012
350.24
350.477
350.717
350.941
351.173
351.368
351.607
351.8
352.023
352.232
352.462
352.691
352.891
353.127
353.363
353.564
353.766
353.998
354.227
354.426
354.635
354.867
355.068
355.27
355.472
355.712
355.921
356.183
356.415
356.642
356.833
357.036
357.268
357.474
357.703
357.939
358.168
358.391
358.607
358.823
359.062
359.259
359.496
359.721
359.929
360.16
360.373
360.599
360.802
361.035
361.24
361.462
361.666
361.901
362.124
362.335
362.562
362.791
363.019
363.223
363.461
363.656
363.858
364.089
364.325
364.554
364.763
364.959
365.185
365.392
365.626
365.855
366.086
366.328
366.575
366.772
366.978
367.204
367.411
367.61
367.839
368.041
368.288
368.516
368.722
368.921
369.157
369.369
369.591
369.791
369.997
370.226
370.462
370.684
370.891
371.12
371.318
371.556
371.798
372.004
372.236
372.441
372.679
372.913
373.137
373.343
373.578
373.775
374.001
374.206
374.445
374.678
374.909
375.114
375.342
375.543
375.749
375.983
376.213
376.453
376.694
376.925
377.153
377.364
377.592
377.834
378.024
378.231
378.474
378.671
378.902
379.128
379.348
379.571
379.774
379.993
380.235
380.433
380.666
380.906
381.134
381.331
381.539
381.76
381.986
382.182
382.383
382.616
382.858
383.059
383.26
383.485
383.725
383.961
384.19
384.428
384.63
384.871
385.093
385.334
385.571
385.802
386.032
386.229
386.467
386.702
386.9
387.107
387.335
387.541
387.771
387.975
388.202
388.422
388.646
388.868
389.101
389.305
389.54
389.745
389.971
390.187
390.413
390.629
390.852
391.056
391.264
391.491
391.724
391.922
392.158
392.387
392.615
392.858
393.092
393.296
393.498
393.727
393.935
394.162
394.362
394.6
394.824
395.028
395.266
395.469
395.679
395.906
396.117
396.351
396.578
396.818
397.054
397.255
397.488
397.688
397.927
398.119
398.319
398.535
398.766
398.972
399.199
399.403
399.6
399.794
400.036
400.259
400.493
400.731
400.933
401.159
401.389
401.593
401.83
402.062
402.264
402.497
402.733
402.974
403.178
403.396
403.631
403.831
404.064
404.265
404.494
404.699
404.933
405.168
405.364
405.596
405.855
406.087
406.293
406.519
406.747
406.984
407.204
407.402
407.631
407.876
408.109
408.333
408.573
408.803
409.039
409.281
409.514
409.747
409.982
410.2
410.405
410.634
410.831
411.034
411.263
411.457
411.673
411.907
412.118
412.348
412.58
412.817
413.023
413.252
413.454
413.689
413.918
414.123
414.358
414.588
414.834
415.057
415.271
415.496
415.701
415.937
416.178
416.404
416.637
416.839
417.041
417.244
417.477
417.699
417.906
418.13
418.327
418.532
418.762
418.991
419.189
419.427
419.629
419.828
420.032
420.274
420.473
420.673
420.874
421.077
421.3
421.507
421.711
421.943
422.167
422.374
422.582
422.805
423.012
423.246
423.462
423.665
423.901
424.105
424.333
424.562
424.76
424.965
425.194
425.397
425.632
425.839
426.044
426.297
426.508
426.713
426.917
427.144
427.358
427.588
427.793
428.024
428.268
428.485
428.721
428.953
429.154
429.386
429.588
429.814
430.017
430.213
430.419
430.649
430.858
431.056
431.257
431.49
431.722
431.93
432.16
432.405
432.61
432.84
433.077
433.315
433.514
433.714
433.916
434.15
434.347
434.577
434.811
435.011
435.24
435.47
435.708
435.939
436.166
436.37
436.572
436.809
437.035
437.242
437.467
437.669
437.868
438.076
438.304
438.541
438.75
438.975
439.187
439.419
439.62
439.83
440.064
440.306
440.542
440.774
440.978
441.205
441.405
441.603
441.843
442.077
442.271
442.508
442.739
442.969
443.216
443.442
443.675
443.91
444.144
444.372
444.569
444.81
445.041
445.24
445.473
445.676
445.883
446.107
446.349
446.581
446.81
447.049
447.286
447.512
447.717
447.953
448.18
448.381
448.604
448.812
449.027
449.228
449.463
449.696
449.93
450.163
450.366
450.597
450.829
451.07
451.304
451.503
451.741
451.97
452.2
452.432
452.669
452.904
453.135
453.345
453.571
453.802
454.058
454.316
454.51
454.742
454.968
455.168
455.371
455.604
455.834
456.066
456.276
456.495
456.717
456.963
457.192
457.435
457.665
457.869
458.099
458.301
458.507
458.73
458.941
459.168
459.408
459.638
459.874
460.106
460.306
460.543
460.739
460.948
461.173
461.38
461.591
461.816
462.017
462.222
462.448
462.671
462.871
463.116
463.361
463.576
463.814
464.048
464.284
464.51
464.708
464.935
465.169
465.374
465.601
465.812
466.014
466.223
466.458
466.669
466.871
467.07
467.3
467.495
467.693
467.924
468.122
468.328
468.564
468.764
468.999
469.237
469.427
469.639
469.868
470.107
470.314
470.549
470.781
471.015
471.251
471.472
471.674
471.907
472.115
472.334
472.556
472.755
472.965
473.203
473.388
473.597
473.826
474.049
474.281
474.512
474.745
474.942
475.164
475.397
475.618
475.815
476.015
476.242
476.446
476.648
476.877
477.112
477.349
477.556
477.785
478.026
478.272
478.493
478.702
478.908
479.117
479.34
479.579
479.817
480.042
480.245
480.447
480.678
480.909
481.147
481.373
481.614
481.803
482.041
482.275
482.503
482.702
482.91
483.136
483.338
483.573
483.81
484.008
484.214
484.441
484.643
484.876
485.087
485.331
485.566
485.765
485.971
486.207
486.43
486.638
486.871
487.103
487.307
487.509
487.742
487.945
488.145
488.374
488.575
488.813
489.038
489.269
489.494
489.697
489.921
490.123
490.323
490.527
490.756
490.965
491.193
491.421
491.654
491.862
492.062
492.295
492.498
492.704
492.904
493.138
493.366
493.604
493.835
494.037
494.243
494.474
494.673
494.874
495.079
495.305
495.548
495.773
495.975
496.176
496.402
496.606
496.836
497.083
497.306
497.537
497.741
497.979
498.179
498.374
498.589
498.822
499.025
499.229
499.456
499.659
499.897
500.099
500.328
500.539
500.766
500.973
501.178
501.384
501.599
501.794
502.029
502.265
502.468
502.668
502.871
503.103
503.305
503.544
503.783
504.009
504.209
504.411
504.614
504.842
505.046
505.29
505.488
505.716
505.923
506.155
506.392
506.633
506.835
507.058
507.297
507.534
507.766
508.01
508.248
508.469
508.672
508.907
509.103
509.305
509.531
509.759
509.994
510.228
510.449
510.653
510.884
511.115
511.341
511.545
511.773
511.974
512.178
512.414
512.643
512.875
513.088
513.313
513.518
513.72
513.928
514.173
514.404
514.633
514.868
515.098
515.328
515.538
515.767
516.004
516.208
516.433
516.634
516.871
517.096
517.297
517.532
517.732
517.935
518.168
518.401
518.636
518.875
519.099
519.305
519.544
519.776
519.976
520.183
520.409
520.614
520.847
521.075
521.276
521.476
521.678
521.907
522.108
522.308
522.539
522.77
522.971
523.171
523.398
523.629
523.831
524.067
524.307
524.534
524.767
525
525.244
525.473
525.709
525.94
526.147
526.377
526.58
526.786
527.024
527.257
527.469
527.678
527.874
528.081
528.312
528.513
528.74
528.939
529.174
529.378
529.61
529.829
530.039
530.249
530.475
530.709
530.909
531.11
531.344
531.542
531.759
531.987
532.214
532.422
532.622
532.823
533.023
533.259
533.486
533.725
533.965
534.195
534.43
534.632
534.837
535.066
535.258
535.454
535.657
535.893
536.125
536.335
536.562
536.759
536.991
537.19
537.421
537.647
537.863
538.085
538.319
538.549
538.756
538.98
539.182
539.391
539.625
539.861
540.089
540.29
540.517
540.718
540.922
541.157
541.385
541.61
541.811
542.046
542.277
542.52
542.754
542.978
543.18
543.385
543.623
543.851
544.06
544.287
544.519
544.749
544.948
545.147
545.351
545.591
545.819
546.049
546.284
546.52
546.748
546.946
547.187
547.416
547.617
547.836
548.066
548.272
548.501
548.735
548.943
549.179
549.409
549.628
549.869
550.09
550.3
550.504
550.737
550.968
551.196
551.427
551.662
551.87
552.096
552.324
552.563
552.787
552.988
553.22
553.462
553.692
553.926
554.122
554.325
554.559
554.756
555.01
555.242
555.458
555.682
555.904
556.133
556.357
556.589
556.794
557.002
557.221
557.467
557.695
557.913
558.143
558.342
558.588
558.808
559.04
559.269
559.478
559.698
559.916
560.129
560.338
560.569
560.789
561.008
561.239
561.454
561.674
561.893
562.108
562.319
562.539
562.764
562.991
563.23
563.43
563.665
563.898
564.11
564.312
564.539
564.749
564.95
565.162
565.382
565.6
565.811
566.041
566.272
566.492
566.707
566.939
567.152
567.393
567.602
567.824
568.027
568.239
568.458
568.685
568.888
569.108
569.327
569.549
569.767
569.99
570.193
570.417
570.624
570.84
571.066
571.285
571.514
571.725
571.934
572.148
572.357
572.584
572.81
573.018
573.223
573.463
573.694
573.914
574.14
574.373
574.62
574.843
575.064
575.277
575.477
575.708
575.909
576.149
576.353
576.577
576.793
577.002
577.236
577.458
577.683
577.888
578.089
578.314
578.536
578.774
579.004
579.209
579.42
579.625
579.828
580.04
580.244
580.465
580.685
580.894
581.121
581.328
581.546
581.776
581.998
582.212
582.429
582.641
582.847
583.05
583.278
583.481
583.686
583.896
584.106
584.336
584.544
584.755
584.964
585.168
585.389
585.607
585.853
586.094
586.328
586.541
586.769
586.995
587.206
587.433
587.65
587.858
588.084
588.299
588.54
588.756
588.962
589.188
589.411
589.62
589.833
590.042
590.258
590.46
590.675
590.878
591.111
591.317
591.558
591.759
591.998
592.218
592.429
592.638
592.858
593.074
593.295
593.514
593.723
593.944
594.181
594.405
594.605
594.838
595.05
595.25
595.454
595.655
595.885
596.086
596.311
596.524
596.746
596.967
597.18
597.402
597.628
597.858
598.094
598.298
598.513
598.742
598.948
599.178
599.403
599.632
599.852
600.074
600.293
600.498
600.732
600.943
601.164
601.387
601.599
601.813
602.059
602.293
602.507
602.71
602.935
603.138
603.379
603.598
603.799
604.01
604.233
604.433
604.659
604.893
605.101
605.328
605.541
605.757
605.981
606.182
606.413
606.645
606.856
607.066
607.269
607.497
607.721
607.955
608.167
608.368
608.596
608.831
609.043
609.25
609.458
609.68
609.884
610.086
610.317
610.534
610.759
610.963
611.183
611.399
611.63
611.848
612.05
612.291
612.495
612.712
612.932
613.14
613.368
613.595
613.806
614.037
614.237
614.448
614.653
614.876
615.098
615.326
615.538
615.751
615.977
616.211
616.422
616.65
616.864
617.083
617.28
617.489
617.692
617.894
618.12
618.333
618.533
618.752
618.967
619.179
619.381
619.601
619.813
620.047
620.265
620.466
620.686
620.886
621.108
621.332
621.532
621.752
621.974
622.194
622.402
622.639
622.852
623.068
623.27
623.498
623.701
623.934
624.142
624.363
624.574
624.783
625.004
625.205
625.433
625.659
625.892
626.098
626.299
626.525
626.744
626.952
627.188
627.399
627.622
627.829
628.049
628.274
628.486
628.696
628.906
629.129
629.346
629.579
629.783
630.002
630.218
630.447
630.649
630.878
631.117
631.325
631.532
631.734
631.953
632.158
632.364
632.594
632.827
633.035
633.264
633.478
633.681
633.886
634.098
634.325
634.543
634.771
634.971
635.179
635.407
635.623
635.83
636.05
636.269
636.487
636.712
636.94
637.169
637.383
637.602
637.805
638.028
638.236
638.462
638.683
638.884
639.103
639.338
639.567
639.791
639.998
640.204
640.414
640.626
640.847
641.063
641.29
641.52
641.748
641.959
642.195
642.4
642.61
642.83
643.039
643.26
643.47
643.673
643.891
644.104
644.331
644.546
644.755
644.971
645.208
645.414
645.616
645.827
646.059
646.268
646.49
646.711
646.932
647.148
647.367
647.607
647.828
648.056
648.278
648.499
648.729
648.943
649.15
649.357
649.579
649.781
650.03
650.25
650.463
650.667
650.896
651.114
651.342
651.564
651.783
651.984
652.186
652.411
652.647
652.876
653.105
653.332
653.556
653.76
653.965
654.166
654.382
654.602
654.813
655.043
655.276
655.483
655.714
655.918
656.14
656.342
656.558
656.763
656.975
657.185
657.415
657.628
657.833
658.064
658.294
658.515
658.743
658.952
659.17
659.377
659.605
659.815
660.045
660.274
660.505
660.715
660.929
661.145
661.351
661.562
661.78
661.992
662.219
662.432
662.634
662.863
663.07
663.271
663.481
663.702
663.933
664.146
664.366
664.596
664.828
665.032
665.236
665.449
665.68
665.9
666.122
666.33
666.54
666.769
666.995
667.201
667.433
667.661
667.885
668.095
668.329
668.55
668.761
668.971
669.211
669.422
669.656
669.869
670.08
670.313
670.552
670.772
670.987
671.217
671.424
671.627
671.83
672.051
672.275
672.488
672.688
672.908
673.134
673.364
673.584
673.79
673.989
674.199
674.43
674.68
674.899
675.12
675.333
675.559
675.759
675.973
676.18
676.402
676.621
676.844
677.05
677.271
677.488
677.726
677.928
678.157
678.377
678.588
678.801
679.028
679.247
679.47
679.707
679.944
680.178
680.384
680.621
680.848
681.059
681.275
681.498
681.708
681.942
682.163
682.384
682.614
682.823
683.053
683.284
683.512
683.724
683.954
684.165
684.397
684.625
684.827
685.046
685.266
685.492
685.707
685.923
686.152
686.372
686.6
686.801
687.001
687.227
687.453
687.661
687.876
688.103
688.316
688.532
688.743
688.973
689.183
689.385
689.586
689.79
690.009
690.212
690.424
690.639
690.862
691.068
691.269
691.473
691.703
691.93
692.15
692.354
692.561
692.791
692.999
693.224
693.431
693.642
693.852
694.087
694.304
694.511
694.73
694.938
695.148
695.348
695.568
695.778
695.988
696.219
696.439
696.652
696.858
697.06
697.291
697.497
697.72
697.939
