1.18461
1.18488
2.40948
2.90975
3.41708
3.91456
4.41526
4.92111
5.41617
5.91588
6.41532
6.92329
7.4172
7.9182
8.41647
8.91724
9.41728
9.91713
10.4181
10.9189
11.42
11.9215
12.4199
12.9214
13.4224
13.9233
14.4217
14.9228
15.4231
15.9351
16.4251
16.9251
17.4259
17.9263
18.4268
18.9271
19.4279
19.9282
20.428
20.9274
21.4282
21.9284
22.4476
22.9294
23.4303
23.9347
24.4315
24.9318
25.4395
25.9322
26.4327
26.9323
27.4329
27.9318
28.4337
28.9634
29.4354
29.9352
30.4343
30.9353
31.4359
31.9358
32.438
32.9366
33.4374
33.9376
34.4392
34.9392
35.4397
35.9525
36.4394
36.941
37.4465
37.9415
38.4423
38.9557
39.4421
39.9428
40.4428
40.9432
41.4432
41.9437
42.463
42.9456
43.4454
43.9455
44.4552
44.9473
45.4471
45.9461
46.4461
46.9476
47.4482
47.9645
48.4476
48.9493
49.448
49.9857
50.4485
50.9492
51.4714
51.9503
52.4522
52.9568
53.4523
53.9523
54.4537
54.9532
55.4541
55.9542
56.4536
56.9544
57.4548
57.955
58.4561
58.9564
59.4563
59.9568
60.4566
60.9567
61.4878
61.9584
62.4581
62.9586
63.4834
63.9585
64.4594
64.9603
65.4637
65.9622
66.4617
66.9675
67.4611
67.9621
68.4735
68.964
69.4625
69.9685
70.4645
70.9645
71.4651
71.966
72.4643
72.9706
73.4658
73.9671
74.4673
74.9679
75.4678
75.9688
76.472
76.9695
77.4701
77.99
78.4706
78.9705
79.4705
79.9709
80.4721
81.0055
81.4721
81.9737
82.4731
82.9743
83.4742
83.9753
84.4754
84.9744
85.4764
85.976
86.4756
86.9766
87.477
87.9776
88.4783
88.9765
89.478
89.9787
90.4781
90.9792
91.5121
91.9814
92.4814
92.9809
93.5132
93.9812
94.4821
95.0061
95.481
95.9813
96.4826
96.984
97.4826
97.9836
98.4927
98.9862
99.4857
100.025
100.486
100.987
101.487
102.007
102.519
102.996
103.488
104.006
104.488
104.989
105.489
105.99
106.49
106.991
107.491
107.992
108.49
109.015
109.491
109.992
110.514
110.993
111.492
112.015
112.495
112.995
113.495
113.996
114.511
114.994
115.496
115.998
116.497
116.996
117.498
117.999
118.505
118.999
119.498
119.997
120.5
121.001
121.501
122.008
122.502
123.017
123.502
124.002
124.503
125.003
125.504
126.017
126.504
127.004
127.505
128.01
128.505
129.005
129.505
130.006
130.505
131.008
131.507
132.008
132.508
133.007
133.507
134.007
134.519
135.023
135.51
136.01
136.511
137.011
137.512
138.012
138.512
139.013
139.529
140.014
140.514
141.014
141.514
142.015
142.515
143.045
143.516
144.016
144.522
145.018
145.518
146.016
146.517
147.023
147.519
148.02
148.536
149.02
149.521
150.04
150.522
151.022
151.522
152.021
152.521
153.023
153.524
154.062
154.524
155.024
155.537
156.024
156.525
157.058
157.526
158.027
158.526
159.028
159.527
160.057
160.528
161.029
161.529
162.055
162.53
163.031
163.56
164.031
164.531
165.063
165.532
166.032
166.542
167.034
167.533
168.035
168.535
169.075
169.535
170.034
170.578
171.036
171.537
172.069
172.537
173.037
173.536
174.038
174.539
175.04
175.538
176.039
176.54
177.039
177.541
178.041
178.542
179.042
179.542
180.043
180.564
181.043
181.543
182.042
182.543
183.044
183.567
184.045
184.546
185.046
185.571
186.046
186.547
187.048
187.547
188.048
188.549
189.049
189.55
190.05
190.55
191.05
191.551
192.051
192.551
193.052
193.551
194.055
194.553
195.053
195.554
196.054
196.554
197.053
197.554
198.056
198.555
199.056
199.557
200.056
200.557
201.056
201.557
202.057
202.565
203.058
203.559
204.059
204.56
205.059
205.56
206.06
206.561
207.061
207.561
208.062
208.609
209.064
209.563
210.062
210.591
211.064
211.564
212.104
212.565
213.066
213.566
214.067
214.566
215.066
215.566
216.067
216.568
217.068
217.568
218.069
218.569
219.069
219.57
220.07
220.571
221.07
221.583
222.071
222.572
223.073
223.571
224.072
224.572
225.074
225.574
226.074
226.574
227.074
227.574
228.076
228.579
229.077
229.575
230.092
230.577
231.076
231.578
232.077
232.578
233.078
233.582
234.084
234.578
235.081
235.58
236.08
236.581
237.081
237.582
238.082
238.583
239.084
239.583
240.083
240.584
241.085
241.584
242.084
242.585
243.084
243.585
244.085
244.587
245.088
245.586
246.087
246.588
247.094
247.589
248.088
248.589
249.09
249.59
250.091
250.59
251.09
251.591
252.107
252.59
253.091
253.593
254.092
254.592
255.093
255.594
256.113
256.595
257.096
257.595
258.096
258.595
259.097
259.596
260.096
260.597
261.098
261.598
262.097
262.615
263.097
263.599
264.119
264.599
265.1
265.6
266.1
266.602
267.102
267.603
268.102
268.603
269.102
269.605
270.104
270.604
271.104
271.605
272.105
272.604
273.106
273.611
274.106
274.606
275.126
275.607
276.107
276.608
277.108
277.611
278.109
278.609
279.108
279.609
280.11
280.611
281.152
281.611
282.112
282.645
283.113
283.612
284.111
284.612
285.113
285.614
286.114
286.615
287.115
287.615
288.116
288.615
289.115
289.616
290.117
290.616
291.117
291.618
292.117
292.618
293.119
293.62
294.128
294.619
295.121
295.62
296.12
296.622
297.122
297.623
298.121
298.622
299.123
299.623
300.121
300.622
301.123
301.624
302.124
302.624
303.125
303.626
304.126
304.626
305.126
305.643
306.126
306.627
307.153
307.628
308.129
308.628
309.128
309.628
310.129
310.63
311.13
311.632
312.132
312.632
313.131
313.631
314.145
314.632
315.132
315.632
316.133
316.635
317.135
317.636
318.142
318.636
319.136
319.636
320.137
320.637
321.137
321.636
322.137
322.635
323.138
323.638
324.138
324.64
325.138
325.64
326.14
326.642
327.141
327.641
328.142
328.64
329.141
329.642
330.143
330.643
331.142
331.643
332.144
332.645
333.145
333.654
334.146
334.645
335.147
335.648
336.147
336.648
337.16
337.648
338.148
338.649
339.149
339.649
340.149
340.65
341.15
341.651
342.151
342.65
343.151
343.651
344.151
344.652
345.153
345.654
346.153
346.653
347.154
347.654
348.155
348.655
349.155
349.656
350.156
350.656
351.173
351.658
352.157
352.656
353.157
353.657
354.16
354.659
355.158
355.659
356.183
356.66
357.161
357.659
358.168
358.662
359.162
359.661
360.162
360.663
361.164
361.666
362.163
362.664
363.163
363.665
364.165
364.666
365.166
365.666
366.166
366.667
367.167
367.667
368.167
368.668
369.168
369.668
370.169
370.684
371.17
371.67
372.171
372.679
373.171
373.671
374.17
374.678
375.173
375.673
376.173
376.694
377.174
377.673
378.173
378.673
379.175
379.675
380.176
380.676
381.177
381.677
382.182
382.676
383.178
383.678
384.19
384.677
385.178
385.68
386.179
386.702
387.181
387.681
388.202
388.681
389.18
389.681
390.187
390.682
391.182
391.683
392.184
392.684
393.184
393.684
394.184
394.686
395.185
395.685
396.186
396.686
397.186
397.688
398.187
398.687
399.203
399.688
400.188
400.689
401.19
401.69
402.191
402.691
403.191
403.691
404.191
404.699
405.19
405.692
406.193
406.694
407.204
407.691
408.194
408.694
409.195
409.695
410.2
410.694
411.195
411.704
412.197
412.697
413.197
413.696
414.198
414.698
415.198
415.712
416.199
416.704
417.244
417.71
418.2
418.7
419.201
419.701
420.201
420.702
421.203
421.711
422.202
422.703
423.203
423.702
424.204
424.705
425.204
425.705
426.205
426.713
427.206
427.706
428.207
428.707
429.208
429.707
430.214
430.706
431.208
431.722
432.209
432.708
433.21
433.714
434.212
434.711
435.24
435.71
436.21
436.712
437.212
437.714
438.213
438.714
439.214
439.713
440.213
440.714
441.215
441.715
442.216
442.739
443.216
443.717
444.217
444.718
445.24
445.718
446.218
446.719
447.219
447.72
448.219
448.719
449.228
449.721
450.22
450.722
451.221
451.741
452.223
452.723
453.223
453.722
454.223
454.742
455.224
455.724
456.226
456.725
457.226
457.726
458.227
458.73
459.226
459.727
460.228
460.739
461.229
461.729
462.229
462.729
463.23
463.73
464.231
464.73
465.231
465.731
466.233
466.732
467.232
467.733
468.232
468.765
469.238
469.734
470.235
470.781
471.252
471.735
472.236
472.755
473.236
473.735
474.236
474.746
475.237
475.737
476.242
476.738
477.239
477.738
478.239
478.739
479.24
479.741
480.245
480.743
481.241
481.742
482.242
482.743
483.243
483.744
484.242
484.744
485.244
485.765
486.244
486.746
487.246
487.746
488.245
488.747
489.269
489.747
490.247
490.756
491.248
491.747
492.248
492.749
493.249
493.749
494.249
494.75
495.25
495.752
496.252
496.752
497.252
497.753
498.252
498.753
499.253
499.754
500.254
500.766
501.254
501.754
502.266
502.756
503.255
503.757
504.257
504.757
505.29
505.758
506.258
506.758
507.297
507.766
508.26
508.761
509.26
509.76
510.261
510.761
511.261
511.774
512.261
512.763
513.262
513.762
514.263
514.764
515.263
515.767
516.264
516.765
517.264
517.764
518.266
518.765
519.266
519.776
520.267
520.767
521.276
521.768
522.267
522.77
523.269
523.768
524.269
524.77
525.27
525.769
526.27
526.786
527.272
527.773
528.312
528.772
529.272
529.774
530.274
530.774
531.274
531.775
532.275
532.775
533.275
533.776
534.276
534.775
535.276
535.777
536.276
536.777
537.278
537.778
538.278
538.778
539.278
539.779
540.29
540.78
541.281
541.78
542.282
542.782
543.282
543.783
544.287
544.781
545.283
545.783
546.285
546.785
547.284
547.784
548.285
548.786
549.286
549.786
550.3
550.787
551.287
551.787
552.286
552.787
553.288
553.788
554.288
554.792
555.301
555.795
556.301
556.815
557.292
557.791
558.298
558.803
559.296
559.794
560.296
560.794
561.294
561.81
562.294
562.794
563.305
563.795
564.298
564.806
565.297
565.811
566.298
566.798
567.298
567.796
568.314
568.798
569.315
569.798
570.299
570.799
571.311
571.81
572.306
572.811
573.317
573.799
574.301
574.807
575.303
575.803
576.303
576.803
577.315
577.803
578.314
578.805
579.305
579.811
580.305
580.805
581.324
581.808
582.309
582.807
583.306
583.813
584.308
584.809
585.314
585.814
586.318
586.821
587.31
587.809
588.326
588.812
589.313
589.829
590.312
590.812
591.317
591.815
592.314
592.814
593.33
593.822
594.314
594.826
595.316
595.822
596.316
596.817
597.327
597.817
598.336
598.818
599.333
599.819
600.319
600.819
601.318
601.819
602.319
602.82
603.319
603.825
604.32
604.821
605.322
605.839
606.329
606.822
607.334
607.823
608.325
608.831
609.324
609.841
610.325
610.825
611.326
611.837
612.326
612.827
613.332
613.842
614.327
614.833
615.347
615.842
616.342
616.83
617.337
617.847
618.333
618.845
619.337
619.847
620.331
620.831
621.332
621.838
622.349
622.848
623.333
623.847
624.333
624.839
625.334
625.847
626.334
626.836
627.338
627.834
628.335
628.843
629.346
629.848
630.337
630.838
631.338
631.838
632.339
632.85
633.339
633.839
634.338
634.838
635.337
635.855
636.339
636.856
637.34
637.841
638.341
638.84
639.342
639.848
640.341
640.847
641.355
641.844
642.351
642.856
643.357
643.849
644.345
644.846
645.346
645.853
646.363
646.859
647.363
647.854
648.349
648.865
649.357
649.865
650.351
650.852
651.35
651.85
652.351
652.851
653.358
653.852
654.352
654.87
655.358
655.853
656.362
656.855
657.355
657.86
658.355
658.856
659.373
659.854
660.371
660.856
661.358
661.873
662.355
662.863
663.357
663.86
664.358
664.863
665.359
665.866
666.36
666.866
667.36
667.86
668.361
668.877
669.379
669.863
670.362
670.875
671.364
671.864
672.38
672.874
673.364
673.863
674.366
674.866
675.364
675.865
676.365
676.866
677.367
677.885
678.378
678.868
679.385
679.867
680.384
680.869
681.385
681.868
682.384
682.869
683.37
683.871
684.372
684.877
685.372
685.878
686.373
686.872
687.373
687.876
688.373
688.873
689.385
689.873
690.376
690.874
691.375
691.875
692.377
692.875
693.387
693.888
694.375
694.897
695.378
695.895
696.379
696.885
697.396
697.88
