0.0133509
0.00665867
0.00420645
0.0227005
0.0013678
0.0020664
0.000701839
0.000862292
0.00121743
0.000792705
0.00112191
0.00130363
0.0013491
0.00235198
0.00189517
0.00285743
0.00145332
0.0066063
0.00359425
0.000619413
0.00123525
0.000676362
0.0010178
0.024892
0.00139585
0.00129793
0.00132591
0.00125643
0.00146317
0.00319673
0.00367037
0.00300395
0.00248607
0.00594753
0.0102217
0.00149279
0.00281698
0.00476481
0.00412922
0.0030364
0.00358246
0.000810011
0.00283623
0.00166185
0.000826313
0.00274363
0.001152
0.00151303
0.00240243
0.00162457
0.000926038
0.00217152
0.000674315
0.000615145
0.000486676
0.00571204
0.00189496
0.00153273
0.00320532
0.00104665
0.00212807
0.0018185
0.00121046
0.000807077
0.00146114
0.000802026
0.000919194
0.000527157
0.0208049
0.000679314
0.0048589
0.00132463
0.00100339
0.00211097
0.00094452
0.00159608
0.00267749
0.00427158
0.000590939
0.00385409
0.00162859
0.00180165
0.00139836
0.00134384
0.000756438
0.00146956
0.000866625
0.00240667
0.000685372
0.000673935
0.00149111
0.00144907
0.000680125
0.000623902
0.000646797
0.000935179
0.000635623
0.00125656
0.00647717
0.000671022
0.000598951
0.000917636
0.00122617
0.000805302
0.00389329
0.00162319
0.00155045
0.00166657
0.00188763
0.00113967
0.00361675
0.00242454
0.00148933
0.00938843
0.000414991
0.000319599
0.0010678
0.0107529
0.00125598
0.00885047
0.000606718
0.00115576
0.000470842
0.00162115
0.00113999
0.0028517
0.000850773
0.00119925
0.00604139
0.0050939
0.00138597
0.00344569
0.000398481
0.00464497
0.00154743
0.00268363
0.000729306
0.00174717
0.000660544
0.000881605
0.00204874
0.00103699
0.000873824
0.00135113
0.00150215
0.00168261
0.00157454
0.00104647
0.00605505
0.00621535
0.00432054
0.00452692
0.0091805
0.00430965
0.00526272
0.00665546
0.00731952
0.00440038
0.00672809
0.00629125
0.0042884
0.010157
0.00429618
0.00453313
0.00416257
0.0042079
0.00796308
0.00552057
0.00432683
0.00990186
0.00421335
0.00834976
0.00673849
0.00423779
0.00424781
0.00434939
0.00431109
0.0093481
0.00432288
0.00538548
0.00630852
0.00431219
0.0044407
0.00978257
0.00427045
0.00427847
0.00570071
0.00435927
0.00565256
0.00499107
0.00618769
0.00563919
0.00439254
0.00736383
0.00708319
0.00427476
0.00526727
0.00601671
0.0069002
0.00626958
0.00430356
0.00733377
0.00511318
0.00432164
0.00961551
0.00522743
0.00831258
0.004191
0.004313
0.0078282
0.00694363
0.00472114
0.00774346
0.004463
0.00905586
0.008857
0.00493608
0.0104294
0.00424817
0.00734312
0.0096582
0.00945657
0.00416052
0.00811979
0.00473096
0.00469126
0.00674402
0.00529437
0.0074227
0.00433232
0.00486765
0.00420297
0.00870744
0.00512013
0.00429677
0.00896859
0.00421383
0.00532423
0.00786395
0.00430232
0.00445679
0.00673401
0.00598235
0.0101138
0.00421245
0.00975007
0.00922806
0.00550621
0.00970759
0.00433008
0.00521237
0.00675927
0.00732816
0.00442205
0.00693826
0.00847654
0.00727207
0.00947888
0.00603
0.00424722
0.00603153
0.00427776
0.00612974
0.00833756
0.00756812
0.00736212
0.00429321
0.00516739
0.00922752
0.00419094
0.00458546
0.00787591
0.00558365
0.00729579
0.00427646
0.00515305
0.00936731
0.00426438
0.00665911
0.00431798
0.00541289
0.00773276
0.00706726
0.00431168
0.0128734
0.00931103
0.00451743
0.00751949
0.00528009
0.00606485
0.00421321
0.00797416
0.00444582
0.00424346
0.00759891
0.00430393
0.00622031
0.0115863
0.0044842
0.00665533
0.0112157
0.00439469
0.00632137
0.00605252
0.00435305
0.00699442
0.00509135
0.00621153
0.00420716
0.00632263
0.00713243
0.00465561
0.00767776
0.00711399
0.00542238
0.00834652
0.00613074
0.00463319
0.00937261
0.00432543
0.00417153
0.00807672
0.00462601
0.00888763
0.00448357
0.00437151
0.00775962
0.00454128
0.00891676
0.00887802
0.00563284
0.0043613
0.00893139
0.00450298
0.00640402
0.00421254
0.00433592
0.00849803
0.00652338
0.00692057
0.00435424
0.00424943
0.00433764
0.00551858
0.00435315
0.00732721
0.00883196
0.00462112
0.00432504
0.00574871
0.00439173
0.005792
0.00423918
0.00752477
0.00425739
0.00895144
0.00437933
0.00823722
0.0113194
0.00709505
0.0068293
0.00642982
0.0044012
0.00438638
0.0134353
0.0089397
0.004221
0.00787036
0.0067655
0.0045438
0.00985098
0.00419561
0.00554639
0.00419703
0.00425526
0.00859379
0.00608515
0.00455059
0.00927841
0.00440345
0.00426301
0.00704293
0.00425684
0.00857131
0.00431263
0.00426106
0.00824481
0.00512202
0.00830089
0.00514003
0.00459056
0.00529024
0.00556532
0.00443396
0.00952439
0.0046192
0.00431488
0.0105566
0.00431658
0.00685372
0.00590716
0.00920274
0.0104436
0.00423044
0.0063449
0.00908983
0.00427056
0.00598557
0.00422068
0.00580864
0.00812518
0.00426405
0.00631007
0.00716554
0.00434567
0.00464821
0.00417951
0.00668874
0.0105575
0.0106662
0.00649321
0.00427684
0.00817826
0.00503496
0.00449546
0.00804403
0.00424522
0.00422257
0.00527475
0.00509142
0.00562012
0.00885794
0.00426073
0.0107757
0.00454563
0.00425497
0.00896867
0.00422626
0.00439173
0.00476624
0.00751341
0.00546291
0.00673752
0.0130254
0.00864832
0.00894853
0.00660629
0.0128976
0.00875727
0.0044535
0.0041727
0.00937974
0.0076515
0.0121984
0.0107143
0.0057627
0.00884074
0.00441567
0.00426862
0.00987818
0.00416657
0.00449543
0.00815494
0.00455102
0.00729123
0.00923358
0.00563991
0.00960161
0.00471314
0.0062079
0.00847118
0.00425527
0.00713909
0.00720591
0.00429487
0.00972443
0.00461663
0.00516279
0.00895552
0.00508561
0.00751427
0.0043209
0.00698036
0.0101545
0.00693269
0.00910999
0.00738399
0.0042976
0.00609781
0.00512638
0.00436771
0.00916659
0.00416031
0.00513375
0.00986185
0.00415848
0.00664561
0.00664018
0.00452094
0.00785399
0.00448567
0.00914026
0.00546906
0.00423094
0.00830132
0.00473356
0.0048541
0.00807107
0.00455297
0.00700873
0.00950623
0.00438963
0.00429983
0.00707696
0.00429898
0.0109698
0.0105808
0.00756779
0.0103001
0.0045038
0.00625742
0.00891906
0.00422494
0.00603426
0.00735963
0.00496045
0.0102839
0.00421909
0.00537364
0.00891451
0.00433743
0.00708665
0.00428843
0.00791986
0.00642551
0.00540135
0.00438603
0.0087661
0.00430131
0.0043563
0.0120441
0.00455298
0.00540854
0.00433499
0.00626276
0.00815498
0.00919679
0.0106834
0.00456759
0.00771252
0.00451735
0.00572311
0.00843433
0.00423683
0.0074946
0.00655336
0.00436819
0.00972143
0.0042181
0.00768009
0.00788697
0.00427006
0.00732052
0.00732389
0.00615406
0.00453058
0.00491931
0.00630262
0.00602752
0.00929396
0.00678968
0.01076
0.00617136
0.00675319
0.00444863
0.00482645
0.00611217
0.00520838
0.0090834
0.00423259
0.00424593
0.00964435
0.00828799
0.00430044
0.00825602
0.00556062
0.00434601
0.00537367
0.0069119
0.00525015
0.00877219
0.00415546
0.0102663
0.0109561
0.00621069
0.00432327
0.00557042
0.00815229
0.00845767
0.00771283
0.00612957
0.00791559
0.00858967
0.00634301
0.00673099
0.00776804
0.00428243
0.00414755
0.00446048
0.00799225
0.00422769
0.00441757
0.00943961
0.00464499
0.00626275
0.00672574
0.00421215
0.00795603
0.00460114
0.00430517
0.0076996
0.00577212
0.00843073
0.00945012
0.0043815
0.0072657
0.0101308
0.00467628
0.00845475
0.00440207
0.00427313
0.0056557
0.00445055
0.00934401
0.00440452
0.00634147
0.00843181
0.00453593
0.0126281
0.00967746
0.00425118
0.00528152
0.00959318
0.00431968
0.00470233
0.00795334
0.00699395
0.00996646
0.00633692
0.00433601
0.00470306
0.00428941
0.0102569
0.00687681
0.00433498
0.00813177
0.00443428
0.00439949
0.00860849
0.00585925
0.00443311
0.00520084
0.00702115
0.00530458
0.00899924
0.00545882
0.0070935
0.0124058
0.0128297
0.0123522
0.00424117
0.00665926
0.00864304
0.0053287
0.00445237
0.00953647
0.00426478
0.00603065
0.00896519
0.0043284
0.00419367
0.00420835
0.00795009
0.00436001
0.00436018
0.00793256
0.00558188
0.00774203
0.00855955
0.00582262
0.004324
0.00635839
0.00421602
0.00427531
0.00642872
0.00451585
0.00719909
0.00683892
0.00496746
0.00932634
0.00416542
0.00468434
0.0090063
0.00427335
0.0101848
0.00644486
0.0044987
0.010803
0.00427228
0.00529309
0.00919272
0.00418696
0.00411412
0.00412601
0.0101595
0.00427615
0.0044261
0.00742973
0.00421686
0.0084509
0.0047378
0.00439275
0.00972843
0.0043714
0.00431445
0.00676353
0.00463618
0.00840791
0.00523024
0.00448777
0.0089782
0.00433023
0.00603868
0.00781096
0.00421213
0.00417171
0.0048378
0.00704754
0.00891089
0.00476436
0.00959035
0.00420318
0.00571291
0.0064753
0.00449662
0.00424253
0.00816788
0.0105467
0.00414433
0.00564297
0.00429582
0.0044228
0.00730082
0.00835439
0.00751333
0.00456258
0.00475498
0.00577778
0.0086738
0.00420001
0.00780972
0.00884661
0.00572252
0.00886
0.00442517
0.00831221
0.00784563
0.00427478
0.00451495
0.00790354
0.00526197
0.0113673
0.00939039
0.00442878
0.00782543
0.0105422
0.00689256
0.0097742
0.00424546
0.00445135
0.00937898
0.0109237
0.00674174
0.00437254
0.00914624
0.00580454
0.00879267
0.00444758
0.0051406
0.00796431
0.00461237
0.00744807
0.00916269
0.00430344
0.00749299
0.00962854
0.00418614
0.00585743
0.00886996
0.00428787
0.00541588
0.00464004
0.00533596
0.00966293
0.00434493
0.0051053
0.00881327
0.00947016
0.00983113
0.00426386
0.00453459
0.00514189
0.00449224
0.00962549
0.00427456
0.00595383
0.00834524
0.00437513
0.0089992
0.00499273
0.00446407
0.00407478
0.00506315
0.00884723
0.00448249
0.00646388
0.00539471
0.00446935
0.0101704
0.0042187
0.00442629
0.00710186
0.0043274
0.00427315
0.00857264
0.0046895
0.00850606
0.00466115
0.00669342
0.0106002
0.00851352
0.00432463
0.00424423
0.00571291
0.00607677
0.00607495
0.00856305
0.00440863
0.00712945
0.00766122
0.00435266
0.0101475
0.00432858
0.0043448
0.00932347
0.00860604
0.00432119
0.00753883
0.00930879
0.0046783
0.00978183
0.00431564
0.00421106
0.00423532
0.00626292
0.00435819
0.00442912
0.00916764
0.00436618
0.00464059
0.00685175
0.00432611
0.00764838
0.00427929
0.00754813
0.00464139
0.00891619
0.00421648
0.00529918
0.00852181
0.0042469
0.00887126
0.00567282
0.00429285
0.00522475
0.00575773
0.0066787
0.00692622
0.00422871
0.00778696
0.00879016
0.00868834
0.00782806
0.0046504
0.00432292
0.0103582
0.00435915
0.00436018
0.00745226
0.00571086
0.00674084
0.00850286
0.00426514
0.00869576
0.00432155
0.00753537
0.00454785
0.00847836
0.00444194
0.00581778
0.00889286
0.00468238
0.00839446
0.00559816
0.00424788
0.0119498
0.00624055
0.00640143
0.00874186
0.00607151
0.00695252
0.0116312
0.0122792
0.0041636
0.00559172
0.00927142
0.00425146
0.0090761
0.00456842
0.00442996
0.00991181
0.00708687
0.00707966
0.00848746
0.00427714
0.00416091
0.00521118
0.00903799
0.0086799
0.00576438
0.00932064
0.00965673
0.00444758
0.00642221
0.00552715
0.00422908
0.00419521
0.00475906
0.00710383
0.00426565
0.00813247
0.00486521
0.0044066
0.00820768
0.00475344
0.00421706
0.00786412
0.00890852
0.00423153
0.00759296
0.00442174
0.00426574
0.00967949
0.00418724
0.00582381
0.00660462
0.00425041
0.0042765
0.00805934
0.00633251
0.00810083
0.00432284
0.00489947
0.00822066
0.00432734
0.00560726
0.00558499
0.00801081
0.00687719
0.00444313
0.00613956
0.00802653
0.00934811
0.00893658
0.00456846
0.00427528
0.0113941
0.00724555
0.00436459
0.00589264
0.00552791
0.00464075
0.00797177
0.00454317
0.00886409
0.0059875
0.00545876
0.011099
0.00466738
0.00428605
0.0107255
0.00935238
0.00439642
0.00641376
0.00702234
0.00427723
0.00662146
0.00999751
0.0051652
0.00421625
0.00485636
0.00463855
0.0049205
0.00485445
0.00418979
0.00494646
0.00426934
0.00994789
0.00579913
0.00497254
0.00456429
0.00659069
0.00480939
0.00814073
0.00436432
0.00592658
0.00851494
0.00420972
0.0105966
0.00716292
0.00437902
0.00554006
0.00590895
0.00664859
0.00759645
0.0055791
0.0102831
0.00921133
0.00448843
0.00995716
0.00433137
0.00434942
0.00715052
0.00420484
0.0069028
0.00795684
0.00473393
0.00861856
0.00428042
0.00503887
0.00850498
0.00477773
0.00429794
0.00424705
0.00440269
0.0082461
0.00455221
0.00938555
0.00435174
0.00431714
0.00877848
0.005663
0.00435387
0.00757281
0.00710782
0.00432056
0.00909086
0.00720532
0.00558143
0.00760145
0.00419852
0.00780027
0.00667817
0.00597171
0.00413073
0.00427168
0.00791532
0.0043981
0.00973623
0.00560661
0.00438694
0.00690662
0.00425565
0.0043145
0.00465508
0.00584238
0.0042054
0.0041819
0.0069651
0.00430984
0.00437073
0.00470227
0.00568502
0.00760369
0.0070717
0.00424172
0.00666538
0.00664992
0.00923807
0.0118634
0.00977907
0.00492839
0.00889226
0.00620703
0.00677646
0.00822655
0.00425882
0.00611868
0.00670763
0.00433623
0.00853254
0.00427576
0.00526441
0.0114441
0.00582029
0.00788463
0.00530459
0.00630836
0.00458629
0.00580563
0.00994894
0.00444057
0.00687213
0.00667764
0.00425266
0.00826826
0.00429506
0.00422528
0.00448447
0.00648673
0.00423728
0.00842217
0.00542225
0.00437777
0.0114051
0.0110509
0.00428221
0.00436373
0.00638069
0.00639731
0.00608312
0.00965349
0.00423492
0.00524884
0.00830559
0.00424483
0.00949925
0.00508502
0.00714143
0.00414496
0.00430645
0.00881411
0.00426602
0.00674901
0.00569356
0.00466564
0.0094459
0.00422122
0.00530976
0.00956192
0.00522081
0.00424265
0.0108001
0.00568132
0.00659737
0.00514368
0.00437142
0.00972473
0.00425417
0.00434792
0.00707033
0.00425688
0.00753991
0.00714264
0.00539206
0.00973924
0.00475943
0.0091131
0.0064802
0.00450072
0.00661024
0.00651888
0.00420537
0.00556468
0.00759055
0.00616461
0.00917741
0.00440678
0.00439694
0.00665019
0.00430367
0.00477854
0.00435728
0.0091266
0.00546781
0.010459
0.00465486
0.00500427
0.00838628
0.00961254
0.00824331
0.00786008
0.00430628
0.00424873
0.00542319
0.0042754
0.00688019
0.00921261
0.00527613
0.00795237
0.00469076
0.00741267
0.0051722
0.00438089
0.00599817
0.00587134
0.00928429
0.00647356
0.009517
0.00909842
0.00756982
0.00447504
0.00980495
0.00430583
0.00472419
0.0089974
0.0043115
0.00794914
0.00688689
0.00538516
0.00674508
0.0043619
0.004989
0.0042827
0.00677719
0.00453333
0.00952307
0.00431816
0.00631734
0.00585993
0.0042679
0.00744789
0.00720118
0.00438207
0.00781178
0.00651822
0.00896041
0.011008
0.00452348
0.00772708
0.00922077
0.0046656
0.00722527
0.00583174
0.00423796
0.0051893
0.00869768
0.00429564
0.00797872
0.00523341
0.00482892
0.00900478
0.00442083
0.00847959
0.00423154
0.00421227
0.00812281
0.00992923
0.00444047
0.00976272
0.00419377
0.00528557
0.00903554
0.00426565
0.00798595
0.00800975
0.00435022
0.00474789
0.00859859
0.00566475
0.00713453
0.00670609
0.00434058
0.00929757
0.00456412
0.00437897
0.00616369
0.00432922
0.00827612
0.00701664
0.0045407
0.00936469
0.00497714
0.00557547
0.00887527
0.00424703
0.00631297
0.00793556
0.00455528
0.0107543
0.0042504
0.00491855
0.00944324
0.00424771
0.0085886
0.00420866
0.00427149
0.009067
0.00491867
0.00675966
0.00917086
0.00431437
0.00575433
0.00790996
0.00715453
0.011947
0.00499104
0.0056714
0.0093273
0.0042293
0.00443432
0.00965061
0.00421261
0.00836849
0.00632281
0.00453858
0.00974732
0.00422489
0.00695505
0.0114371
0.00949529
0.00546807
0.00806138
0.00506358
0.00452564
0.00586523
0.00493144
0.00953468
0.00424233
0.00428509
0.00680369
0.0107637
0.00478909
0.0095046
0.00610847
0.00425988
0.0065793
0.00566023
0.00445327
0.00561031
0.00543282
0.00754245
0.00522394
0.00628815
0.00424808
0.00546793
0.00633455
0.00600565
0.00444927
0.00456763
0.00845808
0.00582285
0.00938835
0.00600194
0.00440335
0.00740042
0.00568188
0.00641965
0.00882531
0.00436437
0.00444358
0.00778011
0.00987433
0.00526031
0.00702375
0.00940223
0.00461572
0.00632807
0.00708806
0.00723053
0.00421104
0.00692472
0.00447099
0.00970793
0.00494163
0.00953387
0.00727444
0.00435519
0.00729787
0.00522114
0.00706896
0.00436677
0.00666063
0.00423927
0.00668457
0.00815748
0.00434786
0.00845839
0.00438703
0.00618243
0.00543175
0.00424009
0.00799957
0.00674342
0.00738428
0.00955211
0.00896605
0.00634825
0.00423829
0.00720188
0.00651155
0.00660771
0.00485858
0.00452371
0.0085353
0.00970595
0.00551505
0.00417351
0.00784467
0.00546287
0.00442632
0.00864651
0.00571242
0.00861507
0.00424819
0.00641828
0.00430239
0.0118745
0.00851713
0.0046775
0.00601291
0.00698641
0.00417058
0.00450773
0.00947689
0.00593746
0.00734171
0.00961462
0.00446105
0.00606846
0.00784588
0.00429897
0.00834386
0.00427152
0.00436343
0.0090974
0.00445179
0.00530579
0.00528544
0.0053877
0.00702004
0.00431221
0.00440461
0.00773171
0.00486717
0.00426448
0.00419854
0.00867566
0.00487821
0.00423978
0.00925075
0.00802228
0.00625886
0.00712214
0.00516816
0.00696199
0.0115358
0.0041725
0.00833485
0.00663368
0.00532837
0.00832319
0.00425455
0.00692725
0.0125606
0.0119585
0.0105942
0.00422099
0.00779967
0.00937081
0.00427432
0.00931821
0.00437288
0.00696753
0.013328
0.0100646
0.00616066
0.00920497
0.00421443
0.00441021
0.00560294
0.00457938
0.0129293
0.00709341
0.00729042
0.00508813
0.00486912
0.00529383
0.00438944
0.00421326
0.00730315
0.00423958
0.00483668
0.00880246
0.00432558
0.00714055
0.00548397
0.00456116
0.00937304
0.00410356
0.00738943
0.00819439
0.00624621
0.00808064
0.00528006
0.00875511
0.00886133
0.00443985
0.0082876
0.00637826
0.00428462
0.00449934
0.00730459
0.00463821
0.00609758
0.00634424
0.00521994
0.00798935
0.00442251
0.00430717
0.00436336
0.00725528
0.00659501
0.00437006
0.00422052
0.00960603
0.00546391
0.00473461
0.00823513
0.00431267
0.00532225
0.0043352
0.00434256
0.00468302
0.00716792
0.00487423
0.00625789
0.00844599
0.00755316
0.00755396
0.00628339
0.00419414
0.010417
0.00532506
0.00646109
0.0085668
0.00426829
0.00859611
0.00559116
0.00694092
0.0109885
0.00424307
0.00507583
0.00868263
0.0075807
0.0102656
0.0050784
0.00846955
0.00884161
0.00424443
0.00576382
0.00762781
0.00424768
0.00420202
0.00448505
0.00896023
0.0076877
0.00425882
0.0133308
0.00930479
0.0041753
0.00705026
0.00660926
0.00422617
0.00437808
0.00991397
0.00419215
0.00511257
0.00873113
0.00423596
0.00749602
0.00634985
0.00612987
0.00427509
0.00709845
0.00649836
0.0103735
0.00444347
0.0095359
0.00547335
0.00573388
0.00898908
0.0048914
0.00438833
0.00574046
0.00539872
0.00680745
0.00988253
0.00835902
0.0084818
0.00648657
0.00442899
0.0100392
0.00418346
0.00626214
0.00738903
0.00427625
0.008309
0.00459663
0.00434803
0.00964602
0.00426262
0.00544567
0.0095989
0.00472634
0.00418236
0.00431676
0.00998591
0.00435463
0.00563547
0.00700813
0.00426672
0.0101227
0.0046722
0.00430032
0.0096011
0.00420347
0.0042248
0.00459445
0.00428631
0.00657248
0.00446624
0.00809902
0.00658242
0.00421741
0.00772955
0.00568844
0.00419147
0.00850465
0.00610101
0.00618702
0.013019
0.00914495
0.00433655
0.00907181
0.00831466
0.00728364
0.00448254
0.0090511
0.00440277
0.00433589
0.0102179
0.00436519
0.00444901
0.00464275
0.00459851
0.00426679
0.00776433
0.00539018
0.00802461
0.00415113
0.00498419
0.00523701
0.00587916
0.00794249
0.0043618
0.00429041
0.00894283
0.00424219
0.00705447
0.00797192
0.00418112
0.00713654
0.00614022
0.00455234
0.00772548
0.00441391
0.00574288
0.0126479
0.00447999
0.00437238
0.00956657
0.00528708
0.00822676
0.00422622
0.00478149
0.00674874
0.00619129
0.00859702
0.0086239
0.00554266
0.00426222
0.00423413
0.00840352
0.0045197
0.00786867
0.00508017
0.00480852
0.00646157
0.00592655
0.00621052
0.00966281
0.0074921
0.00432695
0.00549474
0.00432906
0.00916763
0.00455673
0.00559799
0.00692249
0.00515478
0.00796912
0.00804524
0.00427922
0.010271
0.00421708
0.00554508
0.00904016
0.00426478
0.00766029
0.00650071
0.00485578
0.00976479
0.00426725
0.00494529
0.0076568
0.00429117
0.00896874
0.00470846
0.00427789
0.00567015
0.00482752
0.00571484
0.00428156
0.0043049
0.0115197
0.00818572
0.00427562
0.0085766
0.00450323
0.00487766
0.00598952
0.00530753
0.00498237
0.00656719
0.00423174
0.00465662
0.00469548
0.00586737
0.00743418
0.0041869
0.00842128
0.00601664
0.00631521
0.00607244
0.00416281
0.00441622
0.0052116
0.00640592
0.00730778
0.00435185
0.00613076
0.00906282
0.00520254
0.00922572
0.00441909
0.00572058
0.00424298
0.00507855
0.00963899
0.00491067
0.00423842
0.00637048
0.00423853
0.00436395
0.00863924
0.00621306
0.0042686
0.00903925
0.00927554
0.00942956
0.00432685
0.00512128
0.0103007
0.0044777
0.00862564
0.005069
0.00425399
0.00437918
0.00465864
0.00541747
0.00839587
0.00426063
0.00656791
0.00585715
0.00424732
0.0081713
0.00533567
0.00433601
0.00711768
0.0082597
0.00426512
0.00723451
0.00549044
0.00426776
0.00774296
0.00449554
0.00437942
0.00435976
0.00413843
0.00677898
0.00703265
0.00454229
0.00656159
0.00655433
0.00701206
0.00743737
0.00423038
0.00434541
0.00733616
0.00484623
0.00427749
0.01176
0.00906925
0.00439695
0.0105308
0.00971374
0.00449717
0.0103749
0.00415828
0.00460487
0.00816844
0.00447906
0.00941907
0.00542774
0.00451621
0.00860151
0.0042658
0.0052894
0.00855242
0.00574813
0.00421858
0.00423658
0.00807549
0.00440672
0.00446207
0.00934586
0.00435845
0.00430871
0.00876897
0.00621496
0.00423787
0.00688313
0.00539614
0.00620737
0.00858002
0.005198
0.00861552
0.00511289
0.00428803
0.00923099
0.00425308
0.00856086
0.0041125
0.00456204
0.00909406
0.00438671
0.00765953
0.00496267
0.00429826
0.00922789
0.00420751
0.00703443
0.00795428
0.00451878
0.00410304
0.00416337
0.00948348
0.00424309
0.00538731
0.010164
0.00434486
0.00612548
0.00469869
0.0042818
0.00835907
0.00431041
0.00437403
0.00514704
0.00827364
0.0042002
0.00836071
0.00593924
0.00432556
0.00890297
0.00425379
0.00664407
0.00423096
0.00437453
0.0100403
0.00488673
0.00434779
0.010562
0.00585024
0.00797231
0.00515679
0.00918842
0.00435937
0.0057578
0.00824415
0.0100892
0.00424892
0.0057803
0.00810609
0.00425128
0.010063
0.00546199
0.00468213
0.00434144
0.00444945
0.00425831
0.011419
0.00633459
0.00701103
0.00686774
0.00939195
0.00424301
0.00449588
0.00541191
0.0109316
0.00735392
0.00722632
0.0129086
0.00934037
0.00427062
0.00819092
0.00703624
0.00458646
0.0048152
0.00496933
0.0066451
0.00878008
0.00425762
0.00636874
0.00668427
0.00485265
0.00740505
0.00446725
0.00502449
0.00429095
0.00462304
0.00888294
0.00524699
0.00428739
0.00798748
0.00449403
0.00641598
0.005778
0.00419538
0.00430663
0.00857313
0.00510033
0.0054411
0.00839815
0.00473186
0.0054406
0.00965641
0.00414772
0.00789207
0.00430765
0.0060553
0.0111927
0.00808665
0.00422667
0.00729013
0.00431674
0.00428038
0.0058292
0.00500849
0.0073543
0.00509727
0.00581044
0.00961154
0.0054087
0.00445854
0.00439999
0.00724906
0.00911985
0.00604046
0.00571211
0.008263
0.00684099
0.00424646
0.00757881
0.00467587
0.00915991
0.0100436
0.00864182
0.00739876
0.00428809
0.00702597
0.00833567
0.00433629
0.00999947
0.00416639
0.00502103
0.0070617
0.00502406
0.0089537
0.00422607
0.00435521
0.00933658
0.0051786
0.00807549
0.00746158
0.00454497
0.00716653
0.00613078
0.00477582
0.00886352
0.00427385
0.00487742
0.00705996
0.00750939
0.00680428
0.00494269
0.0053882
0.00464563
0.00645361
0.00502907
0.00820054
0.00827463
0.00418058
0.00842215
0.00552962
0.00446948
0.00422462
0.00730348
0.00424522
0.00772904
0.00824674
0.00496508
0.00927996
0.00982398
0.00922703
0.0101315
0.00428461
0.00617221
0.00792462
0.00561105
0.00921251
0.00886462
0.0044972
0.00638609
0.00637017
0.00436114
0.0072094
0.00421401
0.00425528
0.00582118
0.00531277
0.00609935
0.00604596
0.00452798
0.00905249
0.00771571
0.00434777
0.00939129
0.00448212
0.00422449
0.00444631
0.00974236
0.00957836
0.00555674
0.00822922
0.0063437
0.00712708
0.00997041
0.00429433
0.00638138
0.00450134
0.0080734
0.00945955
0.0046001
0.00647099
0.00437376
0.00473174
0.0103779
0.00421798
0.00693925
0.00779099
0.00428483
0.00656537
0.0108356
0.00625941
0.0074205
0.00620551
0.00430621
0.00908654
0.00426331
0.00617187
0.00470836
0.00425386
0.00935543
0.00449437
0.00561296
0.00955244
0.00812126
0.0042613
0.00730858
0.00420044
0.00957478
0.0053707
0.00421947
0.00512739
0.00448248
0.00893664
0.00473359
0.00575185
0.00875005
0.00418177
0.00494918
0.00604794
0.00793801
0.0102876
0.00420658
0.00426375
0.00951983
0.00425191
0.00471749
0.00664327
0.00459718
0.00895897
0.0053141
0.00441447
0.0045278
0.00526166
0.00587444
0.00771966
0.0067996
0.00715432
0.00610907
0.00450346
0.00826312
0.00643199
0.0051922
0.00442075
0.0110057
0.0113738
0.0102546
0.00443564
0.00519838
0.00562492
0.00419653
0.00744149
0.00415762
0.00421018
0.0120279
0.00867835
0.008963
0.00428517
0.0064372
0.00514237
0.00432166
0.00983671
0.00413367
0.00596365
0.00871708
0.00421809
0.00697165
0.00603171
0.00432116
0.00958749
0.00433246
0.00540585
0.00417355
0.00425435
0.00806478
0.0074223
0.0074984
0.00939036
0.00629201
0.00659864
0.00812428
0.00422829
0.00425344
0.00467308
0.0103105
0.00418142
0.00620366
0.00761365
0.00418864
0.00762244
0.00695739
0.00455575
0.00418675
0.00701975
0.00931211
0.00970019
0.00444838
0.00711689
0.00736584
0.00443023
0.00924283
0.00583848
0.00422231
0.00729057
0.00418345
0.0115887
0.00833738
0.00422789
0.00498446
0.00850278
0.00426632
0.00830627
0.0041784
0.00538442
0.00768591
0.0107229
0.00945419
0.00699083
0.00609637
0.00838538
0.00440689
0.00747829
0.0051621
0.00461159
0.00668466
0.00518229
0.00662142
0.00838715
0.00423832
0.0111979
0.00935727
0.00424867
0.00562488
0.00899626
0.00414694
0.00741818
0.00784758
0.00452368
0.00868559
0.0110852
0.00855883
0.00432195
0.00635307
0.00605008
0.00485405
0.00672778
0.00948385
0.00609332
0.00570082
0.00857867
0.00482041
0.00662423
0.00681677
0.00468498
0.00426614
0.00529945
0.00622753
0.00749996
0.00430784
0.00979605
0.00444171
0.0044178
0.00871938
0.00444265
0.0042845
0.00498511
0.00773471
0.00420112
0.00758656
0.00457341
0.00431081
0.0100757
0.00420047
0.0058951
0.00929517
0.0046573
0.00422127
0.0100654
0.00527929
0.00529849
0.00887911
0.00430012
0.00753202
0.00709438
0.00434555
0.0100204
0.00421827
0.00421632
0.00521886
0.00541164
0.00907091
0.00438867
0.0077113
0.00562769
0.00443669
0.00646474
0.0063468
0.00427636
0.00790643
0.0066362
0.00434946
0.00861581
0.00487608
0.00571765
0.0108079
0.00423034
0.00786353
0.00517181
0.00429553
0.00415139
0.00532791
0.00821086
0.00425409
0.00486826
0.00424049
0.00427886
0.00816008
0.00432513
0.00428637
0.0102298
0.00751135
0.00437964
0.00634148
0.00428898
0.00530275
0.00690944
0.00429802
0.00448898
0.0048804
0.00548978
0.0110377
0.00474489
0.00956606
0.00517166
0.00436056
0.00907871
0.00437504
0.00483614
0.0093333
0.00433857
0.00835154
0.00531345
0.00430093
0.00574198
0.0125388
0.0085513
0.00425929
0.00950578
0.00469875
0.00436592
0.0103493
0.00594038
0.00417211
0.00510625
0.00422714
0.0113913
0.00918162
0.00451492
0.00953506
0.00469224
0.00464285
0.0075994
0.00489599
0.00422114
0.00679245
0.00793439
0.00864834
0.00516873
0.0050847
0.00890419
0.00420905
0.0063029
0.00897307
0.0042315
0.00716417
0.00800462
0.00458935
0.0116815
0.00866881
0.00527469
0.00668631
0.0096223
0.00542463
0.0046429
0.00415828
0.0050241
0.0097023
0.0107335
0.00449996
0.00971068
0.00460497
0.0042621
0.00779779
0.00456696
0.00725681
0.00434652
0.00910218
0.00715682
0.0089052
0.00443986
0.00559175
0.00860092
0.00425143
0.00741432
0.0060788
0.00429918
0.012829
0.00950118
0.00427688
0.00596568
0.0129054
0.00544618
0.00435004
0.0102532
0.004181
0.00557507
0.00622674
0.00424593
0.00639289
0.00599078
0.00429758
0.0091043
0.00429436
0.00447877
0.00437075
0.004182
0.00725527
0.00564527
0.00717474
0.00707084
0.0053638
0.0063444
0.00806896
0.00430181
0.00718221
0.00468763
0.00576881
0.00436823
0.00916099
0.00678741
0.00939655
0.00711552
0.00726819
0.00810273
0.0051123
0.00424461
0.0103374
0.00414332
0.00754791
0.00984458
0.00950861
0.00696104
0.00973095
0.00423642
0.00753262
0.00686932
0.00430248
0.0079712
0.0041713
0.00449932
0.0120985
0.00488297
0.00640399
0.00676879
0.00423316
0.0108947
0.00991624
0.00441161
0.00587178
0.00626728
0.00783771
0.00629633
0.00963578
0.00433359
0.00425146
0.00828183
0.00604082
0.00621803
0.00449444
0.00698587
0.00653994
0.0083234
0.00684429
0.00430548
0.00869767
0.00460205
0.00606035
0.00878419
0.00413348
0.00678531
0.00666374
0.00448299
0.0108058
0.00558874
0.00434986
0.00812115
0.00445345
0.00627376
0.00427564
0.00421084
0.00836928
0.00448026
0.00661365
0.00700842
0.00427425
0.00629691
0.00659662
0.00432339
0.00874526
0.00781398
0.00428791
0.00584681
0.00428392
0.00582611
0.00499481
0.00496808
0.0111118
0.00870199
0.00425293
0.0088616
0.00422736
0.00532802
0.0105173
0.0046351
0.00784498
0.00815767
0.0043127
0.00729249
0.00488413
0.00450321
0.00458819
0.00542638
0.00514609
0.00855126
0.00459357
0.00726301
0.00559744
0.00455723
0.0101664
0.012704
0.00888759
0.00417085
0.0107008
0.00746221
0.00982044
0.00449108
0.0104446
0.00412586
0.00511041
0.00765037
0.00490058
0.006994
0.00410818
0.00429327
0.0106026
0.00434191
0.00892127
0.0102427
0.00441875
0.00742664
0.006711
0.00467039
0.00493967
0.00477758
0.00637172
0.00626814
0.00470042
0.00645351
0.00502458
0.00690579
0.0100492
0.004227
0.00435166
0.00494815
0.00430552
0.0100897
0.00435388
0.00566266
0.0109516
0.00424493
0.00536225
0.00982994
0.00532395
0.0130751
0.0054062
0.00450962
0.00983312
0.00613984
0.00530062
0.0110224
0.0121209
0.0052096
0.00593694
0.00990862
0.0043818
0.00464444
0.0132771
0.00651431
0.0049252
0.00823227
0.00429183
0.00459206
0.0054576
0.00432168
0.00416959
0.00551503
0.00906304
0.00425183
0.00425627
0.00953643
0.00419862
0.00497858
0.00858441
0.00418901
0.00794117
0.00543879
0.00419624
0.00678891
0.00423068
0.00527369
0.00832078
0.00524324
0.00820916
0.00549811
0.00569306
0.0104402
0.00432754
0.00421609
0.00908924
0.00430103
0.00572243
0.00659546
0.00422413
0.00964656
0.00485781
0.00623621
0.00479019
0.00491696
0.00732773
0.00494158
0.00424026
0.010018
0.0042854
0.00420194
0.00980465
0.0046394
0.00431497
0.00425401
0.00448135
0.00847266
0.00477708
0.00433967
0.00944682
0.00541146
0.0101167
0.00979727
0.00499359
0.00772077
0.00419286
0.00628152
0.0103428
0.00418956
0.00538922
0.00862393
0.00427569
0.00784022
0.010773
0.00443218
0.00478405
0.00532024
0.00422837
0.00821022
0.00753276
0.00639804
0.00863724
0.00431911
0.00510278
0.00605704
0.0043758
0.00427494
0.00665775
0.00595549
0.00427234
0.0103161
0.00425961
0.00619522
0.00941924
0.0042551
0.00721055
0.00414727
0.00796208
0.00714226
0.00612897
0.00702914
0.00962883
0.00581763
0.00693454
0.00537382
0.00444629
0.0105017
0.00416117
0.00540726
0.00950099
0.00695945
0.00442032
0.00730322
0.00432126
0.00658418
0.00877266
0.00710033
0.0044124
0.00993226
0.00652128
0.00503296
0.00933003
0.00422164
0.00534145
0.00833873
0.00421762
0.00832503
0.00417968
0.00426455
0.0106177
0.00423736
0.00794711
0.00917581
0.00432805
0.00883198
0.00463121
0.00454109
0.0111276
0.00486989
0.00461442
0.0105636
0.00787018
0.00675771
0.00711627
0.00957544
0.00581482
0.00803598
0.00836695
0.00424827
0.00673264
0.00659515
0.00427401
0.00907595
0.0043591
0.00602206
0.00675061
0.00423798
0.00758262
0.0063369
0.00479172
0.00414519
0.00550264
0.00647969
0.00905487
0.00431387
0.00796538
0.00691509
0.00434501
0.00732065
0.00441276
0.00603326
0.00418255
0.00675871
0.00473163
0.00927612
0.00496078
0.00702358
0.00836038
0.00437308
0.00853705
0.00667078
0.00421827
0.00604057
0.00458421
0.00650056
0.00952106
0.00435134
0.00884641
0.00471481
0.00434098
0.0089983
0.00551108
0.00856862
0.00536393
0.00430501
0.00855476
0.00472492
0.00432114
0.0106599
0.00418332
0.00478512
0.00904138
0.00561558
0.0110897
0.00418552
0.00640244
0.00437976
0.00422739
0.0042923
0.00432837
0.00694606
0.00671035
0.00780472
0.00423132
0.00701014
0.00730799
0.00420615
0.00611809
0.00962607
0.00423811
0.00585074
0.0115984
0.00458894
0.0107649
0.00598237
0.00425467
0.00827491
0.00408331
0.00480296
0.00782245
0.00466199
0.00812478
0.00439141
0.00699926
0.0069008
0.00430988
0.00742633
0.00605763
0.00454372
0.00442555
0.00509335
0.00562806
0.00463392
0.0043336
0.00560782
0.00799439
0.00639304
0.00914287
0.00440921
0.00756686
0.00429408
0.00573346
0.00459367
0.00917165
0.00641162
0.00582584
0.00460917
0.00425336
0.00710445
0.00693247
0.00424678
0.00591194
0.00594717
0.00544865
0.00872091
0.00422504
0.00942039
0.00521313
0.00456276
0.00991727
0.00424235
0.00486191
0.00805719
0.00426984
0.00968447
0.00710242
0.00584539
0.010395
0.00416236
0.00495191
0.00420679
0.00781371
0.0071309
0.00433848
0.0042952
0.00449283
0.00468662
0.00601301
0.00584197
0.00421205
0.00760084
0.00464741
0.00427013
0.00773329
0.00426646
0.00473436
0.00752109
0.00428396
0.00665641
0.00682685
0.00444892
0.00985458
0.0041891
0.00539623
0.00919245
0.00433101
0.0056264
0.00570774
0.00422037
0.00842596
0.00434397
0.00491863
0.0090808
0.00431233
0.00418127
0.00518869
0.00815667
0.0078087
0.00482913
0.00437118
0.00463341
0.00435677
0.00966073
0.00443276
0.00602116
0.00446456
0.00617202
0.0059725
0.00887445
0.00429265
0.00482193
0.00733204
0.0054945
0.00736325
0.00822457
0.00427742
0.00782133
0.00463383
0.00585183
0.00888511
0.00417178
0.00820704
0.00589786
0.00439689
0.00912747
0.00417588
0.00492838
0.00919378
0.00612555
0.00844866
0.00551207
0.00463412
0.00950154
0.00528881
0.00673754
0.00479351
0.00818422
0.0045957
0.0081004
0.00744845
0.00594684
0.00824596
0.00816517
0.00782014
0.00870418
0.00436565
0.00443608
0.00830255
0.00501257
0.00818745
0.00428921
0.00526713
0.00754346
0.00658453
0.00913095
0.00673957
0.00422935
0.00682874
0.00541286
0.0127017
0.00767635
0.00643061
0.0065303
0.00724245
0.00437105
0.00570773
0.00419238
0.00450951
0.011969
0.00728371
0.00441686
0.00980966
0.00422033
0.00526736
0.00946011
0.00852591
0.0105722
0.00436106
0.00617297
0.00480698
0.00907107
0.00419715
0.00762731
0.00833759
0.00456524
0.00924654
0.00426712
0.00427743
0.00433007
0.00588849
0.00425265
0.00849015
0.00499845
0.00446504
0.0100963
0.00442885
0.00532455
0.00849714
0.00435678
0.00705858
0.00618285
0.00539077
0.00903393
0.00470221
0.00621899
0.0085378
0.00437483
0.00634973
0.00670061
0.00501715
0.00422236
0.00470592
0.0114468
0.00884559
0.00478709
0.00810131
0.00570378
0.0073483
0.0128432
0.0101393
0.0042856
0.00416069
0.00461488
0.00854326
0.00468542
0.00428138
0.00489142
0.00509288
0.00561862
0.00801755
0.00692078
0.00528437
0.00424327
0.00576957
0.00663617
0.00490293
0.00920046
0.0043756
0.00452781
0.00640517
0.00457381
0.0092931
0.00561566
0.00423206
0.0116034
0.00633813
0.00905818
0.00419352
0.00665486
0.00802531
0.00754742
0.00935706
0.00433662
0.00888391
0.0121614
0.00616324
0.0062033
0.00485961
0.00653617
0.00524766
0.00503269
0.00426875
0.00674016
0.00945201
0.010057
0.00449464
0.00723497
0.0102273
0.00437867
0.00697482
0.00626413
0.00444402
0.00435333
0.00923488
0.00490056
0.00619055
0.00947404
0.00423767
0.00840545
0.00464246
0.00433536
0.00840415
0.00422276
0.00522204
0.00689808
0.00476601
0.00690208
0.00436567
0.00584259
0.00776996
0.00462367
0.00623772
0.00419949
0.00583345
0.00984618
0.00647612
0.00423241
0.00772339
0.00425303
0.00605966
0.00727673
0.00424745
0.00584419
0.00600469
0.00427637
0.00966244
0.0073025
0.00749661
0.00458244
0.00423146
0.00943801
0.00641239
0.00727827
0.00878419
0.00412328
0.00481349
0.00792794
0.00442341
0.00956619
0.00423666
0.00420999
0.0108869
0.00811356
0.00428928
0.00422726
0.00480171
0.00902463
0.00436029
0.00433386
0.00851459
0.00438696
0.00561097
0.00894782
0.00419785
0.00880017
0.00462981
0.00430564
0.00882501
0.00714382
0.00687349
0.00416693
0.0107643
0.00546252
0.00591453
0.00924802
0.0042915
0.00471423
0.00931729
0.00415842
0.0055576
0.009219
0.00735151
0.00916627
0.00438448
0.00636615
0.00683555
0.00423274
0.00819398
0.00644143
0.00451226
0.00433805
0.0105822
0.0041335
0.00439115
0.008924
0.00428038
0.0096309
0.00748187
0.00433208
0.00428431
0.00616277
0.00452616
0.00936887
0.00673835
0.00969893
0.00814289
0.0042123
0.00746005
0.00729741
0.00440525
0.00741665
0.00437927
0.00704168
0.0109344
0.00423855
0.00784967
0.00719371
0.00628924
0.0102585
0.00421766
0.00477457
0.0102581
0.00630469
0.00435627
0.00678575
0.00510158
0.00693182
0.00875951
0.00433309
0.00778101
0.00416869
0.00689924
0.00681502
0.00469438
0.00930833
0.00599437
0.0108996
0.00984964
0.00785004
0.00461849
0.0041972
0.00441348
0.0103491
0.00602194
0.00535335
0.00999962
0.00879541
0.0066643
0.00910473
0.00793567
0.00436128
0.00500015
0.00548989
0.0105077
0.0111862
0.00967897
0.00587622
0.0103794
0.00659061
0.00770939
0.00888761
0.00425254
0.00638143
0.0083823
0.00553372
0.00744115
0.00712984
0.0058821
0.00533378
0.00658757
0.0100654
0.00479036
0.00593926
0.00426009
0.00479622
0.00466243
0.00910317
0.00436317
0.00963319
0.0093299
0.0044781
0.0135491
0.0084523
0.00418997
0.00753697
0.00745987
0.00462081
0.0104158
0.00417312
0.00491847
0.00929639
0.00424381
0.009429
0.00433837
0.00534874
0.00977179
0.00441186
0.00426613
0.00723061
0.00431716
0.0090764
0.00532903
0.00467913
0.0118991
0.00445076
0.00570546
0.00573865
0.00902194
0.00751122
0.00952925
0.00614887
0.0044257
0.00429343
0.00455686
0.00698952
0.00547532
0.0100567
0.0057346
0.00961876
0.00514603
0.00507034
0.0108971
0.00565775
0.00813913
0.00784881
0.00419959
0.00644888
0.00742757
0.00451831
0.0101009
0.00425145
0.00508847
0.00768973
0.00428345
0.00870052
0.00544734
0.00453318
0.00811462
0.00442359
0.00670029
0.00969289
0.00425916
0.00602211
0.00758351
0.0050651
0.00813401
0.0057478
0.00506943
0.00482283
0.0063473
0.00422395
0.00752867
0.00636936
0.00484048
0.00911102
0.00420888
0.00561753
0.00891197
0.00434279
0.00756478
0.00777075
0.00565155
0.0097152
0.00430966
0.00557686
0.0080717
0.00422368
0.00908878
0.00501494
0.00425725
0.00524381
0.00646164
0.00552905
0.00979592
0.00720657
0.00909924
0.0107039
0.00661191
0.00439957
0.0042014
0.00567953
0.00744056
0.00736852
0.00462944
0.00421064
0.0114922
0.00978525
0.00642474
0.0098256
0.00867786
0.00419855
0.00410275
0.00476567
0.00529939
0.0100396
0.0077115
0.00815104
0.00575943
0.00886194
0.00936745
0.00422824
0.00470566
0.010018
0.0043942
0.0102581
0.00502297
0.00775894
0.00966729
0.0042623
0.00534988
0.00439071
0.0059062
0.00833381
0.0080266
0.00462114
0.0082938
0.00442965
0.00659234
0.00888321
0.006173
0.00664524
0.00422961
0.00607794
0.00427779
0.00712633
0.00953123
0.00765059
0.00825257
0.00577684
0.00702222
0.00750003
0.00433594
0.00573377
0.00505479
0.00667135
0.00922291
0.0060219
0.00930944
0.00473452
0.00446238
0.0089452
0.00435439
0.00749641
0.00420268
0.00420971
0.00770723
0.00670783
0.00451383
0.0069786
0.00427676
0.00428794
0.00561779
0.0101409
0.00915388
0.00424901
0.00666113
0.00984375
0.00744188
0.00742498
0.00894854
0.00479353
0.0106667
0.00930482
0.00426618
0.00454935
0.00547318
0.00530994
0.00630423
0.0068245
0.00472245
0.00772478
0.00668829
0.00636016
0.00770599
0.00417287
0.00417405
0.00436941
0.00749235
0.00662162
0.0043687
0.00821916
0.00536947
0.00461939
0.0101263
0.0048401
0.00983869
0.00981447
0.0107258
0.00674727
0.00804581
0.00426403
0.00536932
0.00826759
0.0042796
0.0083321
0.00428318
0.0102521
0.00431419
0.00603989
0.00904231
0.00426723
0.0111319
0.00703852
0.0107022
0.00420738
0.0053982
0.00658369
0.00897574
0.00781525
0.00430569
0.0083252
0.011155
0.0108097
0.00422796
0.00457925
0.00950608
0.00438399
0.00705248
0.00620094
0.00503297
0.0101906
0.00429283
0.00559187
0.00454089
0.00708951
0.00447932
0.00591788
0.00454046
0.00631135
0.00778867
0.00418011
0.00465083
0.00751071
0.00553223
0.00934301
0.00419224
0.00494942
0.00966073
0.00420096
0.00917695
0.00683098
0.0042932
0.00842437
0.00453081
0.0043409
0.0083488
0.00431624
0.00437219
0.00901618
0.00486131
0.00439713
0.00993215
0.00434465
0.00503652
0.0073716
0.00439701
0.00426712
0.0116073
0.00546077
0.00564502
0.00551956
0.00426928
0.00660983
0.00918143
0.0061829
0.00631793
0.00450101
0.00422052
0.00498119
0.00582968
0.00824803
0.00419119
0.0104472
0.00562518
0.00451287
0.00836285
0.00420824
0.00427479
0.00624165
0.00699499
0.00443425
0.00937163
0.00589367
0.00699615
0.0102489
0.00423278
0.0093525
0.00423419
0.00481498
0.00547585
0.00753444
0.00955554
0.0043677
0.00660624
0.00672874
0.00654019
0.00917112
0.00586402
0.00424809
0.00508789
0.00563502
0.00598316
0.00429766
0.00420916
0.00812674
0.0047862
0.00423063
0.00750212
0.00548442
0.0060509
0.00432674
0.00555696
0.0058006
0.00862163
0.00565065
0.00461524
0.00978375
0.00556247
0.00814708
0.00503325
0.00420935
0.00617241
0.00506268
0.00715372
0.00549051
0.0104874
0.0102354
0.00561594
0.00467918
0.00807702
0.00430281
0.00918418
0.00425136
0.00453804
0.00778866
0.0103066
0.004588
0.00423112
0.00974755
0.00548743
0.00762024
0.0101697
0.00437629
0.004502
0.00923308
0.00709647
0.00429127
0.0110565
0.00566358
0.0100034
0.00676291
0.00435892
0.00792623
0.00416017
0.00534779
0.00755687
0.00436289
0.00724353
0.00495542
0.00855555
0.00510807
0.00442118
0.00952092
0.00429155
0.00532262
0.00464886
0.00423762
0.00895393
0.00447786
0.00678893
0.0114749
0.00775669
0.00714506
0.00829885
0.00750796
0.00673136
0.00430192
0.00494166
0.0061496
0.00642971
0.0074894
0.0087372
0.00427993
0.0042677
0.00727919
0.00440365
0.00630911
0.00856271
0.00426874
0.00423635
0.00417449
0.00863613
0.0054288
0.00445114
0.00736427
0.00767033
0.00936374
0.011755
0.00766204
0.00415527
0.00429004
0.00559797
0.00666797
0.00709818
0.00422475
0.00902357
0.00587209
0.00440334
0.0101132
0.00420971
0.00426297
0.00856295
0.00416004
0.00567759
0.00697105
0.00502053
0.00431925
0.00749993
0.00547156
0.00951387
0.00642896
0.00461396
0.00676542
0.00421327
0.0058355
0.00568295
0.00580959
0.00966937
0.00626862
0.0077537
0.00883423
0.00432961
0.00790896
0.00555553
0.00440952
0.00990471
0.00427779
0.00539656
0.00674206
0.00431825
0.00891606
0.00419654
0.00489135
0.00930915
0.00445098
0.0046291
0.00841209
0.00434801
0.00784232
0.00519366
0.0044464
0.00850537
0.00433531
0.00428554
0.00442034
0.0054984
0.00452471
0.00433433
0.00474867
0.00446332
0.0070269
0.0062056
0.00683482
0.00699798
0.00820361
0.00427553
0.006688
0.00675141
0.00735471
0.00940827
0.00428934
0.00830461
0.00706401
0.00581889
0.00659657
0.00785085
0.00446636
0.00708237
0.00615346
0.0044709
0.00448173
0.0043393
0.00489576
0.0042595
0.00451021
0.00601285
0.00425112
0.00509261
0.00422669
0.0046251
0.00543681
0.00421925
0.00433054
0.00850791
0.00426076
0.00810822
0.00849471
0.00453398
0.00711152
0.00465067
0.00434605
0.00756491
0.00423721
0.00448089
0.00616948
0.00426677
0.0094808
0.0065651
0.00902567
0.00859524
0.00429729
0.00488386
0.00814025
0.00441962
0.0047739
0.00518478
0.00440519
0.00799452
0.00436618
0.00477678
0.00544433
0.00432621
0.00503569
0.00425436
0.00433968
0.00701177
0.00588654
0.00940257
0.00575228
0.0043919
0.00731679
0.00555395
0.00478253
0.00471569
0.00458824
0.00656292
0.00894463
0.00424197
0.00876642
0.00502653
0.00551616
0.00900838
0.00569797
0.00637144
0.00446041
0.00542647
0.00623396
0.00437409
0.00457598
0.00907521
0.00835665
0.00436431
0.0106903
0.00453473
0.00458239
0.00428606
0.00498015
0.0090597
0.0043922
0.004412
0.00440124
0.00627022
0.00452077
0.00465095
0.0043872
0.00500301
0.00566729
0.00431155
0.00670575
0.00424874
0.00804893
0.00617797
0.00477021
0.00768323
0.00422933
0.00654653
0.00624284
0.00420257
0.0103667
0.00707534
0.0042853
0.0100371
0.00436105
0.00579157
0.00917715
0.0057545
0.00657775
