9.50116
12.2986
12.3157
22.5063
22.5249
22.5379
23.3429
23.3604
25.9373
25.9559
25.9765
25.9964
27.6647
27.6784
27.8981
30.4866
30.5054
30.5219
38.1233
38.1401
38.1607
38.1804
38.201
38.8071
38.8201
38.8412
38.8615
39.8731
39.885
39.8985
39.9193
39.9385
39.9582
46.8572
49.6295
54.8614
54.8738
57.0526
57.0716
57.0904
57.1111
57.1282
58.0865
58.1049
58.1157
58.1388
58.1559
58.1766
58.1977
58.2167
58.2368
58.2571
58.2995
58.3129
59.4282
59.4458
60.0854
60.1014
60.1146
60.1329
60.1535
60.1735
60.1931
60.3002
60.3131
60.3325
60.3526
64.0687
67.5726
71.9085
73.3807
73.3984
73.4163
73.4299
73.448
73.4689
75.9507
80.7239
80.7404
88.2594
88.2771
88.2973
88.317
88.3366
88.3559
88.3771
88.3961
88.4183
88.4452
88.4565
88.4773
88.4967
88.5166
88.5367
88.5567
88.5773
88.5962
88.6173
88.6421
88.675
88.6847
88.6971
88.7175
88.7369
88.7601
88.7776
88.7972
88.8173
90.5892
106.205
109.703
109.724
109.741
111.405
112.092
112.521
112.533
113.403
113.413
113.601
113.612
113.625
113.64
113.653
113.672
113.695
117.264
117.277
119.682
124.677
125.105
128.584
129.42
137.236
138.097
141.584
141.602
141.623
141.642
141.663
142.233
145.904
145.924
156.037
173.685
173.697
173.717
173.736
173.761
173.781
173.799
173.82
173.845
173.875
173.901
173.922
173.942
173.96
173.982
174.002
174.02
174.046
174.06
174.081
174.102
174.12
174.143
174.161
174.18
174.205
174.219
174.244
174.262
174.28
174.304
174.319
174.34
174.365
174.38
174.401
174.422
174.44
174.459
174.49
174.51
174.524
174.545
174.563
174.585
174.605
174.626
174.645
174.664
174.687
174.707
174.729
174.745
174.765
174.786
174.805
174.824
174.847
174.865
174.884
174.909
174.925
174.948
174.966
174.984
175.007
175.026
175.045
175.067
175.084
175.109
175.129
175.145
175.171
175.196
175.215
175.238
175.258
175.272
175.296
175.312
175.332
175.354
175.372
175.395
175.429
175.445
175.464
175.488
175.505
175.524
175.549
175.564
175.585
175.607
175.629
175.644
175.667
175.686
175.71
175.724
175.75
175.769
175.785
175.809
175.831
175.852
175.874
175.895
175.913
175.934
175.957
175.974
175.997
176.013
176.035
176.053
176.072
176.094
176.116
176.136
176.155
176.172
176.193
176.218
176.236
176.253
176.276
176.294
176.317
176.333
176.355
176.379
176.395
176.418
176.435
176.456
176.479
176.499
176.515
176.544
176.572
176.588
176.611
176.646
176.662
176.68
176.704
176.72
176.74
176.763
176.779
176.801
176.827
176.843
176.862
176.887
176.908
176.93
176.95
176.969
176.99
177.009
177.03
177.044
177.062
177.083
177.1
177.124
177.143
177.161
177.184
177.202
177.22
177.245
177.26
177.277
177.304
177.32
177.344
177.36
177.38
177.404
177.42
177.444
177.465
177.481
177.507
177.532
177.548
177.569
177.588
177.608
177.632
177.65
177.67
177.688
177.717
177.74
177.761
177.78
177.803
177.825
177.84
177.86
177.881
177.9
177.922
177.946
177.971
177.988
178.013
178.028
178.052
178.075
178.103
178.122
178.142
178.155
178.18
178.209
178.233
178.248
178.271
178.29
178.309
178.333
178.347
178.37
178.391
178.408
178.433
178.449
178.468
178.493
178.508
178.528
178.55
178.567
178.592
178.608
178.628
178.652
178.669
178.692
178.708
178.728
178.749
178.769
178.787
178.813
178.828
178.851
178.874
178.889
178.911
178.93
178.953
178.973
178.988
179.01
179.033
179.051
179.07
179.088
179.11
179.132
179.147
179.17
179.191
179.208
179.228
179.25
179.27
179.295
179.327
179.35
179.367
179.392
179.409
179.428
179.452
179.468
179.498
179.513
179.533
179.553
179.576
179.592
179.618
179.632
179.652
179.676
179.691
179.712
179.726
179.743
179.761
179.782
179.808
179.837
179.856
179.874
179.9
179.925
179.94
179.958
179.986
180.004
180.027
180.058
180.074
180.096
180.112
180.131
180.158
180.172
180.193
180.217
180.232
180.255
180.277
180.293
180.317
180.333
180.354
180.376
180.394
180.414
180.435
180.452
180.477
180.492
180.512
180.536
180.553
180.575
180.595
180.615
180.638
180.654
180.677
180.694
180.712
180.734
180.753
180.772
180.796
180.81
180.833
180.857
180.872
180.894
180.914
180.933
180.956
180.972
180.997
181.012
181.032
181.056
181.074
181.094
181.117
181.134
181.157
181.179
181.195
181.217
181.237
181.255
181.282
181.302
181.32
181.341
181.356
181.377
181.4
181.418
181.437
181.459
181.476
181.502
181.516
181.536
181.56
181.576
181.599
181.628
181.647
181.667
181.685
181.703
181.728
181.744
181.764
181.792
181.817
181.836
181.858
181.878
181.899
181.92
181.942
181.956
181.979
181.996
182.018
182.04
182.056
182.079
182.099
182.115
182.141
182.156
182.18
182.2
182.215
182.239
182.259
182.278
182.292
182.317
182.338
182.358
182.381
182.398
182.423
182.438
182.459
182.476
182.496
182.518
182.537
182.56
182.575
182.595
182.621
182.64
182.656
182.68
182.697
182.723
182.744
182.766
182.785
182.808
182.823
182.849
182.871
182.897
182.925
182.945
182.968
182.988
183.007
183.025
183.047
183.069
183.085
183.106
183.127
183.144
183.157
183.175
183.199
183.216
183.236
183.261
183.277
183.298
183.319
183.336
183.359
183.377
183.396
183.42
183.437
183.459
183.481
183.496
183.519
183.542
183.557
183.58
183.596
183.623
183.638
183.656
183.681
183.696
183.718
183.74
183.756
183.784
183.81
183.824
183.845
183.87
183.884
183.905
183.927
183.947
183.97
183.986
184.004
184.025
184.043
184.07
184.086
184.104
184.128
184.144
184.164
184.188
184.205
184.236
184.256
184.279
184.297
184.32
184.337
184.359
184.384
184.412
184.444
184.46
184.478
184.512
184.529
184.548
184.573
184.588
184.609
184.632
184.647
184.661
184.677
184.7
184.716
184.736
184.76
184.777
184.799
184.82
184.837
184.869
184.89
184.908
184.928
184.95
184.969
184.991
185.01
185.028
185.053
185.067
185.088
185.113
185.127
185.153
185.17
185.188
185.214
185.228
185.249
185.272
185.288
185.302
185.316
185.342
185.356
185.378
185.399
185.415
185.44
185.456
185.476
185.501
185.515
185.536
185.558
185.577
185.6
185.617
185.636
185.66
185.675
185.698
185.719
185.735
185.748
185.769
185.79
185.812
185.829
185.853
185.867
185.889
185.911
185.939
185.956
185.983
186.014
186.028
186.049
186.069
186.088
186.111
186.133
186.152
186.173
186.188
186.21
186.233
186.248
186.272
186.293
186.31
186.333
186.348
186.372
186.392
186.406
186.428
186.451
186.469
186.495
186.521
186.536
186.559
186.582
186.598
186.622
186.637
186.656
186.683
186.715
186.739
186.756
186.781
186.798
186.822
186.839
186.858
186.885
186.898
186.922
186.944
186.96
186.983
187.005
187.019
187.041
187.064
187.08
187.101
187.12
187.141
187.165
187.18
187.2
187.224
187.245
187.265
187.279
187.293
187.312
187.332
187.357
187.371
187.394
187.416
187.432
187.457
187.473
187.492
187.505
187.521
187.544
187.56
187.585
187.601
187.62
187.646
187.66
187.679
187.703
187.72
187.739
187.764
187.782
187.804
187.82
187.842
187.867
187.896
187.912
187.944
187.961
187.983
188.002
188.024
188.04
188.063
188.083
188.1
188.125
188.141
188.16
188.188
188.217
188.232
188.255
188.277
188.292
188.317
188.332
188.346
188.36
188.385
188.4
188.42
188.444
188.46
188.481
188.502
188.519
188.543
188.573
188.595
188.612
188.636
188.652
188.673
188.696
188.712
188.736
188.753
188.773
188.793
188.814
188.834
188.855
188.872
188.895
188.917
188.937
188.955
188.979
189
189.026
189.039
189.06
189.083
189.102
189.122
189.144
189.16
189.185
189.207
189.235
189.252
189.276
189.292
189.314
189.337
189.352
189.375
189.393
189.412
189.44
189.462
189.484
189.504
189.522
189.542
189.568
189.6
189.613
189.633
189.657
189.672
189.697
189.712
189.731
189.758
189.775
189.795
189.816
189.832
189.845
189.861
189.888
189.916
189.934
189.956
189.978
189.992
190.014
190.033
190.046
190.06
190.082
190.103
190.12
190.143
190.16
190.18
190.204
190.221
190.248
190.276
190.297
190.312
190.336
190.351
190.372
190.397
190.412
190.433
190.453
190.477
190.492
190.516
190.534
190.556
190.572
190.593
190.616
190.632
190.653
190.673
190.696
190.716
190.732
190.754
190.776
190.796
190.816
190.833
190.852
190.88
190.903
190.919
190.941
190.961
190.982
191.003
191.02
191.044
191.062
191.081
191.107
191.121
191.14
191.166
191.187
191.212
191.234
191.254
191.272
191.294
191.317
191.333
191.354
191.372
191.392
191.413
191.432
191.451
191.473
191.491
191.518
191.533
191.553
191.58
191.602
191.62
191.643
191.66
191.682
191.704
191.72
191.746
191.763
191.781
191.801
191.822
191.842
191.863
191.881
191.906
191.925
191.94
191.966
191.98
192
192.023
192.04
192.063
192.085
192.101
192.126
192.142
192.162
192.186
192.203
192.221
192.234
192.255
192.278
192.295
192.32
192.335
192.355
192.379
192.397
192.426
192.447
192.466
192.486
192.508
192.527
192.545
192.567
192.584
192.607
192.626
192.646
192.66
192.675
192.7
192.716
192.741
192.757
192.776
192.798
192.816
192.835
192.857
192.896
192.912
192.932
192.954
192.972
192.992
193.012
193.033
193.055
193.075
193.091
193.114
193.135
193.157
193.18
193.205
193.22
193.244
193.261
193.283
193.303
193.32
193.341
193.362
193.38
193.404
193.42
193.441
193.467
193.481
193.503
193.52
193.542
193.556
193.574
193.598
193.612
193.634
193.654
193.672
193.696
193.711
193.732
193.764
193.782
193.8
193.824
193.841
193.86
193.887
193.918
193.932
193.963
193.981
194.002
194.021
194.045
194.06
194.081
194.104
194.12
194.146
194.161
194.183
194.196
194.212
194.237
194.252
194.275
194.293
194.313
194.337
194.352
194.373
194.397
194.413
194.427
194.458
194.474
194.496
194.513
194.532
194.557
194.572
194.592
194.615
194.63
194.655
194.674
194.693
194.717
194.732
194.756
194.774
194.792
194.815
194.834
194.859
194.881
194.903
194.922
194.945
194.96
194.98
195.002
195.02
195.04
195.067
195.097
195.113
195.138
195.152
195.173
195.196
195.217
195.236
195.255
195.272
195.294
195.313
195.332
195.354
195.376
195.393
195.415
195.433
195.455
195.472
195.497
195.514
195.533
195.557
195.574
195.597
195.616
195.635
195.652
195.678
195.696
195.713
195.737
195.752
195.776
195.794
195.813
195.834
195.852
195.873
195.899
195.922
195.94
195.965
195.98
196.001
196.021
196.04
196.063
196.083
196.099
196.123
196.143
196.165
196.186
196.2
196.223
196.245
196.26
196.283
196.302
196.332
196.353
196.377
196.391
196.416
196.433
196.453
196.477
196.492
196.517
196.53
196.552
196.576
196.598
196.612
196.637
196.652
196.672
196.696
196.712
196.736
196.765
196.78
196.8
196.824
196.842
196.863
196.883
196.9
196.925
196.941
196.962
196.982
197
197.024
197.043
197.06
197.085
197.101
197.122
197.145
197.162
197.182
197.204
197.22
197.246
197.26
197.28
197.305
197.32
197.345
197.36
197.381
197.406
197.422
197.444
197.466
197.482
197.503
197.527
197.546
197.571
197.587
197.605
197.63
197.644
197.663
197.689
197.704
197.728
197.746
197.764
197.79
197.808
197.826
197.851
197.882
197.897
197.92
197.937
197.956
197.977
197.997
198.021
198.035
198.056
198.079
198.102
198.124
198.15
198.166
198.184
198.207
198.225
198.24
198.257
198.277
198.299
198.317
198.338
198.356
198.377
198.398
198.418
198.436
198.464
198.488
198.505
198.529
198.546
198.564
198.587
198.605
198.626
198.648
198.663
198.677
198.7
198.721
198.737
198.759
198.781
198.796
198.818
198.839
198.858
198.876
198.899
198.916
198.941
198.957
198.981
198.999
199.016
199.039
199.057
199.079
199.108
199.126
199.144
199.167
199.187
199.204
199.228
199.244
199.265
199.285
199.304
199.327
199.346
199.367
199.389
199.409
199.426
199.443
199.467
199.486
199.507
199.525
199.545
199.568
199.59
199.605
199.624
199.647
199.665
199.684
199.709
199.725
199.748
199.774
199.798
199.816
199.844
199.868
199.885
199.906
199.927
199.944
199.977
200.001
200.018
200.039
200.061
200.075
200.098
200.119
200.136
200.16
200.176
200.196
200.221
200.236
200.257
200.277
200.298
200.319
200.336
200.356
200.379
200.396
200.411
200.424
200.448
200.464
200.484
200.509
200.528
200.546
200.566
200.585
200.606
200.631
200.648
200.668
200.686
200.705
200.728
200.743
200.767
200.792
200.823
200.85
200.874
200.899
200.921
200.936
200.961
200.976
200.998
201.025
201.049
201.066
201.089
201.104
201.124
201.146
201.164
201.192
201.219
201.239
201.257
201.277
201.297
201.316
201.342
201.367
201.384
201.404
201.428
201.444
201.467
201.485
201.504
201.528
201.544
201.566
201.588
201.605
201.627
201.644
201.668
201.688
201.704
201.727
201.746
201.771
201.796
201.819
201.836
201.858
201.878
201.897
201.92
201.936
201.956
201.976
201.999
202.018
202.036
202.056
202.081
202.097
202.117
202.139
202.156
202.177
202.205
202.224
202.245
202.267
202.285
202.305
202.328
202.347
202.367
202.385
202.404
202.43
202.445
202.466
202.488
202.504
202.529
202.545
202.566
202.59
202.604
202.625
202.648
202.667
202.69
202.704
202.728
202.748
202.764
202.785
202.808
202.824
202.837
202.856
202.881
202.899
202.917
202.945
202.969
202.984
203.006
203.026
203.052
203.076
203.102
203.116
203.137
203.161
203.176
203.199
203.219
203.238
203.256
203.28
203.299
203.323
203.338
203.363
203.38
203.401
203.424
203.439
203.463
203.481
203.501
203.523
203.545
203.564
203.584
203.602
203.621
203.645
203.66
203.681
203.702
203.72
203.744
203.76
203.78
203.805
203.82
203.841
203.865
203.88
203.893
203.908
203.933
203.947
203.969
203.99
204.007
204.034
204.048
204.068
204.093
204.107
204.122
204.14
204.159
204.182
204.199
204.223
204.241
204.259
204.283
204.301
204.328
204.352
204.37
204.389
204.417
204.445
204.46
204.485
204.504
204.536
204.552
204.576
204.592
204.612
204.637
204.652
204.672
204.692
204.712
204.73
204.755
204.773
204.796
204.812
204.832
204.853
204.874
204.896
204.912
204.932
204.956
204.971
204.995
205.016
205.032
205.055
205.074
205.093
205.115
205.132
205.153
205.18
205.195
205.212
205.237
205.253
205.276
205.291
205.313
205.335
205.354
205.376
205.397
205.413
205.426
205.44
205.464
205.48
205.504
205.52
205.54
205.562
205.582
205.601
205.625
205.643
205.66
205.681
205.699
205.725
205.74
205.761
205.782
205.801
205.823
205.843
205.862
205.885
205.9
205.921
205.945
205.96
205.984
206.002
206.02
206.045
206.062
206.08
206.103
206.12
206.145
206.161
206.18
206.201
206.221
206.242
206.267
206.28
206.307
206.324
206.34
206.365
206.38
206.4
206.422
206.441
206.46
206.482
206.5
206.521
206.54
206.562
206.583
206.6
206.624
206.642
206.662
206.682
206.697
206.712
206.733
206.754
206.775
206.792
206.814
206.837
206.853
206.876
206.892
206.913
206.927
206.952
206.977
206.993
207.012
207.034
207.052
207.072
207.096
207.114
207.127
207.157
207.177
207.197
207.212
207.233
207.258
207.272
207.296
207.313
207.338
207.352
207.374
207.394
207.417
207.434
207.456
207.475
207.495
207.518
207.543
207.564
207.586
207.607
207.623
207.646
207.665
207.684
207.708
207.724
207.744
207.77
207.784
207.807
207.827
207.844
207.866
207.886
207.907
207.927
207.944
207.975
207.999
208.016
208.035
208.064
208.089
208.104
208.13
208.149
208.164
208.19
208.204
208.225
208.248
208.264
208.289
208.305
208.324
208.349
208.364
208.385
208.408
208.425
208.44
208.456
208.48
208.495
208.517
208.541
208.555
208.576
208.6
208.617
208.648
208.667
208.685
208.706
208.729
208.745
208.769
208.785
208.804
208.829
208.843
208.869
208.882
208.896
208.92
208.935
208.959
208.977
208.996
209.021
209.036
209.059
209.08
209.096
209.109
209.124
209.149
209.164
209.185
209.209
209.224
209.245
209.264
209.284
209.308
209.324
209.351
209.377
209.399
209.416
209.44
209.458
209.476
209.501
209.516
209.538
209.551
209.576
209.602
209.616
209.636
209.663
209.677
209.7
209.717
209.741
209.761
209.778
209.8
209.822
209.835
209.857
209.88
209.896
209.922
209.938
209.956
209.988
210.004
210.023
210.051
210.077
210.098
210.118
210.141
210.155
210.187
210.206
210.231
210.259
210.279
210.305
210.329
210.344
210.368
210.387
210.404
210.425
210.444
210.466
210.488
210.504
210.526
210.546
210.564
210.587
210.605
210.625
210.645
210.665
210.688
210.705
210.724
210.747
210.764
210.786
210.805
210.824
210.852
210.88
210.897
210.917
210.94
210.957
210.977
211.002
211.015
211.04
211.054
211.078
211.102
211.128
211.143
211.167
211.184
211.204
211.225
211.245
211.267
211.291
211.306
211.33
211.345
211.364
211.384
211.407
211.429
211.446
211.466
211.488
211.506
211.521
211.54
211.557
211.58
211.601
211.62
211.639
211.655
211.679
211.7
211.716
211.741
211.757
211.776
211.799
211.816
211.84
211.856
211.876
211.901
211.916
211.94
211.958
211.982
211.999
212.018
212.036
212.061
212.076
212.097
212.119
212.139
212.159
212.192
212.21
212.229
212.25
212.269
212.292
212.312
212.328
212.352
212.369
212.388
212.421
212.439
212.456
212.48
212.502
212.516
212.54
212.561
212.581
212.602
212.62
212.638
212.659
212.678
212.703
212.732
212.748
212.77
212.789
212.808
212.831
212.853
212.868
212.889
212.909
212.93
212.949
212.968
212.992
213.011
213.028
213.053
213.069
213.083
213.097
213.122
213.141
213.157
213.18
213.198
213.219
213.241
213.256
213.278
213.292
213.312
213.333
213.349
213.37
213.388
213.409
213.434
213.448
213.471
213.491
213.513
213.53
213.555
213.578
213.602
213.618
213.636
213.661
213.676
213.698
213.721
213.736
213.762
213.776
213.799
213.821
213.84
213.856
213.879
213.896
213.922
213.937
213.954
213.969
213.989
214.013
214.029
214.05
214.074
214.089
214.11
214.131
214.155
214.177
214.191
214.211
214.237
214.252
214.273
214.294
214.312
214.336
214.353
214.372
214.393
214.413
214.434
214.456
214.474
214.495
214.514
214.532
214.555
214.574
214.593
214.625
214.647
214.678
214.709
214.732
214.753
214.772
214.792
214.815
214.829
214.852
214.88
214.909
214.936
214.952
214.974
214.993
215.011
215.037
215.054
215.074
215.096
215.112
215.135
215.154
215.172
215.197
215.212
215.233
215.254
215.272
215.296
215.315
215.335
215.357
215.374
215.394
215.415
215.432
215.466
215.492
215.518
215.532
215.554
215.575
215.592
215.616
215.634
215.652
215.665
215.682
215.708
215.737
215.752
215.775
215.795
215.812
215.837
215.853
215.87
215.895
215.912
215.939
215.963
215.979
216
216.024
216.039
216.064
216.078
216.093
216.115
216.138
216.157
216.175
216.193
216.216
216.231
216.255
216.272
216.292
216.312
216.333
216.354
216.376
216.392
216.419
216.445
216.46
216.482
216.505
216.52
216.543
216.563
216.58
216.607
216.639
216.664
216.68
216.703
216.722
216.75
216.774
216.797
216.813
216.833
216.856
216.873
216.894
216.915
216.932
216.956
216.973
216.994
217.015
217.032
217.058
217.072
217.092
217.117
217.131
217.168
217.185
217.207
217.224
217.248
217.264
217.284
217.31
217.324
217.346
217.369
217.392
217.413
217.437
217.453
217.473
217.497
217.512
217.536
217.555
217.572
217.597
217.612
217.627
217.645
217.665
217.688
217.703
217.727
217.745
217.764
217.786
217.806
217.832
217.856
217.874
217.891
217.916
217.932
217.953
217.978
217.992
218.016
218.032
218.051
218.065
218.085
218.108
218.124
218.145
218.164
218.184
218.208
218.223
218.244
218.27
218.288
218.304
218.326
218.344
218.365
218.387
218.404
218.424
218.444
218.465
218.49
218.505
218.529
218.545
218.564
218.589
218.604
218.625
218.649
218.664
218.688
218.705
218.732
218.753
218.78
218.809
218.823
218.849
218.864
218.884
218.91
218.925
218.94
218.965
218.984
219.011
219.029
219.045
219.07
219.086
219.106
219.129
219.146
219.171
219.188
219.21
219.231
219.248
219.268
219.292
219.307
219.329
219.353
219.369
219.391
219.412
219.428
219.455
219.48
219.497
219.518
219.553
219.569
219.588
219.608
219.628
219.653
219.674
219.688
219.714
219.728
219.749
219.771
219.788
219.81
219.835
219.861
219.879
219.901
219.916
219.937
219.96
219.975
219.999
220.018
220.039
220.064
220.093
220.108
220.129
220.156
220.177
220.196
220.221
220.24
220.257
220.278
220.296
220.318
220.337
220.356
220.381
220.396
220.416
220.441
220.456
220.479
220.498
220.519
220.539
220.557
220.578
220.6
220.616
220.638
220.674
220.689
220.707
220.732
220.751
220.773
220.791
220.811
220.832
220.848
220.868
220.894
220.908
220.931
220.954
220.981
220.998
221.022
221.036
221.059
221.078
221.095
221.12
221.134
221.148
221.175
221.197
221.217
221.238
221.256
221.283
221.313
221.337
221.357
221.378
221.399
221.418
221.441
221.456
221.476
221.5
221.518
221.538
221.57
221.59
221.61
221.632
221.651
221.668
221.693
221.709
221.73
221.753
221.769
221.791
221.81
221.828
221.855
221.877
221.896
221.92
221.936
221.957
221.971
221.988
222.011
222.028
222.05
222.071
222.088
222.11
222.13
222.148
222.173
222.191
222.208
222.229
222.249
222.269
222.288
222.308
222.335
222.36
222.376
222.401
222.415
222.437
222.462
222.476
222.499
222.52
222.536
222.559
222.576
222.596
222.621
222.637
222.657
222.68
222.697
222.719
222.737
222.756
222.783
222.817
222.841
222.857
222.883
222.911
222.934
222.948
222.974
222.988
223.009
223.031
223.048
223.07
223.084
223.108
223.134
223.148
223.173
223.194
223.208
223.231
223.25
223.268
223.288
223.308
223.329
223.35
223.369
223.391
223.409
223.431
223.454
223.468
223.491
223.509
223.528
223.554
223.568
223.589
223.615
223.628
223.649
223.674
223.689
223.717
223.733
223.748
223.773
223.789
223.809
223.835
223.864
223.888
223.91
223.933
223.948
223.969
223.997
224.018
224.037
224.06
224.076
224.097
224.118
224.136
224.15
224.169
224.193
224.208
224.229
224.253
224.267
224.289
224.312
224.327
224.352
224.369
224.384
224.41
224.427
224.449
224.472
224.489
224.512
224.529
224.549
224.574
224.589
224.608
224.633
224.649
224.67
224.692
224.709
224.734
224.75
224.772
224.791
224.811
224.834
224.851
224.871
224.897
224.911
224.932
224.957
224.972
224.997
225.011
225.032
225.056
225.073
225.092
225.117
225.133
225.158
225.177
225.193
225.216
225.229
225.254
225.278
225.292
225.314
225.336
225.352
225.375
225.399
225.42
225.44
225.461
225.479
225.504
225.523
225.543
225.564
225.579
225.601
225.621
225.64
225.672
225.694
225.713
225.732
225.758
225.772
225.793
225.817
225.832
225.855
225.869
225.896
225.914
225.934
225.955
225.978
225.993
226.014
226.032
226.052
226.079
226.099
226.121
226.145
226.163
226.18
226.202
226.22
226.242
226.264
226.283
226.311
226.337
226.354
226.372
226.397
226.412
226.433
226.456
226.472
226.496
226.509
226.532
226.558
226.572
226.596
226.617
226.632
226.656
226.672
226.692
226.719
226.74
226.76
226.787
226.815
226.835
226.854
226.877
226.893
226.916
226.936
226.951
226.974
226.993
227.012
227.036
227.052
227.074
227.094
227.112
227.136
227.153
227.172
227.188
227.213
227.234
227.257
227.271
227.295
227.315
227.332
227.355
227.372
227.393
227.425
227.442
227.46
227.486
227.5
227.522
227.544
227.56
227.584
227.602
227.625
227.642
227.66
227.682
227.705
227.719
227.745
227.76
227.78
227.804
227.821
227.844
227.86
227.88
227.904
227.92
227.94
227.966
227.98
228.001
228.025
228.041
228.066
228.089
228.114
228.132
228.151
228.172
228.191
228.215
228.235
228.255
228.272
228.295
228.315
228.329
228.353
228.378
228.392
228.414
228.439
228.453
228.479
228.501
228.519
228.544
228.557
228.573
228.595
228.613
228.636
228.652
228.675
228.694
228.712
228.736
228.754
228.772
228.792
228.813
228.834
228.852
228.872
228.893
228.915
228.934
228.957
228.972
228.996
229.024
229.042
229.06
229.086
229.102
229.122
229.141
229.159
229.182
229.203
229.221
229.241
229.261
229.281
229.305
229.32
229.345
229.361
229.381
229.406
229.421
229.44
229.463
229.48
229.505
229.523
229.542
229.566
229.58
229.6
229.624
229.643
229.663
229.68
229.7
229.721
229.74
229.761
229.782
229.8
229.823
229.84
229.859
229.883
229.9
229.92
229.944
229.96
229.982
230.003
230.021
230.046
230.062
230.082
230.106
230.121
230.142
230.163
230.182
230.206
230.222
230.243
230.267
230.282
230.296
230.316
230.339
230.359
230.375
230.395
230.415
230.435
230.461
230.476
230.498
230.525
230.545
230.566
230.588
230.604
230.624
230.647
230.665
230.687
230.708
230.726
230.747
230.764
230.785
230.808
230.824
230.848
230.866
230.885
230.909
230.925
230.944
230.97
230.986
231.008
231.025
231.044
231.069
231.085
231.106
231.137
231.16
231.176
231.2
231.22
231.237
231.26
231.279
231.299
231.32
231.336
231.357
231.379
231.397
231.42
231.435
231.457
231.48
231.498
231.521
231.539
231.556
231.578
231.597
231.624
231.647
231.666
231.686
231.707
231.724
231.745
231.758
231.776
231.803
231.827
231.845
231.87
231.884
231.905
231.929
231.948
231.97
231.995
232.018
232.036
232.061
232.076
232.099
232.12
232.136
232.161
232.176
232.196
232.228
232.245
232.264
232.288
232.304
232.324
232.35
232.364
232.384
232.408
232.426
232.446
232.465
232.485
232.509
232.525
232.546
232.568
232.584
232.606
232.626
232.644
232.658
232.676
232.703
232.729
232.744
232.767
232.785
232.806
232.832
232.862
232.876
232.89
232.904
232.928
232.944
232.964
232.985
233.005
233.026
233.047
233.066
233.085
233.099
233.118
233.138
233.156
233.18
233.196
233.217
233.238
233.256
233.281
233.298
233.323
233.351
233.378
233.401
233.416
233.439
233.459
233.479
233.501
233.523
233.548
233.572
233.597
233.617
233.637
233.658
233.677
233.697
233.727
233.747
233.769
233.789
233.804
233.827
233.85
233.864
233.887
233.906
233.933
233.956
233.981
233.997
234.017
234.041
234.056
234.081
234.097
234.116
234.14
234.156
234.177
234.199
234.217
234.239
234.255
234.278
234.299
234.316
234.338
234.357
234.378
234.401
234.418
234.437
234.459
234.476
234.498
234.519
234.536
234.558
234.578
234.594
234.621
234.639
234.659
234.676
234.696
234.721
234.738
234.759
234.78
234.794
234.817
234.839
234.857
234.881
234.896
234.916
234.943
234.968
234.984
234.998
235.017
235.041
235.056
235.076
235.1
235.115
235.137
235.161
235.176
235.2
235.216
235.23
235.248
235.266
235.286
235.304
235.33
235.345
235.365
235.389
235.404
235.425
235.449
235.465
235.485
235.509
235.527
235.549
235.564
235.586
235.607
235.624
235.649
235.667
235.693
235.717
235.743
235.756
235.777
235.802
235.818
235.844
235.862
235.879
235.898
235.922
235.94
235.965
235.982
236.005
236.024
236.04
236.063
236.083
236.103
236.123
236.14
236.163
236.186
236.2
236.223
236.243
236.263
236.286
236.302
236.32
236.346
236.37
236.388
236.411
236.429
236.45
236.472
236.487
236.511
236.525
236.542
236.562
236.581
236.605
236.621
236.647
236.673
236.691
236.709
236.727
236.74
236.766
236.789
236.808
236.834
236.852
236.87
236.893
236.912
236.934
236.949
236.969
236.994
237.014
237.045
237.062
237.085
237.102
237.123
237.144
237.162
237.182
237.204
237.221
237.243
237.263
237.282
237.301
237.322
237.346
237.36
237.381
237.395
237.421
237.44
237.464
237.48
237.505
237.525
237.54
237.569
237.592
237.609
237.631
237.651
237.669
237.694
237.708
237.728
237.753
237.768
237.793
237.806
237.829
237.853
237.868
237.888
237.91
237.929
237.953
237.97
237.989
238.015
238.044
238.062
238.081
238.105
238.123
238.146
238.162
238.18
238.2
238.22
238.257
238.273
238.298
238.313
238.337
238.352
238.373
238.398
238.413
238.436
238.455
238.474
238.494
238.515
238.532
238.558
238.572
238.592
238.615
238.631
238.656
238.673
238.692
238.716
238.732
238.754
238.778
238.792
238.814
238.835
238.852
238.876
238.894
238.913
238.947
238.965
238.983
239.007
239.026
239.045
239.069
239.083
239.105
239.129
239.145
239.167
239.187
239.206
239.23
239.244
239.265
239.288
239.304
239.329
239.344
239.372
239.393
239.414
239.433
239.457
239.475
239.496
239.519
239.546
239.564
239.583
239.606
239.627
239.647
239.664
239.684
239.711
239.737
239.754
239.777
239.796
239.811
239.824
239.845
239.865
239.89
239.915
239.935
239.953
239.977
239.997
240.011
240.032
240.058
240.072
240.098
240.112
240.135
240.157
240.171
240.193
240.214
240.233
240.255
240.276
240.292
240.316
240.333
240.354
240.377
240.394
240.415
240.439
240.466
240.484
240.506
240.529
240.547
240.568
240.585
240.607
240.628
240.647
240.665
240.685
240.706
240.728
240.745
240.769
240.784
240.804
240.828
240.844
240.867
240.88
240.904
240.928
240.947
240.965
240.987
241.004
241.023
241.045
241.07
241.089
241.109
241.126
241.15
241.167
241.187
241.209
241.224
241.25
241.269
241.284
241.318
241.333
241.354
241.375
241.396
241.414
241.437
241.456
241.476
241.498
241.512
241.526
241.546
241.569
241.589
241.607
241.632
241.649
241.669
241.694
241.716
241.741
241.761
241.782
241.799
241.819
241.835
241.857
241.88
241.896
241.92
241.945
241.974
241.996
242.018
242.041
242.056
242.082
242.111
242.135
242.154
242.169
242.19
242.213
242.231
242.248
242.272
242.295
242.323
242.354
242.368
242.393
242.408
242.431
242.449
242.469
242.494
242.508
242.53
242.556
242.579
242.596
242.617
242.636
242.658
242.68
242.696
242.716
242.74
242.757
242.781
242.796
242.817
242.841
242.856
242.881
242.898
242.916
242.94
242.957
242.976
243
243.023
243.049
243.073
243.088
243.108
243.134
243.148
243.169
243.191
243.208
243.228
243.255
243.277
243.297
243.317
243.335
243.358
243.381
243.398
243.417
243.436
243.452
243.468
243.489
243.511
243.528
243.554
243.57
243.588
243.612
243.628
243.656
243.678
243.699
243.716
243.741
243.758
243.779
243.802
243.816
243.841
243.854
243.868
243.889
243.911
243.933
243.948
243.97
243.99
244.011
244.033
244.049
244.067
244.094
244.109
244.129
244.148
244.168
244.192
244.209
244.228
244.251
244.269
244.29
244.323
244.338
244.357
244.38
244.397
244.417
244.441
244.458
244.479
244.496
244.52
244.538
244.556
244.579
244.597
244.621
244.642
244.658
244.676
244.7
244.716
244.741
244.755
244.776
244.799
244.822
244.848
244.868
244.894
244.909
244.931
244.953
244.968
244.996
245.021
245.038
245.056
245.082
245.097
245.122
245.138
245.156
245.18
245.194
245.209
245.231
245.248
245.271
245.289
245.312
245.329
245.347
245.373
245.387
245.408
245.429
245.448
245.473
245.488
245.511
245.535
245.559
245.578
245.6
245.619
245.638
245.655
245.676
245.698
245.718
245.739
245.761
245.776
245.796
245.819
245.836
245.858
245.88
245.895
245.908
245.927
245.953
245.969
245.988
246.011
246.032
246.053
246.076
246.1
246.122
246.136
246.158
246.178
246.199
246.216
246.241
246.258
246.277
246.303
246.323
246.337
246.362
246.378
246.4
246.421
246.439
246.458
246.481
246.5
246.524
246.54
246.563
246.582
246.599
246.622
246.641
246.662
246.686
246.702
246.724
246.744
246.759
246.784
246.801
246.82
246.845
246.86
246.881
246.902
246.92
246.945
246.958
246.981
247.005
247.02
247.04
247.064
247.08
247.104
247.121
247.14
247.164
247.18
247.197
247.211
247.233
247.252
247.272
247.292
247.312
247.335
247.353
247.374
247.395
247.416
247.43
247.454
247.474
247.495
247.517
247.532
247.556
247.574
247.593
247.614
247.636
247.656
247.675
247.693
247.712
247.732
247.752
247.772
247.792
247.812
247.833
247.852
247.872
247.892
247.912
247.933
247.951
247.972
247.996
248.012
248.035
248.057
248.072
248.095
248.112
248.129
248.156
248.172
248.192
248.213
248.231
248.257
248.274
248.297
248.316
248.33
248.352
248.375
248.392
248.412
248.433
248.452
248.475
248.492
248.512
248.533
248.553
248.573
248.592
248.613
248.635
248.654
248.677
248.693
248.712
248.735
248.753
248.772
248.79
248.812
248.834
248.857
248.872
248.897
248.913
248.933
248.957
248.974
248.994
249.024
249.041
249.062
249.08
249.1
249.125
249.144
249.16
249.186
249.2
249.22
249.235
249.251
249.276
249.291
249.312
249.332
249.353
249.372
249.392
249.412
249.433
249.453
249.468
249.494
249.512
249.535
249.553
249.572
249.596
249.611
249.634
249.654
249.668
249.698
249.714
249.732
249.757
249.772
249.794
249.816
249.833
249.854
