7.86404
9.51794
11.1725
12.337
14.0847
15.1352
16.3766
18.1055
18.3467
18.8041
19.2521
20.3501
21.1966
21.6571
22.5573
23.3757
25.0578
25.6965
26.0168
27.699
27.9176
29.6416
30.5382
32.1749
33.7221
35.4843
37.2129
38.2223
38.8819
39.6405
39.9838
41.4843
43.1734
44.6731
45.3608
46.0156
46.8749
48.5237
49.6412
51.3849
51.6194
52.0448
53.1058
54.8956
55.0955
55.3068
57.151
58.3383
59.4609
60.2167
60.3731
62.0798
63.8564
64.0822
65.1858
66.8905
67.3087
67.5844
69.3546
70.2
70.8466
71.9313
73.5009
73.5793
74.2401
75.9733
77.7033
79.4342
80.7614
82.4282
83.7042
84.1301
85.6639
86.0688
87.6219
88.8408
90.6023
92.3301
94.0664
95.7809
97.5035
99.2474
99.477
100.084
101.828
102.744
103.177
103.597
104.897
106.225
107.935
109.47
109.756
111.417
111.643
112.113
112.554
113.444
113.724
115.503
117.297
117.943
119.697
121.401
123.138
124.693
124.877
125.118
125.315
127.007
128.602
128.786
129.227
129.441
131.173
132.917
133.537
135.273
137.052
137.252
137.44
138.117
139.44
141.148
141.691
142.247
143.985
144.867
145.5
145.945
147.413
148.683
149.148
150.878
152.585
154.29
156.06
156.25
157.944
159.656
161.376
163.135
164.887
166.615
168.297
168.928
169.778
171.285
171.748
173.458
