2.64839
2.8752
3.11175
3.31857
3.54792
3.76921
3.97081
4.18684
4.41079
4.60972
4.84928
5.04798
5.27919
5.49205
5.69241
5.92451
6.19061
6.42477
6.62708
6.82768
7.06725
7.26679
7.49609
7.72703
7.92745
8.13137
8.37027
8.60383
8.82382
9.04284
9.25837
9.4732
9.70024
9.90045
10.097
10.3004
10.5213
10.7477
10.9452
11.154
11.388
11.5876
11.8261
12.042
12.2743
12.5184
12.7152
12.9556
13.1356
13.3295
13.5677
13.8177
14.0462
14.2364
14.4809
14.681
14.9216
15.1123
15.3198
15.5237
15.7263
15.9514
16.1442
16.3462
16.5492
16.7757
17.0158
17.2167
17.4189
17.653
17.8523
18.0918
18.3243
18.5571
18.7878
19.0023
19.2229
19.4228
19.629
19.8505
20.0846
20.3255
20.5533
20.7548
20.9839
21.1813
21.3858
21.6269
21.8249
22.0279
22.2563
22.4739
22.6773
22.8775
23.1059
23.3165
23.5411
23.7723
24.0054
24.2067
24.4118
24.6103
24.8253
25.0453
25.2804
25.4835
25.6842
25.9139
26.1437
26.3786
26.586
26.8124
27.0173
27.2149
27.4176
27.6487
27.8855
28.0808
28.3193
28.5517
28.7504
28.9894
29.2193
29.4183
29.6268
29.8512
30.0644
30.2584
30.4662
30.6939
30.8914
31.0998
31.3212
31.555
31.7508
31.9524
32.1567
32.3929
32.6246
32.8584
33.088
33.2952
33.505
33.7028
33.9276
34.1367
34.3315
34.571
34.8076
35.0431
35.2407
35.4707
35.669
35.8691
36.1092
36.3375
36.566
36.7734
37.0041
37.2024
37.4343
37.6336
37.8694
38.1099
38.3038
38.5345
38.7726
38.9694
39.1802
39.4102
39.6123
39.8466
40.0657
40.3087
40.5357
40.7665
41.0093
41.2369
41.472
41.7025
41.9326
42.14
42.3411
42.5586
42.7621
42.9581
43.1582
43.3991
43.6021
43.8222
44.0476
44.2426
44.4416
44.6563
44.8864
45.0965
45.3276
45.5568
45.7568
45.9862
46.2013
46.4368
46.6327
46.8405
47.0378
47.2698
47.4647
47.671
47.8962
48.0955
48.2945
48.4969
48.7364
48.9366
49.16
49.3686
49.6062
49.8099
50.0548
50.2681
50.4869
50.6882
50.9154
51.1529
51.3591
51.5993
51.7992
52.0309
52.232
52.4224
52.656
52.86
53.0924
53.3321
53.5692
53.8021
53.9976
54.2273
54.4602
54.6489
54.8489
55.0807
55.2876
55.4862
55.6877
55.9173
56.1148
56.368
56.5997
56.7997
57.035
57.2601
57.4681
57.6629
57.8623
58.0666
58.2987
58.5169
58.7213
58.9525
59.1879
59.4136
59.654
59.8558
60.0626
60.2863
60.524
60.7577
60.9913
61.2284
61.4223
61.6363
61.8257
62.0639
62.2898
62.4895
62.6959
62.9238
63.1313
63.3564
63.5999
63.8283
64.0566
64.2637
64.4944
64.6966
64.928
65.1665
65.3711
65.5698
65.7613
65.989
66.1907
66.4196
66.6256
66.8664
67.0506
67.2964
67.5408
67.7821
68.008
68.2131
68.4416
68.6412
68.8707
69.1026
69.335
69.5311
69.731
69.97
70.1666
70.378
70.5797
70.8265
71.0275
71.2328
71.474
71.6664
71.8964
72.1029
72.328
72.5414
72.7351
72.9371
73.1612
73.36
73.5647
73.7937
73.9945
74.2221
74.426
74.6601
74.8598
75.0965
75.3023
75.5041
75.748
75.9346
76.1557
76.3596
76.584
76.8027
77.0363
77.242
77.4411
77.6874
77.8845
78.1118
78.3281
78.5598
78.7659
78.9869
79.2153
79.4204
79.6135
79.8457
80.0758
80.2727
80.504
80.7089
80.9417
81.1376
81.3637
81.5733
81.7715
81.9733
82.2056
82.4094
82.6089
82.803
83.01
83.2503
83.4527
83.6835
83.8839
84.1159
84.3544
84.5612
84.7865
85.015
85.2124
85.413
85.6464
85.8571
86.0543
86.2798
86.5086
86.7066
86.9442
87.1789
87.3753
87.6073
87.803
88.0435
88.2424
88.4443
88.6741
88.906
89.1153
89.34
89.5447
89.7446
89.9768
90.1728
90.3746
90.5728
90.7983
91.0019
91.2399
91.4433
91.6426
91.8816
92.0847
92.3123
92.5556
92.759
92.9925
93.2261
93.4205
93.6185
93.8248
94.0504
94.2876
94.4902
94.7274
94.9254
95.1242
95.3297
95.5721
95.7689
95.9815
96.2076
96.4166
96.6349
96.8754
97.1008
97.295
97.4897
97.6872
97.9222
98.1222
98.3605
98.5605
98.7919
99.0198
99.2289
99.4546
99.6585
99.8647
100.063
100.277
100.481
100.719
100.958
101.159
101.385
101.581
101.811
102.054
102.259
102.485
102.717
102.945
103.149
103.378
103.579
103.808
104.012
104.251
104.457
104.658
104.885
105.091
105.318
105.521
105.748
105.956
106.183
106.416
106.652
106.887
107.082
107.282
107.484
107.716
107.914
108.149
108.36
108.586
108.776
109.009
109.248
109.45
109.685
109.884
110.118
110.32
110.516
110.717
110.953
111.181
111.385
111.622
111.862
112.08
112.275
112.508
112.708
112.947
113.174
113.376
113.578
113.789
114.018
114.223
114.418
114.649
114.855
115.085
115.28
115.489
115.717
115.914
116.151
116.386
116.614
116.819
117.057
117.253
117.457
117.694
117.918
118.119
118.35
118.556
118.788
118.987
119.194
119.422
119.659
119.857
120.094
120.326
120.519
120.72
120.959
121.158
121.382
121.586
121.814
122.017
122.219
122.452
122.695
122.894
123.115
123.356
123.571
123.782
124.008
124.232
124.425
124.659
124.866
125.089
125.287
125.514
125.718
125.927
126.13
126.361
126.586
126.785
126.985
127.217
127.456
127.681
127.886
128.117
128.322
128.552
128.763
128.989
129.214
129.41
129.629
129.872
130.091
130.296
130.526
130.732
130.936
131.142
131.376
131.579
131.786
132.011
132.22
132.451
132.657
132.89
133.084
133.316
133.519
133.749
133.949
134.189
134.416
134.623
134.845
135.046
135.254
135.487
135.685
135.912
136.119
136.36
136.589
136.793
137.022
137.219
137.416
137.645
137.849
138.085
138.283
138.519
138.728
138.95
139.188
139.426
139.656
139.857
140.061
140.269
140.489
140.691
140.919
141.122
141.358
141.566
141.792
142.021
142.216
142.412
142.641
142.865
143.068
143.305
143.534
143.736
143.967
144.171
144.402
144.607
144.837
145.039
145.284
145.477
145.682
145.887
146.124
146.347
146.551
146.78
146.984
147.181
147.387
147.625
147.824
148.057
148.262
148.465
148.663
148.893
149.128
149.324
149.556
149.768
149.995
150.194
150.439
150.671
150.858
151.052
151.264
151.49
151.688
151.903
152.137
152.34
152.569
152.795
153.002
153.227
153.427
153.629
153.868
154.064
154.275
154.498
154.712
154.925
155.122
155.366
155.594
155.8
156.025
156.232
156.442
156.667
156.889
157.096
157.323
157.52
157.723
157.922
158.161
158.392
158.6
158.801
159.037
159.229
159.441
159.635
159.851
160.042
160.261
160.463
160.703
160.904
161.122
161.35
161.568
161.776
162.011
162.248
162.447
162.676
162.918
163.12
163.353
163.557
163.789
163.997
164.208
164.436
164.638
164.869
165.075
165.276
165.478
165.687
165.918
166.149
166.35
166.579
166.816
167.015
167.222
167.423
167.65
167.853
168.056
168.285
168.518
168.721
168.913
169.141
169.332
169.534
169.764
170.001
170.232
170.442
170.645
170.879
171.076
171.273
171.514
171.732
171.935
172.164
172.373
172.608
172.808
173.035
173.241
173.444
173.673
173.871
174.098
174.3
174.506
174.725
174.961
175.192
175.425
175.625
175.826
176.031
176.232
176.43
176.64
176.838
177.04
177.272
177.503
177.713
177.942
178.151
178.386
178.617
178.847
179.047
179.246
179.494
179.721
179.954
180.168
180.39
180.591
180.806
181.007
181.212
181.414
181.623
181.853
182.052
182.288
182.49
182.718
182.92
183.153
183.386
183.619
183.82
184.02
184.231
184.455
184.657
184.865
185.063
185.298
185.531
185.73
185.934
186.169
186.402
186.633
186.835
187.075
187.275
187.501
187.734
187.939
188.136
188.341
188.569
188.768
188.974
189.203
189.408
189.609
189.841
190.042
190.244
190.473
190.709
190.915
191.116
191.349
191.576
191.776
192.009
192.217
192.421
192.655
192.89
193.087
193.316
193.551
193.759
193.959
194.192
194.423
194.626
194.855
195.063
195.29
195.493
195.692
195.894
196.094
196.328
196.526
196.757
196.957
197.158
197.356
197.582
197.804
198.031
198.236
198.459
198.658
198.872
199.104
199.3
199.541
199.769
199.973
200.17
200.406
200.643
200.87
201.1
201.338
201.54
201.767
201.97
202.201
202.399
202.599
202.833
203.047
203.25
203.458
203.656
203.889
204.118
204.324
204.528
204.725
204.966
205.191
205.422
205.656
205.858
206.058
206.262
206.495
206.693
206.922
207.123
207.334
207.538
207.766
207.971
208.2
208.436
208.644
208.878
209.105
209.346
209.547
209.756
209.983
210.182
210.413
210.641
210.847
211.049
211.286
211.517
211.753
211.977
212.187
212.416
212.616
212.849
213.079
213.287
213.509
213.716
213.95
214.187
214.388
214.62
214.825
215.049
215.25
215.462
215.661
215.866
216.073
216.304
216.516
216.745
216.952
217.163
217.388
217.622
217.827
218.061
218.299
218.5
218.728
218.936
219.167
219.365
219.602
219.831
220.034
220.236
220.436
220.669
220.904
221.13
221.332
221.566
221.764
221.967
222.204
222.41
222.616
222.853
223.08
223.283
223.486
223.728
223.943
224.146
224.38
224.584
224.786
224.993
225.225
225.429
225.667
225.864
226.095
226.307
226.505
226.735
226.947
227.184
227.42
227.62
227.854
228.085
228.325
228.553
228.787
229.019
229.217
229.417
229.62
229.849
230.057
230.292
230.519
230.722
230.921
231.132
231.352
231.552
231.754
231.991
232.224
232.422
232.654
232.886
233.094
233.318
233.519
233.722
233.928
234.151
234.353
234.589
234.79
234.994
235.226
235.46
235.689
235.893
236.098
236.298
236.52
236.722
236.93
237.157
237.39
237.604
237.802
238.039
238.249
238.469
238.707
238.943
239.141
239.367
239.578
239.807
240.006
240.209
240.434
240.642
240.876
241.105
241.313
241.508
241.711
241.941
242.149
242.349
242.551
242.791
243.019
243.221
243.448
243.652
243.85
244.089
244.318
244.516
244.751
244.992
245.19
245.417
245.651
245.89
246.118
246.319
246.558
246.755
246.954
247.192
247.426
247.651
247.886
248.124
248.326
248.549
248.785
249.019
249.229
249.463
249.664
249.864
