0.000000
0.000000
0.000000
41.557999
41.747002
41.994999
42.035999
42.060001
43.237999
48.269001
50.612000
53.284000
65.945999
72.879997
77.851997
85.097000
86.927002
92.221001
93.989998
95.976997
107.954002
132.789993
148.244003
154.914993
160.296005
161.656998
164.134003
174.106995
187.783997
192.001007
198.916000
202.990997
207.087997
219.554001
233.291000
248.296997
260.201996
268.204010
273.790985
281.489990
288.701996
298.536011
303.768005
305.902008
308.752014
310.588013
312.497986
314.221008
314.294006
317.761993
318.446991
318.553986
319.738007
323.709991
329.562988
331.526001
331.628998
331.634003
331.648010
331.656006
331.796997
331.796997
331.815002
331.816010
333.670990
346.675995
350.648010
358.867004
366.536987
369.053009
370.794006
373.682007
377.414001
384.022003
387.432007
390.580994
393.601990
398.227997
401.576996
403.880005
405.225006
406.324005
407.278015
407.286011
407.317993
410.247009
414.229004
433.966003
443.669006
451.283997
456.790985
466.132996
468.747009
471.036987
471.268005
471.511993
474.933014
481.523010
482.994995
488.056000
493.506012
498.053009
502.049011
507.240997
511.161987
515.140991
518.833008
524.723999
530.169983
535.328979
547.057983
556.440979
560.908020
564.817993
567.468018
570.234009
573.565002
578.419983
580.630005
581.632996
582.341003
585.153992
589.018005
592.304016
598.799011
603.815979
609.192993
616.122986
626.672974
631.866028
638.945007
661.846008
671.182983
688.619019
691.856018
693.086975
693.184998
693.257019
703.249023
713.174988
713.984985
715.619995
717.310974
718.750000
720.283020
720.642029
720.693970
720.698975
726.450012
731.952026
733.609985
733.898010
734.000000
735.361023
736.755981
738.460999
740.443970
743.257019
745.831970
749.367004
752.843994
754.250000
762.669983
770.739014
775.335022
785.213989
792.726013
797.606995
804.674988
809.877014
814.729980
819.682007
827.393982
831.237976
832.572998
832.890991
832.921021
832.924988
832.927979
832.927979
832.937012
833.122009
833.122009
833.122009
833.122009
833.122009
833.122009
833.122009
833.122009
833.122009
833.297974
835.346985
837.776978
839.388000
839.909973
841.478027
847.181030
855.892029
856.763977
857.820984
863.583008
867.581970
872.325012
877.875000
884.914978
889.330017
892.648010
900.661011
904.216980
906.062988
909.668030
909.875977
909.883972
910.257996
913.231995
915.112976
924.838989
937.026001
937.677002
937.903992
943.653992
952.895020
958.107971
960.065979
963.299011
964.617004
964.934021
965.348022
965.466003
965.466003
965.466003
965.468018
965.513000
971.567017
971.997009
972.031006
972.104980
972.164001
972.164001
972.164001
972.164001
972.164001
972.169983
972.487000
984.174011
999.721985
1004.304993
1004.742981
1005.068970
1005.330994
1005.427002
1005.473999
1005.523987
1005.531006
1006.155029
1010.286987
1032.834961
1032.876953
1032.878052
1032.883057
1039.572998
1048.828979
1049.480957
1049.788940
1050.849976
1056.680054
1061.962036
1066.083008
1071.163940
1075.885010
1077.828979
1079.646973
1082.416992
1087.552979
1096.202026
1105.517944
1110.291016
1111.112061
1111.218018
1111.578979
1111.814941
1112.145996
1113.125000
1113.196045
1113.197021
1113.197021
1113.197021
1113.706055
1115.014038
1116.173950
1118.238037
1120.952026
1127.628052
1129.057007
1130.709961
1131.808960
1132.406982
1132.593018
1132.628052
1132.629028
1132.629028
1132.657959
1132.791992
1132.944946
1133.110962
1133.119019
1133.119019
1133.183960
1133.232056
1133.310059
1134.770996
1135.930054
1135.937988
1135.938965
1135.939941
1136.188965
1136.248047
1136.255005
1136.312988
1136.327026
1136.354004
1136.404053
1136.416016
1136.416016
1136.416016
1136.425049
1136.552979
1136.552979
1136.553955
1136.557983
1136.564941
1136.572998
1136.578003
1136.745972
1138.362061
1142.313965
1145.202026
1148.254028
1155.453979
1160.724976
1163.821045
1168.011963
1171.157959
1175.469971
1178.358032
1178.901001
1179.129028
1179.203003
1179.260986
1179.342041
1179.358032
1179.359985
1179.359985
1179.359985
1179.366943
1179.366943
1179.368042
1179.368042
1179.368042
1179.368042
1179.368042
1179.368042
1179.368042
1179.368042
1179.368042
1179.368042
1179.368042
1179.368042
1179.368042
1179.368042
1179.368042
1179.368042
1179.368042
1179.368042
1179.368042
1179.368042
1179.368042
1179.368042
1179.368042
1179.368042
1179.368042
1179.368042
1179.368042
1179.368042
1179.368042
1179.368042
1179.368042
1179.368042
1179.368042
1179.368042
1179.368042
1179.368042
1179.368042
1179.368042
1179.368042
1179.368042
1179.368042
1179.368042
1179.368042
1179.368042
1179.368042
1179.368042
1179.368042
1179.368042
1179.368042
1179.368042
1179.368042
1179.368042
1179.368042
1179.368042
1179.368042
1179.368042
1179.368042
1179.368042
1179.368042
1179.368042
1179.368042
1179.368042
1179.368042
1179.368042
1179.368042
1179.368042
1179.368042
1179.368042
1179.368042
1179.368042
1179.368042
1179.368042
1179.368042
1179.368042
1179.368042
1179.368042
1179.368042
1179.368042
1179.368042
1179.368042
1179.368042
1179.368042
1179.368042
1179.368042
1179.368042
1179.368042
1179.368042
1179.368042
1179.368042
1179.368042
1179.368042
1179.368042
1179.368042
1179.368042
1179.368042
1179.368042
1179.368042
1179.368042
1179.368042
1179.368042
1179.368042
1179.368042
1179.368042
1179.368042
1179.368042
1179.368042
1179.368042
1179.368042
1179.368042
1179.368042
1179.368042
1179.368042
1179.368042
1179.368042
1179.368042
1179.368042
1179.368042
1179.368042
1179.368042
1179.368042
1179.368042
1179.368042
1179.368042
1179.368042
1179.368042
1179.368042
1179.368042
1179.368042
1179.368042
1179.368042
1179.368042
1179.368042
1179.368042
1179.368042
1179.368042
1179.368042
1179.368042
1179.368042
1179.368042
1179.368042
1179.368042
