7.86957
7.88048
9.62836
18.6271
26.2502
26.2636
27.1091
31.3357
31.3529
31.3727
31.3938
37.4333
37.4481
37.8635
37.8852
37.9047
39.8242
39.8473
41.5488
41.5636
52.3536
52.3657
52.7558
61.4385
61.4552
61.477
63.8742
64.8033
64.8252
64.8449
64.8651
64.8855
64.9061
64.9256
64.9444
64.9987
65.0114
66.7704
66.7845
66.7972
66.819
66.8353
66.8559
66.8788
66.8958
66.9168
66.951
66.9638
66.9768
66.9959
67.0169
76.8732
77.0709
77.0887
79.2395
79.2634
79.2799
79.4397
90.3513
92.092
92.547
94.4938
96.2633
96.2795
96.3008
96.3232
97.833
97.8522
97.8712
99.8758
102.903
104.664
104.685
105.905
105.93
106.769
106.784
106.964
106.984
108.711
109.336
109.356
109.376
111.952
111.964
113.283
116.509
119.996
124.863
124.876
124.895
124.915
142.785
142.805
