0.00334176
0.000619108
0.00532785
0.00280152
0.00737052
0.000619878
0.00973182
0.0045747
0.00136943
0.00128831
0.00233592
0.00623177
0.000699285
0.000642674
0.00237043
0.00171937
0.00144222
0.00456109
0.00640535
0.00120881
0.0163657
0.000384557
0.000355069
0.00329776
0.000722854
0.00198621
0.0038706
0.000448522
0.00244807
0.00238669
0.00228403
0.00305293
0.00162741
0.00260779
0.00148216
0.00287954
0.000882499
0.00786851
0.00117188
0.00184362
0.00376554
0.000641864
0.00115884
0.00321479
0.000674089
0.00135924
0.000673265
0.000846542
0.00126957
0.000738578
0.00149957
0.000534551
0.00399797
0.00142242
0.000734115
0.00419605
0.00048293
0.000617696
0.000428881
0.000861072
0.0154649
0.00719687
0.00458093
0.000859572
0.00133691
0.0043245
0.00225211
0.000965962
0.000531172
0.00485468
0.000351968
0.000690631
0.00250798
0.00166085
0.00712677
0.00588752
0.000775752
0.00047646
0.00037686
0.00410131
0.000613978
0.000687844
0.0013072
0.00868588
0.000610852
0.0118026
0.00112989
0.000577186
0.000230691
0.000463928
0.000358076
0.000591589
0.00176011
0.00172754
