0.00125928
0.00147958
0.0156082
0.0195526
0.0171968
0.012166
0.000524982
0.000649689
0.0141238
0.000822734
0.00249663
0.00137901
0.00169655
0.00104566
0.00761208
0.0234858
0.003975
0.0054338
0.00510902
0.00191099
0.00375591
0.0150333
0.00724297
0.00193905
0.0134413
0.000981373
0.0016862
0.000994081
0.00293403
0.0148893
0.00293378
0.00410533
0.00788397
0.0244241
0.0166999
0.00726036
0.010619
0.00220487
0.0157927
0.0362205
0.0145777
0.00194095
0.00352332
0.0147948
0.00758765
0.0198887
0.00075496
0.00084507
0.00154694
0.0037185
0.00594263
0.00351146
0.00406296
0.00761346
0.00606677
0.00691588
0.00422207
0.00102367
0.00796251
0.0115239
0.000787049
0.0221451
0.000506711
0.00645833
0.00102347
0.00112675
0.0091443
0.00488571
0.00264552
0.00259951
0.00290585
0.0104935
0.0122215
0.00499759
0.00570138
0.00437221
0.0062264
0.00180373
0.00351778
0.00134446
0.00601138
0.00221812
0.00245747
0.00334015
0.002323
0.00171248
0.00121848
0.00635986
0.00273082
0.00339838
0.00175844
0.00255174
0.00314454
0.00188208
0.00251958
0.00413853
0.00616053
0.00215693
0.00857042
0.00119995
0.00262524
0.0148986
0.00700698
0.00941162
0.00470328
0.0101632
0.00654279
0.00209865
0.00161289
0.0011485
0.00278986
0.000839603
0.00787661
0.00185475
0.00108674
0.0011074
0.0057046
0.00130836
0.00338266
0.00431982
0.004828
0.00419055
0.00485482
0.0146738
0.00717119
0.00811099
0.011929
0.00469095
0.00744785
0.00793725
0.00859369
0.0048921
0.00332623
0.0143227
0.00707332
0.00530587
0.00536594
0.00440269
0.0102281
0.0031355
0.00257636
0.00803553
0.00434433
0.00391906
0.00306056
0.00150856
0.00125419
0.00176153
