7.90218
10.1246
11.8429
13.574
15.3365
15.9954
17.3525
17.7321
17.9771
18.3801
18.648
20.3519
22.0887
22.7196
23.2068
24.1626
24.9995
25.4205
25.6444
26.2851
27.1228
28.7857
30.0465
30.2772
31.4245
32.2091
33.7041
34.1882
35.0384
36.7895
37.4705
37.9274
38.7246
39.8878
41.5996
43.2822
45.0338
46.7456
48.4782
51.3634
51.9174
52.3802
52.7788
54.4937
54.9589
56.6948
57.7195
58.6259
59.697
61.4989
61.8775
63.6382
63.8951
65.0386
67.0412
67.6456
69.3071
69.9715
71.1192
72.9039
73.1193
73.8014
75.5762
76.8931
77.1081
78.8401
79.3083
79.464
81.1739
82.9172
83.834
85.5292
87.2752
87.7195
87.9253
88.5633
90.3775
92.1131
92.3142
92.5603
92.7575
94.5093
96.3411
97.894
99.6413
99.8925
101.6
102.698
102.925
104.706
105.945
106.806
107.006
108.725
109.398
111.083
111.749
111.985
112.371
113.304
113.945
114.387
116.082
116.536
118.251
118.661
118.877
120.017
121.761
123.477
123.957
124.936
126.558
127.024
127.252
129.028
130.093
131.188
132.709
133.976
135.712
137.543
139.315
141.037
142.83
144.515
146.251
148.012
149.738
151.518
153.25
154.956
156.746
158.445
160.142
161.852
163.609
165.323
167.017
168.753
170.489
172.227
173.927
175.755
177.45
179.189
180.912
182.633
