2.62964
2.85333
3.08145
3.27413
3.48589
3.71593
3.94348
4.15054
4.35401
4.55928
4.78273
4.98732
5.22207
5.46302
5.67033
5.8672
6.09692
6.33569
6.52882
6.72486
6.96234
7.20091
7.41176
7.63682
7.86612
8.06965
8.27373
8.47911
8.7139
8.95725
9.18517
9.39139
9.61326
9.81313
10.0327
10.267
10.4974
10.6918
10.9225
11.157
11.3819
11.5812
11.8123
12.0175
12.259
12.4975
12.7017
12.9033
13.134
13.3346
13.5429
13.7484
13.9909
14.2223
14.4301
14.6536
14.8777
15.0691
15.3078
15.5092
15.7308
15.9729
16.1818
16.406
16.6497
16.8551
17.074
17.3219
17.5246
17.7141
17.9461
18.1855
18.3697
18.6125
18.8449
19.0373
19.2715
19.5064
19.7002
19.9281
20.1413
20.3381
20.5822
20.8035
21.0017
21.2437
21.4431
21.6473
21.8585
22.077
22.2788
22.5064
22.7085
22.9645
23.1865
23.4341
23.6672
23.8978
24.1288
24.3249
24.5256
24.7623
24.9838
25.2023
25.3975
25.6284
25.8299
26.0267
26.2312
26.4713
26.6609
26.8716
27.0873
27.2884
27.4858
27.7139
27.92
28.1543
28.3551
28.5629
28.7593
28.9623
29.1548
29.3975
29.6286
29.8294
30.0272
30.2598
30.4579
30.6529
30.8519
31.0948
31.3195
31.5116
31.7512
31.9895
32.1863
32.4175
32.6526
32.8541
33.0564
33.2638
33.4903
33.691
33.9405
34.1748
34.409
34.6011
34.7965
35.0221
35.2318
35.4718
35.6988
35.9272
36.1259
36.3296
36.5637
36.7583
36.9971
37.2028
37.4161
37.6128
37.8507
38.0805
38.2765
38.4832
38.7057
38.9116
39.1166
39.3473
39.5778
39.811
40.0215
40.2423
40.4504
40.6588
40.8913
41.0933
41.3301
41.5319
41.7674
41.9984
42.2009
42.4177
42.622
42.8539
43.0561
43.2621
43.4915
43.7329
43.9624
44.1588
44.3652
44.6012
44.8048
45.0111
45.2056
45.4441
45.642
45.8481
46.0568
46.2835
46.4763
46.7103
46.9352
47.1391
47.3735
47.5755
47.7781
47.979
48.2132
48.4428
48.6447
48.8728
49.0778
49.3103
49.5147
49.7137
49.948
50.1508
50.3517
50.5754
50.8077
51.0176
51.2243
51.4461
51.674
51.8915
52.1121
52.3061
52.5339
52.7454
52.9259
53.1566
53.3626
53.598
53.8257
54.0274
54.2608
54.4664
54.6916
54.9396
55.1394
55.3458
55.5623
55.759
55.9934
56.2242
56.453
56.6522
56.8814
57.1038
57.3076
57.4982
57.7056
57.9432
58.1436
58.3892
58.6122
58.855
59.0524
59.2819
59.4858
59.6843
59.9212
60.1151
60.351
60.5573
60.7563
60.9872
61.2216
61.4223
61.6589
61.8614
62.0879
62.3152
62.5592
62.7604
62.9585
63.168
63.3963
63.6242
63.8589
64.0939
64.338
64.5674
64.7915
64.9958
65.1957
65.4226
65.6639
65.8588
66.089
66.2955
66.5237
66.7523
66.9503
67.1916
67.4175
67.6265
67.8241
68.0598
68.2626
68.4672
68.6946
68.8936
69.0968
69.2934
69.5233
69.7276
69.9601
70.1984
70.4284
70.6273
70.8647
71.0998
71.3279
71.5575
71.772
72.0002
72.1956
72.4325
72.6278
72.882
73.1072
73.3368
73.5699
73.7665
74.0108
74.2298
74.4781
74.7019
74.9098
75.139
75.339
75.5663
75.7739
75.9837
76.1848
76.4214
76.6557
76.8588
77.0553
77.2592
77.4638
77.6956
77.929
78.1667
78.3911
78.5928
78.8257
79.0304
79.2269
79.4278
79.6579
79.8611
80.0587
80.2943
80.5311
80.7294
80.955
81.1615
81.3931
81.5952
81.8272
82.0621
82.2606
82.4929
82.6962
82.9051
83.1187
83.3245
83.5562
83.8141
84.0068
84.243
84.4747
84.6752
84.8695
85.0809
85.3051
85.5022
85.7015
85.905
86.1367
86.3465
86.5415
86.7713
86.9986
87.2415
87.4718
87.7047
87.9104
88.1049
88.3352
88.5484
88.78
88.9815
89.2093
89.4392
89.6764
89.9033
90.1073
90.333
90.5419
90.7799
90.9754
91.2034
91.4375
91.6737
91.8734
92.0791
92.3013
92.5094
92.7413
92.9814
93.2092
93.4182
93.6131
93.8427
94.0406
94.2556
94.4746
94.7037
94.9036
95.1369
95.3731
95.607
95.8113
96.0462
96.2443
96.4811
96.7193
96.9463
97.1473
97.3861
97.614
97.8121
98.0102
98.2438
98.4459
98.6874
98.9259
99.1551
99.3982
99.6247
99.8588
100.094
100.327
100.522
100.754
100.955
101.151
101.354
101.585
101.784
102.016
102.259
102.478
102.678
102.892
103.125
103.319
103.52
103.752
103.988
104.192
104.422
104.645
104.844
105.044
105.243
105.447
105.645
105.88
106.103
106.307
106.507
106.741
106.951
107.187
107.387
107.596
107.823
108.023
108.253
108.46
108.685
108.887
109.114
109.322
109.545
109.749
109.962
110.192
110.389
110.622
110.826
111.061
111.258
111.499
111.728
111.929
112.131
112.353
112.594
112.823
113.023
113.256
113.493
113.725
113.925
114.151
114.356
114.559
114.762
114.995
115.222
115.426
115.652
115.858
116.058
116.301
116.497
116.695
116.926
117.127
117.363
117.56
117.763
117.995
118.228
118.435
118.631
118.857
119.09
119.322
119.526
119.756
119.984
120.212
120.44
120.645
120.874
121.081
121.312
121.538
121.746
121.98
122.175
122.403
122.629
122.863
123.063
123.264
123.463
123.694
123.935
124.133
124.369
124.61
124.846
125.047
125.28
125.478
125.675
125.907
126.105
126.334
126.538
126.772
127.003
127.235
127.476
127.678
127.907
128.124
128.366
128.595
128.815
129.013
129.211
129.417
129.65
129.85
130.075
130.279
130.509
130.704
130.943
131.173
131.408
131.605
131.813
132.047
132.25
132.456
132.694
132.923
133.156
133.364
133.561
133.758
133.958
134.16
134.397
134.621
134.823
135.028
135.263
135.497
135.696
135.925
136.16
136.386
136.63
136.865
137.097
137.296
137.529
137.731
137.964
138.199
138.394
138.628
138.828
139.07
139.296
139.521
139.728
139.958
140.189
140.38
140.61
140.815
141.01
141.209
141.438
141.642
141.872
142.086
142.309
142.526
142.767
142.989
143.188
143.404
143.629
143.835
144.062
144.262
144.496
144.694
144.926
145.163
145.355
145.554
145.784
146.018
146.222
146.45
146.651
146.892
147.093
147.328
147.53
147.763
147.993
148.222
148.42
148.624
148.853
149.055
149.29
149.489
149.717
149.927
150.164
150.384
150.639
150.871
151.067
151.271
151.497
151.734
151.938
152.172
152.4
152.6
152.796
152.99
153.226
153.428
153.629
153.868
154.069
154.298
154.504
154.727
154.937
155.155
155.39
155.631
155.858
156.084
156.293
156.478
156.733
156.924
157.12
157.317
157.548
157.749
157.978
158.176
158.411
158.612
158.818
159.042
159.246
159.446
159.678
159.879
160.11
160.31
160.545
160.749
160.98
161.227
161.427
161.626
161.834
162.029
162.263
162.494
162.701
162.931
163.156
163.387
163.594
163.79
163.994
164.218
164.429
164.663
164.896
165.092
165.299
165.498
165.712
165.929
166.13
166.335
166.563
166.794
166.994
167.19
167.4
167.621
167.822
168.056
168.267
168.501
168.735
168.97
169.205
169.399
169.597
169.8
170.033
170.235
170.472
170.699
170.934
171.13
171.336
171.571
171.767
171.995
172.205
172.425
172.636
172.841
173.071
173.271
173.501
173.711
173.912
174.138
174.371
174.605
174.836
175.038
175.271
175.509
175.741
175.972
176.203
176.412
176.612
176.81
177.016
177.239
177.434
177.664
177.868
178.093
178.291
178.492
178.723
178.928
179.163
179.388
179.592
179.821
180.026
180.265
180.464
180.667
180.901
181.108
181.302
181.508
181.732
181.925
182.127
182.376
182.612
182.831
183.033
183.239
183.464
183.694
183.896
184.122
184.327
184.563
184.796
185.026
185.232
185.436
185.668
185.871
186.098
186.297
186.504
186.732
186.968
187.2
187.401
187.601
187.802
188.033
188.234
188.434
188.634
188.869
189.069
189.299
189.53
189.735
189.931
190.172
190.404
190.604
190.809
191.013
191.246
191.448
191.68
191.883
192.11
192.315
192.549
192.758
192.978
193.18
193.385
193.618
193.814
194.049
194.252
194.48
194.684
194.911
195.151
195.376
195.609
195.813
196.015
196.213
196.449
196.652
196.858
197.079
197.282
197.485
197.714
197.92
198.155
198.384
198.617
198.85
199.057
199.258
199.489
199.721
199.922
200.128
200.359
200.558
200.793
200.997
201.228
201.457
201.655
201.891
202.092
202.321
202.556
202.792
203.025
203.225
203.462
203.694
203.92
204.157
204.362
204.563
204.761
204.993
205.228
205.457
205.692
205.897
206.095
206.297
206.537
206.734
206.965
207.166
207.397
207.6
207.835
208.065
208.267
208.496
208.696
208.937
209.165
209.394
209.597
209.835
210.067
210.268
210.499
210.702
210.902
211.137
211.338
211.534
211.741
211.967
212.2
212.432
212.635
212.869
213.07
213.299
213.535
213.74
213.968
214.202
214.441
214.668
214.904
215.133
215.338
215.536
215.745
215.974
216.175
216.401
216.602
216.841
217.07
217.275
217.504
217.704
217.941
218.172
218.406
218.605
218.839
219.039
219.24
219.473
219.674
219.906
220.14
220.367
220.577
220.805
221.004
221.203
221.408
221.612
221.842
222.046
222.251
222.48
222.684
222.917
223.117
223.345
223.547
223.753
223.952
224.178
224.383
224.618
224.85
225.083
225.318
225.518
225.754
225.983
226.186
226.415
226.618
226.855
227.084
227.282
227.488
227.721
227.919
228.12
228.349
228.554
228.784
228.985
229.222
229.421
229.648
229.855
230.08
230.283
230.486
230.696
230.931
231.166
231.388
231.598
231.801
232.035
232.236
232.475
232.703
232.908
233.134
233.339
233.573
233.775
234
234.208
234.437
234.637
234.873
235.1
235.306
235.535
235.737
235.972
236.174
236.403
236.637
236.875
237.073
237.276
237.477
237.676
237.904
238.119
238.352
238.586
238.818
239.016
239.217
239.423
239.648
239.849
240.082
240.288
240.52
240.753
240.986
241.217
241.417
241.616
241.825
242.049
242.252
242.488
242.719
242.925
243.127
243.342
243.543
243.774
244.001
244.201
244.444
244.68
244.906
245.138
245.345
245.542
245.743
245.948
246.176
246.378
246.606
246.809
247.045
247.245
247.472
247.674
247.882
248.081
248.281
248.513
248.714
248.913
249.149
249.35
249.55
249.784
250.016
250.221
250.458
250.69
250.926
251.156
251.361
251.589
251.793
252.022
252.256
252.459
252.69
252.893
253.119
253.322
253.553
253.76
253.962
254.158
254.364
254.589
254.797
255.022
255.225
255.462
255.695
255.925
256.158
256.36
256.565
256.795
257.024
257.225
257.422
257.624
257.861
258.064
258.261
258.497
258.697
258.929
259.128
259.367
259.567
259.802
260.033
260.268
260.495
260.701
260.935
261.166
261.398
261.6
261.829
262.027
262.267
262.496
262.698
262.929
263.129
263.365
263.566
263.795
264.031
264.269
264.497
264.7
264.9
265.103
265.303
265.536
265.739
265.966
266.175
266.402
266.637
266.865
267.069
267.271
267.501
267.731
267.968
268.171
268.401
268.611
268.814
269.039
269.241
269.477
269.679
269.905
270.108
270.313
270.513
270.745
