0.202239
0.202303
0.202366
0.202422
0.202477
0.202541
0.202613
0.202666
0.202725
0.202777
0.202845
0.216932
0.340690
0.516650
0.658731
0.778554
0.887451
0.968121
0.982772
1.056796
1.419353
1.803703
2.031067
2.176041
2.255237
2.311074
2.365061
2.426041
2.533599
2.686033
2.857024
3.003146
3.088804
3.134988
3.201085
3.315975
3.478494
3.636762
3.822877
4.027484
4.239738
4.415937
4.601692
4.747561
4.900546
5.027003
5.133923
5.269160
5.437552
5.557482
5.655222
5.744249
5.844200
5.900552
5.926325
6.028289
6.183965
6.342942
6.555226
6.760537
7.016130
7.279653
7.497226
7.745255
7.977591
8.137390
8.258333
8.403405
8.516774
8.632216
8.754441
8.835361
8.904514
8.993044
9.087342
9.172982
9.281173
9.384219
9.478320
9.609683
9.748900
9.910593
10.123313
10.347045
10.532897
10.709706
10.826026
10.932080
11.046285
11.202637
11.363293
11.564939
11.742638
11.951664
12.148531
12.362840
12.610722
12.866384
13.111986
13.308486
13.494166
13.703995
13.905304
14.086071
14.280724
14.521357
14.731231
14.922669
15.092706
15.304858
15.503378
15.707979
15.936968
16.129042
16.319939
16.537983
16.720848
16.931982
17.112234
17.297728
17.489903
17.689133
17.895574
18.132594
18.338736
18.487293
18.616077
18.742560
18.818872
18.860929
18.898393
18.987664
19.126846
19.278526
19.485630
19.709385
19.908712
20.140925
20.376594
20.572785
20.767103
20.965946
21.203115
21.405449
21.628009
21.833419
22.021200
22.199501
22.408691
22.653309
22.842592
23.044939
23.234825
23.427014
23.605257
23.795597
24.028507
24.228040
24.458789
24.654753
24.859479
25.052802
25.281532
25.514023
25.713189
25.911892
26.147043
26.346055
26.543303
26.763780
26.972580
27.181324
27.363601
27.585728
27.782439
27.940592
28.081743
28.176098
28.276409
28.368763
28.494141
28.649221
28.772892
28.845013
28.853159
28.897357
28.967404
29.072855
29.230626
29.428395
29.629925
29.777633
29.885034
29.953706
29.967951
30.000841
30.073127
30.206200
30.356602
30.539286
30.784512
31.052033
31.289476
31.501185
31.634590
31.780614
31.995715
32.279984
32.587019
33.134373
33.793262
33.813573
33.831054
33.847077
33.852574
33.862585
33.893624
33.949580
34.145976
34.386939
34.594948
34.875788
35.335012
35.923871
36.663419
37.413056
38.119458
38.605210
38.922530
39.175156
39.403947
39.569476
39.711237
39.856174
39.997410
40.170883
40.341499
40.479871
40.635734
40.768947
40.922308
41.074977
41.201555
41.332825
41.496217
41.628506
41.759449
41.891132
42.045902
42.204748
42.417164
42.621441
42.830069
43.040028
43.260102
43.529774
43.750928
43.988402
44.210451
44.428817
44.601956
44.790450
44.963252
45.160343
45.414840
45.641453
45.897510
46.098837
46.290958
46.514090
46.743343
46.944299
47.180545
47.375973
47.593437
47.784720
47.961417
48.144213
48.350555
48.556554
48.787286
49.017380
49.255074
49.485480
49.710106
49.938010
50.164155
50.361686
50.563572
50.804796
51.055341
51.268655
51.517086
51.731045
51.972506
52.206885
52.400105
52.625948
52.856750
53.056423
53.256959
53.495532
53.690876
53.886562
54.123718
54.318471
54.484116
54.618872
54.755928
54.878098
55.046059
55.256529
55.512421
55.738575
55.984123
56.207010
56.423438
56.646650
56.839535
57.064109
57.261381
57.494181
57.692550
57.916329
58.135362
58.359365
58.577583
58.737628
58.901567
59.083331
59.283602
59.491002
59.680557
59.910690
60.113752
60.356494
60.565680
60.813814
61.028442
61.267753
61.479940
61.641502
61.782203
61.906127
62.027020
62.190397
62.362401
62.534228
62.731082
62.920737
63.153457
63.348916
63.535111
63.697285
63.849441
63.953400
64.024800
64.069568
64.189335
64.342611
64.524984
64.658990
64.807053
64.950566
65.157202
65.397448
65.615481
65.868347
66.088132
66.314085
66.587723
66.821655
67.089129
67.345568
67.553301
67.774813
67.969134
68.146160
68.345028
68.556486
68.803437
69.013714
69.226717
69.433766
69.669066
69.871780
70.069816
70.286966
70.483173
70.674827
70.881026
71.102883
71.290442
71.436565
71.572679
71.722206
71.937568
72.129976
72.327521
72.467502
72.586277
72.722826
72.861102
73.048164
73.235679
73.482379
73.698059
73.939713
74.168520
74.393654
74.583301
74.774578
74.999777
75.197213
75.428789
75.663654
75.891202
76.084450
76.275985
76.498348
76.692080
76.888716
77.124413
77.359239
77.563081
77.791238
77.988988
78.133746
78.222648
78.289176
78.343569
78.434033
78.562493
78.707081
78.815474
78.916745
79.023685
79.123165
79.224140
79.341581
79.439740
79.527492
79.580293
79.658943
79.778785
79.917714
80.059578
80.192408
80.299822
80.368448
80.419894
80.465704
80.537966
80.640449
80.797722
80.957491
81.167440
81.394674
81.629889
81.822728
82.001995
82.187492
82.335135
82.489350
82.695805
82.932066
83.135429
83.358916
83.566514
83.737796
83.906438
84.071546
84.228928
84.392236
84.610045
84.835189
85.015275
85.178710
85.372026
85.552506
85.751671
85.884673
86.007854
86.156072
86.261813
86.351855
86.442444
86.595464
86.758976
86.975122
87.173031
87.398834
87.581236
87.748492
87.933818
88.097632
88.304531
88.496756
88.727910
88.926966
89.153794
89.368076
89.547610
89.717205
89.890660
90.044982
90.221965
90.415579
90.647424
90.865322
91.066377
91.238242
91.428866
91.579036
91.722092
91.862867
92.019778
92.188678
92.361019
92.576213
92.761513
92.946053
93.170506
93.369813
93.572121
93.797423
93.979781
94.190635
94.381106
94.578839
94.813397
95.037231
95.220478
95.391135
95.569868
95.735249
95.866763
95.931604
96.018492
96.144545
96.328796
96.533401
96.718928
96.928448
97.095325
97.290248
97.497762
97.686601
97.915525
98.109084
98.326770
98.534659
98.742453
98.923378
99.113255
99.312978
99.554961
99.801949
100.011278
100.240085
100.459999
100.707470
100.928107
101.149299
101.275820
101.365728
101.466629
101.563851
101.695780
101.832854
102.018883
102.213309
102.398431
102.560093
102.678699
102.795279
102.873299
102.952821
103.054960
103.190728
103.334333
103.496719
103.668855
103.870750
104.029819
104.189780
104.300540
104.399579
104.482376
104.636444
104.839759
105.043025
105.191522
105.318487
105.479786
105.641757
105.817654
106.027820
106.242576
106.464594
106.656816
106.854721
107.051934
107.241187
107.423893
107.637715
107.860489
108.057770
108.256256
108.490192
108.720375
108.920079
109.153461
109.391822
109.625935
109.859060
110.095316
110.327135
110.527240
110.760525
110.963245
111.204622
111.447410
111.662804
111.907429
112.106053
112.330861
112.555921
112.792936
113.005212
113.248081
113.471685
113.659430
113.874784
114.063072
114.259138
114.465691
114.722837
114.950718
115.222173
115.458431
115.729841
115.958582
116.220756
116.470311
116.680941
116.886356
117.071775
117.183874
117.282646
117.366945
117.475231
117.581111
117.724325
117.898932
118.071302
118.261954
118.498717
118.747262
118.968737
119.236269
119.465889
119.731865
119.958096
120.215540
120.433324
120.686056
120.930671
121.171815
121.376920
121.583612
121.816210
122.015896
122.247468
122.446883
122.677280
122.874917
123.107591
123.336477
123.565906
123.801160
124.003404
124.208199
124.446807
124.683128
124.883133
125.113335
125.334986
125.526907
125.722934
125.923053
126.159412
126.368250
126.584184
126.846479
127.071680
127.334131
127.561564
127.826554
128.055074
128.323980
128.586880
128.850613
128.936243
129.062662
129.190158
129.259186
129.703646
130.233621
130.739849
131.121409
131.401166
131.607819
131.879154
132.118483
132.389859
132.602063
132.810693
133.024833
133.141934
133.206686
133.267565
133.346915
133.479156
133.628386
133.842267
134.047952
134.303270
134.567070
134.792867
135.010743
135.218923
135.421112
135.660575
135.902827
136.115690
136.361670
136.607168
136.844319
137.047991
137.251935
137.454565
137.704543
137.931670
138.186112
138.419861
138.621393
138.828377
139.037404
139.243487
139.472009
139.667495
139.875407
140.131913
140.380842
140.588653
140.794051
141.003617
141.253972
141.470629
141.724216
141.938099
142.178143
142.404625
142.627615
142.850622
143.047223
143.247985
143.455045
143.698247
143.906509
144.153873
144.405598
144.665022
144.889351
145.114152
145.363325
145.576130
145.825913
146.046176
146.305732
146.530160
146.755833
147.020821
147.235863
147.471081
147.668069
147.866430
148.100841
148.340957
148.574409
148.800386
148.985364
149.192976
149.395332
149.607323
149.838488
150.078028
150.289892
150.502969
150.713079
150.915936
151.140833
151.329689
151.552266
151.742655
151.963614
152.155643
152.347551
152.567689
152.755187
152.974486
153.189047
153.373050
153.586881
153.770551
153.980495
154.151406
154.296992
154.415945
154.528849
154.774948
154.947958
155.321151
155.898296
156.126290
156.442903
156.761795
156.922223
156.983968
157.044729
157.244696
157.477850
157.759343
157.791855
157.882484
157.947479
158.045900
158.055974
158.125559
158.131997
158.187831
158.224638
158.248050
158.265262
158.277062
158.281685
158.282703
158.282764
158.282827
158.282879
158.282949
158.282989
158.283050
158.283110
158.283165
158.283251
158.283316
158.283343
158.283410
158.283464
158.283522
158.283569
158.283624
158.283691
158.283732
158.283796
158.283865
158.283921
158.283986
158.284035
158.284104
158.284151
158.284238
158.284289
158.284349
158.284412
158.284460
158.284532
158.284574
158.284631
158.284677
158.284704
158.284768
158.284829
158.284924
158.284995
158.285055
158.285123
158.285171
158.285244
158.285315
158.285368
158.285433
158.285496
158.285561
158.285613
158.285684
158.285745
158.285793
158.285869
158.285938
158.286015
158.286087
158.286133
158.286199
158.286257
158.286325
158.286376
158.286453
158.286502
158.286597
158.286650
158.286716
158.286796
158.286840
158.286921
158.286987
158.287052
158.287117
158.287176
158.287244
158.287299
158.287393
158.287454
158.287519
158.287596
158.287629
158.287703
158.287770
158.287825
158.287905
158.287981
158.288052
158.288102
158.288169
158.288222
158.288284
158.288357
158.288423
158.288489
158.288552
158.288601
158.288665
158.288729
158.288797
158.288859
158.288923
158.289008
158.289069
158.289143
158.289201
158.289250
158.289323
158.289385
158.289456
158.289506
158.289572
158.289649
158.289721
158.289768
158.289838
158.289892
158.289955
158.290044
158.290103
158.290167
158.290235
158.290296
158.290349
158.290411
158.290472
158.290547
158.290638
158.290696
158.290765
158.290819
158.290886
158.290935
158.291005
158.291067
158.291129
158.291201
158.291248
158.291348
158.291400
158.291453
158.291523
158.291583
158.291666
158.291726
158.291809
158.291863
158.291922
158.291971
158.292039
158.292098
158.292168
158.292233
158.292322
158.292387
158.292444
158.292518
158.292565
158.292636
158.292684
158.292752
158.292792
158.292881
158.292922
158.292990
158.293053
158.293134
158.293200
158.293262
158.293327
158.293378
158.293446
158.293510
158.293568
158.293625
158.293683
158.293751
158.293840
158.293906
158.293972
158.294033
158.294103
158.294145
158.294213
158.294280
158.294337
158.294423
158.294485
158.294532
158.294598
158.294650
158.294725
158.294776
158.294846
158.294907
158.294988
158.295056
158.295115
158.295185
158.295249
158.295304
158.295362
158.295406
158.295490
158.295566
158.295633
158.295695
158.295743
158.295803
158.295885
158.295932
158.296000
158.296062
158.296125
158.296191
158.296271
158.296336
158.296403
158.296456
158.296532
158.296579
158.296641
158.296711
158.296759
158.296831
158.296893
158.296979
158.297035
158.297110
158.297171
158.297218
158.297286
158.297337
158.297424
158.297477
158.297547
158.297605
158.297675
158.297732
158.297794
158.297858
158.297908
158.297977
158.298041
158.298098
158.298189
158.298238
158.298317
158.298375
158.298435
158.298501
158.298556
158.298615
158.298676
158.298748
158.298794
158.298872
158.298945
158.299001
158.299063
158.299125
158.299176
158.299268
158.299339
158.299388
158.299450
158.299513
158.299573
158.299670
158.299719
158.299774
158.299830
158.299879
158.299951
158.300009
158.300072
158.300142
158.300216
158.300288
158.300349
158.300392
158.300457
158.300508
158.300574
158.300635
158.300699
158.300750
158.300842
158.300897
158.300961
158.301029
158.301087
158.301158
158.301197
158.301271
158.301337
158.301426
158.301484
158.301547
158.301616
158.301675
158.301728
158.301789
158.301879
158.301937
158.302008
158.302059
158.302117
158.302168
158.302235
158.302284
158.302352
158.302412
158.302476
158.302545
158.302595
158.302692
158.302751
158.302825
158.302871
158.302932
158.302984
158.303051
158.303128
158.303175
158.303247
158.303290
158.303369
158.303433
158.303486
158.303559
158.303610
158.303680
158.303740
158.303822
158.303887
158.303946
158.304016
158.304076
158.304135
158.304199
158.304269
158.304352
158.304421
158.304471
158.304547
158.304595
158.304654
158.304726
158.304771
158.304864
158.304928
158.304974
158.305039
158.305102
158.305165
158.305259
158.305326
158.305379
158.305440
158.305497
158.305553
158.305616
158.305686
158.305724
158.305787
158.305854
158.305929
158.306010
158.306071
158.306123
158.306188
158.306266
158.306313
158.306390
158.306460
158.306517
158.306582
158.306646
158.306705
158.306757
158.306811
158.306885
158.306932
158.307002
158.307048
158.307125
