1.78778
1.78788
2.31073
2.84134
3.31069
3.81109
4.3155
4.81499
5.31511
5.8153
6.33574
6.81426
7.31452
7.81553
8.31908
8.81927
9.31858
9.81874
10.3187
10.8186
11.319
11.8188
12.3192
12.8192
13.3349
13.8234
14.322
14.823
15.3365
15.8231
16.3235
16.8553
17.3235
17.8237
18.3228
18.8451
19.3436
19.8271
20.3383
20.8266
21.3263
21.8585
22.3271
22.8265
23.327
23.8286
24.331
24.8311
25.3314
25.8314
26.3309
26.8309
27.3305
27.8309
28.3552
28.8352
29.3351
29.8344
30.3349
30.852
31.3357
31.8348
32.3346
32.8541
33.3354
33.8384
34.3385
34.8393
35.3389
35.8464
36.3386
36.8392
37.3388
37.8508
38.3392
38.842
39.3475
39.8473
40.3428
40.8426
41.3435
41.8427
42.3429
42.8541
43.3469
43.847
44.3654
44.8472
45.3472
45.8487
46.3474
46.8465
47.3468
47.8502
48.3503
48.851
49.3503
49.851
50.352
50.8511
51.3636
51.8505
52.3538
52.8545
53.3628
53.8552
54.3553
54.8552
55.3544
55.8553
56.3549
56.855
57.3586
57.8589
58.3894
58.8588
59.3589
59.8592
60.3594
60.8668
61.3664
61.8675
62.3666
62.8665
63.3965
63.8742
64.3708
64.8704
65.3711
65.8713
66.3708
66.8709
67.3706
67.8731
68.3747
68.8938
69.3743
69.875
70.3753
70.8748
71.3747
71.8746
72.3752
72.8824
73.3789
73.8786
74.3789
74.9098
75.3791
75.8784
76.3786
76.881
77.3833
77.8835
78.3914
78.883
79.3824
79.8827
80.3826
80.8833
81.3933
81.8836
82.3832
82.9054
83.3864
83.8875
84.3864
84.8867
85.3865
85.905
86.3865
86.8871
87.3873
87.9104
88.3912
88.8909
89.3906
89.9035
90.3907
90.8912
91.3907
91.8911
92.3905
92.8907
93.4184
93.8946
94.3952
94.9037
95.3946
95.8951
96.3949
96.8949
97.3945
97.8951
98.3948
98.8991
99.3989
99.899
100.399
100.898
101.399
101.899
102.399
102.899
103.399
103.901
104.403
104.902
105.403
105.905
106.403
106.903
107.403
107.903
108.403
108.902
109.403
109.907
110.407
110.907
111.407
111.907
112.406
112.907
113.407
113.907
114.407
114.907
115.408
115.91
116.41
116.926
117.41
117.911
118.435
118.911
119.411
119.91
120.441
120.911
121.415
121.914
122.415
122.915
123.415
123.915
124.415
124.915
125.415
125.915
126.415
126.915
127.416
127.919
128.419
128.919
129.419
129.919
130.419
130.919
131.419
131.919
132.42
132.923
133.423
133.923
134.423
134.923
135.423
135.925
136.423
136.923
137.424
137.923
138.427
138.927
139.427
139.926
140.427
140.927
141.427
141.927
142.427
142.928
143.431
143.93
144.431
144.931
145.431
145.932
146.431
146.931
147.431
147.931
148.431
148.93
149.432
149.935
150.433
150.935
151.434
151.938
152.435
152.937
153.439
153.939
154.439
154.939
155.439
155.939
156.439
156.938
157.439
157.938
158.445
158.94
159.443
159.943
160.443
160.943
161.443
161.943
162.443
162.943
163.443
163.943
164.443
164.947
165.447
165.947
166.447
166.947
167.447
167.948
168.447
168.947
169.447
169.949
170.451
170.951
171.451
171.951
172.451
172.951
173.451
173.951
174.451
174.951
175.454
175.954
176.454
176.955
177.454
177.955
178.455
178.955
179.456
179.959
180.459
180.959
181.458
181.959
182.458
182.959
183.459
183.96
184.459
184.959
185.463
185.963
186.463
186.963
187.463
187.963
188.463
188.963
189.463
189.963
190.467
190.966
191.466
191.967
192.467
192.967
193.467
193.968
194.467
194.968
195.467
195.968
196.471
196.971
197.471
197.97
198.471
198.971
199.471
199.971
200.475
200.975
201.474
201.975
202.475
202.975
203.475
203.974
204.474
204.975
205.475
205.979
206.479
206.979
207.479
207.979
208.479
208.979
209.479
209.98
210.482
210.982
211.483
211.983
212.483
212.983
213.483
213.983
214.483
214.983
215.483
215.987
216.487
216.987
217.487
217.987
218.487
218.986
219.487
219.987
220.487
220.987
221.49
221.991
222.491
222.991
223.491
223.991
224.491
224.991
225.494
225.995
226.495
226.995
227.495
227.994
228.495
228.994
229.495
229.995
230.497
230.998
231.499
231.999
232.5
232.999
233.499
234
234.499
234.998
235.499
235.999
236.499
237.001
237.503
238.003
238.503
239.003
239.503
240.003
240.503
241.003
241.503
242.007
242.506
243.006
243.507
244.007
244.507
245.007
245.507
246.007
246.507
247.007
247.507
248.01
248.513
249.011
249.511
250.016
250.512
251.011
251.511
252.011
252.511
253.011
253.511
254.014
254.515
255.015
255.515
256.015
256.515
257.015
257.515
258.015
258.516
259.019
259.519
260.019
260.519
261.02
261.52
262.018
262.518
263.019
263.519
264.019
264.519
265.023
265.523
266.023
266.523
267.023
267.522
268.022
268.523
269.022
269.523
270.026
270.526
