0.000000
0.000000
0.000000
41.557999
41.747002
42.011002
42.051998
42.073002
43.168999
48.213001
51.039001
52.117001
64.936996
72.612000
77.768997
85.539001
89.706001
93.431000
94.603996
95.341003
95.595001
98.765999
112.761002
127.799004
139.921997
147.914993
152.214005
152.365997
153.602997
161.292999
173.007996
191.026993
206.149002
220.326004
228.654007
230.453003
230.455002
230.455002
231.490997
233.690002
238.453995
242.942993
244.414001
250.348999
257.041992
267.424011
279.679993
286.127014
292.566010
302.546997
306.825989
308.937988
313.058014
315.722992
318.546997
319.373993
320.174988
326.713989
327.944000
328.631989
329.886993
332.287994
336.230011
341.837006
344.747986
349.869995
367.856995
372.828003
375.679993
377.860992
382.415009
386.704010
390.436005
394.365997
397.670990
400.856995
405.141998
408.832001
412.604004
416.037994
419.708008
420.976990
421.588989
421.721985
421.774994
422.394012
425.855011
428.582001
428.816986
429.246002
429.515015
429.679993
429.679993
429.722992
429.722992
429.722992
429.842987
429.880005
429.881012
429.881012
431.661011
446.947998
475.105988
479.020996
479.144012
484.390015
486.282990
490.200989
496.367004
496.372986
496.444000
496.464996
497.434998
502.079010
512.820984
523.616028
529.242004
533.500000
539.255005
542.419006
546.539001
553.486023
558.643005
564.408997
578.633972
584.760010
587.648987
589.859009
592.234985
597.731995
601.068970
604.424011
607.551025
612.765991
616.489014
622.591980
625.794006
628.755981
633.370972
645.581970
655.502991
662.942017
668.421021
677.463013
692.502014
705.669006
719.429993
731.877991
732.463013
732.487000
732.487000
743.932983
745.638977
746.043030
746.242004
746.291016
746.328003
746.482971
746.650024
746.695007
746.703003
746.843018
746.854980
746.914001
746.914001
749.156006
749.168030
750.291992
752.552002
756.263977
758.081970
759.140991
761.406982
771.057983
775.002991
777.403015
778.721008
780.901001
783.581970
790.232971
797.736023
807.156006
814.344971
821.893005
828.353027
831.833008
834.817017
836.484985
836.494019
836.494995
836.499023
836.788025
837.460022
840.343018
841.625977
844.822998
845.424988
846.020020
846.262024
846.432007
846.625000
846.843018
847.080017
865.833984
868.060974
870.976013
871.260986
872.403015
873.559021
874.648010
876.195984
883.151001
893.960999
895.903992
897.258972
900.211975
900.474976
900.533020
903.724976
907.046997
912.146973
919.252991
926.304993
927.747986
929.072021
931.596008
938.919006
944.205017
946.513000
949.633972
950.812988
953.947021
957.039001
961.078979
971.314026
977.752014
983.896973
989.306030
999.799011
999.799011
999.818970
1000.372009
1002.793030
1003.997009
1004.383972
1006.185974
1011.288025
1031.199951
1031.342041
1033.797974
1037.895020
1041.186035
1044.703979
1044.760986
1044.769043
1044.771973
1044.827026
1045.097046
1046.623047
1047.191040
1049.951050
1052.180054
1055.680054
1061.869995
1063.147949
1064.120972
1064.542969
1064.579956
1064.604980
1064.784058
1064.975952
1065.349976
1065.458984
1065.587036
1065.772949
1065.786987
1065.788940
1065.788940
1065.788940
1065.788940
1065.788940
1065.788940
1065.823975
1065.850952
1065.854980
1065.854980
1065.854980
1065.864990
1065.864990
1065.864990
1065.869019
1065.869019
1065.869019
1066.012939
1066.041992
1066.041992
1066.041992
1066.041992
1066.041992
1066.097046
1066.166016
1066.171997
1066.171997
1066.171997
1066.171997
1066.175049
1066.175049
1066.175049
1066.175049
1066.353027
1067.416992
1067.915039
1068.012939
1068.052002
1068.078003
1068.134033
1068.134033
1068.134033
1068.134033
1068.134033
1068.333008
1068.381958
1068.389038
1068.390015
1068.588013
1068.708008
1068.953979
1068.962036
1068.962036
1068.962036
1068.962036
1068.962036
1068.962036
1068.962036
1069.005005
1069.021973
1069.427002
1069.453003
1069.571045
1069.598999
1069.598999
1069.599976
1069.958984
1069.962036
1069.962036
1069.962036
1069.996948
1070.000977
1070.006958
1070.010010
1070.010986
1070.020020
1070.020020
1070.020020
1070.020020
1070.427979
1070.427979
1070.427979
1070.437012
1070.437012
1070.437012
1070.470947
1070.777954
1070.812988
1070.812988
1070.812988
1070.812988
1070.812988
1070.812988
1070.812988
1070.812988
1070.812988
1070.812988
1070.812988
1070.812988
1070.812988
1070.812988
1070.812988
1070.812988
1070.812988
1070.812988
1070.812988
1070.812988
1070.812988
1070.812988
1070.812988
1070.812988
1070.812988
1070.812988
1070.812988
1070.812988
1070.812988
1070.812988
1070.812988
1070.812988
1070.812988
1070.812988
1070.812988
1070.812988
1070.812988
1070.812988
1070.812988
1070.812988
1070.812988
1070.812988
1070.812988
1070.812988
1070.812988
1070.812988
1070.812988
1070.812988
1070.812988
1070.812988
1070.812988
1070.812988
1070.812988
1070.812988
1070.812988
1070.812988
1070.812988
1070.812988
1070.812988
1070.812988
1070.812988
1070.812988
1070.812988
1070.812988
1070.812988
1070.812988
1070.812988
1070.812988
1070.812988
1070.812988
1070.812988
1070.812988
1070.812988
1070.812988
1070.812988
1070.812988
1070.812988
1070.812988
1070.812988
1070.812988
1070.812988
1070.812988
1070.812988
1070.812988
1070.812988
1070.812988
1070.812988
1070.812988
1070.812988
1070.812988
1070.812988
1070.812988
1070.812988
1070.812988
1070.812988
1070.812988
1070.812988
1070.812988
1070.812988
1070.812988
1070.812988
1070.812988
1070.812988
1070.812988
1070.812988
1070.812988
1070.812988
1070.812988
1070.812988
1070.812988
1070.812988
1070.812988
1070.812988
1070.812988
1070.812988
1070.812988
1070.812988
1070.812988
1070.812988
1070.812988
1070.812988
1070.812988
1070.812988
1070.812988
1070.812988
1070.812988
1070.812988
1070.812988
1070.812988
1070.812988
1070.812988
1070.812988
1070.812988
1070.812988
1070.812988
1070.812988
1070.812988
1070.812988
1070.812988
1070.812988
1070.812988
1070.812988
1070.812988
1070.812988
1070.812988
1070.812988
1070.812988
1070.812988
1070.812988
1070.812988
1070.812988
1070.812988
1070.812988
1070.812988
1070.812988
1070.812988
1070.812988
1070.812988
1070.812988
1070.812988
1070.812988
1070.812988
1070.812988
1070.812988
1070.812988
1070.812988
1070.812988
1070.812988
1070.812988
1070.812988
1070.812988
1070.812988
1070.812988
1070.812988
1070.812988
1070.812988
