0.202240
0.202274
0.202338
0.202353
0.202363
0.202378
0.202387
0.202517
0.202725
0.202934
0.227756
0.342510
0.519033
0.661014
0.798809
0.902038
0.979695
0.995580
1.152721
1.606259
1.903404
2.094924
2.215236
2.286154
2.341667
2.412483
2.500378
2.601437
2.740299
2.849722
2.976635
3.075924
3.138426
3.183973
3.245273
3.312022
3.369742
3.437125
3.497497
3.559307
3.635697
3.712698
3.780077
3.863833
3.926178
3.991210
4.061744
4.160838
4.300402
4.498294
4.678649
4.898172
5.122177
5.320943
5.545538
5.751099
5.944723
6.117862
6.296200
6.508189
6.686073
6.892367
7.077862
7.293877
7.464074
7.655145
7.864977
8.056808
8.279746
8.506057
8.701095
8.910310
9.184931
9.447086
9.711093
9.951684
10.189159
10.410218
10.612653
10.840705
11.079424
11.265384
11.437086
11.611628
11.796483
12.031608
12.252256
12.437765
12.656726
12.817131
13.034965
13.209542
13.363595
13.500388
13.588384
13.658131
13.709528
13.728312
13.794883
13.912230
14.065761
14.223030
14.395468
14.574535
14.780498
14.942270
15.109006
15.227391
15.277009
15.326285
15.403415
15.536290
15.704673
15.922465
16.103650
16.269630
16.441385
16.575062
16.666139
16.740419
16.855723
17.002961
17.223660
17.455841
17.698438
17.942926
18.146853
18.374137
18.599962
18.790007
18.981680
19.177400
19.412204
19.607219
19.787208
19.985923
20.166285
20.394830
20.635144
20.872534
21.111416
21.342006
21.534340
21.761013
21.963253
22.168861
22.410408
22.607350
22.825273
23.006117
23.217615
23.404066
23.614983
23.782950
23.989384
24.190129
24.403951
24.644838
24.841779
25.034757
25.249028
25.437389
25.662164
25.857028
26.084813
26.281939
26.508189
26.699029
26.925873
27.123666
27.323035
27.545192
27.765819
27.956913
28.190933
28.419752
28.629681
28.781975
28.944050
29.103710
29.256022
29.426805
29.614068
29.848455
30.091612
30.300207
30.527588
30.718305
30.851647
30.924169
30.983013
31.044446
31.148767
31.288514
31.432275
31.569302
31.672233
31.728171
31.754929
31.773027
31.841272
31.982669
32.169550
32.395135
32.642254
32.893385
33.108418
33.315694
33.552804
33.787557
34.010936
34.210091
34.341937
34.418088
34.493824
34.639527
34.812424
35.003070
35.195911
35.417154
35.595797
35.786958
35.949171
36.083475
36.227468
36.360660
36.470621
36.596741
36.746816
36.940697
37.117488
37.335465
37.573599
37.785533
38.039943
38.249386
38.461829
38.639043
38.762504
38.868012
38.962689
39.069122
39.191566
39.335379
39.524843
39.784185
40.061609
40.318726
40.517196
40.733327
40.921389
41.146732
41.373851
41.567346
41.792559
42.028185
42.232680
42.436680
42.636915
42.871390
43.101591
43.296950
43.521745
43.716354
43.918733
44.165671
44.377404
44.609921
44.804122
44.957131
45.099722
45.232128
45.411501
45.583967
45.796430
45.986079
46.202886
46.383072
46.491319
46.526655
46.547359
46.598174
46.672630
46.771905
46.897388
47.045322
47.202683
47.354808
47.516349
47.745628
47.971615
48.183763
48.417196
48.628714
48.813523
48.976519
49.134983
49.304613
49.440134
49.581263
49.695028
49.827537
50.005909
50.222440
50.406155
50.624950
50.813825
51.010279
51.247693
51.441114
51.639208
51.788944
51.945480
52.069636
52.176554
52.295061
52.487760
52.703428
52.881346
53.052683
53.171795
53.249012
53.314248
53.360794
53.389586
53.421677
53.477293
53.573315
53.745939
53.931183
54.165096
54.372264
54.557574
54.708125
54.871450
55.061804
55.194781
55.341199
55.481228
55.636432
55.840015
56.048180
56.293191
56.553239
56.783230
57.040941
57.277845
57.510218
57.748862
57.998382
58.210218
58.436459
58.633626
58.862499
59.056822
59.252635
59.451315
59.653076
59.890633
60.090146
60.288242
60.484802
60.707457
60.898953
61.124548
61.319509
61.553298
61.785247
62.019454
62.204422
62.357182
62.480903
62.544038
62.570976
62.610696
62.719478
62.857440
63.004535
63.197920
63.359187
63.516882
63.616676
63.692540
63.776389
63.871061
63.995147
64.173808
64.344221
64.526976
64.721579
64.926512
65.176972
65.394822
65.613105
65.852929
66.066967
66.220072
66.372230
66.515392
66.664056
66.880644
67.086025
67.319045
67.494131
67.654992
67.850242
68.042902
68.252386
68.504600
68.747104
68.952894
69.166665
69.417404
69.665983
69.866910
70.094355
70.315376
70.543967
70.730432
70.897000
71.079714
71.228001
71.423736
71.631268
71.844312
72.047632
72.278653
72.508810
72.701891
72.893134
73.114652
73.344689
73.540060
73.767288
73.990344
74.188095
74.425754
74.631139
74.870617
75.069913
75.296428
75.526392
75.721307
75.951163
76.149099
76.379802
76.582591
76.782614
76.971355
77.182310
77.367805
77.566057
77.774626
77.986087
78.229818
78.440495
78.669774
78.866515
79.058812
79.254814
79.497919
79.732369
79.954391
80.172686
80.392057
80.616930
80.810806
81.003781
81.155595
81.324255
81.502026
81.701310
81.950693
82.192478
82.386267
82.609007
82.843234
83.043947
83.279949
83.513434
83.719647
83.964406
84.172441
84.412735
84.609939
84.796389
84.969450
85.128433
85.288377
85.460577
85.672362
85.873975
86.085835
86.299725
86.508360
86.731525
86.906804
87.107248
87.297032
87.521991
87.734614
87.893150
88.050752
88.258195
88.450225
88.677653
88.905755
89.120664
89.301412
89.494053
89.679309
89.831367
89.997818
90.154208
90.290020
90.474062
90.663460
90.909838
91.128610
91.351436
91.609322
91.827359
92.039183
92.300786
92.497129
92.762950
92.967592
93.205305
93.403400
93.595159
93.802882
93.998346
94.175473
94.328506
94.469217
94.582604
94.700680
94.884821
95.070814
95.301543
95.510582
95.763661
95.989343
96.204876
96.429960
96.600033
96.772175
96.921040
97.034966
97.142735
97.247818
97.351834
97.469025
97.638730
97.818546
98.014537
98.206649
98.390399
98.603327
98.795075
98.996837
99.197094
99.428339
99.626361
99.821488
100.016896
100.151204
100.248893
100.340155
100.470617
100.608298
100.726607
100.795218
100.851995
100.950883
101.103236
101.282846
101.451260
101.665174
101.860167
102.095384
102.339404
102.546158
102.756068
102.991629
103.186871
103.383784
103.568045
103.739890
103.883584
104.007347
104.137078
104.325723
104.488206
104.770423
104.989998
105.229455
105.412310
105.580544
105.673197
105.725221
105.776074
105.846835
105.961929
106.154271
106.380598
106.612029
106.812163
107.013885
107.212245
107.437242
107.636206
107.843103
108.096840
108.356225
108.573745
108.780151
108.991791
109.181755
109.380704
109.562431
109.768165
109.922811
110.074104
110.262927
110.439728
110.660008
110.895985
111.138411
111.384339
111.620566
111.833785
112.020593
112.160261
112.312755
112.455140
112.578310
112.715280
112.843585
112.959506
113.096343
113.263122
113.490748
113.712620
113.947714
114.225415
114.485191
114.675202
114.846565
115.060211
115.260782
115.460176
115.687604
115.916912
116.148150
116.345804
116.573328
116.815241
117.061373
117.311894
117.512245
117.692250
117.809288
117.861146
117.892397
117.937778
118.025166
118.193495
118.374618
118.583488
118.766333
118.981072
119.200994
119.396506
119.627874
119.828329
120.023668
120.214322
120.437033
120.629535
120.823294
121.047235
121.240294
121.443032
121.686086
121.894665
122.097472
122.285682
122.471698
122.680657
122.834931
122.961529
123.030908
123.068681
123.119579
123.193079
123.302503
123.403861
123.482620
123.522093
123.549762
123.615891
123.721952
123.892723
124.098967
124.297496
124.538802
124.779597
124.986026
125.186470
125.376425
125.562451
125.781844
125.979019
126.212316
126.431750
126.613712
126.748820
126.902694
127.044649
127.201734
127.377387
127.606737
127.814650
128.056156
128.248242
128.440954
128.594471
128.779970
128.970650
129.170317
129.365307
129.514110
129.639622
129.749423
129.859771
129.989606
130.086749
130.147223
130.210063
130.303521
130.398620
130.505408
130.644112
130.773170
130.953984
131.141667
131.346180
131.570260
131.757636
131.973931
132.171195
132.367689
132.557239
132.753879
132.921713
133.078584
133.250308
133.440357
133.642635
133.851846
134.013203
134.171284
134.295999
134.409414
134.532680
134.658258
134.831635
135.022278
135.161866
135.276400
135.387235
135.518495
135.724546
135.963999
136.154201
136.317686
136.399297
136.435257
136.470234
136.538874
136.664613
136.780135
136.853023
136.956509
137.103934
137.315570
137.564595
137.789425
138.013193
138.267171
138.470192
138.668472
138.813358
138.911705
139.007698
139.152650
139.359431
139.590019
139.795015
140.002504
140.241845
140.443202
140.675636
140.882218
141.139647
141.407681
141.631731
141.876573
142.120691
142.318131
142.397127
142.454576
142.612272
142.846093
143.117584
143.409463
143.620766
143.826763
144.055059
144.245723
144.434048
144.672374
144.934137
145.122275
145.256871
145.309907
145.341942
145.407543
145.531985
145.671023
145.821909
145.975613
146.165642
146.343989
146.575253
146.782371
147.020194
147.226474
147.472168
147.722375
147.933288
148.161414
148.346419
148.557976
148.740888
148.962302
149.181662
149.400088
149.576301
149.762757
149.927441
150.105443
150.316142
150.557548
150.787401
151.065366
151.294157
151.505768
151.679462
151.837720
152.020821
152.178253
152.378887
152.572799
152.804213
153.011206
153.248866
153.461754
153.674976
153.924224
154.173797
154.388767
154.611678
154.768586
154.936922
155.105628
155.298680
155.518279
155.727190
155.924582
156.126287
156.333258
156.574825
156.779062
156.982771
157.217475
157.423547
157.631644
157.839353
158.042894
158.275063
158.461217
158.625104
158.762065
158.898355
159.014259
159.095441
159.164366
159.254467
159.354116
159.472963
159.623686
159.744834
159.841527
159.914900
159.956601
159.992942
160.082216
160.251035
160.441628
160.695922
160.966477
161.201574
161.431864
161.642347
161.851206
161.994992
162.112765
162.226380
162.333891
162.406689
162.430945
162.496235
162.645687
162.808347
162.992161
163.173766
163.397549
163.623992
163.849985
164.031436
164.209700
164.367985
164.539915
164.673541
164.832458
165.018143
165.198099
165.415749
165.638773
165.866473
166.071742
166.297359
166.471539
166.644276
166.823333
167.010274
167.241375
167.481571
167.740040
167.965527
168.228540
168.447079
168.692012
168.932376
169.125674
169.343868
169.531454
169.728337
169.936562
170.185667
170.429636
170.614843
170.791507
171.006776
171.230211
171.430764
171.668459
171.875184
172.105492
172.296144
172.476578
172.590047
172.677590
172.771850
172.862718
172.966365
173.097126
173.215149
173.302439
173.446088
173.585603
173.724236
173.845163
173.953263
174.099385
174.256700
174.415393
174.539163
174.648673
174.743104
174.824098
174.906945
174.970422
175.050617
175.179413
175.354048
175.581692
175.785669
175.990493
176.195214
176.431588
176.614310
176.791453
176.948594
177.101643
177.292873
177.469142
177.659495
177.876078
178.140178
178.350973
178.580462
178.799215
179.027016
179.259148
179.457262
179.684490
179.882905
180.082989
180.284441
180.515578
180.741884
180.941663
181.170228
181.383197
181.550771
181.754186
181.936207
182.115899
182.282573
182.451008
182.630758
182.835941
183.046897
183.267252
183.463007
183.702903
183.924865
184.080824
184.228305
184.364898
184.499051
184.682142
184.863611
185.022783
185.283869
185.520278
185.721603
185.933185
186.087211
186.238194
186.430715
186.606506
186.795213
187.003348
187.204370
187.381077
187.601264
187.781340
187.919046
188.014797
188.129095
188.258814
188.392619
188.577833
188.795120
189.026913
189.227750
189.430250
189.634085
189.834285
190.053891
190.230891
190.445416
190.673399
190.919561
191.130277
191.330287
191.505209
191.638184
191.841787
192.090130
192.348658
192.612541
192.833942
193.090163
193.303377
193.509329
193.737487
193.961570
194.137249
194.333625
194.533254
194.722326
194.926241
195.178453
195.432455
195.674112
195.880581
196.122259
196.327045
196.527617
196.724229
196.961752
197.173893
197.426795
197.639567
197.850971
198.094181
198.333459
198.561474
198.753622
198.952381
199.191586
199.398106
199.634429
199.834072
200.034186
200.267526
200.491160
200.681149
200.895495
201.071950
201.292319
201.530423
201.777859
201.971577
202.140444
202.324978
202.490763
202.670827
202.890261
203.086801
203.290677
203.488956
203.682992
203.896868
204.104537
204.295413
204.523443
204.706017
204.893491
205.097960
205.316609
205.543438
205.737186
205.969327
206.198833
206.428920
206.654153
206.845859
207.038941
207.261052
207.485715
207.706666
207.890696
208.093298
208.287115
208.477692
208.668828
208.836381
209.000060
209.160701
209.355821
209.534376
209.725852
209.966660
210.216992
210.442461
210.707007
210.966653
211.182998
211.382904
211.570557
211.712997
211.836423
211.970757
212.114327
212.260358
212.379408
212.491827
212.615509
212.734350
212.866445
213.014623
213.210016
213.417176
213.603790
213.793075
214.015759
214.222740
214.373127
214.508483
214.601681
214.686036
214.785002
214.897013
214.995686
215.118216
215.315500
215.507210
215.688520
215.898688
216.103970
216.300455
216.488517
216.701179
216.930553
217.163874
217.368372
217.575540
217.788327
218.045946
218.310048
218.573554
218.806501
219.038883
219.269846
219.542691
219.769290
220.008664
220.171282
220.288176
220.372919
220.442260
220.527883
220.647296
220.828123
221.013180
221.223323
221.484067
221.713163
221.972165
222.180628
222.414094
222.607239
222.826458
223.016509
223.241775
223.437303
223.636696
223.839218
224.042901
224.244076
224.472556
224.684568
224.857903
225.046346
225.202667
225.387677
225.558187
225.727503
225.894827
226.077343
226.239825
226.377105
226.502182
226.635645
226.760682
226.923429
227.099449
227.295716
227.507424
227.729858
227.923206
228.118233
228.314676
228.513049
228.748966
228.987958
229.225513
229.471164
229.717307
229.957167
230.164779
230.372373
230.579976
230.821658
231.060113
231.290597
231.484760
231.701794
231.877836
232.048305
232.215195
232.404450
232.555219
232.690961
232.749423
232.759053
232.783469
232.845651
232.975045
233.124825
233.291818
233.502940
233.731258
233.971102
234.224527
234.475125
234.683276
234.918132
235.123639
235.317202
235.523624
235.683693
235.835992
236.046259
236.260321
236.514610
236.738202
236.919280
237.102471
237.296941
237.491753
237.688973
237.922204
238.152192
238.352635
238.550527
238.775350
238.949484
239.116267
239.218528
239.290752
239.326759
239.376072
239.478768
239.633149
239.834289
240.072897
240.329191
240.558271
240.783539
241.034502
241.233550
241.420731
241.600770
241.808164
242.010074
242.185926
242.392137
242.595636
242.790677
242.957323
243.147900
243.307525
243.471670
243.677634
243.893517
244.124786
244.326325
244.562501
244.760988
244.954953
245.165975
245.362247
245.526592
245.636379
245.730406
245.795820
245.879602
245.973989
246.122915
246.289511
246.487069
246.730099
246.951327
247.136427
247.285400
247.443274
247.641519
247.859494
248.090852
248.319337
248.510565
248.718459
248.903233
249.064174
249.233041
249.427440
249.618275
249.830248
250.024906
250.135397
250.229639
250.347825
250.491640
250.637128
250.828043
251.005064
251.185864
251.394101
251.577332
251.764112
251.988645
252.184967
252.423030
252.635643
252.894647
253.168661
253.406226
253.631737
253.889803
254.107953
254.367926
254.592632
254.847483
255.060679
255.265732
255.500043
255.732788
255.933290
256.137191
256.372763
256.605872
256.801570
257.009681
257.165132
257.284834
257.376889
257.426995
257.469809
257.541500
257.666563
257.815678
258.043356
258.309878
258.577401
258.846408
259.113884
259.366892
259.578758
259.761166
259.999559
260.239755
260.469871
260.668425
260.867898
261.103099
261.302802
261.535999
261.762496
261.992279
262.220521
262.442602
262.668363
262.893417
263.084433
263.303788
263.527442
263.750318
263.967817
264.156868
264.379256
264.601766
264.818882
265.039290
265.257908
265.434090
265.581705
265.741742
265.972163
266.230718
266.442136
266.647346
266.888100
267.095995
267.339062
267.555347
267.817019
268.045525
268.277407
268.551264
268.789142
269.013495
269.275994
269.502383
269.726274
269.986049
270.203045
270.449633
270.655910
270.865210
271.109916
271.322943
271.569447
271.775792
271.979199
272.212781
272.405287
272.623901
272.850922
273.043198
273.267064
273.492833
273.733697
273.980473
274.222396
274.436675
274.714711
274.959448
275.212109
275.467151
275.686498
275.941243
276.203085
276.425720
276.685670
276.937504
277.190399
277.437328
277.673286
277.910707
278.146940
278.378280
278.614733
278.850892
279.051659
279.282548
279.487997
279.687770
279.916817
280.150303
280.337997
280.538907
280.728656
280.933075
281.124048
281.314007
281.549403
281.781497
281.981227
282.214011
282.447789
282.644150
282.827858
283.007343
283.124435
283.209798
283.284871
283.406697
283.555259
283.748389
283.948708
284.130343
284.324193
284.524312
284.750689
284.980137
285.212918
285.443573
285.680326
285.892026
286.129324
286.332344
286.536318
286.775688
286.975949
287.199810
287.389411
287.609770
287.792914
287.952635
288.077566
288.153806
288.214790
288.308821
288.430828
288.556294
288.688582
288.845202
288.993121
289.124806
289.245582
289.354330
289.449642
289.523722
289.598198
289.719125
289.895180
290.098684
290.324641
290.534062
290.802599
291.021568
291.238736
291.492979
291.722272
291.968429
292.164983
292.356568
292.551396
292.781834
293.017623
293.246720
293.462737
293.677735
293.858288
294.067861
294.243907
294.444078
294.598172
294.838986
295.050546
295.236511
295.463459
295.668851
295.902654
296.107000
296.352054
296.600924
296.823412
297.052976
297.308706
297.529031
297.746147
297.956720
298.195098
298.393356
298.624573
298.852667
299.060399
299.297218
299.499206
299.719220
299.887127
300.066486
300.248286
300.435331
300.623166
300.789705
300.990225
301.197667
301.352715
301.596117
301.802692
301.984579
302.209354
302.415003
302.648734
302.847197
303.073127
303.266491
303.499594
303.698434
303.922774
304.147316
304.337402
304.562046
304.784570
305.014645
305.210701
305.438659
305.630723
305.821598
306.029093
306.202317
306.317682
306.367959
306.387706
306.441119
306.525823
306.666111
306.855129
307.091758
307.363318
307.633824
307.855290
308.058699
308.289945
308.485893
308.682915
308.910060
309.111677
309.335944
309.565304
309.763129
309.963950
310.197653
310.402264
310.643419
310.846888
311.049022
311.284990
311.511778
311.727418
311.917099
312.146165
312.345002
312.579564
312.812064
313.019752
313.253830
313.459783
313.696290
313.926483
314.161272
314.361783
314.598841
314.800162
315.026375
315.221913
315.447933
315.663015
315.887272
316.102345
316.353532
316.556870
316.756352
316.991375
317.222626
317.458399
317.694009
317.924737
318.160047
318.359767
318.593673
318.821691
318.994519
319.220594
319.450983
319.652847
319.876270
320.081384
320.326451
320.559643
320.764251
320.997210
321.212308
321.358439
321.477411
321.548967
321.614982
321.695308
321.804510
321.967430
322.155541
322.335321
322.525501
322.758611
322.999202
323.208323
323.420514
323.667278
323.920792
324.173907
324.419601
324.667777
324.876607
325.119422
325.355164
325.594692
325.832809
326.069095
326.299012
326.498572
326.732984
326.967431
327.166846
327.365758
327.568864
327.795921
328.026887
328.221995
328.443936
328.667978
328.857392
329.080078
329.303244
329.498688
329.724214
329.917876
330.145358
330.363568
330.598499
330.796872
331.017879
331.198432
331.378211
331.595271
331.813026
332.004164
332.232171
332.463250
332.688697
332.916165
333.142262
333.344786
333.533182
333.739981
333.919933
334.152809
334.371111
334.626692
334.859436
335.051636
335.277270
335.484501
335.685983
335.913985
336.090401
336.301513
336.523462
336.750692
336.980543
337.180500
337.414351
337.609634
337.831965
338.021849
338.189828
338.358184
338.564984
338.761987
339.002138
339.211636
339.412660
339.607591
339.832324
340.063110
340.280224
340.480241
340.643669
340.817558
340.975333
341.130902
341.338807
341.568831
341.773498
342.010733
342.249001
342.474951
342.654225
342.855337
343.076348
343.278500
343.517523
343.714754
343.932690
344.115445
344.322163
344.511641
344.646744
344.768152
344.853202
344.914530
344.956598
345.012951
345.090759
345.192364
345.301342
345.393296
345.497280
345.607783
345.707424
345.813300
345.951956
346.069485
346.116713
346.168146
346.295162
346.472114
346.693897
346.946892
347.177376
347.449670
347.686628
347.920625
348.190931
348.418453
348.645602
348.911033
349.130000
349.363628
349.559929
349.714062
349.833452
349.980563
350.128289
350.332413
350.563641
350.763948
350.983409
351.194095
351.401956
351.614555
351.824748
352.056807
352.252845
352.469172
352.687021
352.916861
353.156270
353.346983
353.537776
353.742131
353.993286
354.230743
354.415297
354.592825
354.710479
354.804313
354.931125
355.094325
355.262612
355.487434
355.698654
355.923357
356.155771
356.427581
356.647691
356.852464
357.040715
357.211503
357.389871
357.537590
357.695344
357.896195
358.103977
358.287678
358.474413
358.700951
358.899586
359.137375
359.370889
359.570794
359.788700
359.946530
360.097996
360.225183
360.329095
360.425934
360.611975
360.785887
361.013408
361.233649
361.426171
361.620217
361.771907
361.883409
362.000368
362.171543
362.359695
362.585249
362.788548
363.017700
363.243111
363.462645
363.688957
363.925230
364.128559
364.340028
364.464399
364.555730
364.616498
364.678661
364.755998
364.877292
365.008459
365.162888
365.336046
365.554688
365.778473
365.979023
366.220279
366.465522
366.680607
366.915386
367.160602
367.408055
367.618755
367.826753
368.029886
368.259688
368.456934
368.686280
368.918156
369.119424
369.353237
369.590378
369.825287
370.052361
370.281022
370.469978
370.627774
370.773867
370.899998
371.015427
371.170460
371.327769
371.504538
371.697678
371.940460
372.193766
372.419309
372.675405
372.900102
373.165452
373.391584
373.628299
373.885701
374.146132
374.403698
374.653216
374.868370
375.118679
375.329517
375.537530
375.777275
376.008801
376.209648
376.446220
376.683131
376.914664
377.150883
377.386463
377.615541
377.848897
378.082838
378.312327
378.511446
378.744039
378.974572
379.169501
379.397583
379.590620
379.782206
380.000721
380.223327
380.446868
380.666724
380.892580
381.120417
381.345188
381.542164
381.776198
382.013265
382.216694
382.451362
382.660093
382.892737
383.092797
383.326005
383.560302
383.783088
383.997140
384.176566
384.396145
384.622541
384.860169
385.090203
385.247890
385.375167
385.466887
385.538879
385.618114
385.735915
385.899129
386.099803
386.318039
386.582917
386.858949
387.144857
387.421773
387.645399
387.890479
388.134163
388.338335
388.538025
388.767888
388.994253
389.232280
389.440842
389.690378
389.933703
390.177678
390.417104
390.646757
390.877848
391.073714
391.304988
391.503366
391.701891
391.928123
392.124504
392.356417
392.590212
392.796892
393.067138
393.301954
393.505233
393.742486
393.942758
394.141346
394.372801
394.573332
394.768453
394.997934
395.194576
395.395486
395.639094
395.886215
396.104909
396.362017
396.618054
396.867953
397.121947
397.371973
397.609141
397.841712
398.033635
398.257693
398.485230
398.682990
398.914649
399.128794
399.333305
399.535923
399.768362
399.959975
400.145848
400.327272
400.538546
400.718820
400.899978
401.116363
401.307457
401.507599
401.756080
401.976892
402.236454
402.500946
402.727608
402.942911
403.179087
403.407806
403.597251
403.818980
404.036805
404.261104
404.489598
404.720662
404.928569
405.179154
405.395528
405.649793
405.894635
406.100118
406.295042
406.511660
406.692449
406.877667
407.107004
407.311870
407.555536
407.809029
408.061576
408.271407
408.503006
408.725856
408.935492
409.107789
409.278726
409.481734
409.659183
409.842580
410.062113
410.296156
410.539704
410.753619
411.005508
411.267037
411.530768
411.789164
412.017820
412.237849
412.453829
412.702051
412.944870
413.178788
413.416304
413.623808
413.826649
414.059813
414.299308
414.545981
414.797023
415.046673
415.236537
415.428413
415.580524
415.784127
415.959858
416.156802
416.386879
416.538292
416.703912
416.792804
416.847850
416.937740
417.069589
417.215709
417.422242
417.634462
417.908754
418.184794
418.406367
418.611879
418.833063
419.051994
419.237572
419.455845
419.669640
419.860178
420.046892
420.269072
420.461699
420.654736
420.881493
421.083197
421.324639
421.569663
421.804136
422.025133
422.215713
422.438673
422.624810
422.809862
422.969914
423.071108
423.113059
423.237428
423.415216
423.587651
423.708906
423.890418
424.071598
424.160117
424.213407
424.333407
424.561825
424.852974
425.154768
425.416024
425.594468
425.747097
425.943095
426.133959
426.338718
426.548577
426.789076
427.026432
427.253582
427.444174
427.635939
427.859071
428.055127
428.258148
428.523970
428.756558
428.991540
429.187223
429.413541
429.605400
429.798053
430.007118
430.238975
430.439060
430.640987
430.872656
431.071702
431.306491
431.511001
431.753230
431.955403
432.180105
432.374068
432.560453
432.746794
432.962044
433.147509
433.363041
433.589638
433.793903
433.959919
434.176972
434.397283
434.589107
434.815291
435.049617
435.284994
435.485717
435.686707
435.887228
436.116292
436.313998
436.545654
436.743854
436.980462
437.183911
437.416426
437.651751
437.886594
438.087060
438.318225
438.553186
438.789017
439.023037
439.260446
439.495987
439.727376
439.930262
440.169688
440.372369
440.573738
440.810136
441.042185
441.279439
441.515727
441.745767
441.943883
442.171185
442.393919
442.617883
442.820276
443.058506
443.255733
443.448586
443.678534
443.900595
444.126025
444.324429
444.559294
444.759491
444.960115
445.161713
445.400852
445.634593
445.870120
446.104326
446.334907
446.571661
446.773358
447.010375
447.247463
447.454052
447.685717
447.887180
448.123742
448.354736
448.555280
448.790715
448.990966
449.191140
449.426678
449.657426
449.893092
450.128379
450.357939
450.556791
450.789644
451.022930
451.223192
451.424696
451.656180
451.856651
452.091724
452.327466
452.529209
452.730795
452.931122
453.166719
453.372832
453.566240
453.797410
454.028365
454.235369
454.450070
454.690930
454.919914
455.117263
455.350456
455.585426
455.815530
456.049604
456.284653
456.520589
456.750588
456.984465
457.218132
457.417546
457.646017
457.851308
458.054440
458.285985
458.518946
458.726276
458.923138
459.124611
459.323883
459.563016
459.765179
459.991558
460.183179
460.402437
460.583187
460.788103
460.983133
461.160743
461.333681
461.545653
461.765434
461.973226
462.187098
462.449508
462.678927
462.910468
463.181007
463.439525
463.657514
463.868746
464.079162
464.284887
464.512203
464.737904
464.969880
465.204013
465.434033
465.669659
465.876407
466.079712
466.314435
466.518609
466.722809
466.926479
467.163194
467.396555
467.593086
467.817569
468.012120
468.240133
468.434661
468.664787
468.891956
469.090743
469.325508
469.561159
469.790649
469.988634
470.221403
470.420968
470.621703
470.857646
471.092436
471.321322
471.520370
471.754923
471.954939
472.124511
472.387005
472.612827
472.841961
473.036309
473.264019
473.486462
473.713641
473.941739
474.172109
474.370554
474.570956
474.807356
475.038197
475.236651
475.461311
475.688630
475.917661
476.118889
476.319928
476.520237
476.753979
476.985248
477.201749
477.412391
477.627722
477.852361
478.055057
478.290196
478.507849
478.673503
478.794183
478.947322
479.075488
479.253603
479.462171
479.647981
479.863891
480.066494
480.248785
480.442492
480.631940
480.807046
480.996447
481.217985
481.441889
481.670292
481.911192
482.147461
482.341736
482.561781
482.788308
483.017912
483.244350
483.441362
483.672311
483.904306
484.133359
484.368638
484.568147
484.765784
484.995077
485.187002
485.404403
485.624643
485.842558
486.036224
486.233082
486.462347
486.690292
486.925941
487.138150
487.334263
487.549404
487.755744
487.944050
488.121710
488.279432
488.374853
488.481663
488.542344
488.624150
488.744855
488.869540
488.998670
489.088262
489.142065
489.176388
489.207001
489.232424
489.249919
489.262513
489.270289
489.277704
489.282697
489.286159
489.289040
489.291179
489.292594
489.293729
489.294548
489.295056
489.295496
489.295794
489.295992
489.296139
489.296251
489.296337
489.296385
489.296436
489.296484
489.296516
489.296540
489.296561
489.296578
489.296588
489.296597
489.296604
489.296608
489.296611
489.296614
489.296615
489.296616
489.296616
489.296617
489.296617
489.296618
489.296618
489.296619
489.296619
489.296620
489.296620
489.296620
489.296620
489.296620
489.296620
489.296621
489.296621
489.296621
489.296621
489.296621
489.296621
489.296621
489.296621
489.296621
489.296621
489.296621
489.296621
489.296621
489.296621
489.296621
489.296621
489.296621
489.296621
489.296621
489.296621
489.296621
489.296621
489.296621
489.296621
489.296621
489.296621
489.296621
489.296621
489.296621
489.296621
489.296621
489.296621
489.296621
489.296621
489.296621
489.296621
489.296621
489.296621
489.296621
489.296621
489.296621
489.296621
489.296621
489.296621
489.296621
489.296621
489.296621
489.296621
489.296621
489.296621
489.296621
489.296621
489.296621
489.296621
489.296621
489.296621
489.296621
489.296621
489.296621
489.296621
489.296621
489.296621
489.296621
489.296621
489.296621
489.296621
489.296621
489.296621
489.296621
489.296621
489.296621
489.296621
489.296621
489.296621
489.296621
489.296621
489.296621
489.296621
489.296621
489.296621
489.296621
489.296621
489.296621
489.296621
489.296621
489.296621
489.296621
489.296621
489.296621
489.296621
489.296621
489.296621
489.296621
489.296621
489.296621
489.296621
489.296621
489.296621
489.296621
489.296621
489.296621
489.296621
489.296621
489.296621
489.296621
489.296621
489.296621
489.296621
489.296621
489.296621
489.296621
489.296621
489.296621
489.296621
489.296621
489.296621
489.296621
489.296621
489.296621
489.296621
489.296621
489.296621
489.296621
489.296621
489.296621
489.296621
489.296621
489.296621
489.296621
489.296621
489.296621
489.296621
489.296621
489.296621
489.296621
489.296621
489.296621
489.296621
489.296621
489.296621
489.296621
489.296621
489.296621
489.296621
489.296621
489.296621
489.296621
489.296621
489.296621
489.296621
489.296621
489.296621
489.296621
489.296621
489.296621
489.296621
489.296621
489.296621
489.296621
489.296621
489.296621
489.296621
489.296621
489.296621
489.296621
489.296621
489.296621
489.296621
489.296621
489.296621
489.296621
489.296621
489.296621
489.296621
489.296621
489.296621
489.296621
489.296621
489.296621
489.296621
489.296621
489.296621
489.296621
489.296621
489.296621
489.296621
489.296621
489.296621
489.296621
489.296621
489.296621
489.296621
489.296621
489.296621
489.296621
489.296621
489.296621
489.296621
489.296621
489.296621
489.296621
489.296621
489.296621
489.296621
489.296621
489.296621
489.296621
489.296621
489.296621
489.296621
489.296621
489.296621
489.296621
489.296621
489.296621
489.296621
489.296621
489.296621
489.296621
489.296621
489.296621
489.296621
489.296621
489.296621
489.296621
489.296621
489.296621
489.296621
489.296621
489.296621
489.296621
489.296621
489.296621
489.296621
489.296621
489.296621
489.296622
489.296622
489.296622
489.296622
489.296622
489.296622
489.296622
489.296622
489.296622
489.296622
489.296622
489.296622
489.296622
489.296622
489.296622
489.296622
489.296622
489.296622
489.296622
489.296622
489.296622
489.296622
489.296622
489.296622
489.296622
489.296622
489.296622
489.296622
489.296622
489.296622
489.296622
489.296622
489.296622
489.296622
489.296622
489.296622
489.296622
489.296622
489.296622
489.296622
489.296622
489.296622
489.296622
489.296622
489.296622
489.296622
489.296622
489.296622
489.296622
489.296622
489.296622
489.296622
489.296622
489.296622
489.296622
489.296622
489.296622
489.296622
489.296622
489.296622
489.296622
489.296622
489.296622
489.296622
489.296622
489.296622
489.296622
489.296622
489.296622
489.296622
489.296622
489.296622
489.296622
489.296622
489.296622
489.296622
489.296622
489.296622
489.296622
489.296622
489.296622
489.296622
489.296622
489.296622
489.296622
489.296622
489.296622
489.296622
489.296622
489.296622
489.296622
489.296622
489.296622
489.296622
489.296622
489.296622
489.296622
489.296622
489.296622
489.296622
489.296622
489.296622
489.296622
489.296622
489.296622
489.296622
489.296622
489.296622
489.296622
489.296622
489.296622
489.296622
489.296622
489.296622
489.296622
489.296622
489.296622
489.296622
489.296622
489.296622
489.296622
489.296622
489.296622
489.296622
489.296622
489.296622
489.296622
489.296622
489.296622
489.296622
489.296622
489.296622
489.296622
489.296622
489.296622
489.296622
489.296622
489.296622
489.296622
489.296622
489.296622
489.296622
489.296622
489.296622
489.296622
489.296622
489.296622
489.296622
489.296622
489.296622
489.296622
489.296622
489.296622
489.296622
489.296622
489.296622
489.296622
489.296622
489.296622
489.296622
489.296622
489.296622
489.296622
489.296622
489.296622
489.296622
489.296622
489.296622
489.296622
489.296622
489.296622
489.296622
489.296622
489.296622
489.296622
489.296622
489.296622
489.296622
489.296622
489.296622
489.296622
489.296622
489.296622
489.296622
489.296622
489.296622
489.296622
489.296622
489.296622
489.296622
489.296622
489.296622
489.296622
489.296622
489.296622
489.296622
489.296622
489.296622
489.296622
489.296622
489.296622
489.296622
489.296622
489.296622
489.296622
489.296622
489.296622
489.296622
489.296622
489.296622
489.296622
489.296622
489.296622
489.296622
489.296622
489.296622
489.296622
489.296622
489.296622
489.296622
489.296622
489.296622
489.296622
489.296622
489.296622
489.296622
489.296622
489.296622
489.296622
489.296622
489.296622
489.296622
489.296622
489.296622
489.296622
489.296622
489.296622
489.296622
489.296622
489.296622
489.296622
489.296622
489.296622
489.296622
489.296622
489.296622
489.296622
489.296622
489.296622
489.296622
489.296622
489.296622
489.296622
489.296622
489.296622
489.296622
489.296622
489.296622
489.296622
489.296622
489.296622
489.296622
489.296622
489.296622
489.296622
489.296622
489.296622
489.296622
489.296622
489.296622
489.296622
489.296622
489.296622
489.296622
489.296622
489.296622
489.296622
489.296622
489.296622
489.296622
489.296622
489.296622
489.296622
489.296622
489.296622
489.296622
489.296622
489.296622
489.296622
489.296622
489.296622
489.296622
489.296622
489.296622
489.296622
489.296622
489.296622
489.296622
489.296622
489.296622
489.296622
489.296622
489.296622
489.296622
489.296622
489.296622
489.296622
489.296622
489.296622
489.296622
489.296622
489.296622
489.296622
489.296622
489.296622
489.296622
489.296622
489.296622
489.296622
489.296622
489.296622
489.296622
489.296622
489.296622
489.296622
489.296622
489.296622
489.296622
489.296622
489.296622
489.296622
489.296622
489.296622
489.296622
489.296622
489.296622
489.296622
489.296622
489.296622
489.296622
489.296622
489.296622
489.296622
489.296622
489.296622
489.296622
489.296622
489.296622
