16.8275
16.8424
19.8674
20.9211
20.9401
24.2502
24.6405
32.1367
40.6392
43.4931
43.953
43.97
43.9895
44.0062
44.0169
49.0905
61.0818
61.101
62.8108
62.8256
62.8466
64.5151
64.5309
64.9501
66.7857
66.8041
67.2049
67.2237
77.9616
85.208
89.7294
91.0006
108.577
108.587
108.597
109.886
110.316
111.718
111.738
112.358
112.38
112.396
112.406
112.416
112.427
112.437
112.447
112.466
112.484
116.694
116.704
117.285
117.72
121.627
121.637
121.648
121.657
123.401
126.916
126.927
130.981
131.215
131.229
136.208
193.837
198.836
200.088
200.1
200.111
203.659
203.677
205.569
205.588
207.684
211.789
213.487
213.741
213.759
213.779
215.466
217.147
218.045
218.061
220.57
220.581
220.591
220.602
220.612
220.624
220.644
220.661
220.671
220.691
220.71
222.362
222.38
227.557
227.577
231.555
231.57
231.58
231.6
247.114
253.88
253.893
254.519
254.53
260.519
260.528
260.539
260.739
261.64
261.659
261.669
261.68
261.699
278.191
278.403
278.419
278.429
278.449
287.905
287.933
287.953
306.813
306.823
306.833
306.844
311.349
311.369
314.354
314.368
314.378
314.561
314.578
314.598
314.611
314.628
314.638
314.648
314.669
315.438
315.667
315.684
315.693
316.981
316.995
317.185
317.205
317.228
317.245
317.265
317.285
319.553
319.995
320.017
328.777
347.266
349.882
350.105
350.121
350.134
350.151
350.161
350.181
350.2
350.22
350.241
350.28
350.29
350.311
364.146
364.165
364.186
364.205
365.909
365.927
366.142
366.157
370.839
370.849
372.521
374.893
374.912
378.757
378.778
378.799
378.82
390.159
404.15
404.169
406.785
417.366
422.107
422.117
425.792
425.809
425.819
425.83
425.85
425.86
428.168
429.058
429.078
429.098
429.117
429.127
429.137
431.233
431.249
431.259
431.269
434.68
434.695
438.566
438.583
438.605
447.306
447.319
447.34
447.349
447.369
447.389
447.399
447.419
447.43
447.449
449.709
449.732
449.751
453.578
453.59
453.604
453.618
453.638
453.648
453.658
467.41
467.43
467.448
483.302
483.314
561.831
561.848
561.858
561.87
561.888
561.898
561.908
561.918
561.929
563.573
563.588
563.598
566.323
603.532
603.57
603.6
603.629
603.659
603.69
603.733
603.77
603.8
603.83
603.87
603.9
603.951
603.99
604.022
604.061
604.101
604.151
604.191
604.221
604.251
604.291
604.32
604.365
604.396
604.427
604.466
604.496
604.526
604.574
604.611
604.641
604.683
604.721
604.785
604.822
604.852
604.881
604.911
604.942
604.986
605.019
605.058
605.096
605.127
605.157
605.201
605.232
605.262
605.303
605.342
605.372
605.416
605.456
605.487
605.516
605.546
605.576
605.605
605.651
605.68
605.715
605.751
605.781
605.821
605.864
605.901
605.931
605.971
606.001
606.031
606.061
606.102
606.132
606.162
606.192
606.222
606.252
606.282
606.322
606.352
606.382
606.412
606.442
606.472
606.503
606.543
606.582
606.612
606.643
606.676
606.713
606.742
606.779
606.819
606.858
606.898
606.928
606.969
607.005
607.042
607.073
607.103
607.143
607.173
607.208
607.248
607.287
607.317
607.348
607.382
607.416
607.447
607.477
607.508
607.538
607.567
607.597
607.631
607.668
607.698
607.728
607.757
607.789
607.819
607.853
607.883
607.913
607.943
607.974
608.004
608.033
608.068
608.099
608.138
608.168
608.202
608.239
608.273
608.304
608.344
608.384
608.424
608.464
608.498
608.528
608.559
608.589
608.619
608.648
608.679
608.713
608.749
608.779
608.809
608.84
608.87
608.91
608.946
608.985
609.026
609.055
609.095
609.125
609.159
609.189
609.221
609.26
609.29
609.319
609.361
609.399
609.439
609.48
609.51
609.539
609.574
609.605
609.635
609.666
609.705
609.745
609.778
609.814
609.845
609.884
609.914
609.944
609.976
610.018
610.055
610.085
610.115
610.144
610.174
610.204
610.239
610.271
610.302
610.341
610.371
610.401
610.431
610.466
610.496
610.526
610.555
610.586
610.626
610.655
610.69
610.722
610.761
610.791
610.832
610.87
610.9
610.936
610.975
611.015
611.05
611.08
611.112
611.146
611.175
611.205
611.235
611.265
611.296
611.348
611.386
611.416
611.446
611.476
611.508
611.546
611.582
611.622
611.661
611.701
611.731
611.762
611.797
611.836
611.866
611.896
611.936
611.966
612.003
612.044
612.082
612.112
612.142
612.175
612.209
612.246
612.276
612.307
612.339
612.376
612.421
612.452
612.481
612.511
612.541
612.58
612.61
612.645
612.675
612.705
612.735
612.775
612.805
612.835
612.869
612.898
612.929
612.959
612.989
613.019
613.059
613.094
613.124
613.154
613.185
613.215
613.244
613.275
613.318
613.359
613.399
613.436
613.466
613.496
613.539
613.579
613.616
613.647
613.686
613.718
613.762
613.791
613.826
613.857
613.887
613.917
613.947
613.995
614.035
614.072
614.102
614.133
614.162
614.202
614.238
614.272
614.303
614.336
614.373
614.402
614.441
614.48
614.517
614.55
614.588
614.618
614.663
614.702
614.732
614.762
614.792
614.822
614.866
614.897
614.927
614.957
614.991
615.022
615.062
615.097
615.128
615.167
615.197
615.226
615.257
615.287
615.322
615.352
615.381
615.412
615.442
615.473
615.523
615.562
615.592
615.622
615.652
615.682
615.712
615.747
615.778
615.808
615.838
615.868
615.897
615.928
615.962
615.993
616.025
616.064
616.097
616.134
616.168
616.199
616.228
616.259
616.289
616.321
616.372
616.411
616.449
616.49
616.52
616.549
616.58
616.615
616.645
616.686
616.725
616.756
616.786
616.832
616.871
616.911
616.95
616.981
617.01
617.047
617.086
617.116
617.156
617.186
617.226
617.261
617.291
617.321
617.36
617.39
617.421
617.45
617.485
617.516
617.545
617.576
617.606
617.647
617.696
617.727
617.77
617.801
617.831
617.861
617.89
617.925
617.955
617.985
618.015
618.046
618.076
618.106
618.143
618.181
618.223
618.261
618.292
618.331
618.366
618.396
618.428
618.467
618.496
618.526
618.566
618.6
618.63
618.66
618.691
618.721
618.751
618.795
618.83
618.861
618.9
618.93
618.962
619.001
619.039
619.076
619.105
619.136
619.165
619.195
619.226
619.266
619.299
619.335
619.366
619.396
619.436
619.47
619.501
619.541
619.581
619.621
619.651
619.686
619.715
619.745
619.777
619.821
619.851
619.886
619.916
619.946
619.976
620.007
620.037
620.066
620.101
620.132
620.175
620.211
620.242
620.275
620.309
620.347
620.387
620.426
620.456
620.486
620.521
620.551
620.582
620.612
620.642
620.672
620.702
620.737
620.767
620.807
620.847
620.878
620.917
620.953
620.992
621.022
621.053
621.082
621.112
621.153
621.184
621.223
621.262
621.293
621.333
621.368
621.398
621.429
621.468
621.508
621.55
621.585
621.623
621.663
621.693
621.725
621.763
621.798
621.829
621.859
621.904
621.943
621.972
622.007
622.038
622.068
622.097
622.128
622.159
622.198
622.241
622.278
622.308
622.339
622.37
622.408
622.444
622.483
622.514
622.554
622.594
622.633
622.668
622.698
622.729
622.771
622.808
622.839
622.874
622.922
622.953
622.983
623.013
623.043
623.078
623.108
623.138
623.168
623.208
623.247
623.282
623.316
623.353
623.383
623.413
623.444
623.485
623.524
623.554
623.584
623.614
623.644
623.679
623.718
623.755
623.795
623.825
623.865
623.894
623.929
623.96
623.99
624.031
624.07
624.099
624.139
624.169
624.208
624.239
624.269
624.299
624.329
624.364
624.394
624.424
624.454
624.484
624.514
624.544
624.579
624.61
624.64
624.686
624.728
624.765
624.8
624.831
624.87
624.9
624.931
624.971
625.005
625.045
625.075
625.115
625.156
625.195
625.229
625.26
625.305
625.335
625.365
625.395
625.429
625.459
625.489
625.519
625.55
625.579
625.61
625.647
625.689
625.72
625.751
625.79
625.82
625.858
625.895
625.925
625.955
625.985
626.015
626.045
626.079
626.11
626.141
626.171
626.201
626.243
626.28
626.314
626.35
626.381
626.415
626.446
626.477
626.515
626.55
626.581
626.62
626.651
626.681
626.721
626.763
626.801
626.833
626.872
626.911
626.951
626.985
627.017
627.056
627.086
627.116
627.146
627.176
627.21
627.247
627.287
627.327
627.358
627.396
627.431
627.462
627.492
627.521
627.552
627.582
627.612
627.649
627.687
627.716
627.746
627.777
627.807
627.836
627.88
627.919
627.957
627.987
628.016
628.047
628.085
628.121
628.152
628.183
628.224
628.262
628.297
628.331
628.362
628.391
628.422
628.452
628.492
628.526
628.556
628.586
628.616
628.647
628.676
628.707
628.741
628.771
628.802
628.843
628.885
628.923
628.975
629.012
629.052
629.082
629.112
629.142
629.182
629.221
629.251
629.281
629.311
629.342
629.372
629.415
629.452
629.483
629.512
629.543
629.573
629.602
629.643
629.673
629.703
629.734
629.775
629.812
629.849
629.887
629.917
629.947
629.987
630.028
630.063
630.102
630.133
630.171
630.201
630.231
630.275
630.305
630.335
630.365
630.405
630.445
630.479
630.51
630.549
630.579
630.609
630.648
630.686
630.724
630.754
630.785
630.825
630.865
630.9
630.932
630.972
631.01
631.04
631.079
631.114
631.145
631.174
631.204
631.235
631.265
631.295
631.326
631.36
631.391
631.421
631.451
631.481
631.512
631.542
631.571
631.606
631.643
631.673
631.703
631.733
631.763
631.793
631.827
631.858
631.898
631.928
631.958
631.989
632.021
632.057
632.1
632.139
632.183
632.22
632.256
632.3
632.329
632.374
632.406
632.445
632.479
632.509
632.54
632.57
632.611
632.65
632.685
632.725
632.755
632.784
632.814
632.845
632.874
632.917
632.954
632.994
633.025
633.055
633.085
633.122
633.16
633.19
633.23
633.26
633.29
633.324
633.355
633.385
633.415
633.448
633.485
633.527
633.569
633.6
633.629
633.659
633.69
633.72
633.756
633.786
633.816
633.846
633.875
633.906
633.936
633.97
634.001
634.031
634.06
634.093
634.131
634.161
634.196
634.23
634.26
634.29
634.32
634.35
634.381
634.416
634.456
634.486
634.525
634.556
634.585
634.629
634.666
634.696
634.726
634.756
634.786
634.817
634.852
634.891
634.931
634.961
634.991
635.021
635.057
635.096
635.126
635.166
635.196
635.237
635.272
635.311
635.34
635.371
635.416
635.446
635.492
635.53
635.561
635.591
635.62
635.651
635.683
635.717
635.757
635.786
635.816
635.846
635.876
635.92
635.956
635.987
636.017
636.047
636.077
636.107
636.142
636.172
636.202
636.232
636.272
636.302
636.344
636.381
636.412
636.442
636.472
636.502
636.548
636.589
636.64
636.677
636.708
636.748
636.782
636.812
636.852
636.883
636.921
636.952
636.987
637.017
637.058
637.097
637.127
637.168
637.217
637.247
637.287
637.316
637.357
637.387
637.422
637.452
637.492
637.523
637.552
637.592
637.637
637.667
637.697
637.727
637.758
637.797
637.839
637.873
637.913
637.952
637.982
638.016
638.054
638.089
638.127
638.157
638.187
638.218
638.248
638.288
638.323
638.362
638.392
638.422
638.453
638.493
638.531
638.567
638.598
638.627
638.657
638.687
638.718
638.758
638.788
638.818
638.848
638.878
638.908
638.938
638.968
639.003
639.034
639.064
639.093
639.126
639.164
639.217
639.255
639.294
639.324
639.353
639.383
639.424
639.454
639.484
639.514
639.544
639.574
639.604
639.633
639.669
639.699
639.738
639.768
639.798
639.828
639.859
639.894
639.933
639.963
639.993
640.033
640.064
640.098
640.14
640.179
640.218
640.248
640.278
640.321
640.359
640.389
640.419
640.449
640.478
640.51
640.551
640.589
640.619
640.649
640.679
640.709
640.74
640.775
640.805
640.845
640.874
640.905
640.934
640.965
641
641.029
641.06
641.09
641.136
641.175
641.21
641.241
641.282
641.32
641.359
641.389
641.424
641.463
641.493
641.536
641.573
641.603
641.638
641.668
641.698
641.729
641.759
641.789
641.819
641.862
641.901
641.941
641.98
642.01
642.04
642.083
642.12
642.16
642.19
642.23
642.26
642.295
642.326
642.367
642.404
642.439
642.47
642.513
642.55
642.58
642.61
642.648
642.685
642.72
642.76
642.79
642.82
642.851
642.88
642.91
642.952
642.991
643.02
643.05
643.081
643.112
643.15
643.185
643.216
643.256
643.296
643.336
643.376
643.423
643.462
643.492
643.522
643.551
643.582
643.624
643.662
643.691
643.721
643.753
643.782
643.812
643.846
643.877
643.907
643.94
643.978
644.007
644.037
644.071
644.107
644.138
644.168
644.198
644.227
644.258
644.292
644.323
644.352
644.382
644.413
644.443
644.472
644.508
644.537
644.567
644.597
644.629
644.668
644.71
644.747
644.777
644.81
644.848
644.878
644.912
644.944
644.983
645.013
645.043
645.073
645.103
645.141
645.178
645.209
645.247
645.277
645.308
645.343
645.383
645.422
645.453
645.483
645.512
645.547
645.578
645.618
645.658
645.688
645.728
645.763
645.792
645.823
645.853
645.882
645.912
645.942
645.983
646.013
646.045
646.083
646.113
646.144
646.183
646.218
646.248
646.278
646.308
646.348
646.378
646.408
646.442
646.473
646.503
646.532
646.563
646.593
646.624
646.661
646.699
646.739
646.779
646.819
646.86
646.895
646.934
646.964
647.004
647.044
647.073
647.117
647.153
647.183
647.214
647.244
647.284
647.318
647.35
647.388
647.42
647.459
647.488
647.523
647.563
647.599
647.632
647.67
647.7
647.734
647.765
647.794
647.824
647.854
647.884
647.915
647.949
647.98
648.019
648.05
648.08
648.109
648.139
648.173
648.209
648.239
648.269
648.299
648.33
648.36
648.395
648.435
648.474
648.504
648.535
648.575
648.609
648.643
648.68
648.72
648.76
648.789
648.82
648.854
648.885
648.915
648.945
648.975
649.004
649.035
649.071
649.11
649.149
649.18
649.221
649.26
649.294
649.325
649.354
649.385
649.415
649.445
649.475
649.51
649.54
649.58
649.62
649.659
649.69
649.731
649.77
649.8
649.84
649.87
649.9
649.935
649.977
650.016
650.045
650.085
650.126
650.162
650.201
650.24
650.27
650.3
650.331
650.376
650.415
650.446
650.486
650.515
650.546
650.58
650.611
650.641
650.672
650.711
650.741
650.771
650.805
650.841
650.871
650.901
650.934
650.972
651.01
651.049
651.094
651.132
651.162
651.191
651.231
651.262
651.292
651.322
651.352
651.392
651.422
651.462
651.492
651.522
651.562
651.592
651.621
651.652
651.686
651.716
651.748
651.787
651.817
651.856
651.891
651.922
651.952
651.982
652.012
652.042
652.079
652.114
652.152
652.182
652.214
652.252
652.283
652.317
652.349
652.388
652.418
652.448
652.477
652.508
652.546
652.582
652.612
652.642
652.677
652.707
652.745
652.783
652.812
652.842
652.872
652.902
652.932
652.966
653.002
653.035
653.073
653.103
653.133
653.171
653.209
653.239
653.279
653.309
653.348
653.383
653.414
653.444
653.484
653.515
653.554
653.589
653.618
653.65
653.694
653.736
653.774
653.809
653.853
653.883
653.913
653.943
653.974
654.016
654.056
654.093
654.122
654.152
654.183
654.218
654.249
654.29
654.328
654.359
654.388
654.432
654.469
654.499
654.543
654.573
654.609
654.643
654.674
654.704
654.733
654.763
654.794
654.824
654.858
654.888
654.918
654.948
654.979
655.008
655.042
655.077
655.123
655.154
655.184
655.214
655.243
655.278
655.308
655.338
655.368
655.399
655.429
655.459
655.494
655.524
655.555
655.584
655.615
655.644
655.675
655.722
655.752
655.789
655.819
655.85
655.89
655.924
655.954
655.985
656.015
656.045
656.075
656.128
656.171
656.21
656.24
656.27
656.31
656.349
656.38
656.41
656.439
656.469
656.5
656.53
656.564
656.596
656.636
656.666
656.696
656.726
656.756
656.791
656.821
656.852
656.891
656.92
656.951
656.995
657.026
657.056
657.096
657.126
657.156
657.186
657.221
657.252
657.291
657.321
657.351
657.381
657.41
657.445
657.476
657.506
657.547
657.588
657.63
657.668
657.705
657.736
657.765
657.795
657.825
657.855
657.894
657.93
657.96
657.991
658.021
658.063
658.098
658.136
658.166
658.196
658.226
658.266
658.313
658.353
658.393
658.431
658.461
658.507
658.541
658.581
658.611
658.641
658.672
658.711
658.758
658.797
658.837
658.877
658.907
658.936
658.971
659.001
659.032
659.062
659.101
659.131
659.16
659.2
659.231
659.261
659.292
659.325
659.362
659.404
659.446
659.478
659.517
659.547
659.577
659.606
659.641
659.671
659.702
659.741
659.772
659.811
659.846
659.877
659.907
659.937
659.967
659.997
660.027
660.062
660.099
660.137
660.167
660.196
660.227
660.257
660.293
660.333
660.372
660.414
660.452
660.482
660.517
660.547
660.577
660.607
660.637
660.667
660.698
660.74
660.779
660.817
660.848
660.888
660.928
660.963
660.992
661.023
661.053
661.083
661.113
661.143
661.177
661.207
661.247
661.277
661.307
661.337
661.378
661.408
661.448
661.479
661.518
661.548
661.584
661.623
661.656
661.694
661.734
661.774
661.809
661.852
661.889
661.93
661.97
662.017
662.048
662.079
662.109
662.149
662.188
662.218
662.253
662.284
662.313
662.345
662.383
662.414
662.444
662.482
662.518
662.549
662.578
662.609
662.639
662.669
662.703
662.733
662.767
662.804
662.835
662.874
662.912
662.95
662.989
663.02
663.051
663.09
663.133
663.169
663.199
663.229
663.259
663.293
663.324
663.363
663.399
663.429
663.459
663.489
663.52
663.562
663.6
663.63
663.67
663.7
663.729
663.764
663.794
663.824
663.855
663.885
663.915
663.945
663.979
664.01
664.05
664.092
664.13
664.169
664.208
664.242
664.28
664.32
664.35
664.38
664.415
664.445
664.475
664.505
664.535
664.565
664.595
664.635
664.665
664.695
664.725
664.755
664.785
664.814
664.849
664.885
664.915
664.946
664.985
665.015
665.057
665.095
665.125
665.155
665.185
665.216
665.255
665.29
665.321
665.35
665.381
665.411
665.441
665.471
665.505
665.535
665.565
665.596
665.626
665.656
665.709
665.745
665.784
665.814
665.844
665.875
665.909
665.939
665.976
666.021
666.061
666.114
666.15
666.18
666.223
666.26
666.29
666.325
666.357
666.396
666.426
666.456
666.487
666.528
666.558
666.6
666.637
666.666
666.697
666.731
666.762
666.792
666.822
666.862
666.892
666.922
666.957
666.997
667.027
667.057
667.087
667.13
667.171
667.202
667.232
667.271
667.301
667.332
667.362
667.397
667.428
667.458
667.498
667.528
667.56
667.6
667.638
667.668
667.707
667.739
667.777
667.812
667.843
667.873
667.902
667.933
667.963
667.993
668.028
668.059
668.098
668.137
668.167
668.197
668.231
668.262
668.292
668.323
668.352
668.392
668.422
668.457
668.487
668.518
668.548
668.581
668.622
668.675
668.713
668.744
668.775
668.814
668.847
668.881
668.919
668.948
668.978
669.009
669.049
669.093
669.127
669.164
669.194
669.224
669.265
669.299
669.34
669.383
669.419
669.46
669.506
669.544
669.574
669.605
669.635
669.665
669.695
669.73
669.761
669.799
669.829
669.859
669.889
669.92
669.954
669.989
670.021
670.06
670.089
670.133
670.168
670.199
670.239
670.269
670.312
670.351
670.385
670.415
670.445
670.474
670.505
670.534
670.564
670.599
670.629
670.663
670.699
670.729
670.76
670.79
670.824
670.858
670.894
670.925
670.954
670.985
671.018
671.053
671.09
671.12
671.149
671.18
671.21
671.25
671.287
671.325
671.365
671.406
671.444
671.474
671.509
671.539
671.569
671.599
671.629
671.659
671.689
671.724
671.754
671.784
671.815
671.854
671.885
671.915
671.95
671.98
672.01
672.04
672.07
672.1
672.13
672.165
672.195
672.225
672.256
672.297
672.335
672.37
672.402
672.441
672.471
672.501
672.531
672.576
672.606
672.636
672.676
672.715
672.745
672.783
672.822
672.862
672.901
672.931
672.961
672.995
673.039
673.069
673.1
673.13
673.161
673.213
673.25
673.28
673.31
673.34
673.37
673.41
673.444
673.474
673.504
673.535
673.565
673.594
673.624
673.668
673.705
673.745
673.775
673.805
673.835
673.869
673.9
673.94
673.98
674.01
674.041
674.077
674.115
674.146
674.175
674.206
674.236
674.275
674.31
674.341
674.378
674.419
674.456
674.487
674.53
674.567
674.597
674.637
674.679
674.724
674.759
674.797
674.827
674.857
674.887
674.917
674.959
674.997
675.027
675.057
675.087
675.117
675.152
675.189
675.227
675.267
675.307
675.336
675.366
675.4
675.437
675.467
675.497
675.528
675.557
675.589
675.626
675.665
675.704
675.743
675.773
675.802
675.844
675.882
675.912
675.946
675.977
676.007
676.037
676.071
676.101
676.132
676.162
676.192
676.223
676.267
676.302
676.333
676.365
676.403
676.433
676.462
676.492
676.526
676.565
676.603
676.633
676.663
676.694
676.742
676.773
676.804
676.846
676.884
676.914
676.96
676.998
677.028
677.059
677.1
677.14
677.174
677.204
677.234
677.264
677.293
677.327
677.378
677.409
677.448
677.484
677.524
677.554
677.59
677.629
677.659
677.689
677.729
677.759
677.8
677.829
677.859
677.89
677.919
677.95
677.98
678.02
678.059
678.09
678.12
678.15
678.18
678.21
678.244
678.275
678.304
678.334
678.364
678.398
678.429
678.468
678.505
678.535
678.575
678.605
678.644
678.681
678.72
678.761
678.8
678.831
678.871
678.906
678.947
678.985
679.015
679.045
679.085
679.12
679.15
679.179
679.209
679.239
679.269
679.3
679.335
679.366
679.409
679.44
679.47
679.501
679.535
679.567
679.608
679.646
679.686
679.715
679.75
679.78
679.81
679.84
679.881
679.921
679.956
679.986
680.016
680.056
680.095
680.126
680.161
680.191
680.22
680.25
680.281
680.314
680.355
680.391
680.431
680.46
680.491
680.521
680.551
680.58
680.615
680.645
680.685
680.715
680.744
680.775
680.816
680.85
680.88
680.91
680.941
680.97
681.01
681.04
681.08
681.11
681.14
681.173
681.211
681.252
681.286
681.317
681.356
681.386
681.417
681.457
681.493
681.532
681.571
681.601
681.646
681.676
681.711
681.752
681.796
681.826
681.857
681.887
681.922
681.961
681.992
682.022
682.053
682.092
682.127
682.157
682.187
682.22
682.257
682.287
682.323
682.358
682.398
682.437
682.467
682.508
682.547
682.577
682.612
682.642
682.672
682.702
682.732
682.763
682.806
682.84
682.878
682.908
682.938
682.967
682.998
683.028
683.062
683.093
683.131
683.168
683.198
683.238
683.274
683.313
683.342
683.373
683.413
683.443
683.473
683.508
683.548
683.578
683.618
683.648
683.688
683.722
683.752
683.782
683.812
683.842
683.872
683.902
683.937
683.97
684.007
684.038
684.067
684.098
684.128
684.162
684.194
684.224
684.253
684.283
684.319
684.358
684.393
684.424
684.464
684.507
684.544
684.574
684.61
684.649
684.679
684.724
684.754
684.794
684.836
684.873
684.914
684.958
684.988
685.019
685.058
685.089
685.128
685.158
685.189
685.229
685.264
685.294
685.334
685.364
685.404
685.444
685.479
685.509
685.539
685.579
685.619
685.654
685.69
685.728
685.759
685.789
685.819
685.861
685.896
685.934
685.964
685.994
686.023
686.054
686.083
686.118
686.154
686.184
686.214
686.244
686.275
686.305
686.339
686.372
686.41
686.44
686.473
686.51
686.544
686.58
686.61
686.64
686.672
686.71
686.759
686.79
686.819
686.851
686.889
686.919
686.95
686.986
687.024
687.054
687.085
687.125
687.155
687.191
687.23
687.26
687.29
687.32
687.351
687.394
687.425
687.454
687.485
687.525
687.565
687.6
687.63
687.672
687.71
687.74
687.771
687.813
687.85
687.881
687.912
687.95
687.98
688.015
688.051
688.081
688.111
688.14
688.171
688.2
688.234
688.273
688.311
688.342
688.381
688.411
688.441
688.476
688.506
688.537
688.576
688.607
688.64
688.676
688.711
688.742
688.773
688.811
688.842
688.883
688.917
688.957
688.997
689.027
689.057
689.09
689.124
689.162
689.192
689.232
689.272
689.302
689.336
689.366
689.397
689.437
689.467
689.496
689.526
689.561
689.592
689.622
689.651
689.682
689.722
689.762
689.796
689.827
689.867
689.896
689.927
689.957
689.999
690.036
690.066
690.096
690.128
690.166
690.196
690.231
690.261
690.291
690.322
690.361
690.392
690.439
690.477
690.507
690.537
690.567
690.611
690.646
690.683
690.713
690.743
690.774
690.813
690.851
690.887
690.92
690.961
690.998
691.041
691.077
691.109
691.15
691.188
691.218
691.251
691.286
691.323
691.353
691.383
691.413
691.443
691.473
691.508
691.538
691.578
691.607
691.638
691.669
691.71
691.748
691.778
691.807
691.837
691.868
691.917
691.948
691.978
692.008
692.058
692.089
692.123
692.156
692.196
692.234
692.264
692.293
692.333
692.364
692.394
692.424
692.454
692.484
692.524
692.559
692.589
692.618
692.649
692.679
692.71
692.74
692.774
692.804
692.834
692.865
692.895
692.942
692.977
693.016
693.059
693.09
693.13
693.17
693.205
693.235
693.264
693.294
693.324
693.355
693.385
693.419
693.449
693.48
693.51
693.555
693.594
693.637
693.675
693.714
693.754
693.795
693.834
693.869
693.899
693.929
693.958
693.988
694.019
694.049
694.088
694.119
694.149
694.179
694.21
694.239
694.269
694.307
694.345
694.377
694.415
694.445
694.475
694.509
694.54
694.571
694.61
694.64
694.674
694.705
694.74
694.783
694.822
694.86
694.9
694.93
694.965
695.004
695.034
695.065
695.105
695.145
695.18
695.21
695.251
695.281
695.314
695.345
695.376
695.41
695.441
695.471
695.501
695.531
695.561
695.59
695.625
695.656
695.686
695.73
695.76
695.79
695.825
695.855
695.886
695.917
695.956
695.986
696.016
696.051
696.081
696.111
696.141
696.171
696.201
696.233
696.267
696.306
696.336
696.366
696.396
696.426
696.457
696.493
696.537
696.577
696.617
696.647
696.687
696.723
696.763
696.801
696.831
696.861
696.892
696.934
696.975
697.012
697.051
697.084
697.121
697.157
697.186
697.217
697.247
697.278
697.317
697.357
697.393
697.432
697.473
697.512
697.541
697.571
697.605
697.643
697.682
697.712
697.742
697.772
697.806
697.837
697.867
697.898
697.937
697.967
697.997
698.032
698.064
698.103
698.142
698.181
698.221
698.256
698.286
698.316
698.347
698.386
698.416
698.446
698.48
698.511
698.541
698.572
698.601
698.631
698.661
698.7
698.736
698.766
698.797
698.827
698.857
698.887
698.922
698.961
698.991
699.023
699.061
699.092
699.124
699.159
699.197
699.227
699.257
699.288
699.317
699.348
699.405
699.442
699.472
699.503
699.532
699.563
699.593
699.628
699.661
699.698
699.728
699.758
699.788
699.822
699.858
699.888
699.92
699.958
699.988
700.018
700.049
700.084
700.124
700.154
700.183
700.214
700.244
700.273
700.308
700.339
700.369
700.409
700.439
700.479
700.513
700.544
700.574
700.604
700.634
700.664
700.695
700.737
700.774
700.804
700.834
700.864
700.894
700.947
700.984
701.014
701.044
701.075
701.105
701.144
701.178
701.208
701.239
701.269
701.3
701.33
701.36
701.396
701.435
701.466
701.504
701.534
701.566
701.602
701.639
701.67
701.71
701.749
701.779
701.813
701.85
701.88
701.919
701.96
701.999
702.037
702.083
702.114
702.144
702.174
702.205
702.244
702.282
702.322
702.361
702.4
702.445
702.475
702.505
702.534
702.564
702.596
702.635
702.669
702.7
702.73
702.76
702.791
702.82
702.85
702.885
702.916
702.945
702.975
703.013
703.055
703.09
703.121
703.151
703.18
703.211
703.241
703.271
703.308
703.346
703.376
703.406
703.437
703.476
703.525
703.56
703.591
703.621
703.651
703.681
703.711
703.746
703.776
703.806
703.836
703.867
703.907
703.946
703.981
704.011
704.042
704.072
704.102
704.131
704.162
704.198
704.237
704.267
704.297
704.327
704.357
704.387
704.421
704.452
704.484
704.522
704.553
704.592
704.626
704.656
704.687
704.716
704.759
704.796
704.826
704.861
704.891
704.922
704.952
704.982
705.017
705.046
705.076
705.112
705.142
705.177
705.207
705.237
705.267
705.297
705.331
705.362
705.402
705.432
705.463
705.493
705.533
705.563
705.603
705.636
705.673
705.713
705.747
705.778
705.808
705.838
705.867
705.901
705.937
705.972
706.004
706.043
706.077
706.108
706.146
706.18
706.219
706.249
706.279
706.319
706.348
706.383
706.413
706.443
706.473
706.503
706.534
706.573
706.61
706.651
706.689
706.719
706.748
706.779
706.822
706.859
706.889
706.929
706.97
707.012
707.047
707.086
707.124
707.164
707.204
707.244
707.278
707.309
707.338
707.368
707.399
707.429
707.458
707.494
707.534
707.574
707.604
707.644
707.684
707.726
707.766
707.808
707.84
707.87
707.909
707.944
707.974
708.004
708.034
708.064
708.104
708.134
708.168
708.199
708.23
708.26
708.289
708.322
708.36
708.395
708.425
708.455
708.485
708.526
708.565
708.605
708.635
708.665
708.694
708.725
708.754
708.785
708.831
708.869
708.9
708.93
708.96
709
709.03
709.065
709.095
709.126
709.165
709.205
709.237
709.274
709.305
709.345
709.375
709.405
709.435
709.465
709.506
709.535
709.565
709.595
709.626
709.656
709.686
709.721
709.761
709.791
709.821
709.851
709.89
709.929
709.966
710.006
710.036
710.066
710.105
710.142
710.18
710.21
710.24
710.27
710.3
710.345
710.38
710.419
710.449
710.479
710.509
710.539
710.581
710.619
710.649
710.679
710.71
710.74
710.769
710.806
710.845
710.875
710.915
710.955
710.985
711.019
711.05
711.08
711.11
711.14
711.171
711.201
711.241
711.281
711.311
711.356
711.385
711.416
711.453
711.497
711.536
711.566
711.597
711.626
711.661
711.693
711.735
711.775
711.812
711.842
711.876
711.906
711.937
711.967
711.997
712.037
712.077
712.114
712.152
712.196
712.226
712.256
712.287
712.325
712.362
712.402
712.442
712.472
712.502
712.547
712.576
712.607
712.647
712.677
712.707
712.737
712.771
712.807
712.837
712.867
712.907
712.946
712.976
713.012
713.042
713.072
713.102
713.132
713.162
713.192
713.226
713.257
713.288
713.334
713.372
713.402
713.441
713.478
713.508
713.537
713.567
713.598
713.638
713.673
713.703
713.743
713.783
713.823
713.853
713.896
713.933
713.962
713.995
714.033
714.063
714.098
714.138
714.167
714.198
714.227
714.26
714.298
714.333
714.363
714.392
714.423
714.453
714.483
714.523
714.558
714.59
714.628
714.658
714.688
714.719
714.775
714.813
714.843
714.873
714.903
714.933
714.963
714.998
715.028
715.068
715.098
715.138
715.168
715.204
715.243
715.273
715.303
715.333
715.363
715.393
715.428
715.458
715.49
715.529
715.559
715.598
715.632
715.662
715.693
715.723
715.754
715.784
715.823
715.858
715.89
715.929
715.959
715.995
716.024
716.074
716.115
716.154
716.184
716.225
716.264
716.299
716.328
716.36
716.4
716.43
716.459
716.49
716.524
716.56
716.591
716.629
716.659
716.699
716.734
716.766
716.805
716.845
716.875
716.904
716.939
716.969
717
717.03
717.06
717.1
717.14
717.175
717.205
717.235
717.275
717.305
717.336
717.366
717.4
717.431
717.46
717.49
717.52
717.549
717.579
717.609
717.644
717.68
717.71
717.741
717.781
717.811
717.841
717.875
717.905
717.936
717.965
717.995
718.026
718.056
718.091
718.122
718.16
718.191
718.23
718.261
718.307
718.346
718.386
718.43
718.46
718.49
718.525
718.556
718.586
718.616
718.646
718.675
718.706
718.737
718.772
718.811
718.841
718.871
718.901
718.941
718.975
719.006
719.036
719.065
719.105
719.134
719.177
719.217
719.255
719.308
719.359
719.398
719.435
719.465
719.495
719.525
719.555
719.585
719.619
719.659
719.696
719.726
719.756
719.786
719.821
719.851
719.881
719.911
719.942
719.982
720.012
720.049
720.087
720.117
720.157
720.199
720.237
720.272
720.302
720.332
720.362
720.392
720.422
720.455
720.49
720.527
720.557
720.587
720.618
720.647
720.678
720.714
720.753
720.783
720.813
720.842
720.873
720.903
720.941
720.978
721.008
721.047
721.078
721.118
721.156
721.194
721.233
721.272
721.302
721.333
721.368
721.411
721.448
721.477
721.507
721.538
721.572
721.603
721.633
721.662
721.693
721.723
721.754
721.788
721.819
721.863
721.894
721.934
721.965
721.999
722.029
722.069
722.104
722.134
722.174
722.21
722.249
722.281
722.319
722.358
722.389
722.424
722.466
722.504
722.534
722.563
722.594
722.629
722.659
722.688
722.719
722.749
722.795
722.83
722.87
722.908
722.939
722.978
723.008
723.042
723.073
723.103
723.133
723.162
723.192
723.223
723.258
723.288
723.318
723.348
723.378
723.408
723.438
723.473
723.503
723.534
723.565
723.606
723.644
723.684
723.714
723.744
723.775
723.805
723.835
723.865
723.913
723.95
724
724.029
724.059
724.09
724.132
724.17
724.21
724.24
724.27
724.31
724.351
724.389
724.419
724.449
724.479
724.51
724.54
724.574
724.604
724.635
724.665
724.695
724.725
724.781
724.82
724.85
724.88
724.911
724.94
724.993
725.03
725.06
725.1
725.141
725.18
725.219
725.25
725.28
725.31
725.34
725.371
725.411
725.447
725.486
725.526
725.556
725.596
725.636
725.673
725.714
725.751
725.791
725.831
725.873
725.912
725.951
725.981
726.021
726.051
726.096
726.126
726.156
726.186
726.227
726.266
726.307
726.346
726.376
726.406
726.447
726.488
726.527
726.566
726.599
726.637
726.666
726.697
726.727
726.761
726.792
726.827
726.857
726.897
726.927
726.957
726.992
727.022
727.052
727.082
727.112
727.152
727.181
727.22
727.257
727.288
727.317
727.357
727.387
727.417
727.452
727.482
727.526
727.562
727.592
727.626
727.66
727.699
727.738
727.768
727.797
727.827
727.858
727.893
727.934
727.974
728.013
728.042
728.072
728.107
728.136
728.166
728.198
728.236
728.266
728.311
728.347
728.387
728.417
728.451
728.487
728.524
728.565
728.602
728.633
728.663
728.703
728.745
728.783
728.823
728.852
728.882
728.913
728.947
728.977
729.007
729.048
729.087
729.117
729.152
729.182
729.212
729.243
729.283
729.323
729.358
729.388
729.429
729.467
729.498
729.528
729.558
729.592
729.622
729.652
729.683
729.723
729.755
729.793
729.828
729.859
729.899
729.943
729.975
730.013
730.048
730.077
730.108
730.138
730.168
730.198
730.228
730.263
730.295
730.335
730.374
730.405
730.445
730.479
730.519
730.549
730.58
730.619
730.649
730.678
730.715
730.754
730.789
730.82
730.849
730.879
730.915
730.954
730.984
731.024
731.054
731.084
731.121
731.161
731.199
731.229
731.265
731.305
731.339
731.368
731.4
731.439
731.479
731.52
731.567
731.604
731.635
731.674
731.704
731.734
731.777
731.814
731.848
731.879
731.919
731.959
732.009
732.039
732.069
732.1
732.129
732.159
732.189
732.225
732.255
732.295
732.328
732.365
732.395
732.429
732.46
732.49
732.519
732.55
732.579
732.61
732.644
732.681
732.711
732.741
732.771
732.801
732.831
732.866
732.896
732.926
732.956
732.986
733.016
733.046
733.09
733.122
733.152
733.182
733.215
733.252
733.282
733.318
733.356
733.386
733.416
733.446
733.476
733.506
733.544
733.58
733.611
733.641
733.671
733.701
733.731
733.766
733.806
733.846
733.876
733.916
733.946
733.981
734.021
734.051
734.081
734.111
734.141
734.184
734.223
734.263
734.301
734.331
734.362
734.402
734.435
734.472
734.512
734.555
734.607
734.641
734.672
734.711
734.742
734.772
734.807
734.837
734.867
734.896
734.926
734.957
734.987
735.023
735.061
735.092
735.121
735.151
735.181
735.225
735.262
735.294
735.332
735.372
735.401
735.435
735.477
735.507
735.546
735.578
735.617
735.651
735.682
735.711
735.742
735.772
735.808
735.847
735.882
735.911
735.941
735.972
736.002
736.042
736.072
736.107
736.137
736.168
736.198
736.238
736.284
736.319
736.358
736.398
736.429
736.467
736.499
736.528
736.562
736.594
736.624
736.654
736.683
736.723
736.771
736.807
736.838
736.879
736.917
736.947
736.982
737.012
737.042
737.072
737.117
737.147
737.188
737.232
737.265
737.303
737.333
737.363
737.393
737.429
737.469
737.499
737.528
737.559
737.589
737.629
737.669
737.709
737.739
737.779
737.819
737.861
737.899
737.929
737.959
737.999
738.039
738.082
738.119
738.159
738.198
738.228
738.258
738.293
738.324
738.366
738.404
738.433
738.463
738.498
738.539
738.569
738.614
738.648
738.685
738.721
738.76
738.799
738.829
738.863
738.9
738.935
738.964
738.995
739.036
739.075
739.105
739.139
739.171
739.2
739.24
739.27
739.3
739.33
739.364
739.395
739.436
739.466
739.505
739.535
739.57
739.599
739.63
739.659
739.691
739.73
739.76
739.794
739.824
739.855
739.885
739.915
739.944
739.974
740.008
740.045
740.075
740.117
740.155
740.185
740.224
740.255
740.285
740.317
740.355
740.385
740.424
740.459
740.489
740.519
740.549
740.579
740.61
740.645
740.675
740.706
740.745
740.775
740.815
740.85
740.88
740.91
740.946
740.976
741.006
741.035
741.069
741.107
741.146
741.176
741.206
741.236
741.266
741.3
741.331
741.361
741.391
741.421
741.45
741.481
741.521
741.56
741.597
741.627
741.657
741.689
741.725
741.763
741.802
741.832
741.877
741.914
741.953
741.991
742.021
742.051
742.081
742.111
742.142
742.184
742.222
742.252
742.282
742.313
742.351
742.386
742.417
742.446
742.476
742.507
742.536
742.567
742.601
742.633
742.662
742.691
742.722
742.754
742.793
742.829
742.867
742.897
742.928
742.958
742.988
743.028
743.063
743.092
743.123
743.153
743.183
743.223
743.266
743.303
743.343
743.382
743.423
743.452
743.488
743.528
743.568
743.597
743.638
743.69
743.739
743.778
743.818
743.857
743.892
743.922
743.953
743.991
744.022
744.052
744.092
744.13
744.167
744.197
744.236
744.266
744.297
744.331
744.362
744.391
744.422
744.452
744.482
744.522
744.557
744.587
744.617
744.647
744.677
744.707
744.741
744.776
744.815
744.852
744.882
744.923
744.962
744.997
745.027
745.057
745.087
745.117
745.147
745.178
745.22
745.258
745.298
745.337
745.368
745.407
745.451
745.483
745.521
745.552
745.582
745.612
745.663
745.703
745.743
745.773
745.803
745.833
745.87
745.911
745.951
745.991
746.028
746.059
746.093
746.124
746.154
746.187
746.224
746.254
746.284
746.319
746.349
746.379
746.409
746.448
746.478
746.509
746.544
746.584
746.613
746.644
746.674
746.704
746.734
746.769
746.798
746.829
746.858
746.888
746.918
746.948
746.983
747.014
747.044
747.073
747.104
747.14
747.179
747.213
747.243
747.274
747.305
747.335
747.375
747.426
747.465
747.498
747.535
747.565
747.595
747.631
747.669
747.7
747.73
747.76
747.79
747.848
747.885
747.915
747.955
747.985
748.015
748.049
748.079
748.111
748.15
748.18
748.21
748.241
748.275
748.305
748.335
748.365
748.395
748.425
748.455
748.49
748.52
748.555
748.587
748.625
748.657
748.705
748.735
748.766
748.796
748.835
748.865
748.895
748.93
748.961
749.012
749.05
749.08
749.119
749.154
749.184
749.214
749.253
749.294
749.337
749.372
749.417
749.454
749.484
749.514
749.544
749.578
749.611
749.649
749.679
749.709
749.74
749.77
749.804
749.834
749.865
749.895
749.925
749.954
749.985
750.028
750.065
750.104
750.134
750.164
750.194
750.23
750.268
750.299
750.329
750.359
750.399
750.434
750.464
750.504
750.534
750.564
750.595
750.635
750.67
750.701
750.741
750.771
750.815
750.855
750.89
750.921
750.951
750.991
751.032
751.062
751.097
751.128
751.157
751.187
751.218
751.257
751.297
751.333
751.374
751.412
751.452
751.482
751.523
751.557
751.587
751.617
751.647
751.677
751.708
751.737
751.773
751.815
751.853
751.882
751.912
751.942
751.977
752.011
752.048
752.078
752.108
752.139
752.168
752.203
752.234
752.263
752.294
752.335
752.375
752.41
752.449
752.479
752.52
752.559
752.589
752.624
752.666
752.704
752.734
752.767
752.804
752.839
752.869
752.902
752.939
752.979
753.018
753.053
753.084
753.115
753.156
753.196
753.237
753.279
753.318
753.357
753.387
753.418
753.457
753.491
753.522
753.552
753.582
753.613
753.653
753.696
753.732
753.763
753.793
753.823
753.853
753.883
753.918
753.948
753.978
754.008
754.04
754.08
754.12
754.154
754.194
754.235
754.273
754.303
754.343
754.378
754.407
754.437
754.467
754.498
754.528
754.558
754.596
754.634
754.673
754.704
754.734
754.764
754.798
754.829
754.859
754.898
754.929
754.968
755.003
755.033
755.063
755.093
755.123
755.153
755.183
755.218
755.258
755.289
755.328
755.358
755.389
755.419
755.454
755.493
755.536
755.573
755.605
755.644
755.683
755.719
755.75
755.79
755.82
755.865
755.899
755.932
755.97
756
756.03
756.06
756.103
756.138
756.175
756.205
756.236
756.276
756.315
756.354
756.385
756.416
756.455
756.495
756.525
756.559
756.59
756.621
756.65
756.68
756.71
756.741
756.775
756.806
756.836
756.866
756.895
756.925
756.956
756.998
757.041
757.071
757.101
757.141
757.172
757.207
757.246
757.276
757.306
757.336
757.366
757.41
757.44
757.47
757.501
757.532
757.571
757.601
757.638
757.678
757.716
757.746
757.776
757.806
757.843
757.881
757.911
757.941
757.971
758.001
758.031
758.066
758.096
758.126
758.156
758.186
758.216
758.246
758.281
758.318
758.356
758.387
758.417
758.457
758.497
758.527
758.557
758.587
758.618
758.657
758.686
758.732
758.762
758.792
758.832
758.872
758.903
758.939
758.978
759.017
759.047
759.077
759.107
759.142
759.177
759.208
759.238
759.277
759.308
759.344
759.384
759.423
759.453
759.492
759.522
759.556
759.587
759.619
759.657
759.688
759.718
759.763
759.798
759.838
759.868
759.898
759.937
759.968
760.002
760.033
760.063
760.093
760.123
760.163
760.204
760.24
760.278
760.308
760.338
760.368
760.398
760.441
760.479
760.508
760.539
760.569
760.598
760.628
760.663
760.694
760.734
760.764
760.794
760.834
760.877
760.914
760.944
760.974
761.004
761.034
761.065
761.099
761.129
761.158
761.189
761.229
761.269
761.314
761.353
761.383
761.413
761.443
761.483
761.518
761.548
761.578
761.608
761.648
761.688
761.722
761.752
761.782
761.813
761.843
761.884
761.925
761.963
761.994
762.033
762.063
762.093
762.128
762.158
762.188
762.218
762.249
762.279
762.319
762.354
762.384
762.413
762.453
762.483
762.514
762.543
762.578
762.608
762.638
762.669
762.709
762.739
762.769
762.804
762.834
762.867
762.905
762.934
762.964
762.994
763.03
763.059
763.09
763.12
763.149
763.179
763.209
763.244
763.274
763.304
763.335
763.365
763.394
763.424
763.459
763.495
763.525
763.555
763.585
763.616
763.646
763.681
763.711
763.751
763.79
763.821
763.861
763.896
763.926
763.967
764.006
764.036
764.066
764.101
764.131
764.172
764.212
764.251
764.281
764.316
764.357
764.396
764.426
764.467
764.506
764.549
764.6
764.631
764.661
764.691
764.722
764.757
764.817
764.856
764.887
764.917
764.959
764.997
765.026
765.061
765.091
765.122
765.16
765.197
765.227
765.257
765.287
765.317
765.357
765.392
765.424
765.462
765.502
765.532
765.572
765.606
765.637
765.667
765.707
765.737
765.767
765.8
765.844
765.882
765.923
765.962
765.992
766.022
766.06
766.092
766.123
766.162
766.201
766.231
766.275
766.313
766.351
766.381
766.411
766.441
766.482
766.512
766.542
766.581
766.612
766.652
766.691
766.723
766.762
766.792
766.822
766.852
766.882
766.916
766.951
766.987
767.017
767.047
767.078
767.117
767.152
767.182
767.212
767.242
767.271
767.303
767.332
767.366
767.398
767.438
767.467
767.498
767.538
767.573
767.614
767.653
767.696
767.733
767.763
767.797
767.827
767.858
767.889
767.928
767.96
768.002
768.033
768.073
768.113
768.143
768.173
768.21
768.247
768.277
768.308
768.337
768.368
768.398
768.433
768.463
768.503
768.532
768.562
768.593
768.641
768.678
768.707
768.738
768.768
768.798
768.828
768.862
768.893
768.925
768.964
768.994
769.039
769.074
769.115
769.152
769.182
769.213
769.242
769.281
769.318
769.348
769.378
769.408
769.438
769.468
769.504
769.533
769.563
769.594
769.624
769.654
769.684
769.719
769.748
769.779
769.809
769.839
769.869
769.899
769.934
769.964
769.994
770.025
770.054
770.085
770.114
770.149
770.179
770.212
770.249
770.291
770.329
770.364
770.394
770.426
770.465
770.502
770.54
770.574
770.605
770.635
770.675
770.704
770.736
770.776
770.811
770.85
770.88
770.91
770.95
770.98
771.015
771.045
771.085
771.115
771.155
771.197
771.24
771.27
771.3
771.33
771.36
771.4
771.43
771.465
771.494
771.527
771.565
771.595
771.625
771.655
771.689
771.72
771.749
771.78
771.81
771.841
771.87
771.905
771.935
771.966
771.998
772.036
772.076
772.11
772.141
772.171
772.2
772.231
772.271
772.301
772.336
772.366
772.395
772.426
772.466
772.496
772.526
772.56
772.59
772.62
772.65
772.68
772.71
772.742
772.783
772.821
772.85
772.881
772.911
772.941
772.971
773.005
773.036
773.067
773.097
773.127
773.157
773.196
773.231
773.262
773.295
773.331
773.361
773.392
773.422
773.457
773.487
773.517
773.547
773.576
773.607
773.637
773.679
773.718
773.758
773.797
773.837
773.868
773.903
773.942
773.973
774.012
774.042
774.072
774.113
774.156
774.186
774.216
774.247
774.287
774.322
774.353
774.392
774.432
774.462
774.492
774.528
774.566
774.597
774.627
774.657
774.688
774.745
774.783
774.844
774.887
774.918
774.953
774.982
775.012
775.042
775.072
775.102
775.133
775.171
775.209
775.248
775.287
775.318
775.348
775.382
775.413
775.443
775.473
775.503
775.532
775.563
775.605
775.643
775.673
775.702
775.732
775.763
775.793
775.828
775.858
775.888
775.919
775.958
775.988
776.018
776.055
776.093
776.123
776.153
776.183
776.213
776.243
776.273
776.307
776.345
776.384
776.414
776.446
776.483
776.522
776.559
776.601
776.639
776.68
776.72
776.756
776.801
776.841
776.879
776.913
776.944
776.979
777.008
777.038
777.069
777.098
777.128
777.158
777.193
777.224
777.254
777.296
777.34
777.379
777.421
777.459
777.499
777.539
777.579
777.622
777.659
777.689
777.719
777.751
777.79
777.825
777.864
777.894
777.923
777.953
777.983
778.027
778.065
778.095
778.14
778.18
778.21
778.246
778.285
778.314
778.346
778.385
778.425
778.464
778.495
778.535
778.575
778.604
778.635
778.67
778.7
778.732
778.77
778.811
778.85
778.888
778.925
778.955
778.985
779.015
779.056
779.091
779.131
779.17
779.2
779.23
779.26
779.296
779.335
779.375
779.405
779.445
779.474
779.505
779.539
779.571
779.611
779.641
779.671
779.711
779.747
779.785
779.815
779.845
779.876
779.905
779.935
779.97
780.007
780.046
780.079
780.116
780.146
780.194
780.232
780.271
780.311
780.341
780.381
780.415
780.446
780.486
780.526
780.565
780.596
780.63
780.661
780.7
780.731
780.761
780.791
780.831
780.871
780.913
780.952
780.981
781.012
781.059
781.097
781.138
781.176
781.207
781.237
781.272
781.302
781.333
781.372
781.402
781.443
781.478
781.517
781.546
781.578
781.617
781.647
781.682
781.711
781.742
781.782
781.822
781.862
781.897
781.937
781.967
781.997
782.027
782.057
782.087
782.121
782.152
782.191
782.222
782.252
782.291
782.322
782.358
782.397
782.427
782.467
782.507
782.536
782.571
782.601
782.633
782.672
782.702
782.732
782.761
782.796
782.834
782.872
782.903
782.942
782.972
783.011
783.048
783.088
783.128
783.168
783.198
783.233
783.263
783.303
783.332
783.363
783.393
783.437
783.468
783.498
783.528
783.568
783.598
783.647
783.678
783.709
783.739
783.769
783.81
783.849
783.883
783.914
783.954
783.984
784.014
784.054
784.089
784.119
784.159
784.199
784.239
784.293
784.325
784.364
784.394
784.434
784.465
784.509
784.545
784.586
784.624
784.654
784.684
784.719
784.759
784.799
784.829
784.859
784.889
784.93
784.968
784.998
785.028
785.059
785.089
785.121
785.155
785.196
785.243
785.274
785.304
785.334
785.369
785.399
785.429
785.459
785.489
785.529
785.569
785.6
785.629
785.66
785.689
785.719
785.749
785.779
785.814
785.844
785.889
785.919
785.949
785.98
786.015
786.055
786.085
786.115
786.145
786.175
786.215
786.251
786.29
786.32
786.36
786.39
786.42
786.45
786.485
786.518
786.554
786.584
786.617
786.656
786.691
786.731
786.77
786.801
786.842
786.881
786.919
786.956
786.985
787.015
787.046
787.076
787.106
787.141
787.171
787.21
787.241
787.281
787.311
787.345
787.375
787.405
787.435
787.465
787.496
787.525
787.559
787.595
787.625
787.656
787.686
787.716
787.746
787.78
787.811
787.841
787.871
787.902
787.931
787.961
787.995
788.026
788.056
788.087
788.117
788.157
788.199
788.239
788.277
788.32
788.356
788.387
788.423
788.462
788.492
788.522
788.551
788.583
788.622
788.657
788.687
788.717
788.746
788.777
788.807
788.838
788.872
788.901
788.931
788.961
788.992
789.033
789.076
789.107
789.138
789.177
789.207
789.247
789.289
789.33
789.367
789.397
789.427
789.457
789.492
789.522
789.552
789.591
789.628
789.658
789.692
789.723
789.753
789.783
789.813
789.856
789.896
789.932
789.963
789.992
790.022
790.052
790.082
790.116
790.153
790.183
790.212
790.242
790.272
790.303
790.337
790.368
790.398
790.428
790.458
790.489
790.544
790.583
790.628
790.658
790.688
790.718
790.76
790.8
790.84
790.882
790.914
790.952
790.987
791.023
791.063
791.094
791.134
791.164
791.199
791.24
791.278
791.309
791.338
791.368
791.403
791.433
791.464
791.493
791.524
791.553
791.585
791.632
791.669
791.699
791.729
791.765
791.804
791.844
791.883
791.913
791.943
791.973
792.004
792.033
792.068
792.099
792.14
792.179
792.208
792.238
792.279
792.308
792.34
792.379
792.409
792.438
792.479
792.509
792.541
792.58
792.619
792.659
792.694
792.724
792.753
792.785
792.827
792.864
792.898
792.935
792.965
792.995
793.025
793.054
793.084
793.12
793.16
793.189
793.219
793.25
793.279
793.309
793.344
793.375
793.405
793.436
793.475
793.515
793.55
793.58
793.62
793.65
793.68
793.71
793.743
793.777
793.822
793.862
793.9
793.93
793.961
794.004
794.043
794.084
794.121
794.151
794.191
794.226
794.266
794.296
794.336
794.366
794.395
794.432
794.47
794.5
794.53
794.56
794.59
794.621
794.664
794.702
794.743
794.781
794.813
794.871
794.901
794.931
794.97
795.001
795.031
795.071
795.101
795.131
795.164
795.201
795.231
795.261
795.296
795.326
795.358
795.396
795.436
795.466
795.502
795.532
795.571
795.601
795.631
795.671
795.714
795.751
795.791
795.82
795.851
795.891
795.927
795.966
795.997
796.037
796.075
796.106
796.141
796.171
796.2
796.231
796.261
796.291
796.321
796.357
796.396
796.427
796.467
796.497
796.526
796.563
796.592
796.622
796.651
796.682
796.712
796.741
796.781
796.817
796.847
796.878
796.918
796.947
796.982
797.012
797.045
797.083
797.123
797.152
797.183
797.218
797.251
797.29
797.328
797.357
797.387
797.421
797.46
797.497
797.527
797.558
797.588
797.618
797.653
797.683
797.723
797.762
797.792
797.822
797.859
797.898
797.928
797.958
797.988
798.018
798.058
798.093
798.123
798.153
798.183
798.214
798.244
798.274
798.308
798.339
798.369
798.399
798.439
798.478
798.513
798.546
798.586
798.623
798.653
798.684
798.726
798.764
798.804
798.834
798.865
798.903
798.938
798.968
798.998
799.028
799.068
799.107
799.142
799.173
799.203
799.243
799.275
799.332
799.401
