7.85137
9.4043
11.114
12.897
13.7379
15.0837
16.863
18.3582
18.557
19.8872
20.9533
22.6539
24.0072
24.2677
24.6573
26.404
27.0829
27.7399
29.568
30.1803
31.7399
31.9028
32.1505
33.8141
34.654
36.1262
37.4018
38.2487
39.1392
40.6572
42.4381
43.0579
43.5086
44.0371
45.7203
47.4038
48.4374
49.1063
50.6407
52.3374
52.9982
54.6902
55.581
57.3924
57.6027
57.8181
58.6562
59.7271
60.6198
61.1255
62.8671
64.5487
64.9689
66.8236
67.2358
68.0628
68.9741
70.0353
70.2863
71.184
72.2548
73.9974
75.3016
75.5041
76.3592
77.4639
77.972
78.3848
79.6488
81.3979
82.0783
83.9044
84.0616
85.2233
86.9542
87.1608
87.5962
87.8258
88.0345
89.7409
91.0125
92.8289
93.2821
95.0798
95.9538
97.679
99.4601
101.098
101.326
103.072
104.406
106.152
106.821
108.608
109.905
110.337
111.758
112.12
112.5
114.292
115.138
116.26
116.724
117.31
117.734
119.459
121.239
121.668
121.846
123.424
123.845
124.489
125.852
126.947
127.794
129.071
130.788
130.993
131.249
132.944
133.179
134.894
136.227
136.37
136.835
138.162
139.901
141.694
143.394
145.144
146.814
148.553
148.975
149.426
151.159
152.91
154.635
154.829
155.027
155.249
156.529
158.249
159.969
160.173
161.885
163.584
165.275
167.006
168.784
170.04
171.753
171.936
172.142
173.417
175.112
176.88
178.557
180.272
181.955
183.704
185.501
187.256
188.923
190.639
191.907
193.409
193.855
195.332
195.815
197.29
198.849
199.911
200.131
200.29
201.993
203.254
203.697
205.135
205.599
207.285
207.495
207.705
209.427
210.064
210.71
211.802
213.499
213.79
215.48
216.922
217.169
217.578
218.074
218.253
218.709
220.372
220.721
222.399
222.574
223.003
224.364
226.029
226.909
227.588
227.781
228.447
230.113
230.946
231.62
233.242
233.45
234.1
234.719
236.24
237.674
239.367
240.853
241.469
243.155
244.466
246.242
246.887
247.126
248.365
248.811
250.326
250.999
252.76
253.914
254.541
255.884
257.359
258.62
260.088
260.549
260.75
261.192
261.71
263.34
264.042
264.247
265.948
267.688
269.429
271.112
272.872
273.757
275.439
275.868
277.523
277.961
278.21
278.462
280.167
281.917
283.658
285.373
285.994
286.205
287.966
289.669
291.327
291.961
292.149
293.801
294.461
296.138
297.867
299.515
301.243
302.113
303.818
304.259
305.977
306.192
306.864
308.14
309.868
310.725
311.393
313.064
314.399
314.689
315.454
315.707
317.011
317.305
319.118
319.573
320.037
321.668
323.407
325.09
325.982
327.277
327.7
328.799
330.11
331.828
333.59
335.3
337.04
338.747
340.467
342.19
343.502
343.896
345.157
346.856
347.045
347.286
349.052
349.892
350.335
352.052
353.795
354.875
355.539
356.604
358.299
358.912
359.979
360.417
360.858
361.532
362.417
364.228
365.947
366.178
367.818
368.039
369.18
370.86
372.531
373.214
374.487
374.923
375.142
376.394
377.055
378.841
380.51
381.576
382.403
382.638
384.321
386.085
387.781
389.078
390.176
391.839
392.275
393.981
395.691
397.422
397.877
399.582
400.214
401.952
402.168
403.938
404.187
405.941
406.798
407.213
408.304
408.746
409.378
410.666
412.393
412.816
413.701
415.436
416.463
417.38
417.555
418.616
420.369
421.436
422.128
422.738
424.492
425.871
426.221
426.454
428.181
428.812
429.159
430.816
431.28
432.939
434.707
436.374
437.257
438.624
439.215
440.908
442.626
443.038
444.734
445.166
445.612
447.46
449.26
449.771
451.452
451.658
453.374
453.681
455.514
457.262
459.024
460.727
461.139
461.812
463.554
465.267
466.979
467.47
469.193
470.946
472.672
474.395
474.634
475.709
477.401
479.166
480.892
481.761
483.328
483.704
485.42
487.174
487.388
489.092
490.779
491.485
492.155
493.418
495.136
496.841
497.488
499.19
499.842
501.616
502.742
504.482
506.25
507.997
509.544
509.98
511.725
513.455
515.194
516.894
518.629
520.337
522.054
523.771
525.525
527.276
529.036
530.78
531.425
533.124
534.772
536.523
538.212
539.982
541.769
543.477
545.171
546.914
548.602
550.382
552.078
553.78
555.488
557.248
559.001
559.424
561.166
561.619
561.95
563.61
565.319
566.342
567.19
567.397
568.904
569.105
570.792
571.654
573.386
575.161
576.876
578.553
580.303
582.035
583.732
585.411
587.177
588.948
590.698
591.52
593.271
595.006
596.678
598.404
600.089
601.788
