0.0033583
0.000236183
0.00279722
0.0236746
0.000969146
0.00397178
0.00201234
0.000600233
0.00936625
0.00264742
0.00315704
0.00739938
0.000683025
0.00154062
0.00115745
0.00658966
0.00396818
0.0148192
0.0473676
0.00448292
0.044025
0.00154488
0.00336101
0.00649578
0.0140482
0.0108912
0.0208188
0.0172332
0.00132364
0.00421958
0.0326087
0.0121523
0.00171201
0.00115069
0.0474734
0.00133691
0.00528764
0.000817447
0.0153832
0.00338859
0.000707464
0.000795394
0.00122912
0.00228672
0.0130858
0.00749559
0.00406492
0.0141635
0.00114492
0.00752968
0.00203411
0.000779601
0.00140423
0.0016054
0.00263911
0.0097009
0.0097788
0.000660243
0.00649691
0.000520601
0.00132493
0.0192267
0.0111986
0.00374293
0.00477448
0.000504849
0.00042341
0.0187182
0.00606582
0.000862859
0.00101787
0.0461301
0.00280229
0.00242053
0.0104916
0.0123575
0.00864207
0.00274464
0.00115526
0.00231301
0.00284942
0.0217121
0.00175184
0.0120337
0.00122049
0.00457257
0.0288561
0.0163857
0.0137297
0.00879904
0.0160822
0.00614161
0.00104318
0.00225645
0.00112397
0.00910736
0.00268679
0.000968546
0.00405804
0.00142357
0.00165464
0.00784434
0.00122978
0.00111911
0.00118963
0.00372797
0.022413
0.000968787
0.00922138
0.00527763
0.00699203
0.00959734
0.0122098
0.00174977
0.0181722
0.00337407
0.00982188
0.00137498
0.000924711
0.000672138
0.00531257
0.00110598
0.000874211
0.00490428
0.00981681
0.0295175
0.00276864
0.0143242
0.002633
0.00106576
0.00110396
0.00270133
0.00480447
0.0212404
0.00303184
0.00515533
0.0109755
0.0148463
0.00272119
0.00449684
0.00475496
0.0034912
0.00241624
0.00527309
0.00721739
0.00971033
0.00416392
0.00631074
0.00165815
0.00273601
0.0180794
0.000819426
0.00622854
0.0108614
0.00494607
0.00750889
0.00667237
0.00684819
0.00435563
0.0105884
0.00688891
0.00516447
0.00207902
0.00733932
0.0189135
0.00393374
0.00499094
0.000708736
0.00526512
0.00435987
0.00138217
0.0319725
0.00193972
0.0048727
0.0137344
0.000896934
0.00229852
0.00895529
0.00108727
0.00141027
0.0160728
0.00184634
0.0176189
0.0215962
0.0036158
0.000688281
0.00080795
0.00156096
0.0012848
0.00313992
0.00995425
0.00733758
0.00258687
0.012811
0.0109714
0.0208427
0.000865182
0.000510386
0.0233631
0.00871389
0.030692
0.000657858
0.0191996
0.00139499
0.0133268
0.026148
0.000300795
0.0168096
0.00166623
0.00297338
0.00561876
0.0187472
0.00494488
0.0201936
0.000722698
0.00350633
0.0123375
0.00427317
0.00449093
0.0135168
0.00459526
0.0043013
0.00178711
0.00454299
0.000980152
0.00522351
0.00830522
0.00252586
0.00157961
0.00193549
0.00377821
0.0090725
0.00321239
0.0103675
0.000950524
0.00139167
0.00364149
0.00157963
0.00121603
0.00285102
0.00788265
0.00344219
0.00288893
0.00791463
0.00176574
0.00116461
0.0204856
0.0163537
0.0155486
0.00407552
0.00118269
0.00153479
0.00378738
0.0072152
0.00501967
0.00463543
0.0155683
0.00168696
0.00271529
0.00203494
0.00394331
0.0101707
0.00955704
0.00205396
0.00204512
0.00148403
0.00293039
0.00513348
0.00220053
0.012342
0.0100761
0.008187
0.0196594
0.00103191
0.0162925
0.00172088
0.0115015
0.0102361
0.00540382
0.00781618
0.00831625
0.00133752
0.00187877
0.00114934
0.00419938
0.00638589
0.00214534
0.00463147
0.00245765
0.00592977
0.00662647
0.0150685
0.00182429
0.00735431
0.00157387
0.00639215
0.00227549
0.00640738
0.00586071
0.00500057
0.00472822
0.0075055
0.0042309
0.0021637
0.000944286
0.0201768
0.00943914
0.0107638
0.0126137
0.00177626
0.0030316
0.0187572
0.00110363
0.00201222
0.0160288
0.0100549
0.00101392
0.000753771
0.0038064
0.008431
0.00110509
0.00748459
0.0140913
0.00592662
0.00990696
0.00161841
0.00401263
0.00199838
0.00158215
0.00112065
0.00126164
0.00681097
0.0012327
0.000934291
0.0155087
0.005225
0.00158845
0.0200691
0.00218505
0.00267035
0.00624444
0.00572054
0.00177743
0.00138695
0.00620271
0.00928947
0.00670267
0.00500725
0.0022821
0.00237946
0.000936229
0.00836011
0.00238364
0.00112351
0.00103267
0.00528792
0.000862247
0.0120199
0.00808907
0.00173335
0.0034612
0.00226934
0.00552516
0.000529305
0.00987488
0.0162559
0.0028049
0.00353297
0.000561555
0.00687116
0.00935026
0.0186881
0.00353826
0.00692395
0.000964772
0.00117303
0.00174811
0.012616
0.00886116
0.00106294
0.00505414
0.00106659
0.00174548
0.00110291
0.00462857
0.00365611
0.0055885
0.0027015
0.00366772
0.00246164
0.0102503
0.0028383
0.0235163
0.0249824
0.00119996
0.0223235
0.0148404
0.015031
0.00234385
0.0135357
0.0133584
0.00472282
0.00137917
0.00112822
0.00319817
0.015986
0.00126541
0.00667011
0.00364386
0.0122577
0.00269443
0.00236976
0.00982125
0.00125988
0.00373171
0.00458285
0.00181606
0.00323476
0.0042673
0.00449795
0.00767134
0.00703004
0.000851571
0.00107906
0.00280244
0.00217707
0.00214666
0.0110494
0.0199688
0.00449503
0.00135343
0.00679971
0.0290361
0.0083538
0.00641197
0.00779971
0.0138437
0.00323164
0.00124172
0.00749721
0.00182861
0.00252024
0.00193491
0.00379823
0.00245223
0.00712995
0.00719118
0.00384749
0.00343776
0.00620054
0.0177038
0.0153888
0.0137343
0.0166121
0.00993038
0.00810446
0.00727114
0.00917926
0.00680707
0.00577721
0.00469638
0.00562192
0.00218337
0.0173477
0.0146112
0.0124731
0.0123518
0.0140006
0.0145202
0.0132873
0.0104418
0.00979736
0.0111372
0.00694398
0.00587741
0.0053441
0.00712113
0.00505013
0.00345433
0.00553479
0.00882191
0.00883405
0.000587606
0.00182829
0.00196536
0.00356347
0.00122073
0.00386763
0.000714434
0.00155945
0.00277581
0.00880225
0.0102465
0.0086905
0.00925344
0.0129826
0.0097219
0.00766445
0.00751387
0.0100773
0.012066
0.0137492
0.00829891
0.00635739
0.0128152
0.0131411
0.0122095
0.00828325
0.00844655
0.0073895
0.00388389
