0.202213
0.202213
0.202218
0.202229
0.202235
0.202406
0.202420
0.202435
0.202476
0.202608
0.225498
0.358938
0.509803
0.676115
0.792844
0.899442
0.976253
0.991303
1.141863
1.478633
1.806696
2.064923
2.184144
2.262904
2.328830
2.394136
2.460501
2.564339
2.677029
2.820201
2.938366
3.034858
3.113718
3.157756
3.203700
3.279606
3.376364
3.497870
3.634319
3.794220
3.920245
4.037185
4.117707
4.161465
4.190300
4.225914
4.283689
4.350401
4.443123
4.514919
4.555218
4.650762
4.764764
4.869934
4.968453
5.066230
5.192430
5.322073
5.500109
5.666875
5.845311
5.996689
6.135194
6.282493
6.429217
6.629863
6.827057
7.044877
7.275286
7.553711
7.828941
8.106778
8.332646
8.571835
8.739899
8.877416
9.032664
9.193646
9.419566
9.667257
9.881555
10.111962
10.269727
10.377732
10.463589
10.557139
10.630912
10.720514
10.864287
11.038334
11.221669
11.446888
11.687775
11.936505
12.156004
12.405044
12.631775
12.799785
12.959128
13.061333
13.142921
13.243566
13.386258
13.521843
13.644897
13.784335
13.925265
14.119369
14.306332
14.541834
14.799883
15.017092
15.235041
15.372378
15.509313
15.704788
15.960597
16.160826
16.321819
16.416661
16.476249
16.542427
16.640265
16.758147
16.872975
17.013064
17.130087
17.253101
17.344427
17.401988
17.455545
17.528413
17.633562
17.769535
17.953176
18.130337
18.329868
18.538717
18.727075
18.860129
18.990948
19.119999
19.277889
19.429419
19.604159
19.787193
19.933453
20.039606
20.178055
20.313524
20.326603
20.407193
20.538301
20.723972
20.901022
21.095845
21.338540
21.597278
21.815101
22.025079
22.264899
22.467922
22.695561
22.883066
23.096945
23.284092
23.514810
23.721146
23.969645
24.189442
24.400273
24.598501
24.819677
25.063023
25.248713
25.473942
25.672701
25.902727
26.116056
26.305751
26.502209
26.739889
26.987075
27.207909
27.438955
27.713242
27.994942
28.230412
28.498770
28.752619
28.966079
29.165315
29.372188
29.541428
29.672243
29.775113
29.884056
30.031407
30.178349
30.378699
30.552136
30.677244
30.777619
30.902659
31.026318
31.174403
31.377271
31.578241
31.798966
32.028946
32.250069
32.495011
32.703581
32.916465
33.170614
33.384307
33.575285
33.750132
33.886772
33.979457
34.066087
34.138782
34.245407
34.362472
34.498327
34.641546
34.819657
35.017754
35.229551
35.446038
35.638536
35.867679
36.062113
36.287045
36.469607
36.634331
36.807726
36.956612
37.131947
37.276567
37.433020
37.552457
37.654961
37.743476
37.855613
37.993531
38.191423
38.381039
38.599983
38.834610
39.072129
39.306277
39.509309
39.743718
39.938676
40.165059
40.356952
40.548742
40.770411
40.966646
41.164705
41.358950
41.582704
41.809651
42.009370
42.214748
42.377575
42.532323
42.691216
42.879724
43.046722
43.228308
43.455160
43.691298
43.901039
44.106515
44.336047
44.522753
44.708684
44.900854
45.128651
45.317359
45.531081
45.720892
45.953037
46.191865
46.395088
46.623724
46.853806
47.085255
47.312511
47.542958
47.772146
47.967957
48.170743
48.401246
48.613839
48.815336
49.014198
49.242250
49.471983
49.663794
49.887778
50.103995
50.322781
50.520143
50.729501
50.941013
51.179677
51.402591
51.627229
51.855569
52.046591
52.251335
52.459448
52.647416
52.886584
53.095012
53.312373
53.473138
53.614078
53.768505
53.888044
54.007805
54.091200
54.157284
54.213731
54.261402
54.309033
54.360281
54.422630
54.489735
54.592715
54.789736
54.971746
55.201634
55.401342
55.582799
55.787397
56.004019
56.202239
56.437304
56.671069
56.866832
57.102719
57.342859
57.561298
57.808575
58.055412
58.264165
58.415682
58.575835
58.761597
58.997715
59.230052
59.463315
59.663705
59.902542
60.128019
60.359807
60.641068
60.882181
61.156089
61.431841
61.656992
61.907501
62.154538
62.406474
62.629265
62.780778
62.911290
63.000887
63.072665
63.162959
63.305333
63.485266
63.622830
63.700223
63.786941
63.925283
64.066906
64.224923
64.355407
64.532768
64.693552
64.885150
65.081127
65.263965
65.494163
65.694727
65.933793
66.137906
66.363307
66.567535
66.763269
66.983154
67.204253
67.405430
67.608725
67.825166
68.029660
68.263234
68.452993
68.636049
68.850205
69.047969
69.291574
69.534645
69.764528
69.997735
70.204679
70.437139
70.634441
70.858007
71.075600
71.287966
71.473782
71.693241
71.885572
72.100120
72.317330
72.502786
72.724793
72.948338
73.183149
73.386444
73.619357
73.828281
74.012384
74.186672
74.373549
74.609151
74.811430
75.031320
75.214372
75.430924
75.631880
75.864119
76.091647
76.269890
76.461953
76.626310
76.789364
76.977031
77.131038
77.301236
77.408808
77.458913
77.516910
77.603714
77.713549
77.844888
78.018809
78.211449
78.394352
78.562604
78.628433
78.671735
78.745976
78.839325
78.962733
79.147879
79.371759
79.633768
79.867255
80.117929
80.315263
80.547798
80.753895
80.993110
81.199599
81.422364
81.612476
81.836756
82.059728
82.290986
82.490129
82.724127
82.926074
83.157389
83.349768
83.545478
83.751979
83.939412
84.171538
84.410724
84.644599
84.843531
85.067357
85.250050
85.467779
85.663855
85.904267
86.109025
86.309978
86.532069
86.739418
86.953462
87.190798
87.432603
87.620918
87.826429
88.018112
88.198743
88.405834
88.558924
88.730118
88.883047
89.097776
89.304323
89.543458
89.737747
89.929040
90.158604
90.364807
90.543781
90.817959
91.056975
91.238747
91.507585
91.713897
91.958571
92.169667
92.375788
92.560379
92.716353
92.850691
92.965381
93.080648
93.224072
93.357394
93.451894
93.574979
93.729198
93.924856
94.106808
94.300657
94.503211
94.733709
94.921152
95.053712
95.159070
95.245132
95.354784
95.459560
95.574455
95.715176
95.840154
95.970769
96.065631
96.188192
96.338936
96.482653
96.645968
96.792168
96.904586
96.980673
97.098145
97.232150
97.418547
97.636389
97.867238
98.103989
98.306585
98.549558
98.756748
98.953052
99.129331
99.314926
99.490404
99.673997
99.859639
100.081217
100.278059
100.476404
100.692583
100.905665
101.139775
101.346795
101.525605
101.755941
101.998715
102.206542
102.440636
102.640996
102.839701
103.069918
103.262374
103.453206
103.681851
103.882576
104.075488
104.250281
104.365230
104.445852
104.606975
104.753285
104.864483
104.993825
105.114100
105.232457
105.341389
105.406489
105.482857
105.597094
105.741637
105.929952
106.117633
106.353731
106.560201
106.778404
106.992757
107.219914
107.433468
107.680854
107.923730
108.126220
108.330083
108.585237
108.795613
109.024865
109.213249
109.435383
109.636869
109.875332
110.078118
110.246468
110.366174
110.470767
110.574326
110.672176
110.784340
110.887516
111.009011
111.109207
111.227511
111.343808
111.486961
111.653650
111.818910
112.026079
112.216278
112.419170
112.587372
112.746054
112.884187
113.017396
113.172703
113.315758
113.425607
113.478417
113.513340
113.586470
113.679872
113.795987
113.924675
114.045107
114.146420
114.224949
114.312095
114.414447
114.521854
114.640189
114.771021
114.903010
115.024704
115.149293
115.246263
115.339632
115.445995
115.545564
115.621500
115.701391
115.822942
116.023555
116.252138
116.449558
116.648971
116.789479
116.908637
116.975230
117.002353
117.033245
117.082129
117.139501
117.174481
117.217965
117.332951
117.483034
117.670405
117.885229
118.119461
118.342596
118.520271
118.704926
118.865752
118.994825
119.132089
119.274062
119.428621
119.583891
119.705545
119.879861
120.044004
120.221530
120.424339
120.676285
120.912409
121.126884
121.292995
121.366209
121.466487
121.685781
122.002022
122.288237
122.505488
122.667546
122.849423
123.049193
123.287858
123.538461
123.828648
124.067922
124.296298
124.552428
124.762381
124.998666
125.199878
125.411681
125.624845
125.824650
126.042426
126.253421
126.487012
126.663341
126.934070
127.133909
127.358681
127.553567
127.737668
127.915389
128.088186
128.287565
128.456964
128.655027
128.832670
129.049773
129.242393
129.478812
129.688339
129.903926
130.158290
130.424078
130.652392
130.879920
131.143936
131.347952
131.621144
131.832637
132.046353
132.238636
132.482908
132.693064
132.891008
133.102295
133.303857
133.514222
133.726972
133.952449
134.165713
134.408764
134.638319
134.853010
135.071139
135.259954
135.446608
135.642367
135.874564
136.076048
136.276822
136.478668
136.674065
136.901559
137.103219
137.345655
137.562205
137.776755
138.029924
138.234166
138.407161
138.550287
138.631172
138.675233
138.730745
138.819808
138.946887
139.121809
139.351069
139.598408
139.840274
140.082780
140.321528
140.539221
140.733658
140.935260
141.133069
141.337510
141.544127
141.774315
141.973022
142.167440
142.434088
142.694286
142.953544
143.199725
143.469870
143.732496
143.987804
144.244977
144.494479
144.739438
144.970669
145.200171
145.408471
145.632929
145.829824
146.024376
146.232336
146.459571
146.689165
146.898760
147.110028
147.350830
147.551084
147.788432
148.024830
148.257842
148.465357
148.662569
148.844760
149.033910
149.231629
149.420164
149.641885
149.845222
150.073036
150.310572
150.516493
150.725778
150.975785
151.191273
151.408068
151.624796
151.840529
152.086202
152.296666
152.539268
152.736605
152.960546
153.191347
153.391487
153.586680
153.831796
154.029500
154.219021
154.455894
154.659435
154.874528
155.109184
155.313622
155.524515
155.717663
155.952340
156.161973
156.406987
156.607566
156.810349
157.005816
157.233992
157.449965
157.666017
157.890569
158.090577
158.326208
158.526877
158.739725
158.965665
159.163440
159.399558
159.638632
159.870516
160.069332
160.267607
160.465161
160.661298
160.891457
161.089252
161.324834
161.542715
161.736088
161.964841
162.156170
162.351502
162.551751
162.767135
162.973617
163.203471
163.399049
163.632191
163.836851
164.049523
164.258899
164.446722
164.621227
164.794991
165.009740
165.225577
165.457295
165.708063
165.905362
166.155514
166.367383
166.559296
166.745294
166.936581
167.142289
167.363319
167.561151
167.794958
167.995703
168.231480
168.430400
168.628385
168.832512
169.029125
169.273973
169.457279
169.673085
169.905980
170.100474
170.317115
170.517901
170.701403
170.903611
171.076087
171.244463
171.436229
171.615712
171.734839
171.818561
171.912838
172.039090
172.203168
172.413089
172.645949
172.888665
173.126852
173.382708
173.603157
173.777159
173.975090
174.187064
174.401919
174.584270
174.773133
174.968491
175.193782
175.390415
175.591340
175.775145
175.959646
176.133312
176.309345
176.489349
176.643722
176.781700
176.911843
177.025067
177.132528
177.271874
177.438518
177.644239
177.831001
177.996810
178.157431
178.337071
178.549053
178.772041
178.971598
179.174652
179.402604
179.597234
179.789536
180.009644
180.237583
180.468040
180.678579
180.860799
181.034048
181.173393
181.284035
181.487166
181.724329
181.972608
182.200611
182.397223
182.569111
182.725743
182.934686
183.159727
183.326874
183.489828
183.664612
183.868988
184.095197
184.298146
184.470903
184.623412
184.782255
184.958654
185.184604
185.379461
185.602669
185.784697
185.973210
186.163524
186.312897
186.464766
186.676471
186.849850
186.976144
187.056269
187.132023
187.190506
187.245683
187.307932
187.406476
187.538275
187.685496
187.859792
188.046559
188.219647
188.400575
188.571600
188.717118
188.867345
189.049517
189.252088
189.463823
189.699882
189.936810
190.155937
190.324693
190.518756
190.648656
190.750646
190.873730
190.999597
191.146246
191.268721
191.393336
191.546034
191.778660
192.012101
192.253150
192.468430
192.665780
192.830592
192.956196
193.124939
193.381710
193.619523
193.844234
194.044685
194.240454
194.409036
194.614554
194.776718
194.947335
195.071882
195.207825
195.323871
195.458702
195.588561
195.688980
195.748157
195.798169
195.883208
195.994284
196.081781
196.125087
196.134342
196.162356
196.218707
196.306717
196.425181
196.563869
196.705503
196.828785
196.945271
197.047252
197.140254
197.232461
197.326709
197.422437
197.525204
197.690245
197.823287
197.959761
198.158703
198.335278
198.568879
198.800741
198.990965
199.201104
199.460136
199.683643
199.906451
200.123249
200.296978
200.489076
200.607573
200.745573
200.890543
201.086980
201.325691
201.577921
201.827443
202.070253
202.298445
202.477718
202.608647
202.730294
202.902612
203.081987
203.328261
203.567367
203.764930
204.014873
204.210727
204.426208
204.613337
204.859064
205.074836
205.263568
205.390176
205.449118
205.505516
205.594414
205.784696
205.931893
206.058386
206.175313
206.323588
206.476030
206.643216
206.848950
207.071363
207.314892
207.562863
207.807209
208.027600
208.218951
208.453931
208.643905
208.797481
208.892224
209.041691
209.261057
209.502664
209.687293
209.837978
209.979162
210.118482
210.276499
210.451960
210.627848
210.822032
211.047419
211.271986
211.455012
211.594075
211.697530
211.770449
211.846656
211.959948
212.128973
212.328896
212.529008
212.724239
212.935640
213.150040
213.357137
213.573179
213.781691
213.995550
214.206261
214.416923
214.621495
214.821981
215.047619
215.263481
215.472865
215.678808
215.882424
216.095271
216.284052
216.435076
216.543979
216.634840
216.685183
216.728352
216.812460
216.980737
217.162089
217.367773
217.572423
217.790770
218.015904
218.236492
218.423135
218.601921
218.779727
218.949740
219.117540
219.283448
219.447739
219.612454
219.792419
219.950715
220.185658
220.391671
220.613114
220.816424
221.021581
221.238628
221.442511
221.653155
221.876489
222.097835
222.306797
222.507172
222.755499
222.981446
223.217861
223.430482
223.622444
223.826494
224.032894
224.208448
224.394053
224.579972
224.744776
224.922282
225.089743
225.331513
225.562361
225.805677
226.025520
226.235620
226.453249
226.683832
226.915685
227.124253
227.328359
227.518923
227.720512
227.913656
228.124871
228.347200
228.527563
228.748808
228.972214
229.229723
229.429650
229.628024
229.807035
230.026588
230.216646
230.332014
230.418359
230.489488
230.587718
230.720764
230.864896
231.018791
231.252060
231.490045
231.729512
231.969320
232.210300
232.411565
232.615601
232.813309
233.045518
233.279029
233.484251
233.706313
233.925196
234.135229
234.345385
234.549026
234.764340
234.969253
235.178326
235.403385
235.577717
235.777698
236.004382
236.195143
236.393686
236.650052
236.835394
237.042364
237.302516
237.506682
237.714372
237.925159
238.148612
238.373576
238.620073
238.838367
239.041317
239.209879
239.400439
239.634565
239.889234
240.129892
240.353961
240.555201
240.752484
240.933936
241.098478
241.260813
241.429316
241.594844
241.773151
241.960096
242.143398
242.335467
242.545368
242.745413
242.934350
243.135637
243.351786
243.569992
243.791909
244.033258
244.257860
244.512324
244.723499
244.914540
245.131083
245.329543
245.557891
245.753619
245.957966
246.155510
246.373359
246.609691
246.834279
246.999319
247.131166
247.227480
247.299156
247.390729
247.499932
247.620962
247.837526
248.056585
248.297146
248.543898
248.780231
249.010698
249.249715
249.449923
249.673676
249.873934
250.073573
250.272044
250.470383
250.689313
250.900387
251.113618
251.348245
251.552939
251.753111
251.965311
252.180285
252.422041
252.637421
252.861495
253.093757
253.304130
253.503763
253.729242
253.935069
254.145630
254.351114
254.573025
254.776332
255.022268
255.233538
255.443032
255.649128
255.848371
256.032420
256.232542
256.435253
256.641002
256.819905
256.995906
257.194078
257.386542
257.542793
257.660470
257.750079
257.851863
257.981275
258.138493
258.311721
258.529061
258.756978
258.990123
259.246698
259.482283
259.712389
259.910885
260.078193
260.215642
260.317821
260.418711
260.549784
260.724602
260.900735
261.085742
261.257163
261.437400
261.640809
261.852943
262.063631
262.320243
262.557756
262.790333
263.024342
263.259033
263.435895
263.660553
263.851084
264.035878
264.239082
264.400179
264.572368
264.741677
264.936557
265.115795
265.293487
265.478917
265.688227
265.902844
266.121323
266.275689
266.462763
266.631853
266.824889
267.021006
267.217009
267.363053
267.545221
267.684511
267.851348
268.029753
268.204457
268.402410
268.596760
268.801090
269.003707
269.219166
269.433416
269.655193
269.904729
270.152952
270.408500
270.640283
270.873826
271.095545
271.320141
271.522455
271.724480
271.917901
272.143172
272.350061
272.569712
272.783836
273.022564
273.251062
273.461474
273.699764
273.925946
274.131972
274.346777
274.551232
274.780252
274.967645
275.139032
275.326395
275.504535
275.670330
275.817245
276.046311
276.260270
276.444856
276.654741
276.861441
277.048741
277.251812
277.444565
277.631857
277.767224
277.898643
277.990184
278.144409
278.356637
278.601971
278.868299
279.137229
279.398625
279.665551
279.898224
280.122842
280.362387
280.607469
280.814506
281.013708
281.241428
281.462496
281.677435
281.887784
282.099286
282.327152
282.526675
282.762273
282.978675
283.195569
283.402231
283.627229
283.844326
284.054044
284.252160
284.472791
284.678316
284.879431
285.064743
285.275070
285.493884
285.687562
285.888503
286.098709
286.311404
286.513106
286.700525
286.920913
287.117320
287.312746
287.497713
287.681885
287.897615
288.059546
288.284315
288.498920
288.696778
288.927613
289.135030
289.329135
289.529640
289.715575
289.923325
290.128352
290.344877
290.552686
290.750319
290.947545
291.134722
291.307549
291.483058
291.611088
291.782632
291.955239
292.160163
292.347808
292.546215
292.759783
292.963540
293.176660
293.392912
293.610113
293.816429
294.002808
294.199755
294.356924
294.510167
294.676034
294.842623
295.014542
295.199270
295.408412
295.627203
295.846600
296.087332
296.289293
296.496277
296.726017
296.922830
297.102039
297.260306
297.363649
297.431109
297.515135
297.640641
297.804356
297.981149
298.173631
298.407605
298.609446
298.826259
299.042820
299.254461
299.452308
299.678758
299.875437
300.054515
300.284129
300.524019
300.740768
300.951309
301.151543
301.349839
301.526521
301.643372
301.704432
301.742502
301.790825
301.818424
301.840082
301.908908
302.007236
302.144853
302.278643
302.431119
302.572661
302.680209
302.811479
302.910677
302.985344
303.108847
303.262035
303.346115
303.407277
303.524191
303.708603
303.917219
304.144341
304.367585
304.579066
304.768474
305.009927
305.236908
305.447917
305.620922
305.848286
306.054026
306.269227
306.491766
306.710820
306.943944
307.149078
307.346557
307.518601
307.668027
307.830776
308.065604
308.279030
308.573108
308.777608
308.987956
309.214008
309.432556
309.657090
309.858448
310.077676
310.279347
310.486522
310.692494
310.896620
311.073254
311.268987
311.507529
311.762935
311.946759
312.162906
312.404390
312.600639
312.820144
313.037075
313.208468
313.355304
313.472522
313.565815
313.627782
313.685572
313.750874
313.858261
313.996383
314.144074
314.299059
314.440310
314.559436
314.675083
314.825471
315.002174
315.216418
315.459409
315.639534
315.857932
316.045050
316.195977
316.326578
316.441412
316.561925
316.697947
316.828162
317.017612
317.230674
317.429085
317.635710
317.863770
318.071283
318.244280
318.373260
318.456736
318.531994
318.567093
318.614816
318.687736
318.837271
319.009194
319.197456
319.485080
319.712857
319.948056
320.169882
320.390504
320.615622
320.854372
321.063076
321.266836
321.472168
321.629251
321.811643
322.049171
322.249794
322.444416
322.628774
322.778813
322.894539
322.981487
323.051640
323.124726
323.223097
323.363408
323.528794
323.704006
323.899923
324.088127
324.293708
324.514384
324.736794
324.953426
325.153333
325.350497
325.548455
325.737485
325.918867
326.121478
326.302260
326.498490
326.706358
326.921380
327.129392
327.301692
327.549799
327.782613
327.991483
328.200648
328.411764
328.618057
328.825240
329.026671
329.220406
329.405483
329.613274
329.828010
330.045343
330.218453
330.475079
330.681813
330.887344
331.075556
331.184459
331.232718
331.254127
331.296106
331.388333
331.512113
331.664671
331.854037
332.032954
332.136191
332.185231
332.204161
332.286012
332.402065
332.609918
332.812839
333.024062
333.253280
333.452936
333.626997
333.847262
334.040546
334.256391
334.441259
334.633106
334.852487
335.073344
335.302078
335.516253
335.732347
335.957421
336.167433
336.345570
336.573157
336.781531
336.986935
337.204848
337.444698
337.623131
337.863462
338.087220
338.290201
338.527425
338.761206
338.961735
339.211987
339.426658
339.648729
339.866546
340.081562
340.289458
340.499844
340.722119
340.958271
341.181221
341.391532
341.620068
341.829685
342.050608
342.268888
342.484442
342.676165
342.912399
343.081844
343.331906
343.535526
343.748859
343.934310
344.106966
344.259905
344.440768
344.659077
344.916928
345.126612
345.335730
345.545319
345.748145
345.970050
346.188136
346.397928
346.588820
346.781523
346.983082
347.199399
347.391429
347.557275
347.676421
347.726930
347.737828
347.793387
347.887990
348.003047
348.139341
348.315543
348.500553
348.663066
348.791014
348.916346
349.063499
349.201585
349.352505
349.513582
349.668524
349.841863
350.030102
350.241185
350.465452
350.700636
350.926065
351.185124
351.441126
351.673077
351.881655
352.051101
352.200949
352.315328
352.473668
352.634015
352.810016
352.999229
353.182871
353.351730
353.489644
353.581207
353.645517
353.716228
353.798849
353.967421
354.138775
354.300540
354.464898
354.623862
354.799007
354.970034
355.090000
355.169742
355.272404
355.384350
355.520510
355.690292
355.897998
356.038059
356.159333
356.292078
356.452794
356.634380
356.800663
356.961647
357.125989
357.273823
357.398713
357.512448
357.670723
357.835759
358.029881
358.213879
358.404015
358.588502
358.786571
358.985462
359.188350
359.403890
359.632826
359.829446
360.061305
360.222444
360.414260
360.621190
360.793203
360.931775
361.101724
361.258582
361.441795
361.629054
361.833610
362.021027
362.213386
362.406128
362.554896
362.632967
362.670765
362.761320
362.881673
363.030817
363.204016
363.363765
363.573929
363.819455
364.028674
364.251240
364.472567
364.695993
364.953238
365.192973
365.439447
365.650797
365.844504
366.013164
366.216274
366.374109
366.603929
366.830359
367.045070
367.290360
367.527025
367.722094
367.928924
368.060512
368.180093
368.324911
368.458771
368.573613
368.659580
368.716334
368.774793
368.896586
369.033086
369.169683
369.293995
369.417990
369.549364
369.685772
369.845163
370.024071
370.213356
370.356210
370.457364
370.528175
370.595185
370.668416
370.747857
370.848832
370.971816
371.130781
371.285057
371.486438
371.624478
371.784111
371.948566
372.139533
372.364188
372.570733
372.780568
372.999117
373.157641
373.223128
373.281748
373.359167
373.424168
373.556874
373.776161
374.006369
374.263571
374.485788
374.673969
374.850421
374.999118
375.191326
375.443712
375.680837
375.904728
376.106640
376.348393
376.501462
376.558107
376.626282
376.694117
376.819098
376.959232
377.141065
377.347479
377.543383
377.744924
377.967514
378.204090
378.373823
378.634120
378.832176
379.015591
379.215588
379.447676
379.660111
379.883080
380.094596
380.263304
380.392842
380.500179
380.552155
380.583821
380.655400
380.744649
380.907348
381.092003
381.297536
381.522583
381.820044
382.079642
382.345492
382.589551
382.834533
383.097020
383.363100
383.613377
383.863629
384.103013
384.321293
384.529025
384.736572
384.940185
385.141488
385.372910
385.608637
385.822077
386.025468
386.237904
386.448733
386.665971
386.855904
387.077714
387.221282
387.337108
387.438281
387.516348
387.541356
387.588239
387.692063
387.816258
387.937613
388.129905
388.324867
388.512636
388.731607
388.934726
389.142783
389.333626
389.534965
389.764068
389.960937
390.151420
390.361313
390.557257
390.769653
390.939818
391.178442
391.446254
391.688101
391.895825
392.135151
392.368070
392.493547
392.566215
392.587096
392.632412
392.732253
392.867628
393.047172
393.232208
393.454915
393.676328
393.919337
394.122734
394.344874
394.581696
394.805097
395.058932
395.295495
395.576416
395.860807
396.098165
396.323270
396.547918
396.809629
397.023762
397.238489
397.445578
397.673053
397.908208
398.116443
398.330040
398.512364
398.729489
398.933430
399.134347
399.351717
399.561615
399.771826
399.966622
400.101747
400.194290
400.271601
400.339743
400.471188
400.606933
400.800924
401.019060
401.203679
401.483888
401.738398
401.965989
402.197011
402.424302
402.641569
402.849123
403.093504
403.299286
403.513177
403.726045
403.923961
404.137389
404.355989
404.582990
404.784570
405.012336
405.206398
405.457016
405.641761
405.892739
406.110650
406.333985
406.548576
406.767352
406.976073
407.207031
407.400921
407.515879
407.581888
407.600536
407.650938
407.756468
407.900649
408.075877
408.284603
408.506176
408.729959
408.968194
409.175419
409.388917
409.579734
409.771983
409.998266
410.219484
410.418261
410.643796
410.845277
411.044741
411.254313
411.440348
411.628704
411.822263
412.006884
412.204261
412.413660
412.657446
412.900348
413.131451
413.345107
413.539494
413.728173
413.974927
414.181933
414.414883
414.625001
414.835318
415.050528
415.269673
415.480728
415.683595
415.867370
415.979170
416.010909
416.132790
416.340003
416.664509
416.915840
417.152514
417.358782
417.544681
417.726707
417.890137
418.054492
418.205333
418.364683
418.530375
418.737246
418.928951
419.135541
419.323653
419.520057
419.665380
419.748686
419.797117
419.833422
419.904466
420.022581
420.183374
420.378978
420.604997
420.771059
420.872849
420.975846
421.087888
421.198223
421.375034
421.563741
421.770475
422.000145
422.207438
422.432981
422.646644
422.870465
423.103665
423.328048
423.521863
423.717319
423.919813
424.152391
424.384139
424.605997
424.808671
424.992009
425.239998
425.458495
425.658178
425.894907
426.128333
426.331890
426.593469
426.805489
426.987618
427.143369
427.349821
427.536200
427.714026
427.891361
428.063121
428.214321
428.372677
428.518582
428.700708
428.883282
429.082663
429.286381
429.538303
429.718087
429.871715
429.982482
430.067087
430.136065
430.189296
430.279620
430.394255
430.532172
430.684139
430.861699
431.099196
431.337192
431.546169
431.818058
432.092385
432.316786
432.534207
432.766241
432.924541
433.163404
433.376097
433.548423
433.780464
433.980530
434.221785
434.435874
434.646532
434.879238
435.101525
435.344152
435.554115
435.764074
435.985656
436.218096
436.464434
436.706326
436.935586
437.131832
437.324397
437.506462
437.716805
437.931941
438.129321
438.347195
438.581373
438.807631
439.055957
439.324340
439.582341
439.811608
440.006914
440.178313
440.342192
440.520558
440.700066
440.863265
441.036157
441.215043
441.420465
441.650999
441.899308
442.127992
442.396483
442.632183
442.910918
443.125848
443.421721
443.667885
443.903735
444.151375
444.356881
444.594094
444.812997
445.009256
445.236561
445.464367
445.661886
445.867516
446.084299
446.321424
446.524216
446.762840
446.990577
447.222476
447.454023
447.690600
447.891996
448.098662
448.310143
448.545870
448.750874
448.975439
449.204682
449.418721
449.627943
449.830805
450.027721
450.238739
450.433802
450.633722
450.827624
451.074482
451.317832
451.530744
451.739829
451.946216
452.166001
452.325104
452.530002
452.712015
452.884812
453.055827
453.241078
453.424866
453.625082
453.850634
454.055743
454.283370
454.519189
454.765568
455.016967
455.237836
455.458150
455.683618
455.929293
456.144528
456.349492
456.549007
456.777134
456.942731
457.184024
457.371130
457.580561
457.789417
457.998209
458.232573
458.456581
458.697842
458.962928
459.224143
459.466049
459.675292
459.901169
460.089506
460.302589
460.513880
460.715092
460.904959
461.131814
461.334364
461.537038
461.744560
461.956423
462.177321
462.405254
462.636938
462.849466
463.095480
463.322918
463.532924
463.771969
463.999631
464.205755
464.440595
464.644557
464.853149
465.082220
465.282421
465.483231
465.684053
465.879472
466.124645
466.309734
466.554706
466.759572
466.959573
467.189893
467.390161
467.623277
467.832944
468.055589
468.269328
468.490111
468.723200
468.953107
469.158841
469.394612
469.594323
469.793473
469.997962
470.183257
470.429669
470.630989
470.866672
471.079599
471.298555
471.490779
471.700964
471.892834
472.087097
472.268656
472.514512
472.715504
472.896870
473.162641
473.365669
473.544619
473.789213
473.980021
474.217528
474.456446
474.645230
474.890272
475.109451
475.338389
475.566786
475.804953
476.012802
476.215680
476.402909
476.638721
476.866569
477.101719
477.287552
477.524376
477.714599
477.946354
478.117274
478.362141
478.588137
478.808561
479.033649
479.266334
479.491192
479.709055
479.928646
480.130678
480.349787
480.552144
480.720755
480.826234
480.907622
480.965048
481.046106
481.152491
481.279092
481.465904
481.621353
481.678257
481.714689
481.783321
481.902649
482.049381
482.224098
482.416803
482.611884
482.803310
482.983424
483.148532
483.276914
483.434896
483.588225
483.763061
483.955409
484.115120
484.233264
484.358067
484.524418
484.750490
484.974092
485.171534
485.369219
485.586812
485.774585
485.975218
486.182336
486.393502
486.599581
486.813636
487.015659
487.235071
487.450724
487.642459
487.843177
488.035004
488.222360
488.392460
488.549765
488.719987
488.894071
489.052168
489.220313
489.430154
489.647938
489.845505
490.078070
490.290919
490.494538
490.732925
490.941026
491.121140
491.287591
491.449955
491.605778
491.785059
491.949326
492.154129
492.341484
492.542447
492.737731
492.939588
493.159779
493.421899
493.688891
493.916576
494.163863
494.355856
494.548900
494.724486
494.901352
495.087340
495.278626
495.526596
495.775959
496.016464
496.253844
496.493648
496.723271
496.979387
497.212486
497.408420
497.626655
497.836474
498.034591
498.225212
498.443951
498.643331
498.851729
499.061909
499.291386
499.527436
499.723819
499.921463
500.114263
500.310157
500.509652
500.715627
500.949653
501.149126
501.342437
501.524390
501.730407
501.931389
502.122870
502.295037
502.498087
502.703842
502.921620
503.116984
503.341999
503.545336
503.814264
504.029700
504.241908
504.459873
504.708203
504.953275
505.188649
505.389667
505.631934
505.842249
506.012722
506.236813
506.407808
506.623949
506.871476
507.101054
507.314908
507.540308
507.753001
507.959752
508.161888
508.360265
508.589824
508.796749
509.009560
509.242660
509.441477
509.640679
509.845616
510.046435
510.307894
510.513535
510.718456
510.918188
511.122954
511.322919
511.552966
511.763005
511.973034
512.193090
512.393070
512.628301
512.863968
513.064669
513.265234
513.485293
513.689568
513.887621
514.113035
514.316102
514.507063
514.706849
514.923723
515.124996
515.326894
515.550769
515.718837
515.974501
516.171824
516.401523
516.600781
516.798875
517.031413
517.229925
517.438870
517.647589
517.876086
518.080634
518.310930
518.515518
518.713445
518.938939
519.133126
519.325469
519.540366
519.740691
519.927779
520.121980
520.348602
520.536866
520.793618
520.992885
521.162984
521.284010
521.391417
521.491780
521.581430
521.661676
521.723103
521.761808
521.786440
521.803987
521.820552
521.833359
521.841875
521.847887
521.852242
521.855076
521.857986
521.859919
521.861241
521.862050
521.862915
521.863479
521.863850
521.864110
521.864286
521.864458
521.864564
521.864634
521.864699
521.864745
521.864781
521.864802
521.864825
521.864839
521.864849
521.864856
521.864861
521.864865
521.864868
521.864870
521.864871
521.864872
521.864873
521.864874
521.864874
521.864875
521.864875
521.864875
521.864876
521.864876
521.864876
521.864876
521.864876
521.864876
521.864876
521.864877
521.864877
521.864877
521.864877
521.864877
521.864877
521.864877
521.864877
521.864877
521.864877
521.864877
521.864877
521.864877
521.864877
521.864877
521.864877
521.864877
521.864877
521.864877
521.864877
521.864877
521.864877
521.864877
521.864877
521.864877
521.864877
521.864877
521.864877
521.864877
521.864877
521.864877
521.864877
521.864877
521.864877
521.864877
521.864877
521.864877
521.864877
521.864877
521.864877
521.864877
521.864877
521.864877
521.864877
521.864877
521.864877
521.864877
521.864877
521.864877
521.864877
521.864877
521.864877
521.864877
521.864877
521.864877
521.864877
521.864877
521.864877
521.864877
521.864877
521.864877
521.864877
521.864877
521.864877
521.864877
521.864877
521.864877
521.864877
521.864877
521.864877
521.864877
521.864877
521.864877
521.864877
521.864877
521.864877
521.864877
521.864877
521.864877
521.864877
521.864877
521.864877
521.864877
521.864877
521.864877
521.864877
521.864877
521.864877
521.864877
521.864877
521.864877
521.864877
521.864877
521.864877
521.864877
521.864877
521.864877
521.864877
521.864877
521.864877
521.864877
521.864877
521.864877
521.864877
521.864877
521.864877
521.864877
521.864877
521.864877
521.864877
521.864877
521.864877
521.864877
521.864877
521.864877
521.864877
521.864877
521.864877
521.864877
521.864877
521.864877
521.864877
521.864877
521.864877
521.864877
521.864877
521.864877
521.864877
521.864877
521.864877
521.864877
521.864877
521.864877
521.864877
521.864877
521.864877
521.864877
521.864877
521.864877
521.864877
521.864877
521.864877
521.864877
521.864877
521.864877
521.864877
521.864877
521.864877
521.864877
521.864877
521.864877
521.864877
521.864877
521.864877
521.864877
521.864877
521.864877
521.864877
521.864877
521.864877
521.864877
521.864877
521.864877
521.864877
521.864877
521.864877
521.864877
521.864877
521.864877
521.864877
521.864877
521.864877
521.864877
521.864877
521.864877
521.864877
521.864877
521.864877
521.864877
521.864877
521.864877
521.864877
521.864877
521.864877
521.864877
521.864877
521.864877
521.864877
521.864877
521.864877
521.864877
521.864877
521.864877
521.864877
521.864877
521.864877
521.864877
521.864877
521.864877
521.864877
521.864877
521.864877
521.864877
521.864877
521.864877
521.864877
521.864877
521.864877
521.864877
521.864877
521.864877
521.864877
521.864877
521.864877
521.864877
521.864877
521.864877
521.864877
521.864877
521.864877
521.864877
521.864877
521.864877
521.864877
521.864877
521.864877
521.864877
521.864877
521.864877
521.864877
521.864877
521.864877
521.864877
521.864877
521.864877
521.864877
521.864877
521.864877
521.864877
521.864877
521.864877
521.864877
521.864877
521.864877
521.864877
521.864877
521.864877
521.864877
521.864877
521.864877
521.864877
521.864877
521.864877
521.864877
521.864877
521.864877
521.864877
521.864877
521.864877
521.864877
521.864877
521.864877
521.864877
521.864877
521.864877
521.864877
521.864877
521.864877
521.864877
521.864877
521.864877
521.864877
521.864877
521.864877
521.864877
521.864877
521.864877
521.864877
521.864877
521.864877
521.864877
521.864877
521.864877
521.864877
521.864877
521.864877
521.864877
521.864877
521.864877
521.864877
521.864877
521.864877
521.864877
521.864877
521.864877
521.864877
521.864877
521.864877
521.864877
521.864877
521.864877
521.864877
521.864877
521.864877
521.864877
521.864877
521.864877
521.864877
521.864877
521.864877
521.864877
521.864877
521.864877
521.864877
521.864877
521.864877
521.864877
521.864877
521.864877
521.864877
521.864877
521.864877
521.864877
521.864877
521.864877
521.864877
521.864877
521.864877
521.864877
521.864877
521.864877
521.864877
521.864877
521.864877
521.864877
521.864877
521.864877
521.864877
521.864877
521.864877
521.864877
521.864877
521.864877
521.864877
521.864877
521.864877
521.864877
521.864877
521.864877
521.864877
521.864877
521.864877
521.864877
521.864877
521.864877
521.864877
521.864877
521.864877
521.864877
521.864877
521.864877
521.864877
521.864877
521.864877
521.864877
521.864877
521.864877
521.864877
521.864877
521.864877
521.864877
521.864877
521.864878
521.864878
521.864878
521.864878
521.864878
521.864878
521.864878
521.864878
521.864878
521.864878
521.864878
521.864878
521.864878
521.864878
521.864878
521.864878
521.864878
521.864878
521.864878
521.864878
521.864878
521.864878
521.864878
521.864878
521.864878
521.864878
521.864878
521.864878
521.864878
521.864878
521.864878
521.864878
521.864878
521.864878
521.864878
521.864878
521.864878
521.864878
521.864878
521.864878
521.864878
521.864878
521.864878
521.864878
521.864878
521.864878
521.864878
521.864878
521.864878
521.864878
521.864878
521.864878
521.864878
521.864878
521.864878
521.864878
521.864878
521.864878
521.864878
521.864878
521.864878
521.864878
521.864878
521.864878
521.864878
521.864878
521.864878
521.864878
521.864878
521.864878
521.864878
521.864878
521.864878
521.864878
521.864878
521.864878
521.864878
521.864878
521.864878
521.864878
521.864878
521.864878
521.864878
521.864878
521.864878
521.864878
521.864878
521.864878
521.864878
521.864878
521.864878
521.864878
521.864878
521.864878
521.864878
521.864878
521.864878
521.864878
521.864878
521.864878
521.864878
521.864878
521.864878
521.864878
521.864878
521.864878
521.864878
521.864878
521.864878
521.864878
521.864878
521.864878
521.864878
521.864878
521.864878
521.864878
521.864878
521.864878
521.864878
521.864878
521.864878
521.864878
521.864878
521.864878
521.864878
521.864878
521.864878
521.864878
521.864878
521.864878
521.864878
521.864878
521.864878
521.864878
521.864878
521.864878
521.864878
521.864878
521.864878
521.864878
521.864878
521.864878
521.864878
521.864878
521.864878
521.864878
521.864878
521.864878
521.864878
521.864878
521.864878
521.864878
521.864878
521.864878
521.864878
521.864878
521.864878
521.864878
521.864878
521.864878
521.864878
521.864878
521.864878
521.864878
521.864878
521.864878
521.864878
521.864878
521.864878
521.864878
521.864878
521.864878
521.864878
521.864878
521.864878
521.864878
521.864878
521.864878
521.864878
521.864878
521.864878
521.864878
521.864878
521.864878
521.864878
521.864878
521.864878
521.864878
521.864878
521.864878
521.864878
521.864878
521.864878
521.864878
521.864878
521.864878
521.864878
521.864878
521.864878
521.864878
521.864878
521.864878
521.864878
521.864878
521.864878
521.864878
521.864878
521.864878
521.864878
521.864878
521.864878
521.864878
521.864878
521.864878
521.864878
521.864878
521.864878
521.864878
521.864878
521.864878
521.864878
521.864878
521.864878
521.864878
521.864878
521.864878
521.864878
521.864878
521.864878
521.864878
521.864878
521.864878
521.864878
521.864878
521.864878
521.864878
521.864878
521.864878
521.864878
521.864878
521.864878
521.864878
521.864878
521.864878
521.864878
521.864878
521.864878
521.864878
521.864878
521.864878
521.864878
521.864878
521.864878
521.864878
521.864878
521.864878
521.864878
521.864878
521.864878
521.864878
521.864878
521.864878
521.864878
521.864878
521.864878
521.864878
521.864878
521.864878
521.864878
521.864878
521.864878
521.864878
521.864878
521.864878
521.864878
521.864878
521.864878
521.864878
521.864878
521.864878
521.864878
521.864878
521.864878
521.864878
521.864878
521.864878
521.864878
521.864878
521.864878
521.864878
521.864878
521.864878
521.864878
521.864878
521.864878
521.864878
521.864878
521.864878
521.864878
521.864878
521.864878
521.864878
521.864878
521.864878
521.864878
521.864878
521.864878
521.864878
521.864878
521.864878
521.864878
521.864878
521.864878
521.864878
521.864878
521.864878
521.864878
521.864878
521.864878
521.864878
521.864878
521.864878
521.864878
521.864878
521.864878
521.864878
521.864878
521.864878
521.864878
521.864878
521.864878
521.864878
521.864878
521.864878
521.864878
521.864878
521.864878
521.864878
521.864878
521.864878
521.864878
521.864878
521.864878
521.864878
521.864878
521.864878
521.864878
521.864878
521.864878
521.864878
521.864878
521.864878
521.864878
521.864878
521.864878
521.864878
521.864878
521.864878
521.864878
521.864878
521.864878
521.864878
521.864878
521.864878
521.864878
521.864878
521.864878
521.864878
521.864878
521.864878
521.864878
521.864878
521.864878
521.864878
521.864878
521.864878
521.864878
521.864878
521.864878
521.864878
521.864878
521.864878
521.864878
521.864878
521.864878
521.864878
521.864878
521.864878
521.864878
521.864878
521.864878
521.864878
521.864878
521.864878
521.864878
521.864878
521.864878
521.864878
521.864878
521.864878
521.864878
521.864878
521.864878
521.864878
521.864878
521.864878
521.864878
521.864878
521.864878
521.864878
521.864878
521.864878
521.864878
521.864878
521.864878
521.864878
521.864878
521.864878
521.864878
521.864878
521.864878
521.864878
521.864878
521.864878
521.864878
521.864878
521.864878
521.864878
521.864878
521.864878
521.864878
521.864878
521.864878
521.864878
521.864878
521.864878
521.864878
521.864878
521.864878
521.864878
521.864878
521.864878
521.864878
521.864878
521.864878
521.864878
521.864878
521.864878
521.864878
521.864878
521.864878
521.864878
521.864878
521.864878
521.864878
521.864878
521.864878
521.864878
521.864878
521.864878
521.864878
521.864878
