1.06256
1.06277
2.29065
2.79367
3.2952
3.79663
4.29708
4.79767
5.2966
5.7976
6.29875
6.79911
7.2996
7.80056
8.31026
8.80044
9.30082
9.82297
10.3014
10.8027
11.32
11.8022
12.3029
12.8032
13.3042
13.8031
14.3442
14.8055
15.3053
15.8058
16.3055
16.8056
17.3061
17.8061
18.3324
18.8073
19.3126
19.8332
20.3086
20.8086
21.3105
21.8101
22.3112
22.8108
23.3102
23.8114
24.3105
24.8245
25.3134
25.8132
26.313
26.865
27.3145
27.815
28.315
28.8576
29.3156
29.816
30.3735
30.8172
31.3161
31.8164
32.3174
32.8185
33.3553
33.8174
34.3189
34.8258
35.3205
35.8693
36.3217
36.8209
37.3609
37.8207
38.3218
38.8219
39.3221
39.8234
40.3231
40.8439
41.3232
41.8244
42.3251
42.8254
43.3265
43.8259
44.3262
44.8262
45.3275
45.827
46.3276
46.8283
47.3277
47.8282
48.3302
48.8661
49.3302
49.8308
50.3305
50.8305
51.3307
51.8538
52.3378
52.8322
53.3332
53.8335
54.3341
54.8344
55.3395
55.8326
56.3343
56.834
57.3721
57.8353
58.3365
58.8597
59.3371
59.8384
60.367
60.842
61.3385
61.8389
62.3547
62.8401
63.3399
63.8404
64.3409
64.8428
65.343
65.8645
66.3416
66.8419
67.342
67.8428
68.3442
68.8502
69.3555
69.8441
70.3455
70.8453
71.3747
71.8462
72.3474
72.8651
73.3477
73.8483
74.3491
74.8489
75.3501
75.8504
76.3512
76.8506
77.352
77.8512
78.3513
78.8509
79.352
79.8603
80.3523
80.852
81.3845
81.8547
82.3551
82.854
83.3552
83.855
84.3556
84.8552
85.3561
85.8567
86.3571
86.8583
87.3702
87.8587
88.3582
88.8732
89.3596
89.8592
90.3598
90.8599
91.3599
91.8605
92.3619
92.8621
93.3624
93.8635
94.3864
94.8637
95.3635
95.8624
96.3639
96.8644
97.3632
97.8853
98.3657
98.8661
99.3651
99.8661
100.366
100.866
101.367
101.867
102.368
102.868
103.369
103.868
104.379
104.869
105.37
105.87
106.37
106.87
107.371
107.884
108.372
108.872
109.373
109.873
110.373
110.874
111.374
111.875
112.376
112.876
113.405
113.875
114.376
114.877
115.377
115.877
116.378
116.878
117.379
117.878
118.392
118.88
119.38
119.88
120.381
120.881
121.391
121.882
122.382
122.883
123.384
123.883
124.383
124.884
125.391
125.885
126.385
126.895
127.387
127.887
128.386
128.887
129.387
129.887
130.387
130.888
131.394
131.889
132.39
132.89
133.388
133.888
134.389
134.894
135.39
135.891
136.39
136.891
137.392
137.911
138.394
138.892
139.392
139.893
140.394
140.894
141.424
141.895
142.394
142.896
143.396
143.897
144.398
144.946
145.397
145.897
146.398
146.899
147.398
147.898
148.399
148.9
149.399
149.901
150.4
150.902
151.401
151.903
152.401
152.902
153.403
153.921
154.404
154.904
155.405
155.905
156.404
156.905
157.406
157.906
158.406
158.906
159.406
159.945
160.407
160.907
161.441
161.909
162.409
162.937
163.409
163.91
164.409
164.91
165.411
165.912
166.411
166.912
167.436
167.912
168.412
168.912
169.413
169.912
170.413
170.914
171.415
171.918
172.415
172.916
173.417
173.915
174.417
174.916
175.417
175.918
176.418
176.918
177.418
177.919
178.42
178.92
179.42
179.92
180.42
180.921
181.42
181.92
182.421
182.922
183.423
183.923
184.422
184.923
185.424
185.924
186.424
186.926
187.438
187.926
188.457
188.925
189.426
189.927
190.426
190.928
191.427
191.928
192.428
192.948
193.429
193.93
194.43
194.928
195.429
195.93
196.43
196.931
197.431
197.937
198.433
198.933
199.447
199.934
200.434
200.94
201.435
201.961
202.436
202.936
203.438
203.935
204.435
204.937
205.437
205.973
206.436
206.938
207.469
207.939
208.436
208.937
209.439
209.939
210.441
210.94
211.441
211.941
212.442
212.942
213.443
213.943
214.441
214.944
215.443
215.944
216.444
216.944
217.447
217.946
218.457
218.944
219.445
219.946
220.446
220.945
221.447
221.948
222.448
222.949
223.448
223.95
224.45
224.949
225.451
225.95
226.452
226.949
227.452
227.971
228.451
228.952
229.458
229.952
230.453
230.954
231.454
231.953
232.455
232.954
233.455
233.967
234.455
234.953
235.455
235.967
236.455
236.957
237.459
237.959
238.458
238.958
239.459
239.968
240.461
240.961
241.459
241.96
242.46
242.961
243.46
243.961
244.466
244.962
245.462
245.962
246.462
246.963
247.464
247.964
248.465
248.965
249.465
249.966
250.466
250.98
251.466
251.967
252.467
252.968
253.468
253.967
254.468
254.969
255.47
255.969
256.498
256.969
257.471
257.971
258.471
258.972
259.472
259.972
260.473
260.974
261.474
261.972
262.473
262.973
263.474
263.974
264.472
264.975
265.475
265.975
266.476
266.976
267.476
267.976
268.476
268.976
269.476
269.977
270.479
270.98
271.48
271.98
272.481
272.982
273.516
273.98
274.48
274.998
275.482
275.982
276.483
276.983
277.501
277.984
278.483
278.984
279.485
279.984
280.484
281.001
281.486
281.986
282.486
282.987
283.487
283.988
284.488
284.987
285.486
285.987
286.489
286.989
287.49
287.99
288.49
288.991
289.489
289.991
290.492
290.991
291.502
291.991
292.492
292.99
293.492
294.007
294.494
294.996
295.503
295.995
296.495
296.995
297.496
297.997
298.495
298.996
299.497
299.997
300.497
300.995
301.497
301.999
302.5
302.999
303.5
304.001
304.499
305.001
305.501
306.001
306.501
307.01
307.503
308.003
308.534
309.003
309.501
310.003
310.505
311.005
311.505
312.004
312.505
313.006
313.506
314.007
314.507
315.007
315.508
316.008
316.526
317.011
317.509
318.016
318.51
319.01
319.529
320.011
320.512
321.012
321.511
322.01
322.511
323.012
323.512
324.012
324.513
325.013
325.529
326.015
326.516
327.014
327.515
328.015
328.517
329.016
329.517
330.018
330.522
331.018
331.518
332.027
332.518
333.02
333.52
334.02
334.52
335.02
335.519
336.02
336.521
337.022
337.523
338.023
338.534
339.023
339.523
340.031
340.525
341.026
341.525
342.025
342.525
343.026
343.526
344.026
344.528
345.026
345.562
346.028
346.527
347.034
347.529
348.029
348.529
349.03
349.534
350.03
350.53
351.031
351.532
352.032
352.532
353.032
353.551
354.034
354.534
355.033
355.532
356.034
356.535
357.035
357.537
358.053
358.536
359.036
359.54
360.038
360.538
361.037
361.537
362.037
362.536
363.038
363.538
364.038
364.539
365.04
365.54
366.041
366.541
367.041
367.541
368.043
368.542
369.044
369.559
370.044
370.545
371.044
371.544
372.045
372.545
373.044
373.545
374.045
374.546
375.047
375.557
376.046
376.547
377.048
377.549
378.049
378.549
379.049
379.549
380.049
380.55
381.048
381.554
382.051
382.552
383.053
383.552
384.052
384.552
385.052
385.552
386.058
386.554
387.054
387.555
388.055
388.554
389.065
389.555
390.054
390.556
391.057
391.558
392.057
392.557
393.059
393.556
394.057
394.56
395.06
395.56
396.06
396.576
397.06
397.562
398.063
398.561
399.062
399.566
400.062
400.563
401.068
401.563
402.064
402.564
403.065
403.565
404.065
404.564
405.064
405.566
406.065
406.566
407.067
407.567
408.068
408.568
409.069
409.569
410.07
410.57
411.068
411.569
412.07
412.584
413.072
413.572
414.099
414.572
415.072
415.572
416.072
416.572
417.108
417.573
418.073
418.575
419.074
419.575
420.076
420.576
421.077
421.577
422.083
422.578
423.077
423.576
424.076
424.578
425.078
425.579
426.079
426.579
427.087
427.582
428.082
428.581
429.082
429.581
430.081
430.582
431.083
431.583
432.084
432.585
433.082
433.583
434.083
434.584
435.096
435.586
436.086
436.587
437.087
437.588
438.086
438.587
439.088
439.616
440.089
440.589
441.089
441.59
442.09
442.601
443.09
443.59
444.091
444.59
445.092
445.593
446.091
446.593
447.094
447.594
448.094
448.595
449.092
449.593
450.115
450.593
451.096
451.597
452.096
452.597
453.098
453.598
454.098
454.598
455.099
455.6
456.1
456.6
457.1
457.6
458.101
458.601
459.102
459.617
460.101
460.603
461.122
461.604
462.103
462.603
463.103
463.604
464.104
464.614
465.106
465.606
466.106
466.605
467.106
467.619
468.107
468.608
469.108
469.611
470.109
470.608
471.109
471.609
472.109
472.61
473.111
473.61
474.11
474.609
475.111
475.611
476.115
476.613
477.114
477.614
478.114
478.613
479.114
479.615
480.115
480.648
481.116
481.616
482.116
482.64
483.117
483.618
484.118
484.618
485.118
485.637
486.119
486.619
487.135
487.621
488.12
488.659
489.121
489.62
490.126
490.621
491.121
491.62
492.134
492.622
493.123
493.623
494.124
494.654
495.124
495.624
496.125
496.625
497.125
497.627
498.126
498.627
499.166
499.629
500.128
500.628
501.128
501.628
502.13
502.63
503.149
503.63
504.13
504.63
505.132
505.632
506.132
506.633
507.132
507.634
508.134
508.633
509.132
509.634
510.133
510.634
511.134
511.636
512.138
512.636
513.136
513.636
514.136
514.638
515.137
515.638
516.139
516.664
517.138
517.64
518.147
518.64
519.14
519.64
520.14
520.641
521.141
521.64
522.141
522.641
523.143
523.643
524.145
524.645
525.144
525.644
526.165
526.646
527.146
527.669
528.147
528.647
529.146
529.656
530.147
530.648
531.148
531.649
532.149
532.657
533.15
533.65
534.15
534.651
535.151
535.649
536.149
536.651
537.151
537.651
538.153
538.652
539.152
539.653
540.159
540.653
541.153
541.653
542.154
542.655
543.154
543.656
544.155
544.656
545.158
545.656
546.155
546.656
547.157
547.658
548.168
548.659
549.16
549.684
550.161
550.661
551.16
551.661
552.163
552.661
553.162
553.662
554.162
554.664
555.163
555.664
556.164
556.664
557.165
557.666
558.165
558.665
559.165
559.665
560.166
560.667
561.167
561.667
562.168
562.668
563.168
563.668
564.169
564.669
565.17
565.669
566.17
566.672
567.172
567.671
568.171
568.672
569.172
569.673
570.173
570.674
571.175
571.674
572.174
572.675
573.174
573.676
574.176
574.679
575.176
575.677
576.178
576.679
577.178
577.678
578.178
578.678
579.182
579.679
580.18
580.681
581.181
581.681
582.181
582.683
583.182
583.682
584.182
584.681
585.183
585.683
586.183
586.685
587.184
587.685
588.185
588.723
589.185
589.686
590.187
590.687
591.187
591.687
592.188
592.688
593.189
593.692
594.188
594.69
595.208
595.69
596.191
596.69
597.192
597.692
598.191
598.693
599.192
599.692
600.193
600.711
601.193
601.695
602.212
602.695
603.194
603.733
604.196
604.696
605.202
605.715
606.196
606.713
607.208
607.698
608.202
608.713
609.199
609.705
610.204
610.7
611.205
611.701
612.209
612.705
613.215
613.718
614.216
614.702
615.202
615.712
616.203
616.704
617.205
617.705
618.223
618.721
619.206
619.715
620.212
620.737
621.223
621.725
622.219
622.707
623.208
623.718
624.209
624.728
625.229
625.72
626.209
626.721
627.211
627.716
628.224
628.741
629.221
629.713
630.211
630.724
631.209
631.713
632.221
632.725
633.23
633.734
634.23
634.726
635.215
635.718
636.232
636.716
637.217
637.727
638.218
638.718
639.218
639.718
640.218
640.719
641.219
641.729
642.23
642.72
643.22
643.722
644.228
644.723
645.222
645.728
646.223
646.739
647.223
647.735
648.239
648.724
649.224
649.731
650.24
650.741
651.231
651.726
652.227
652.745
653.239
653.736
654.227
654.733
655.243
655.729
656.24
656.73
657.23
657.736
658.23
658.758
659.232
659.741
660.231
660.74
661.247
661.735
662.253
662.733
663.234
663.764
664.242
664.735
665.235
665.745
666.235
666.736
667.237
667.739
668.236
668.744
669.238
669.739
670.239
670.74
671.265
671.754
672.256
672.745
673.25
673.746
674.24
674.759
675.241
675.743
676.242
676.743
677.243
677.759
678.244
678.761
679.244
679.75
680.25
680.744
681.252
681.752
682.257
682.763
683.274
683.753
684.253
684.754
685.264
685.76
686.249
686.759
687.26
687.75
688.251
688.751
689.251
689.762
690.261
690.752
691.286
691.751
692.264
692.774
693.264
693.754
694.269
694.755
695.254
695.761
696.267
696.763
697.257
697.772
698.256
698.767
699.257
699.758
700.273
700.774
701.269
701.759
702.259
702.761
703.286
703.776
704.268
704.762
705.267
705.778
706.279
706.779
707.278
707.766
708.264
708.764
709.274
709.765
710.27
710.784
711.281
711.775
712.266
712.771
713.266
713.783
714.267
714.775
715.273
715.784
716.299
716.768
717.275
717.781
718.285
718.772
719.269
719.786
720.272
720.783
721.272
721.788
722.281
722.795
723.288
723.775
724.274
724.782
725.28
725.791
726.285
726.792
727.288
727.777
728.288
728.783
729.283
729.793
730.295
730.789
731.278
731.779
732.295
732.78
733.296
733.78
734.28
734.807
735.294
735.781
736.284
736.781
737.282
737.783
738.293
738.799
739.3
739.794
740.285
740.784
741.3
741.802
742.286
742.807
743.303
743.787
744.297
744.787
745.298
745.803
746.319
746.798
747.305
747.79
748.305
748.796
749.294
749.804
750.299
750.791
751.311
751.793
752.294
752.804
753.292
753.793
754.303
754.798
755.293
755.794
756.295
756.806
757.306
757.821
758.296
758.797
759.322
759.798
760.308
760.798
761.314
761.813
762.298
762.804
763.304
763.8
764.316
764.817
765.317
765.801
766.313
766.801
767.303
767.802
768.308
768.803
769.318
769.809
770.304
770.811
771.304
771.81
772.336
772.821
773.306
773.806
774.322
774.807
775.318
775.828
776.308
776.808
777.308
777.825
778.315
778.811
779.31
779.815
780.311
780.832
781.311
781.822
782.336
782.812
783.312
783.814
784.325
784.829
785.313
785.814
786.32
786.815
787.345
787.815
788.32
788.817
789.33
789.817
790.337
790.818
791.318
791.844
792.319
792.827
793.344
793.822
794.336
794.848
795.326
795.82
796.336
796.821
797.328
797.837
798.339
798.834
799.357
