0.000000
0.000000
0.000000
0.000000
59.743999
60.431999
60.451000
60.465000
62.264999
68.617996
71.178001
75.137001
91.807999
101.075996
105.902000
108.425003
110.060997
121.803001
136.082001
143.751999
149.768997
153.307999
154.492996
157.985001
171.427002
183.707993
198.703995
208.835007
217.386993
219.798004
224.735992
226.970001
227.091995
227.093002
243.574005
251.975006
255.404007
260.092987
264.576996
269.556000
272.213013
272.980011
275.247009
279.147003
296.752991
318.121002
339.075989
365.191010
378.252991
379.596008
380.200989
385.816986
399.862000
414.056000
432.356995
447.019989
451.028015
457.976013
471.890991
472.139008
472.393005
473.316010
482.904999
494.569000
502.604004
504.569000
507.217010
507.960999
509.273010
513.893982
524.258972
537.981018
546.479004
554.431030
563.294983
571.333984
582.914001
587.742004
593.625000
601.776001
606.406006
612.392029
623.351013
643.383972
651.486023
661.385986
674.143982
677.150024
679.846985
683.020996
687.075012
689.995972
691.012024
693.596985
699.437988
719.168030
730.103027
735.646973
738.838013
746.370972
749.638977
757.065002
763.681030
770.966980
792.130005
795.568970
796.062988
801.224976
816.020020
822.888000
827.119995
831.754028
841.869019
848.401978
854.695007
863.812012
869.802979
876.033997
884.254028
888.463989
893.559998
897.215027
903.453003
907.559021
911.067993
916.695007
920.568970
925.065002
929.218018
936.086975
940.880005
945.312012
950.703979
959.377014
966.054016
974.677002
989.565979
1003.286011
1018.901001
1028.646973
1039.034058
1046.660034
1056.586060
1063.531982
1065.636963
1066.770020
1067.788940
1069.759033
1076.359009
1084.560059
1095.470947
1104.916992
1115.953979
1125.269043
1141.614990
1149.442993
1153.415039
1160.707031
1165.225952
1170.928955
1188.311035
1203.599976
1216.133057
1225.939941
1230.811035
1236.010010
1239.520996
1243.821045
1246.110962
1248.767944
1251.670044
1255.256958
1261.828003
1267.365967
1272.827026
1279.264038
1284.118042
1289.277954
1293.421997
1295.886963
1298.906006
1304.136963
1312.203979
1320.462036
1337.302002
1344.087036
1351.517944
1357.760010
1365.484009
1372.644043
1383.923950
1394.151978
1405.816040
1415.458008
1420.362061
1425.927002
1433.843994
1447.045044
1448.776978
1450.588989
1452.107056
1454.213989
1456.149048
1457.150024
1457.688965
1461.385986
1472.777954
1478.987061
1485.147949
1490.612061
1498.537964
1503.751953
1509.275024
1517.363037
1522.561035
1526.953979
1531.271973
1537.322021
1542.362061
1548.046997
1556.404053
1576.230957
1582.093994
1587.812012
1593.005005
1598.055054
1602.979004
1608.796021
1620.566040
1631.020020
1641.616943
1653.196045
1664.942017
1677.697998
1683.629028
1687.129028
1696.324951
1707.717041
1714.219971
1716.727051
1718.181030
1726.317993
1735.288940
1740.077026
1749.583984
1751.490967
1753.232056
1756.560059
1762.458984
1768.686035
1779.180054
1793.288940
1799.656006
1804.911011
1807.694946
1810.737061
1813.053955
1816.562988
1822.718994
1827.389038
1834.045044
1838.562988
1839.618042
1839.619995
1840.792969
1841.015015
1841.015015
1841.015015
1841.015015
1843.624023
1857.588989
1873.557007
1893.681030
1899.189941
1901.623047
1904.022949
1906.428955
1911.366943
1919.803955
1923.305054
1923.670044
1923.957031
1924.380005
1924.380005
1924.399048
1924.652954
1924.652954
1924.652954
1924.672974
1924.834961
1924.921997
1924.921997
1924.921997
1924.921997
1924.921997
1924.937988
1937.312012
1944.298950
1949.911987
1952.379028
1952.525024
1957.853027
1960.792969
1960.792969
1960.807007
1961.277954
1961.991943
1974.244019
1977.057983
1979.074951
1980.243042
1981.182983
1981.602051
1981.602051
1981.673950
1981.781006
1981.833008
1982.673950
1984.490967
1984.662964
1984.767944
1984.767944
1984.767944
1984.772949
1984.772949
1984.772949
1984.774048
1984.797974
1984.801025
1984.801025
1984.801025
1984.808960
1984.808960
1984.808960
1984.808960
1984.808960
1986.186035
1991.629028
1998.646973
2010.985962
2016.202026
2024.260010
2026.339966
2026.665039
2028.415039
2028.812988
2029.781006
2029.831055
2029.831055
2029.834961
2030.066040
2030.066040
2030.066040
2030.066040
2030.066040
2030.066040
2030.066040
2030.081055
2030.093018
2030.093018
2030.100952
2030.103027
2030.104004
2030.104004
2030.107056
2030.123047
2030.147949
2030.149048
2030.149048
2030.152954
2030.369995
2030.392944
2030.392944
2030.392944
2030.392944
2030.402954
2030.637939
2031.225952
2036.209961
2039.983032
2046.233032
2057.319092
2065.600098
2075.200928
2080.135010
2084.988037
2089.895020
2098.405029
2104.356934
2111.413086
2121.948975
2129.125977
2136.139893
2145.841064
2152.440918
2159.676025
2177.448975
2184.426025
2193.840088
2204.844971
2212.864990
2225.220947
2230.824951
2236.050049
2243.979004
2250.253906
2257.218994
2269.608887
2279.145020
2292.145020
2300.775879
2308.051025
2312.043945
2314.655029
2322.439941
2323.589111
2327.395996
2329.168945
2338.803955
2354.696045
2361.284912
2365.693115
2370.277100
2372.136963
2375.235107
2393.643066
2409.781982
2415.000977
2423.233887
2425.603027
2428.337891
2435.781006
2442.554932
2448.897949
2464.400879
2473.638916
2477.800049
2482.424072
2487.111084
2496.905029
2504.216064
2516.337891
2519.570068
2529.608887
2539.895996
2548.418945
2560.114014
2577.721924
2578.195068
2583.395020
2595.452881
2608.163086
2623.093994
2643.105957
2651.930908
2658.529053
2663.702881
2668.230957
2677.580078
2694.643066
2699.215088
2704.997070
2707.750000
2711.621094
2724.164062
2729.697021
2736.867920
2743.950928
2748.989990
2758.539062
2769.865967
2772.728027
2774.537109
2776.435059
2778.025879
2778.357910
2778.403076
2778.575928
2778.583984
2785.339111
2803.593018
2806.541016
2810.020020
2818.656982
2825.922119
2832.467041
2847.544922
2856.052979
2861.608887
2868.425049
2880.076904
2891.802979
2901.373047
2908.167969
2914.384033
2917.919922
2922.483887
2925.330078
2929.877930
2942.197021
2945.551025
2946.957031
2947.287109
2947.308105
2947.863037
2952.988037
2964.121094
2980.000000
2983.384033
2993.230957
3001.137939
3007.418945
3010.573975
3016.347900
3023.312988
3030.062012
3034.365967
3039.148926
3043.048096
3044.341064
3044.492920
3045.047119
3045.824951
3047.029053
3047.250000
3047.377930
3048.489014
3048.580078
3048.584961
3048.614014
3049.386963
3049.624023
3049.644043
3049.644043
3049.922119
3050.708008
3051.110107
3051.517090
3054.622070
3054.812988
3054.818115
3054.874023
3054.925049
3057.455078
3060.447998
3062.410889
3064.775879
3071.274902
3076.001953
3081.568115
3088.510986
3093.257080
3100.361084
3103.135986
3104.201904
3104.405029
3104.422119
3104.422119
3104.422119
3104.429932
3104.429932
3104.429932
3104.429932
3104.431885
3104.452881
3104.524902
3105.021973
3106.038086
3106.983887
3108.955078
3109.593018
3109.889893
3111.221924
3112.488037
3113.501953
3114.120117
3116.327881
3116.541992
3118.388916
3120.620117
3122.074951
3123.490967
3125.937012
3127.410889
3127.460938
3128.753906
3134.185059
3136.983887
3140.131104
3141.690918
3142.660889
3143.414062
3143.966064
3144.112061
3144.121094
3144.121094
3144.121094
3144.260010
3144.980957
3147.503906
3150.610107
3154.654053
3160.768066
3165.729004
3170.355957
3177.397949
3182.458008
3187.053955
3192.625000
3204.381104
3213.074951
3227.021973
3233.209961
3243.800049
3252.516113
3252.721924
3252.792969
3252.900879
3255.455078
3266.302002
3277.270020
3281.261963
3283.798096
3285.115967
3285.222900
3285.395996
3287.730957
3298.959961
3303.416016
3305.795898
3307.233887
3307.931885
3308.330078
3308.741943
3309.001953
3309.708984
3312.266113
3313.074951
3313.117920
3313.229980
3313.344971
3313.358887
3313.358887
3313.365967
3313.510010
3313.541016
3313.551025
3313.552979
3314.196045
3314.878906
3315.124023
3315.504883
3317.470947
3318.371094
3319.628906
3321.211914
3322.502930
3324.093018
3326.062012
3326.652100
3326.662109
3326.746094
3326.746094
3326.746094
3326.746094
3326.746094
3326.747070
3326.752930
3326.778076
3326.799072
3326.835938
3326.864014
3326.864014
3326.864014
3326.964111
3327.010010
3327.060059
3327.811035
3328.239014
3328.239014
3328.239014
3328.239014
3328.239014
3331.385986
3340.059082
3348.504883
3359.514893
3367.022949
3376.907959
3381.002930
3385.012939
3391.310059
3395.877930
3400.099121
3405.167969
3416.861084
3422.210938
3426.191895
3430.988037
3435.481934
3439.689941
3441.217041
3441.221924
3441.415039
3449.694092
3458.346924
3470.695068
3478.931885
3493.444092
3500.728027
3508.246094
3519.306885
3520.834961
3521.250000
3521.291016
3524.039062
3526.892090
3530.862061
3534.941895
3539.787109
3555.545898
3556.978027
3558.197021
3559.200928
3560.628906
3561.675049
3562.739014
3564.288086
3565.503906
3567.583984
3572.354980
3576.174072
3580.553955
3588.863037
3596.271973
3603.179932
3612.110107
3616.702881
3618.712891
3621.628906
3626.990967
3631.020020
3631.025879
3631.899902
3640.552979
3645.323975
3651.010986
3655.199951
3660.112061
3663.153076
3666.430908
3672.291992
3672.670898
3672.674072
3672.737061
3672.751953
3672.770020
3672.770020
3673.639893
3674.229004
3675.002930
3676.020020
3682.318115
3685.616943
3686.326904
3686.547119
3686.591064
3686.593994
3686.733887
3686.883057
3686.903076
3686.903076
3686.945068
3687.010986
3687.178955
3693.179932
3697.974121
3699.907959
3703.368896
3705.606934
3707.885986
3711.485107
3714.218018
3716.062988
3716.758057
3717.714111
3717.773926
3717.773926
3717.773926
3717.773926
3717.780029
3719.221924
3720.641113
3722.883057
3724.259033
3726.639893
3730.589111
3732.947998
3735.658936
3739.696045
3742.355957
3745.147949
3748.062012
3752.322021
3755.054932
3757.875000
3760.636963
3765.170898
3768.405029
3771.968994
3778.236084
3782.997070
3788.291992
3801.373047
3815.059082
3830.979980
3841.785889
3850.599121
3858.919922
3870.124023
3875.947021
3877.971924
3882.235107
3889.730957
3892.264893
3896.948975
3900.291016
3903.733887
3906.587891
3915.389893
3922.257080
3930.092041
3932.448975
3935.013916
3938.173096
3940.638916
3940.646973
3940.646973
3940.646973
3940.956055
3947.032959
3958.045898
3961.772949
3963.736084
3966.936035
3967.183105
3968.019043
3973.058105
3975.780029
3977.483887
3979.153076
3982.606934
3986.275879
3990.991943
3996.688965
3999.655029
4002.361084
4003.980957
4004.842041
4017.879883
4025.899902
4028.114990
4028.115967
4028.115967
4028.548096
4032.475098
4041.184082
4059.561035
4068.474121
4076.978027
4090.538086
4100.024902
4111.377930
4137.160156
4152.426758
4166.074219
4185.797852
4187.084961
4187.335938
4188.568848
4193.692871
4196.941895
4204.020020
4207.626953
4216.402832
4220.518066
4220.669922
4225.534180
4245.643066
4248.495117
4248.518066
4259.024902
4265.605957
4274.647949
4288.235840
4294.296875
4301.011230
4313.125000
4314.537109
4318.734863
4324.216797
4330.418945
4334.533203
4339.336914
4343.778809
4344.205078
4344.250000
4344.254883
4344.254883
4344.254883
4344.254883
4345.442871
4345.482910
4345.695801
4349.274902
4351.338867
4352.608887
4352.667969
4353.588867
4364.811035
4375.779785
4378.483887
4379.715820
4379.937012
4379.948242
4379.953125
4380.027832
4380.028809
4380.028809
4380.028809
4380.030762
4380.353027
4383.854004
4383.872070
4383.872070
4384.638184
4384.737793
4384.738770
4384.742188
4384.745117
4384.771973
4384.811035
4384.858887
4384.866211
4384.866211
4385.332031
4405.844238
4408.967773
4411.316895
4413.103027
4413.524902
4413.710938
4413.711914
4413.711914
4413.724121
4413.752930
4415.609863
4419.865234
4428.620117
4434.858887
4441.652832
4448.791992
4459.887207
4465.821777
4470.915039
4476.571777
4479.555176
4480.702148
4481.520020
4482.604980
4487.738770
4512.848145
4520.709961
4526.139160
4537.308105
4545.262207
4552.880859
4561.166016
4566.830078
4574.396973
4582.083008
4594.488770
4602.080078
4608.667969
4616.291016
4618.963867
4620.151855
4620.279785
4620.690918
4621.401855
4623.142090
4624.699219
4626.294922
4628.222168
4629.089844
4629.774902
4630.405762
4632.356934
4632.655762
4632.794922
4632.858887
4632.959961
4633.990234
4634.995117
4635.147949
4635.175781
4635.176758
4635.176758
4635.176758
4635.176758
4635.176758
4635.176758
4635.181152
4635.181152
4635.238770
4636.714844
4638.598145
4640.871094
4642.211914
4642.257812
4642.261230
4642.271973
4642.288086
4642.832031
4643.020996
4643.020996
4643.082031
4643.082031
4643.082031
4643.082031
4643.082031
4643.082031
4643.082031
4643.082031
4643.082031
4643.082031
4643.082031
4643.082031
4643.082031
4643.082031
4643.145996
4643.160156
4643.548828
4643.548828
4643.548828
4643.548828
4643.548828
4643.548828
4643.549805
4643.643066
4643.643066
4643.643066
4643.643066
4643.643066
4643.643066
4643.643066
4643.643066
4643.644043
4643.644043
4643.644043
4644.738770
4645.270020
4645.292969
4645.501953
4645.882812
4646.140137
4646.142090
4646.254883
4646.341797
4646.355957
4646.425781
4647.174805
4647.235840
4647.238770
4647.238770
4647.238770
4647.300781
4647.307129
4647.333008
4647.382812
4647.384766
4647.384766
4647.384766
4647.391113
4647.422852
4647.460938
4647.464844
4647.464844
4647.464844
4647.464844
4647.464844
4647.518066
4647.520020
4647.523926
4647.523926
4647.523926
4647.542969
4647.542969
4647.543945
4647.543945
4647.543945
4647.543945
4647.543945
4647.543945
4647.543945
4647.543945
4647.556152
4647.556152
4647.565918
4647.565918
4647.786133
4647.984863
4649.560059
4649.560059
4649.925781
4651.632812
4653.662109
4654.485840
4655.573242
4659.416016
4663.264160
4667.437012
4673.538086
4677.866211
4679.249023
4679.296875
4679.783203
4680.908203
4687.251953
4690.222168
4697.241211
4702.808105
4707.309082
4709.416016
4714.194824
4717.600098
4718.923828
4719.220215
4719.227051
4719.227051
4720.112793
4720.621094
4721.219238
4722.188965
4722.266113
4722.266113
4722.266113
4722.266113
4722.266113
4722.266113
4722.266113
4722.632812
4722.944824
4722.948242
4723.050781
4723.105957
4723.323242
4723.351074
4723.357910
4723.362793
4723.362793
4723.390137
4723.390137
4723.393066
4723.393066
4723.393066
4723.393066
4723.393066
4723.393066
4723.396973
4723.403809
4723.403809
4723.403809
4723.403809
4723.403809
4723.403809
4723.403809
4723.403809
4723.413086
4723.465820
4723.645020
4724.423828
4724.753906
4724.931152
4725.129883
4725.266113
4725.395996
4725.557129
4725.557129
4725.608887
4725.641113
4725.649902
4725.653809
4725.665039
4725.667969
4725.672852
4725.673828
4725.674805
4725.674805
4725.674805
4725.678223
4725.680176
4725.680176
4725.979004
4727.688965
4728.208008
4728.208984
4728.208984
4728.208984
4728.208984
4728.208984
4728.208984
4728.208984
4728.208984
4728.208984
4728.208984
4728.208984
4728.208984
4728.208984
4728.208984
4728.208984
4728.208984
4728.208984
4728.208984
4728.208984
4728.208984
4728.208984
4728.208984
4728.208984
4728.208984
4728.208984
4728.208984
4728.208984
4728.208984
4728.208984
4728.208984
4728.208984
4728.208984
4728.208984
4728.208984
4728.208984
4728.208984
4728.208984
4728.208984
4728.208984
4728.208984
4728.208984
4728.208984
4728.208984
4728.208984
4728.208984
4728.208984
4728.208984
4728.208984
4728.208984
4728.208984
4728.208984
4728.208984
4728.208984
4728.208984
4728.208984
4728.208984
4728.208984
4728.208984
4728.208984
4728.208984
4728.208984
4728.208984
4728.208984
4728.208984
4728.208984
4728.208984
4728.208984
4728.208984
4728.208984
4728.208984
4728.208984
4728.208984
4728.208984
4728.208984
4728.208984
4728.208984
4728.208984
4728.208984
4728.208984
4728.208984
4728.208984
4728.208984
4728.208984
4728.208984
4728.208984
4728.208984
4728.208984
4728.208984
4728.208984
4728.208984
4728.208984
4728.208984
4728.208984
4728.208984
4728.208984
4728.208984
4728.208984
4728.208984
4728.208984
4728.208984
4728.208984
4728.208984
4728.208984
4728.208984
4728.208984
4728.208984
4728.208984
4728.208984
4728.208984
4728.208984
4728.208984
4728.208984
4728.208984
4728.208984
4728.208984
4728.208984
4728.208984
4728.208984
4728.208984
4728.208984
4728.208984
4728.208984
4728.208984
4728.208984
4728.208984
4728.208984
4728.208984
4728.208984
4728.208984
4728.208984
4728.208984
4728.208984
4728.208984
4728.208984
4728.208984
4728.208984
4728.208984
4728.208984
4728.208984
4728.208984
4728.208984
4728.208984
4728.208984
4728.208984
4728.208984
4728.208984
4728.208984
4728.208984
4728.208984
4728.208984
4728.208984
4728.208984
4728.208984
4728.208984
4728.208984
4728.208984
4728.208984
4728.208984
4728.208984
4728.208984
4728.208984
4728.208984
4728.208984
4728.208984
4728.208984
4728.208984
4728.208984
4728.208984
4728.208984
4728.208984
4728.208984
4728.208984
4728.208984
4728.208984
4728.208984
4728.208984
4728.208984
4728.208984
4728.208984
4728.208984
4728.208984
4728.208984
4728.208984
4728.208984
4728.208984
4728.208984
4728.208984
4728.208984
4728.208984
4728.208984
4728.208984
4728.208984
4728.208984
4728.208984
4728.208984
4728.208984
4728.208984
4728.208984
4728.208984
4728.208984
4728.208984
4728.208984
4728.208984
4728.208984
4728.208984
4728.208984
4728.208984
4728.208984
4728.208984
4728.208984
4728.208984
4728.208984
4728.208984
4728.208984
4728.208984
4728.208984
4728.208984
4728.208984
4728.208984
4728.208984
4728.208984
4728.208984
4728.208984
4728.208984
4728.208984
4728.208984
4728.208984
4728.208984
4728.208984
4728.208984
4728.208984
4728.208984
4728.208984
4728.208984
4728.208984
4728.208984
4728.208984
4728.208984
4728.208984
4728.208984
4728.208984
4728.208984
4728.208984
4728.208984
4728.208984
4728.208984
4728.208984
4728.208984
4728.208984
4728.208984
4728.208984
4728.208984
4728.208984
4728.208984
4728.208984
4728.208984
4728.208984
4728.208984
4728.208984
4728.208984
4728.208984
4728.208984
4728.208984
4728.208984
4728.208984
4728.208984
4728.208984
4728.208984
4728.208984
4728.208984
4728.208984
4728.208984
4728.208984
4728.208984
4728.208984
4728.208984
4728.208984
4728.208984
4728.208984
4728.208984
4728.208984
4728.208984
4728.208984
4728.208984
4728.208984
4728.208984
4728.208984
4728.208984
4728.208984
4728.208984
4728.208984
4728.208984
4728.208984
4728.208984
4728.208984
4728.208984
4728.208984
4728.208984
4728.208984
4728.208984
4728.208984
4728.208984
4728.208984
4728.208984
4728.208984
4728.208984
4728.208984
4728.208984
4728.208984
4728.208984
4728.208984
4728.208984
4728.208984
4728.208984
4728.208984
4728.208984
4728.208984
4728.208984
4728.208984
4728.208984
4728.208984
4728.208984
4728.208984
4728.208984
4728.208984
4728.208984
4728.208984
4728.208984
4728.208984
4728.208984
4728.208984
4728.208984
4728.208984
4728.208984
4728.208984
4728.208984
4728.208984
4728.208984
4728.208984
4728.208984
4728.208984
4728.208984
4728.208984
4728.208984
4728.208984
4728.208984
4728.208984
4728.208984
4728.208984
4728.208984
4728.208984
4728.208984
4728.208984
4728.208984
4728.208984
4728.208984
4728.208984
4728.208984
4728.208984
4728.208984
4728.208984
4728.208984
4728.208984
4728.208984
4728.208984
4728.208984
4728.208984
4728.208984
4728.208984
4728.208984
4728.208984
4728.208984
4728.208984
4728.208984
4728.208984
4728.208984
4728.208984
4728.208984
4728.208984
4728.208984
4728.208984
4728.208984
4728.208984
4728.208984
4728.208984
4728.208984
4728.208984
4728.208984
4728.208984
4728.208984
