0.000000
0.000000
0.000000
41.557999
41.745998
41.758999
42.014999
42.046001
43.145000
49.549000
50.806999
52.284000
64.635002
72.545998
77.565002
85.120003
87.000999
87.662003
89.202003
91.133003
113.719002
129.561996
144.406006
154.690002
155.587997
156.973999
164.628998
174.102997
187.044998
191.945007
196.238007
200.300003
207.878006
217.179001
237.246002
254.330994
261.808990
271.743988
278.174011
284.972992
295.566986
302.278992
306.712006
308.269989
309.829987
312.602997
314.446014
315.467010
315.820007
315.895996
315.927002
315.941986
317.747986
320.207001
320.545990
321.088013
327.510986
330.997986
332.816986
333.213989
333.217987
333.221985
333.225006
333.272003
334.720001
334.720001
334.720001
334.720001
334.720001
334.720001
334.723999
334.757996
335.657013
335.657013
335.658997
335.660004
340.184998
356.998993
363.410004
371.078003
376.113007
379.546997
383.036011
386.697998
388.454987
393.946014
398.007996
405.622009
407.947998
409.665009
409.782990
409.785004
409.785004
409.785004
409.785004
409.785004
409.785004
413.588013
429.334015
449.809998
457.588989
463.397003
474.567993
478.109009
478.747986
478.859985
478.867004
478.873993
480.880005
483.829010
487.778015
492.666992
494.730011
497.480988
501.317993
503.394989
505.516998
508.410004
510.634003
513.349976
516.098022
519.239014
522.338989
527.025024
531.846985
534.059021
535.461975
535.469971
535.491028
535.491028
537.581970
537.875977
537.875977
539.788025
548.789978
555.046021
562.437012
567.398987
571.629028
575.064026
575.075012
575.080994
576.276978
580.926025
592.281982
593.768982
594.971985
596.481018
597.112976
597.656006
598.794983
598.794983
598.810974
599.021973
599.419983
599.434998
599.434998
599.434998
599.434998
599.434998
600.081970
609.299988
623.590027
627.796997
628.598022
631.875977
634.085022
636.096985
637.453979
639.422974
641.546997
644.452026
648.439026
652.991028
658.351013
666.388977
668.940002
669.960022
670.187012
670.841003
672.237976
674.388977
677.062012
678.179993
679.437012
681.867981
686.731018
695.728027
705.685974
705.927979
706.067017
706.075012
706.075989
706.075989
706.075989
706.075989
706.075989
706.075989
706.075989
706.258972
707.422974
707.752991
716.705994
721.940979
726.736023
729.059998
730.831970
733.979004
735.619995
738.026978
739.698975
745.716003
748.051025
749.724976
751.312012
752.731995
756.676025
759.343994
762.364990
764.556030
769.533997
775.359009
784.330017
794.517029
795.294983
795.736023
797.687988
806.221985
810.872009
813.843994
826.166016
830.719971
831.861023
831.940979
831.953979
832.033020
833.895996
833.895996
837.502991
843.517029
843.620972
843.620972
843.624023
847.231018
850.507019
852.729980
857.564026
867.406982
874.434998
892.054016
903.359985
914.565002
917.937988
919.877014
920.247009
920.525024
921.716980
928.625977
934.466980
947.187012
954.739990
960.689026
964.939026
972.405029
981.184021
981.565979
981.679993
982.057983
985.223022
991.562988
993.013977
994.802002
995.033997
995.036987
995.036987
995.036987
996.007019
1004.580994
1008.916016
1010.939026
1010.981018
1010.992981
1011.067017
1011.992004
1014.927979
1015.697021
1017.620972
1024.159058
1024.636963
1024.970947
1025.485962
1028.069946
1028.357056
1028.359985
1028.365967
1028.515991
1030.782959
1036.738037
1041.187012
1046.051025
1054.532959
1057.635010
1060.614990
1062.995972
1063.291992
1063.593018
1064.433960
1065.227051
1066.495972
1069.343994
1071.379028
1073.125000
1074.427979
1076.073975
1076.105957
1076.118042
1076.291016
1076.598022
1076.880005
1077.420044
1077.430054
1077.430054
1077.551025
1077.551025
1077.551025
1077.551025
1077.551025
1077.551025
1077.555054
1077.582031
1078.178955
1080.166992
1085.128052
1088.197021
1091.650024
1096.552979
1105.905029
1108.847046
1110.755981
1112.958008
1113.833008
1114.239990
1114.327026
1114.331055
1114.821045
1116.612061
1119.395020
1119.395996
1119.395996
1119.400024
1119.400024
1119.404053
1119.405029
1119.406982
1119.453003
1119.453003
1119.453003
1119.456055
1119.457031
1119.457031
1119.457031
1119.457031
1119.457031
1119.457031
1119.457031
1119.457031
1119.510986
1119.790039
1119.953979
1120.024048
1120.029053
1120.150024
1121.420044
1121.521973
1121.660034
1121.770020
1121.912964
1122.005981
1122.064941
1122.178955
1122.181030
1122.181030
1122.181030
1122.181030
1122.187988
1122.241943
1122.250000
1122.797974
1124.863037
1124.863037
1125.340942
1125.561035
1125.765015
1126.005005
1126.249023
1126.338013
1126.574951
1128.097046
1131.697021
1136.198975
1139.602051
1146.192017
1151.165039
1155.140015
1160.401001
1164.222046
1169.905029
1177.837036
1179.905029
1180.364990
1180.500977
1180.506958
1180.510010
1180.510010
1180.510010
1180.510010
1180.510010
1180.510010
1180.510010
1180.510010
1180.510010
1180.510010
1180.510010
1180.510010
1180.510010
1180.510010
1180.510010
1180.510010
1180.510010
1180.510010
1180.510010
1180.510010
1180.510010
1180.510010
1180.510010
1180.510010
1180.510010
1180.510010
1180.510010
1180.510010
1180.510010
1180.510010
1180.510010
1180.510010
1180.510010
1180.510010
1180.510010
1180.510010
1180.510010
1180.510010
1180.510010
1180.510010
1180.510010
1180.510010
1180.510010
1180.510010
1180.510010
1180.510010
1180.510010
1180.510010
1180.510010
