0.202240
0.202312
0.202373
0.202430
0.202493
0.202558
0.202614
0.202678
0.202741
0.202810
0.227090
0.339809
0.488522
0.657768
0.777707
0.873533
0.947833
0.981976
1.052099
1.414325
1.798467
2.025817
2.170933
2.239977
2.306070
2.370269
2.452202
2.559563
2.722264
2.887778
3.006973
3.094508
3.144073
3.212463
3.304332
3.418747
3.511345
3.595275
3.672568
3.756966
3.827319
3.909327
3.993597
4.069853
4.160621
4.247808
4.345001
4.435237
4.474561
4.519065
4.612621
4.725866
4.896787
5.100846
5.334115
5.551164
5.811133
6.051556
6.232125
6.390066
6.577421
6.790542
7.011246
7.204338
7.428706
7.621244
7.845568
8.060267
8.265998
8.461990
8.614295
8.770592
8.889258
9.040854
9.228023
9.489635
9.695593
9.873849
10.075091
10.302983
10.514684
10.725281
10.961810
11.169471
11.354326
11.585296
11.836733
12.055818
12.306860
12.548382
12.747490
12.972014
13.185130
13.368777
13.547956
13.717994
13.912914
14.120101
14.344655
14.560800
14.813564
15.077389
15.295847
15.535387
15.750919
15.901939
16.017950
16.071315
16.135307
16.238406
16.425510
16.659609
16.868327
17.073453
17.294184
17.457719
17.606683
17.705447
17.746901
17.783514
17.861468
17.984298
18.120341
18.282912
18.492930
18.674657
18.858683
19.048024
19.264294
19.448236
19.561326
19.664848
19.770735
19.894468
20.043197
20.172376
20.313242
20.478364
20.691399
20.907905
21.129200
21.369718
21.604117
21.839547
22.035238
22.233587
22.377874
22.496584
22.593444
22.678034
22.770451
22.882258
23.028675
23.244443
23.442338
23.658047
23.833624
24.052121
24.253520
24.457582
24.690312
24.920570
25.112334
25.334752
25.559479
25.784376
25.986343
26.173249
26.334754
26.532784
26.732317
26.902203
27.063395
27.231562
27.370038
27.538402
27.701908
27.879398
28.100638
28.326221
28.555851
28.789669
29.006010
29.183243
29.299122
29.377654
29.420995
29.473396
29.552815
29.662082
29.826815
29.995799
30.216900
30.449073
30.651260
30.890128
31.092295
31.325247
31.558213
31.744651
31.878666
32.006958
32.198440
32.351059
32.473099
32.551396
32.643813
32.718046
32.775706
32.873851
33.055031
33.321720
33.634141
33.949315
34.038286
34.103358
34.167141
34.216933
34.386023
34.545660
34.568788
34.650551
34.694231
34.732908
34.737012
34.755542
34.758270
34.766854
