2.74064
2.96224
3.20875
3.41072
3.63851
3.86779
4.07136
4.2861
4.51738
4.72145
4.91814
5.12014
5.33288
5.56298
5.76642
5.96705
6.1667
6.4033
6.62386
6.86811
7.10161
7.30759
7.53539
7.73814
7.96573
8.20635
8.44478
8.65294
8.88473
9.09097
9.29474
9.52032
9.77321
9.9657
10.1658
10.3889
10.5806
10.7768
10.9967
11.2295
11.4294
11.6688
11.9049
12.1053
12.3376
12.54
12.7454
12.9593
13.1942
13.3953
13.6378
13.8253
14.0697
14.3132
14.5459
14.7595
14.977
15.2156
15.4101
15.6135
15.8381
16.0684
16.3033
16.501
16.7392
16.9394
17.1811
17.4157
17.649
17.8868
18.0918
18.3153
18.5115
18.7466
18.9493
19.1868
19.382
19.5853
19.8086
20.0378
20.2511
20.4438
20.6946
20.9173
21.1109
21.3405
21.5807
21.7794
22.006
22.241
22.4381
22.6695
22.8926
23.1049
23.3007
23.5044
23.7315
23.9751
24.1924
24.4083
24.6272
24.8667
25.0606
25.2918
25.5265
25.7301
25.9688
26.1691
26.4029
26.6144
26.8297
27.0726
27.273
27.4805
27.6978
27.9074
28.1353
28.3693
28.5727
28.7755
29.0123
29.2481
29.4485
29.648
29.8917
30.0865
30.2874
30.4859
30.716
30.952
31.1576
31.3855
31.5851
31.7864
32.0191
32.2267
32.4533
32.6958
32.9315
33.1311
33.3308
33.5567
33.7986
34.0324
34.2264
34.4616
34.6652
34.8686
35.1132
35.3355
35.5434
35.7316
35.9368
36.1682
36.3765
36.5996
36.8063
37.0349
37.233
37.4353
37.679
37.9067
38.1093
38.3433
38.5853
38.8091
39.0444
39.2678
39.471
39.7091
39.9441
40.1529
40.3497
40.5726
40.7907
41.0182
41.2262
41.4274
41.6563
41.8926
42.123
42.3608
42.587
42.8243
43.0463
43.2672
43.4757
43.6783
43.8862
44.0869
44.3097
44.5202
44.7505
44.9821
45.1756
45.4122
45.6079
45.8443
46.0556
46.2551
46.4887
46.7229
46.9193
47.1482
47.3462
47.5481
47.7796
48.0098
48.2147
48.4155
48.6517
48.8814
49.0822
49.3125
49.5131
49.7207
49.9523
50.155
50.39
50.5905
50.7978
51.023
51.2223
51.4235
51.6259
51.8572
52.0931
52.2938
