0.000000
0.000000
0.000000
41.646000
41.731998
41.757000
42.035000
42.053001
46.242001
49.583000
50.805000
51.846001
69.263000
73.876999
77.641998
85.056999
86.716003
87.250999
88.662003
94.882004
111.667000
129.039001
145.848007
154.143005
155.231995
157.192993
166.621994
175.352997
184.996994
191.466995
196.113007
200.244003
205.389008
217.093002
239.619995
253.337997
263.269989
272.067993
279.217987
286.585999
297.006012
303.476013
305.855988
307.424011
309.433014
311.272003
313.463989
313.924988
318.398010
319.282013
319.295990
320.347992
323.183990
326.230011
331.031006
332.223999
332.227997
332.230011
332.243011
332.299011
332.502991
332.532013
332.535004
334.627014
344.256989
344.273987
346.110992
360.437988
368.152008
369.714996
372.665009
378.226013
382.342010
386.320007
390.085999
392.401001
396.089996
401.170990
405.364990
405.902008
407.165009
408.907990
413.329987
418.588989
422.138000
423.194000
423.303009
423.355011
423.468994
423.582001
423.601013
423.638000
423.854004
423.911011
423.942993
423.942993
423.942993
423.989014
423.989014
423.989014
423.989014
423.989014
