1.08994
1.0902
2.31278
2.83791
3.31336
3.81291
4.31354
4.81359
5.33295
5.81708
6.31725
6.81705
7.31695
7.81766
8.31708
8.81785
9.31679
9.81727
10.3169
10.8213
11.3204
11.8208
12.3377
12.8207
13.3208
13.8256
14.321
14.8216
15.3218
15.8383
16.3256
16.8254
17.3256
17.825
18.3257
18.8249
19.3251
19.8249
20.3254
20.8258
21.3408
21.8288
22.3288
22.8291
23.3298
23.8296
24.3297
24.8296
25.3288
25.8293
26.3321
26.8335
27.3331
27.8328
28.3335
28.8337
29.334
29.8327
30.3339
30.8329
31.3375
31.8368
32.3369
32.8372
33.3375
33.8373
34.3371
34.8689
35.3371
35.8373
36.3412
36.841
37.341
37.8409
38.3435
38.841
39.3413
39.8412
40.3501
40.8575
41.3572
41.857
42.3611
42.8568
43.3576
43.8865
44.3609
44.8612
45.3616
45.8611
46.3616
46.8617
47.3612
47.8608
48.3616
48.8652
49.3655
49.8658
50.365
50.865
51.365
51.8657
