0.0154212
0.00600651
0.000421925
0.00101435
0.0110174
0.000508497
0.000664524
0.00296867
0.0079893
0.000647129
0.00065915
0.000381558
0.000399752
0.032933
0.0022639
0.00299106
0.0223926
0.002263
0.00277215
0.0223376
0.0286654
0.00043758
0.00405403
0.0143502
0.00496767
0.000860412
0.00360803
0.0250704
0.00993829
0.000592289
0.00715934
0.00206127
0.00188235
0.0172973
0.000487512
0.0204755
0.0161982
0.0193828
0.0490265
0.000729318
0.0268139
0.000639075
0.00107542
0.000789163
0.000864315
0.000903563
0.00158606
0.0143094
0.000996589
0.000918075
0.000900596
0.00093896
0.00140376
0.0384763
0.0448123
0.000956979
0.0294193
0.000995391
0.0228927
0.023035
0.000800118
0.0007255
0.000904898
0.00989138
0.0184426
0.0173863
0.000932529
0.00672333
0.000511908
0.00144738
0.0015562
0.004688
0.000316341
0.00329928
0.0017743
0.000362964
0.0447298
0.014162
0.00214589
0.0268259
0.00162016
0.0042962
0.00154701
0.0430366
0.000934067
0.00158484
0.0370692
0.00120383
0.00108166
0.000960605
0.00142281
0.0459506
0.000178387
0.000497188
0.00111733
0.116952
0.00778175
0.000764967
0.00103123
0.0856013
0.00112545
0.0220637
0.000339169
0.00243473
0.000873351
0.00768766
0.0151053
0.00107999
0.0168323
0.00108592
0.000553293
0.0102967
0.000744823
0.000686413
0.00526586
0.0193182
0.0137018
0.0175425
0.00168408
0.00161179
0.013332
0.00282775
0.0412658
