8.41893
10.3105
14.4186
14.437
14.6273
14.6462
18.076
18.0906
20.8261
24.0473
24.0609
34.5794
34.5889
34.8069
34.8259
36.2905
36.9757
36.991
38.958
39.1878
40.3346
41.8715
41.8989
42.1122
42.1323
42.1501
43.4016
44.7032
49.2504
49.2601
55.1592
55.174
55.1977
58.7143
58.7239
67.2204
67.8921
71.7072
87.8589
131.34
131.376
131.39
131.401
131.421
131.431
131.441
131.462
131.543
131.561
131.581
131.591
131.602
131.621
145.17
154.033
154.05
172.57
172.586
178.08
182.401
182.419
182.429
182.44
191.457
207.437
251.252
251.265
251.432
251.87
251.887
251.906
251.929
255.526
255.539
255.917
255.937
260.392
260.572
260.59
261.875
261.889
265.503
265.521
271.866
277.355
277.366
282.673
282.687
282.707
283.53
283.548
285.793
285.807
285.818
289.119
292.025
292.557
292.57
292.776
293.295
293.311
295.893
295.911
295.923
295.942
296.109
297.798
297.813
300.29
300.304
302.054
302.074
302.094
302.104
302.239
302.511
305.378
305.413
305.426
305.446
307.129
307.348
307.797
