0.00137132
0.0210791
0.00517611
0.026211
0.00820917
0.00148819
0.0046711
0.00128738
0.0016785
0.020579
0.00110225
0.0128195
0.0288719
0.00680143
0.0124064
0.00689152
0.00237044
0.0403587
0.00165742
0.00296125
0.0199063
0.00240647
0.0064946
0.00209881
0.00981355
0.0115131
0.00180591
0.00216644
0.00861704
0.00195756
0.0032724
0.00217746
0.00285057
0.00150143
0.0038296
0.00195231
0.00421939
0.00252243
0.0042198
0.0201539
0.00344451
0.0177596
0.00197832
0.0124311
0.0164638
0.0116297
0.000648553
0.00239769
0.00101391
0.00873092
0.00603112
0.0122429
0.00362757
0.00116364
0.000873813
0.00111657
0.00186214
0.00840695
0.000634554
0.00653165
0.0210863
0.0143697
0.0122385
0.0169382
0.00137909
0.00123351
0.00745419
0.0016449
0.015494
0.0155228
0.00211019
0.00195219
0.0152624
0.00295182
0.0574243
0.0430892
0.0198161
0.0349032
0.00170218
0.0293661
0.0702811
0.0483049
0.0268601
0.0011324
0.0379169
0.0516913
0.0539922
0.00944084
0.0201719
0.0430293
0.00199695
0.0337465
0.0179034
0.00190098
0.00208479
0.00197735
0.00170835
0.0390741
0.00215659
0.0464671
0.0331733
0.0522957
0.00191415
0.0308462
0.0342367
0.0141148
0.065221
0.0796284
0.0018857
0.0449765
0.0422462
0.0720897
0.0112196
0.0301094
0.00170924
0.0429909
0.0344503
0.00194864
0.0023113
0.0311665
0.0371591
0.00196657
0.0186308
0.0112476
0.0268495
0.0015246
0.027088
0.00170716
0.00200562
0.0246387
0.00184992
0.0628823
0.00286538
0.0022011
0.0379714
0.0389069
0.00242329
0.0187204
0.00265573
0.00285099
0.0460165
0.00326304
0.0275136
0.0313792
0.0109598
0.00196301
0.0207154
0.0561719
0.00230677
0.0445738
0.0621661
0.0112258
0.00184233
0.0631814
0.0078786
0.018256
0.0193681
0.0230346
0.038599
0.0557761
0.0446041
0.00174729
0.00236122
0.0238184
0.0362025
0.00179032
0.0518336
0.00284772
0.0307646
0.0293275
0.0259259
0.00168488
0.00211946
0.0121033
0.000763914
0.00159733
0.0215089
0.0214312
0.00127614
0.0458578
0.00510911
0.00159279
0.0475666
0.016574
0.0264764
0.00194853
0.00416066
0.0185454
0.0432609
0.0675595
0.00180794
0.00156737
0.0105829
0.00227884
0.0408319
0.0337937
0.0413864
0.00156169
0.012693
0.0126228
0.00276042
0.00122601
0.00634588
0.00741549
0.0115355
0.0487879
0.0251368
0.00201884
0.00378176
0.00825086
0.021841
0.0252231
0.000751913
0.025778
0.0191625
0.00211694
0.0286321
0.025979
0.00165488
0.0482823
0.0200781
0.0204415
0.0015805
0.0346069
0.068375
0.0238787
0.0552875
0.0276066
0.0267496
0.000793977
0.0545623
0.0482819
0.00761073
0.0240701
0.0470753
0.0153017
0.00201455
0.0570037
0.0512393
0.00197942
0.0385965
0.00811883
0.0293677
0.0436073
0.0194945
0.00187512
0.0220904
0.0271435
0.00266458
0.0312389
0.0172919
0.00612594
0.0124169
0.0370054
0.00962342
0.0411238
0.0163509
0.00189552
0.00313347
0.0027922
0.00191616
0.0351273
0.00235914
0.00236547
0.00520828
0.0279058
0.0895267
0.00192505
0.0347812
0.00225458
0.0147695
0.0116665
0.00768693
0.00213548
0.0253973
0.0451407
0.00207887
0.00540951
0.0372624
0.0142457
0.0219889
0.0199475
0.0037349
0.00243612
0.0243346
0.0248085
0.00222075
0.065028
0.00269254
0.022016
0.022226
0.00215482
0.0028431
0.00398835
0.053869
0.00161478
0.00375676
0.0198848
0.00545602
0.00133676
0.0477217
0.0133272
0.00887777
0.00177141
0.010361
0.00168837
0.00191747
0.0034958
0.00224881
0.0556434
0.00254774
0.0233027
0.0221627
0.00141808
0.0456593
0.00144173
0.00271868
0.013165
0.027195
0.00155442
0.0200233
0.0164106
0.00347521
0.081183
0.00257292
0.0150055
0.0652649
0.00210477
0.00449536
0.00204677
0.0130315
0.00162604
0.00153479
0.100036
0.0156633
0.0126865
0.00581124
0.0354671
0.00154967
0.00186335
0.00555266
0.00225717
0.0399913
0.0326098
0.00242201
0.0015422
0.0930658
0.00700597
0.114852
0.00187136
0.00352274
0.00406205
0.00345598
0.00105269
0.0155033
0.00199722
0.00549977
0.000949593
0.00223737
0.0194562
0.00151883
0.0739858
0.0175906
0.00184299
