8.43549
10.1251
10.3294
11.661
12.294
12.4973
14.2211
14.4568
14.6571
15.5009
16.7805
17.1982
17.6454
18.1144
19.5504
19.7549
20.8412
22.6001
23.4096
24.0729
25.8102
26.0018
27.5369
29.3185
30.3968
31.7047
31.9287
33.6759
34.3718
34.6058
34.8473
36.3068
37.0066
37.8966
38.9786
39.2072
40.3504
41.9196
42.1716
42.3172
43.4217
44.0556
44.7196
44.8905
46.608
47.2794
48.805
49.2719
50.7374
51.2017
52.9169
53.8641
54.9161
55.2127
55.3591
57.1434
58.7355
60.2323
61.9582
62.1804
63.9456
64.5992
64.8259
65.4869
67.237
67.9067
68.3232
69.2622
69.703
71.0641
71.7199
71.9047
72.3427
73.6312
75.4367
76.0527
76.2695
77.1054
78.8938
79.091
80.4024
80.8103
81.6596
82.8486
84.3801
85.0443
85.2627
86.2932
86.5033
86.9668
87.8757
88.3079
89.8279
90.074
91.3806
92.0839
92.7646
94.295
95.0492
95.2231
96.2605
97.002
97.6713
99.1581
99.3913
99.5611
100.933
101.194
102.303
102.513
104.159
105.443
106.462
108.001
108.935
109.145
109.352
109.568
110.884
111.364
112.67
112.849
113.102
113.305
115.071
116.168
116.58
116.78
117.535
117.689
118.814
120.359
121.429
122.746
123.015
123.226
123.418
124.836
125.045
125.441
126.573
126.731
127.166
128.256
128.44
128.683
129.12
130.946
131.642
132.434
133.634
134.062
134.988
135.955
136.36
137.73
138.811
140.085
140.532
140.784
141.708
142.305
142.538
142.977
144.731
145.186
146.017
146.183
146.637
147.726
148.132
149.476
151.207
152.246
154.06
154.403
156.191
156.631
157.087
157.536
158.805
159.032
160.658
160.853
161.948
163.676
165.417
166.743
167.608
168.522
169.97
170.653
171.025
172.598
173.056
174.119
174.528
175.274
176.96
177.16
178.101
179.846
181.574
182.466
183.501
185.279
185.706
186.788
187.604
187.829
189.283
191.017
191.472
191.948
192.621
194.385
194.622
194.839
196.344
197.842
198.254
198.475
198.682
198.91
199.824
200.84
201.532
203.115
204.225
205.935
206.404
206.807
207.461
209.193
209.447
209.655
210.926
211.178
212.051
213.543
213.78
213.949
215.111
215.325
215.731
216.15
217.034
218.419
218.82
219.753
220.38
221.24
221.871
222.361
222.984
223.236
223.85
225.403
226.75
228.066
229.424
229.651
230.058
231.371
231.531
232.616
232.907
233.04
233.512
234.346
234.762
235.875
236.716
236.943
237.789
238.455
239.382
239.536
240.902
241.104
242.213
242.422
243.475
243.9
244.817
246.293
246.516
247.197
248.836
249.066
250.376
251.277
251.447
251.948
253.049
253.469
253.699
253.956
255.561
255.947
257.274
257.688
258.535
258.748
259.217
260.409
260.61
261.902
262.756
264.514
265.542
267.296
268.812
269.001
270.122
271.678
271.885
273.566
273.821
275.56
276.454
277.4
278.616
280.387
280.548
280.761
281.461
282.728
283.061
283.569
285.294
285.838
287.537
287.783
287.899
288.521
289.144
290.874
292.04
292.586
292.795
293.332
293.7
295.473
295.953
296.122
296.644
297.829
299.667
300.324
302.116
302.258
302.527
304.357
304.73
304.936
305.471
307.147
307.367
307.825
308.965
310.751
311.155
311.649
