0.860324
0.957684
0.963810
1.026639
1.057712
1.068734
1.070142
1.071076
1.071679
1.072021
1.078685
1.212956
1.362884
1.539935
1.699417
1.831309
1.927790
1.972253
1.993060
2.318837
2.692224
2.928302
3.058364
3.134270
3.197515
3.258624
3.304082
3.330308
3.385694
3.550249
3.785476
4.002379
4.171267
4.433645
4.708068
4.961374
5.109942
5.163255
5.345995
5.606098
5.819861
6.047323
6.308564
6.507543
6.674691
6.861351
7.057914
7.220819
7.355002
7.610192
7.891991
8.152928
8.383846
8.559834
8.728561
8.872100
8.964543
9.129397
9.380761
9.733958
10.134144
10.492056
10.767135
11.028085
11.217302
11.384994
11.578678
11.747009
11.921625
12.154790
12.406651
12.635495
12.784123
12.922040
13.051994
13.174629
13.389668
13.716645
14.061852
14.361322
14.634774
14.861990
15.215530
15.594183
16.042467
16.376850
16.631116
16.893631
17.154008
17.442928
17.750554
18.101287
18.355946
18.501965
18.627063
18.728228
18.831772
18.935950
19.100664
19.287289
19.482988
19.728017
19.951817
20.113053
20.216050
20.346434
20.546219
20.772357
21.074835
21.328512
21.495475
21.589752
21.743131
21.981160
22.226822
22.480948
22.721322
22.912167
23.030359
23.125794
23.284436
23.564977
23.889271
24.267432
24.636182
24.990057
25.212107
25.317986
25.443754
25.572850
25.695132
25.865857
26.119446
26.383494
26.829534
27.200635
27.501463
27.813355
28.042691
28.180523
28.314987
28.511821
28.757893
29.106897
29.452411
29.739860
29.991530
30.150427
30.240352
30.354587
30.519588
30.644937
31.021178
31.379877
31.712984
32.024268
32.207506
32.316978
32.492592
32.741574
33.009019
33.273000
33.462462
33.674107
33.989222
34.249047
34.500146
34.714657
34.868709
35.011724
35.196647
35.473989
35.849809
36.267535
36.573358
36.830015
37.139806
37.475499
37.860923
38.187070
38.409047
38.514317
38.601454
38.776023
39.037790
39.310798
39.681206
40.072929
40.491447
40.878186
41.237558
41.537412
41.831531
42.096016
42.427765
42.686528
42.828995
42.905905
42.961131
43.066293
43.171981
43.285283
43.374675
43.430243
43.494844
43.632934
43.892005
44.342065
44.673123
44.979417
45.252326
45.577718
45.780926
45.946835
46.045504
46.105213
46.201165
46.416277
46.699121
47.004480
47.247922
47.441296
47.645176
47.762085
47.861448
48.011464
48.151453
48.366840
48.714668
49.159122
49.457529
49.655719
49.884612
50.072499
50.188396
50.322320
50.456430
50.606291
50.791045
51.246039
51.711056
52.070460
52.371675
52.529168
52.683944
52.772938
52.843757
53.016800
53.182471
53.331742
53.536195
53.776068
53.956391
54.166551
54.327391
54.461724
54.548942
54.611167
54.690062
54.816744
54.995033
55.208586
55.416183
55.573963
55.682729
55.786638
55.926049
55.986476
56.169305
56.532347
56.887634
57.203642
57.488326
57.661261
57.813873
57.954340
58.157594
58.523284
58.879131
59.238132
59.581129
59.893157
60.126555
60.405947
60.638137
60.825048
60.925217
60.992944
61.143071
61.405751
61.678109
61.957593
62.162558
62.319508
62.664510
63.058530
63.463043
63.917956
64.314870
64.717017
64.971941
65.187933
65.375488
65.735573
66.018575
66.307703
66.649433
66.921448
67.228311
67.517051
67.818216
68.032785
68.260264
68.521489
68.751032
68.947103
69.045917
69.175535
69.285198
69.417605
69.625372
69.863716
70.042850
70.128215
70.289359
70.497110
70.683969
70.794158
70.845021
71.026732
71.287906
71.656780
72.007977
72.363268
72.721245
72.978712
73.159044
73.243952
73.336588
73.514479
73.827212
74.106354
74.428501
74.666946
74.883592
75.104311
75.412823
75.639783
75.841338
76.019993
76.225447
76.424436
76.602690
76.744875
77.029544
77.358417
77.700399
78.081330
78.405126
78.669069
78.967735
79.173694
79.391536
79.535244
79.698875
79.947288
80.309899
80.547271
80.756884
80.889328
80.976473
81.153651
81.574815
81.885259
82.220092
82.373293
82.502772
82.666384
82.935005
83.227528
83.350388
83.515384
83.754655
84.091764
84.494939
84.820677
85.070872
85.324724
85.501103
85.687208
86.070467
86.488366
86.821022
87.083163
87.197896
87.323231
87.520249
87.824652
88.152922
88.494738
88.725890
88.845229
88.894047
88.984586
89.267945
89.679207
89.996345
90.402029
90.738157
91.041443
91.330244
91.658537
91.920588
92.198708
92.544329
93.008448
93.364770
93.815866
94.160475
94.350272
94.478285
94.618612
94.833231
95.133524
95.527812
95.789253
96.056901
96.358528
96.604621
96.907578
97.157235
97.351960
97.495271
97.728131
98.030473
98.314759
98.664464
98.901283
99.014272
99.185899
99.387124
99.668824
99.936255
100.176952
100.350025
100.526423
100.632146
101.067529
101.544685
101.938793
102.309610
102.563231
102.760636
103.016504
103.357504
103.772996
104.085902
104.373378
104.615960
104.760265
104.931517
105.200241
105.456617
105.781050
106.164648
106.584560
106.950909
107.240697
107.439826
107.532942
107.579234
107.695428
107.904367
108.170666
108.468442
108.744717
108.967503
109.092228
109.246705
109.344339
109.439088
109.590417
109.759495
109.914901
110.065083
110.317433
110.656691
110.946405
111.081593
111.113957
111.169816
111.261833
111.515345
111.941881
112.255265
112.620044
113.044266
113.248039
113.370506
113.577167
113.853409
114.220303
114.432327
114.655926
114.772302
114.889654
115.062372
115.193612
115.333418
115.597270
115.996462
116.390877
116.842066
117.234264
117.608597
117.924628
118.106046
118.378592
118.616489
118.774255
118.908484
119.013603
119.188960
119.589251
119.881391
120.205787
120.455537
120.676566
120.941730
121.429294
121.899659
122.280583
122.576240
122.798960
122.916408
123.072214
123.274046
123.518367
123.759272
123.955613
124.156013
124.457842
124.788093
125.087201
125.456986
125.733538
125.915962
126.170088
126.393831
126.591561
126.811582
127.035378
127.343111
127.537546
127.774043
128.124601
128.544359
128.995985
129.321272
129.554365
129.712139
129.863184
129.983744
130.172288
130.398381
130.747221
131.151283
131.405476
131.663517
131.831673
131.992660
132.149558
132.348579
132.636240
132.998085
133.324025
133.528793
133.786920
134.093833
134.305380
134.556268
134.703338
134.799724
134.962972
135.201166
135.478690
135.766212
135.991712
136.190921
136.398106
136.641095
136.865833
137.136086
137.502525
137.827689
138.164449
138.343312
138.551980
138.765609
139.015954
139.316847
139.587664
139.998300
140.238800
140.460240
140.764747
140.968681
141.136182
141.288209
141.566985
141.811842
142.123677
142.450743
142.660588
142.931938
143.165511
143.340104
143.462332
143.703604
143.983671
144.342478
144.756483
145.073725
145.360812
145.726455
146.099547
146.476892
146.806524
147.052287
147.267517
147.528432
147.729637
147.892205
148.240027
148.598327
148.963333
149.233291
149.552757
149.743562
149.846156
149.865994
149.927276
150.005528
150.269263
150.723549
151.202016
151.538663
151.716873
151.907787
152.063229
152.212150
152.394698
152.614956
152.939305
153.349612
153.674033
153.925403
154.125485
154.270478
154.529353
154.850815
155.245451
155.687475
156.028728
156.350336
156.523109
156.646728
156.949401
157.288401
157.648173
157.969524
158.292403
158.450181
158.555595
158.630889
158.733551
158.907457
159.131112
159.421213
159.670851
159.913738
160.045373
160.174992
160.311646
160.560704
160.837822
161.056396
161.210013
161.409799
161.681278
161.897920
162.094409
162.268329
162.367434
162.444398
162.520557
162.653624
163.054728
163.436361
163.850635
164.164164
164.516102
164.785505
164.963526
165.052580
165.110460
165.230767
165.469793
165.789909
165.972232
166.153127
166.318394
166.519652
166.733797
167.073395
167.439770
167.750062
168.124786
168.591731
168.963087
169.203724
169.342800
169.402423
169.439898
169.594053
169.845962
170.079019
170.436501
170.649545
170.753606
170.890397
171.033084
171.225658
171.515390
171.801924
172.071705
172.400271
172.628278
172.769600
172.877514
173.010228
173.193911
173.436985
173.778040
174.047955
174.281600
174.506814
174.793232
175.057883
175.328071
175.646472
175.955614
176.312710
176.613152
176.938225
177.158807
177.341156
177.525854
177.777670
177.991111
178.242579
178.547585
178.964796
179.309815
179.636753
179.951782
180.164969
180.346139
180.690610
180.982044
181.179851
181.362519
181.505351
181.706215
181.941000
182.287285
182.543796
182.949485
183.128348
183.354754
183.636735
183.943225
184.353918
184.717270
185.031680
185.428029
185.794973
185.985820
186.082456
186.214433
186.344988
186.512879
186.788194
187.052715
187.238268
187.398304
187.606897
187.820941
188.009930
188.271197
188.564522
188.887514
189.175172
189.546460
189.914220
190.320884
190.661826
190.937285
191.143514
191.290911
191.420176
191.512027
191.562983
191.714658
191.852273
191.964252
192.085748
192.248431
192.374170
192.452619
192.514779
192.564566
192.619698
192.847030
193.172992
193.581110
193.878234
194.067450
194.234558
194.367085
194.538190
194.748001
194.985996
195.146497
195.344189
195.504998
195.587519
195.696168
195.771620
195.931626
196.239611
196.498173
196.710032
196.837497
197.147041
197.527460
197.852718
198.128073
198.312579
198.568995
198.804120
198.996961
199.094558
199.154894
199.250604
199.423911
199.665102
200.068213
200.450831
200.722413
200.891580
201.036979
201.096328
201.227880
201.442299
201.601191
201.731301
201.973720
202.319316
202.649292
202.876862
202.983121
203.083910
203.306844
203.563404
203.833976
204.158722
204.451355
204.662107
204.757404
204.843172
205.004834
205.252523
205.656071
205.925046
206.207855
206.376819
206.502865
206.610132
206.734223
206.875458
206.979005
207.081642
207.203891
207.292175
207.435604
207.605261
207.778472
207.980993
208.268078
208.656068
209.033165
209.351574
209.583453
209.799929
209.932996
210.020416
210.140469
210.382753
210.669486
210.937319
211.200054
211.576626
211.862078
212.201214
212.481821
212.695489
212.836694
213.038996
213.302848
213.750604
214.071208
214.480744
214.820958
215.004864
215.106201
215.175595
215.309297
215.505931
215.778882
216.100811
216.371737
216.522015
216.653967
216.844144
216.995976
217.154168
217.419971
217.727367
218.012613
218.372794
218.742929
219.171061
219.620887
220.086094
220.406546
220.640747
220.745572
220.900799
221.216755
221.599890
222.006228
222.350498
222.607836
222.767085
222.835013
222.897010
223.038597
223.142144
223.245649
223.448494
223.701793
224.046139
224.492242
224.810704
225.084767
225.298967
225.427365
225.657749
226.018905
226.401665
226.826113
227.120799
227.296572
227.554319
227.848633
228.142558
228.452981
228.755134
228.908403
229.132060
229.346560
229.532408
229.730092
230.022375
230.290844
230.559415
230.828948
231.040728
231.242924
231.532481
231.846178
232.162414
232.474882
232.765142
233.027062
233.230919
233.377466
233.620539
233.855457
234.215401
234.553159
234.955297
235.246585
235.447196
235.619915
235.861298
236.175173
236.506894
236.796689
237.069223
237.256214
237.422734
237.550187
237.745932
237.986656
238.269097
238.600713
238.936688
239.156521
239.412586
239.690487
239.893637
240.153444
240.339898
240.466413
240.628184
240.915165
241.236752
241.646438
242.017825
242.292670
242.521272
242.730013
243.021220
243.288797
243.614874
243.926817
244.271773
244.461253
244.864080
245.122117
245.336627
245.636963
246.023419
246.333764
246.615238
246.797178
247.078358
247.399243
247.883377
248.166962
248.461688
248.648191
248.888512
249.112051
249.284686
249.424221
249.622054
249.950211
250.285980
250.593837
250.872113
251.299301
251.574124
251.776277
251.976554
252.096264
252.299504
252.623280
252.918974
253.283305
253.603409
253.871437
254.053987
254.259191
254.404270
254.572493
254.854345
255.248535
255.605695
255.959486
256.345368
256.675776
256.910810
257.180004
257.435737
257.785785
258.120292
258.467169
258.779571
259.035764
259.296512
259.717130
260.023436
260.432983
260.735561
260.985128
261.163678
261.445656
261.701367
261.983879
262.284372
262.523643
262.824523
263.156043
263.424308
263.601800
263.808591
263.933357
264.146846
264.350484
264.609165
264.946723
265.229974
265.489492
265.718801
266.072336
266.435155
266.791221
267.090030
267.268715
267.370311
267.424571
267.590364
267.850665
268.147320
268.452545
268.704440
268.879233
269.096145
269.385105
269.669722
270.072502
270.422479
270.701897
271.089884
271.383804
271.613049
271.877342
272.219567
272.525888
272.876876
273.184691
273.506208
273.824753
274.177467
274.569207
274.841716
275.097491
275.313226
275.589054
275.837040
276.258956
276.664508
277.082056
277.383774
277.573065
277.695971
277.782236
277.902868
278.186930
278.544903
278.926524
279.283147
279.575979
279.760074
279.911263
280.140709
280.488588
280.890854
281.255920
281.508377
281.726703
281.922874
282.179518
282.468634
282.772113
283.039749
283.212726
283.368504
283.597443
283.920261
284.183892
284.583738
284.867384
285.091947
285.207382
285.321205
285.473660
285.695295
285.846594
286.031273
286.267223
286.585735
286.906582
287.232952
287.516012
287.823122
288.059940
288.186435
288.374957
288.632471
288.820028
289.052953
289.303334
289.610430
289.998542
290.377848
290.732404
291.143268
291.560633
291.785060
291.941104
292.102211
292.232593
292.357745
292.484757
292.631953
292.795446
292.931460
293.186989
293.538877
293.841774
294.061786
294.243158
294.406524
294.570679
294.744537
294.893391
294.983387
295.047594
295.122607
295.274928
295.502353
295.739955
295.996055
296.291872
296.507210
296.663087
296.837230
296.938170
297.009215
297.140460
297.352304
297.605006
297.791872
298.004751
298.232341
298.497043
298.617347
298.704843
298.785528
298.968461
299.192472
299.474927
299.885340
300.218592
300.503351
300.718649
300.934022
301.143213
301.326644
301.423687
301.602539
301.784348
302.294650
302.707672
303.026895
303.398470
303.647833
303.756250
303.831674
303.919894
304.179247
304.529184
304.899179
305.296291
305.784527
306.084447
306.613064
306.961052
307.141701
307.348010
307.596263
307.836323
308.036046
308.176903
308.353399
308.614764
309.032751
309.468695
309.798615
310.167948
310.362723
310.503134
310.556528
310.615751
310.769998
311.094186
311.552254
311.937609
312.354904
312.601348
312.854593
312.975729
313.054351
313.164838
313.309937
313.434631
313.507885
313.634054
313.833668
314.064609
314.253666
314.515169
314.796875
315.157681
315.467707
315.905555
316.324564
316.719214
316.964350
317.110002
317.255607
317.451615
317.620085
317.904722
318.196918
318.399576
318.604686
318.924629
319.262518
319.550592
319.694515
319.961257
320.303020
320.561648
320.911163
321.279042
321.558087
321.778121
321.917017
322.034994
322.209734
322.452601
322.524632
322.665886
322.790710
322.862070
322.930474
323.051059
323.214372
323.577194
323.913930
324.329915
324.632111
325.077745
325.281759
325.419059
325.565612
325.727722
325.885160
326.056100
326.296026
326.476541
326.827872
327.035907
327.268539
327.429509
327.558914
327.681867
327.871009
328.187088
328.392702
328.693768
329.100214
329.353524
329.536804
329.726532
329.836256
329.934384
330.091538
330.242617
330.473992
330.697383
331.013899
331.240228
331.556069
331.822585
332.095452
332.235955
332.309383
332.340380
332.483781
332.773144
333.101166
333.600733
334.008296
334.370002
334.673263
334.921414
335.056066
335.206196
335.368380
335.496945
335.601505
335.732621
335.878527
335.972800
336.116983
336.371463
336.701981
