2.8575
3.10599
3.30803
3.51542
3.71025
3.92911
4.14148
4.36446
4.59036
4.81964
5.03781
5.26506
5.48613
5.67816
5.89028
6.13274
6.36993
6.57752
6.77916
7.01103
7.24738
7.44986
7.65079
7.84422
8.06424
8.30893
8.53798
8.73756
8.96244
9.17701
9.41335
9.64376
9.84829
10.0916
10.2895
10.4966
10.7285
10.9522
11.1773
11.3908
11.6216
11.83
12.0744
12.2714
12.4793
12.7231
12.9284
13.1804
13.3874
13.5721
13.7713
13.9847
14.1989
14.4021
14.6055
14.8273
15.0351
15.2687
15.467
15.6806
15.8857
16.0977
16.305
16.5472
16.7577
16.9568
17.1727
17.3818
17.6031
17.8303
18.034
18.2595
18.4643
18.662
18.8642
19.0804
19.2829
19.5262
19.7372
19.9596
20.1693
20.3708
20.5779
20.8053
21.0453
21.2492
21.4508
21.6597
21.8786
22.0788
22.2962
22.5391
22.7601
22.9627
23.1648
23.3884
23.6078
23.802
24.0028
24.2158
24.4438
24.6464
24.8684
25.0947
25.3207
25.5479
25.776
25.986
26.2237
26.4529
26.6961
26.893
27.0972
27.3197
27.5205
27.7518
28.0156
28.2162
28.4165
28.6286
28.8362
29.0497
29.2857
29.4954
29.7222
29.9375
30.1651
30.3749
30.6292
30.8622
31.075
31.2795
31.4843
31.6826
31.9088
32.1328
32.3454
32.5619
32.7825
33.0188
33.2234
33.4446
33.6565
33.8935
34.114
34.3449
34.5414
34.7615
34.98
35.188
35.3998
35.6069
35.8225
36.039
36.2676
36.4964
36.7354
36.9361
37.1466
37.3649
37.6317
37.8432
38.0585
38.2909
38.5071
38.7265
38.9384
39.1497
39.3608
39.5885
39.8286
40.0547
40.291
40.5279
40.7265
40.9283
41.1555
41.3671
41.6208
41.8489
42.0874
42.2835
42.5167
42.723
42.9606
43.1616
43.3882
43.6131
43.8133
44.024
44.238
44.4377
44.6649
44.8669
45.1046
45.3238
45.5269
45.7269
45.9183
46.1394
46.3314
46.5728
46.8179
47.0289
47.2515
47.4445
47.6732
47.9048
48.0987
48.3247
48.5414
48.7806
48.9953
49.2246
49.4636
49.6984
49.8998
50.1042
50.3001
50.505
50.7225
50.9267
51.178
51.3903
51.6265
51.8363
52.0451
52.2754
52.4914
52.7034
52.8997
53.12
53.3572
53.6097
53.83
54.0399
54.2483
54.4474
54.6796
54.9003
55.1343
55.3451
55.5881
55.7865
56.0108
56.2169
56.4228
56.6772
56.9189
57.1207
57.3484
57.5868
57.8121
58.0267
58.2387
58.46
58.6679
58.8966
59.1042
59.3196
59.5469
59.7841
59.9955
60.2088
60.421
60.6308
60.8389
61.0543
61.2611
61.497
61.6958
61.9317
62.1605
62.3685
62.596
62.8169
63.0528
63.2598
63.4748
63.6918
63.9118
64.1334
64.3494
64.5737
64.7968
65.0239
65.2368
65.4427
65.6743
65.8719
66.0697
66.3007
66.533
66.7342
66.9734
67.1851
67.4031
67.6322
67.8617
68.0832
68.3057
68.5239
68.7589
68.9939
69.2278
69.4503
69.6742
69.8963
70.1227
70.3614
70.5978
70.8331
71.0325
71.2326
71.4392
71.6703
71.8824
72.1107
72.3129
72.5255
72.7298
72.9475
73.1545
73.3651
73.6149
73.8358
74.0501
74.2556
74.4666
74.688
74.9298
75.1529
75.3681
75.5734
75.7869
75.9971
76.2327
76.4392
76.6571
76.8512
77.0549
77.2968
77.5222
77.7372
77.9482
78.1815
78.414
78.6163
78.8338
79.0436
79.2565
79.4623
79.6887
79.8965
80.1047
80.3191
80.5204
80.7499
80.9749
81.211
81.4178
81.6193
81.8539
82.0683
82.2901
82.5301
82.7656
82.9296
83.1384
83.3607
83.6287
83.8875
84.0954
84.3236
84.5487
84.7593
84.9766
85.1988
85.4107
85.6471
85.8639
86.0714
86.2732
86.4705
86.7024
86.9088
87.1151
87.3352
87.5613
87.7922
88.0258
88.2619
88.476
88.7019
88.9057
89.1141
89.3235
89.5535
89.7877
90.0023
90.2372
90.4537
90.6779
90.8888
91.1096
91.3275
91.5202
91.8113
92.0353
92.2504
92.4814
92.6946
92.8983
93.1172
93.3574
93.5825
93.7926
94.0365
94.2395
94.4821
94.7417
94.9575
95.1604
95.3591
95.5633
95.7639
95.9705
96.2134
96.4421
96.68
96.9222
97.1597
97.3822
97.6199
97.8271
98.0622
98.2836
98.4892
98.6987
98.9162
99.1105
99.3425
99.5369
99.7671
99.9773
100.186
100.392
100.638
100.854
101.095
101.338
101.584
101.821
102.043
102.243
102.457
102.665
102.868
103.114
103.396
103.645
103.874
104.092
104.289
104.503
104.724
104.939
105.152
105.355
105.565
105.762
106
106.233
106.436
106.646
106.861
107.069
107.279
107.506
107.707
107.959
108.183
108.428
108.643
108.869
109.077
109.302
109.535
109.737
109.942
110.178
110.398
110.619
110.834
111.033
111.313
111.527
111.747
111.956
112.178
112.412
112.62
112.828
113.07
113.278
113.498
113.719
113.927
114.167
114.399
114.61
114.81
115.03
115.239
115.478
115.695
115.917
116.116
116.334
116.541
116.752
116.957
117.241
117.455
117.653
117.862
118.075
118.327
118.557
118.772
118.994
119.201
119.418
119.62
119.844
120.062
120.277
120.482
120.719
120.952
121.179
121.408
121.615
121.823
122.038
122.259
122.523
122.73
122.966
123.169
123.402
123.627
123.857
124.089
124.323
124.552
124.794
125.005
125.201
125.422
125.63
125.871
126.085
126.295
126.503
126.703
126.913
127.121
127.339
127.569
127.768
127.989
128.203
128.418
128.649
128.881
129.081
129.312
129.541
129.751
129.972
130.191
130.397
130.631
130.881
131.118
131.297
131.528
131.744
131.977
132.177
132.377
132.581
132.823
133.09
133.333
133.553
133.823
134.037
134.257
134.481
134.719
134.942
135.166
135.396
135.619
135.877
136.106
136.34
136.572
136.769
137.018
137.248
137.468
137.695
137.904
138.104
138.321
138.558
138.775
139.01
139.227
139.429
139.641
139.849
140.049
140.259
140.478
140.708
140.907
141.145
141.349
141.647
141.866
142.088
142.287
142.507
142.706
142.924
143.136
143.331
143.562
143.792
144.03
144.248
144.477
144.678
144.895
145.116
145.308
145.522
145.737
145.949
146.157
146.371
146.59
146.792
147.002
147.233
147.456
147.679
147.888
148.088
148.328
148.561
148.771
148.973
149.21
149.444
149.663
149.887
150.101
150.308
150.526
150.731
150.936
151.146
151.348
151.545
151.779
151.99
152.224
152.444
152.638
152.865
153.1
153.312
153.539
153.75
153.974
154.16
154.386
154.611
154.838
155.073
155.302
155.502
155.74
155.957
156.158
156.368
156.587
156.804
157.039
157.275
157.478
157.696
157.934
158.139
158.359
158.57
158.791
159.007
159.242
159.483
159.688
159.903
160.133
160.361
160.596
160.814
161.017
161.24
161.45
161.699
161.899
162.109
162.339
162.554
162.769
163.005
163.207
163.431
163.638
163.886
164.094
164.307
164.52
164.76
164.985
165.198
165.394
165.609
165.836
166.046
166.258
166.472
166.706
166.898
167.124
167.335
167.547
167.764
167.978
168.216
168.44
168.682
168.894
169.101
169.318
169.502
169.719
169.916
170.136
170.344
170.586
170.795
170.997
171.239
171.457
171.672
171.888
172.093
172.296
172.518
172.73
172.994
173.212
173.417
173.62
173.835
174.069
174.266
174.475
174.713
174.969
175.194
175.426
175.629
175.839
176.048
176.246
176.461
176.688
176.935
177.138
177.355
177.583
177.814
178.047
178.273
178.465
178.664
178.907
179.138
179.342
179.543
179.813
180.023
180.239
180.465
180.681
180.912
181.128
181.322
181.553
181.752
181.939
182.162
182.364
182.569
182.813
183.016
183.256
183.473
183.708
183.907
184.115
184.326
184.522
184.755
184.997
185.215
185.432
185.67
185.871
186.09
186.316
186.512
186.723
186.927
187.129
187.361
187.581
187.795
188.03
188.24
188.443
188.642
188.839
189.047
189.247
189.454
189.658
189.865
190.065
190.298
190.537
190.754
190.981
191.206
191.437
191.661
191.903
192.141
192.381
192.586
192.832
193.059
193.276
193.484
193.7
193.926
194.157
194.361
194.579
194.8
195.034
195.266
195.456
195.669
195.875
196.102
196.299
196.515
196.723
196.93
197.141
197.346
197.553
197.778
197.979
198.219
198.441
198.651
198.861
199.093
199.311
199.534
199.743
199.952
200.171
200.381
200.586
200.804
201.014
201.238
201.466
201.706
201.909
202.12
202.403
202.614
202.85
203.071
203.297
203.511
203.754
203.96
204.184
204.39
204.59
204.832
205.063
205.272
205.472
205.69
205.902
206.104
206.328
206.527
206.749
206.971
207.185
207.403
207.651
207.856
208.099
208.317
208.511
208.729
208.945
209.152
209.388
209.624
209.826
210.03
210.241
210.468
210.676
210.889
211.104
211.324
211.552
211.757
211.984
212.201
212.436
212.654
212.873
213.079
213.288
213.496
213.725
213.931
214.176
214.392
214.616
214.839
215.066
215.27
215.486
215.702
215.906
216.131
216.34
216.559
216.767
216.995
217.226
217.461
217.679
217.908
218.147
218.378
218.601
218.798
219.016
219.24
219.475
219.702
219.918
220.124
220.352
220.574
220.786
221.012
221.214
221.434
221.645
221.85
222.095
222.308
222.525
222.753
222.963
223.183
223.4
223.611
223.813
224.034
224.231
224.477
224.691
224.939
225.141
225.352
225.586
225.823
226.023
226.265
226.489
226.701
226.913
227.114
227.345
227.557
227.767
227.988
228.231
228.472
228.7
228.931
229.147
229.383
229.606
229.825
230.036
230.276
230.479
230.692
230.898
231.101
231.303
231.512
231.718
231.927
232.127
232.328
232.57
232.806
233.023
233.246
233.46
233.658
233.867
234.092
234.297
234.525
234.734
234.954
235.153
235.414
235.647
235.851
236.057
236.267
236.473
236.699
236.906
237.115
237.34
237.542
237.749
237.965
238.197
238.4
238.621
238.842
239.067
239.3
239.519
239.746
239.946
240.156
240.381
240.617
240.854
241.06
241.296
241.49
241.689
241.948
242.18
242.39
242.603
242.806
243.02
243.233
243.46
243.66
243.87
244.1
244.313
244.527
244.774
244.985
245.183
245.412
245.62
245.828
246.032
246.251
246.488
246.702
246.91
247.116
247.319
247.532
247.744
247.966
248.173
248.38
248.585
248.815
249.021
249.247
249.483
249.698
249.9
250.132
250.338
250.555
250.766
250.984
251.216
251.414
251.618
251.846
252.088
252.298
252.523
252.751
252.983
253.214
253.446
253.678
253.915
254.144
254.36
254.569
254.776
254.979
255.219
255.453
255.667
255.905
256.113
256.335
256.525
256.755
256.991
257.203
257.428
257.648
257.882
258.094
258.286
258.513
258.735
258.964
259.193
259.431
259.672
259.9
260.128
260.332
260.542
260.777
260.988
261.194
261.422
261.63
261.833
262.065
262.288
262.507
262.707
262.926
263.133
263.342
263.56
263.792
264.002
264.243
264.444
264.668
264.881
265.072
265.273
265.485
265.723
265.934
266.158
266.37
266.566
266.799
267.04
267.254
267.453
267.703
267.893
268.134
268.342
268.562
268.773
268.985
269.187
269.435
269.643
269.854
270.067
270.301
270.522
270.732
270.964
271.183
271.414
271.62
271.812
272.01
272.226
272.429
272.692
272.882
273.111
273.321
273.541
273.775
273.99
274.238
274.45
274.667
274.883
275.104
275.313
275.52
275.754
275.979
276.21
276.423
276.646
276.855
277.061
277.266
277.48
277.691
277.918
278.13
278.343
278.574
278.811
279.032
279.218
279.409
279.65
279.863
280.081
280.295
280.533
280.735
280.939
281.16
281.385
281.581
281.785
281.988
282.186
282.412
282.616
282.845
283.04
283.24
283.473
283.71
283.937
284.151
284.37
284.603
284.81
285.045
285.263
285.481
285.729
285.945
286.168
286.394
286.596
286.809
287.022
287.231
287.469
287.669
287.861
288.054
288.275
288.493
288.703
288.901
289.104
289.307
289.505
289.72
289.941
290.192
290.394
290.615
290.823
291.034
291.254
291.469
291.675
291.896
292.112
292.332
292.537
292.737
292.975
293.198
293.416
293.644
293.881
294.257
294.54
294.805
295.023
295.228
295.426
295.622
295.855
296.087
296.337
296.536
296.751
297.007
297.226
297.493
297.766
297.997
298.217
298.428
298.627
298.869
299.07
299.302
299.534
299.791
300.01
300.252
300.467
300.671
300.878
301.076
301.296
301.531
301.74
301.984
302.223
302.471
302.695
302.924
303.159
303.391
303.591
303.804
304.084
304.299
304.49
304.698
304.909
305.137
305.346
305.548
305.765
305.993
306.222
306.447
306.657
306.878
307.104
307.327
307.543
307.742
307.978
308.177
308.408
308.693
308.928
309.16
309.398
309.602
309.821
310.026
310.238
310.453
310.663
310.889
311.12
311.347
311.575
311.802
312.009
312.217
