2.36191
2.87042
3.36647
3.8718
4.37043
4.87134
5.37208
5.89045
6.37271
6.8741
7.37423
7.87373
8.3736
8.87333
9.37357
9.87423
10.3745
10.8747
11.391
11.8759
12.3762
12.8759
13.3877
13.876
14.376
14.8763
15.3762
15.8862
16.3757
16.8755
17.3823
17.8769
18.3773
18.8781
19.4027
19.8775
20.4406
20.8786
21.4508
21.8791
22.3802
22.8786
23.4033
23.8804
24.3798
24.8791
25.3796
25.8803
26.3799
26.8931
27.3795
27.8799
28.3804
28.8817
29.3812
29.8815
30.382
30.8827
31.3833
31.9091
32.3839
32.8833
33.4448
33.8939
34.3835
34.8844
35.3999
35.8893
36.3843
36.8925
37.384
37.8968
38.3845
38.9386
39.385
39.8855
40.3857
40.886
41.3864
41.8865
42.3869
42.8872
43.3883
43.888
44.3883
44.8905
45.3877
45.9183
46.3884
46.8884
47.3878
47.9052
48.3894
48.8892
49.3898
49.9002
50.39
50.8897
51.3907
51.8909
52.4149
52.8999
53.3952
53.8914
54.3992
54.9006
55.3914
55.891
56.3924
56.919
57.3924
57.8926
58.3932
58.8967
59.3931
59.8933
60.4212
60.8934
61.3935
61.9319
62.3939
62.894
63.3948
63.9122
64.3943
64.8941
65.443
65.8951
66.3955
66.8957
67.4036
67.8954
68.3964
68.8988
69.3969
69.9034
70.3973
70.8979
71.4393
71.8971
72.3982
72.9477
73.3978
73.899
74.4667
74.9304
75.4369
75.8995
76.4393
76.9166
77.401
77.9487
78.4144
78.9017
79.4018
79.903
80.4031
80.9749
81.4183
81.9032
82.4026
82.9019
83.4024
83.9021
84.4026
84.9766
85.4256
85.9031
86.4029
86.9093
87.4483
87.9036
88.4042
88.906
89.4043
89.9047
90.4539
90.9054
91.4056
91.906
92.4059
92.9065
93.412
93.9058
94.406
94.9577
95.4068
95.9706
96.4424
96.9228
97.4073
97.9075
98.4082
98.9166
99.4078
99.9084
100.408
100.934
101.409
101.941
102.457
102.933
103.409
103.917
104.41
104.996
105.443
105.92
106.437
106.928
107.412
107.96
108.429
108.936
109.412
109.942
110.411
110.912
111.412
111.956
112.412
112.914
113.414
113.927
114.414
114.914
115.478
115.919
116.413
116.957
117.475
117.914
118.472
118.994
119.489
119.916
120.416
120.952
121.429
121.915
122.54
122.966
123.418
123.918
124.418
124.918
125.423
125.918
126.418
126.918
127.418
127.919
128.419
128.919
129.42
129.972
130.42
130.947
131.42
131.92
132.435
132.92
133.421
133.921
134.482
134.98
135.421
135.955
136.422
136.95
137.469
137.927
138.422
138.923
139.429
139.922
140.478
140.923
141.424
141.923
142.424
142.941
143.424
143.924
144.477
144.925
145.425
145.95
146.426
147.002
147.457
147.926
148.425
148.973
149.445
149.926
150.427
150.937
151.429
151.991
152.452
152.928
153.433
153.974
154.429
154.929
155.503
155.958
156.43
156.929
157.478
157.935
158.447
159.007
159.483
159.929
160.431
160.931
161.45
161.948
162.431
163.005
163.432
163.931
164.432
164.985
165.432
165.933
166.473
166.934
167.434
168.023
168.44
168.956
169.502
169.97
170.434
170.934
171.457
171.943
172.436
172.995
173.436
173.957
174.475
174.97
175.437
175.937
176.462
176.938
177.437
177.937
178.438
178.937
179.437
179.938
180.466
180.939
181.438
181.939
182.437
182.939
183.439
183.94
184.456
184.94
185.44
185.94
186.512
186.939
187.441
187.94
188.478
188.941
189.454
189.943
190.443
190.942
191.442
191.948
192.442
192.943
193.485
193.942
194.442
194.943
195.457
195.944
196.444
196.945
197.444
197.98
198.445
198.945
199.446
199.953
200.446
201.022
201.467
201.973
202.446
202.954
203.512
204.001
204.447
204.948
205.472
205.948
206.448
206.972
207.448
207.947
208.448
208.949
209.449
209.95
210.469
210.95
211.451
211.984
212.451
212.951
213.496
213.951
214.451
214.952
215.487
215.952
216.452
216.996
217.514
217.952
218.452
219.017
219.496
219.953
220.452
221.012
221.454
221.954
222.453
222.963
223.454
223.954
224.478
224.954
225.454
225.954
226.489
226.955
227.455
227.988
228.473
228.957
229.456
229.956
230.487
230.957
231.512
231.957
232.457
233.023
233.461
233.958
234.525
234.995
235.458
235.957
236.473
236.958
237.459
237.976
238.46
238.96
239.519
239.961
240.46
240.96
241.491
241.961
242.461
243.021
243.461
243.962
244.527
244.985
245.462
245.962
246.488
246.961
247.462
247.967
248.463
249.021
249.484
249.963
250.464
250.984
251.465
251.964
252.464
252.983
253.469
253.966
254.466
254.979
255.508
255.966
256.466
256.992
257.466
257.965
258.466
258.967
259.467
259.968
260.468
260.988
261.468
261.968
262.507
262.968
263.468
264.003
264.514
264.969
265.485
265.969
266.47
267.012
267.47
267.97
268.47
268.985
269.471
269.971
270.522
270.995
271.472
272.011
272.473
272.972
273.473
273.99
274.473
274.974
275.52
275.98
276.474
276.973
277.481
277.974
278.474
279.033
279.475
279.975
280.534
280.976
281.476
281.989
282.476
282.976
283.53
283.976
284.477
284.977
285.494
285.976
286.476
287.022
287.542
287.978
288.494
288.978
289.505
289.978
290.478
290.978
291.478
292.028
292.479
292.979
293.48
293.98
294.546
295.024
295.481
295.981
296.482
297.008
297.5
297.998
298.482
298.981
299.534
300.025
300.482
301.034
301.483
302.049
302.483
303.028
303.484
304.085
304.492
304.984
305.485
305.994
306.485
306.986
307.543
307.985
308.485
308.986
309.485
310.027
310.487
310.987
311.487
312.01
