0.000000
37.625000
86.336998
86.439003
86.459000
86.459000
86.912003
89.875000
92.010002
92.602997
104.586998
113.162003
115.170998
116.419998
118.738998
130.847000
164.037994
219.705002
254.529999
277.268005
288.618988
296.167999
322.855988
322.963989
340.882996
360.970001
364.588013
377.699005
383.682007
398.837006
423.903992
434.743011
457.860992
459.622009
460.148987
469.196014
511.378998
543.361023
594.395020
609.885010
613.598999
636.776001
681.978027
690.258972
710.447021
714.351013
717.932007
723.041016
731.749023
740.353027
742.857971
753.236023
759.247009
762.106018
762.130981
771.226013
814.945984
826.900024
833.948975
869.679016
895.934021
925.125000
954.581970
973.877991
989.421997
998.135986
1003.512024
1009.137024
1027.630005
1055.769043
1090.005005
1120.958008
1131.970947
1151.110962
1158.177979
1164.078003
1176.586060
1189.816040
1218.641968
1255.364990
1263.281006
1266.302002
1278.848022
1294.237061
1320.589966
1345.848022
1364.602051
1370.223999
1372.999023
1388.905029
1415.020996
1428.176025
1432.645996
1458.093994
1493.779053
1505.889038
1509.873047
1514.130005
1530.718994
1542.473022
1556.178955
1556.576050
1575.109009
1597.526001
1612.223999
1620.631958
1642.953979
1656.176025
1659.916016
1668.735962
1672.071045
1687.636963
1698.595947
1705.642944
1708.026978
1715.052002
1723.137939
1743.017944
1753.437012
1753.933960
1754.953979
1755.017944
1755.035034
1768.286011
1800.314941
1816.357056
1822.828003
1824.270996
1826.833984
1829.560059
1845.836060
1864.237061
1878.939941
1885.296021
1907.355957
1925.451050
1944.699951
1969.670044
1994.327026
2020.720947
2025.755981
2051.808105
2071.913086
2081.211914
2093.969971
2094.249023
2100.589111
2129.722900
2170.704102
2186.563965
2212.375977
2247.361084
2260.783936
2270.708008
2288.575928
2314.989014
2344.981934
2387.480957
2403.034912
2418.908936
2431.153076
2475.126953
2480.920898
2516.632080
2541.948975
2595.264893
2630.876953
2660.711914
2680.072021
2722.298096
2741.368896
2752.259033
2769.881104
2783.809082
2794.822021
2821.550049
2866.479004
2882.520996
2916.297119
2953.014893
2986.456055
3033.833984
3059.962891
3103.173096
3162.625977
3211.762939
3232.337891
3272.673096
3287.648926
3295.489014
3303.431885
3320.301025
3346.322998
3361.770020
3371.448975
3393.247070
3414.840088
3460.235107
3502.379883
3531.101074
3586.819092
3619.975098
3639.290039
3644.800049
3653.907959
3698.257080
3730.570068
3735.712891
3740.447021
3745.460938
3747.042969
3768.349121
3802.581055
3829.753906
3852.177979
3879.142090
3890.205078
3923.471924
3956.577881
3992.459961
4013.552002
4044.758057
4063.048096
4072.031982
4073.448975
4076.916992
4084.697021
4117.350098
4164.063965
4199.917969
4230.231934
4263.743164
4283.657227
4347.918945
4384.062988
4401.979004
4412.745117
4418.286133
4420.280762
4421.451172
4435.882812
4456.263184
4475.734863
4499.061035
4521.598145
4555.967773
4594.098145
4606.183105
4619.662109
4655.208008
4674.365234
4689.673828
4715.204102
4735.446777
4751.584961
4774.520996
4782.191895
4794.652832
4809.392090
4815.878906
4829.301758
4837.944824
4857.500977
4877.756836
4913.224121
4949.931152
4965.408203
4977.334961
4991.488770
5015.242188
5062.847168
5075.627930
5079.037109
5081.581055
5085.560059
5099.620117
5140.223145
5171.413086
5198.270996
5219.329102
5234.041992
5251.450195
5252.880859
5254.145996
5254.667969
5254.736816
5274.850098
5311.979980
5342.945801
5378.026855
5394.672852
5421.287109
5451.446777
5466.500977
5488.073242
5509.191895
5523.973145
5541.301758
5557.437988
5572.984863
5578.814941
5588.164062
5601.328125
5615.996094
5636.266113
5643.038086
5647.409180
5647.506836
5658.520996
5690.620117
5716.311035
5719.140137
5734.977051
5750.205078
5759.727051
5785.581055
5826.398926
5869.143066
5876.096191
5881.911133
5887.521973
5896.359863
5902.769043
5916.391113
5936.591797
5959.409180
5968.555176
5982.355957
6004.014160
6020.491211
6039.153809
6070.568848
6098.220215
6112.024902
6133.195801
6162.294922
6194.816895
6220.884766
6234.681152
6250.987793
6274.027832
6290.076172
6305.125000
6321.509766
6358.244141
6391.804199
6423.664062
6432.008789
6453.486816
6479.563965
6489.049805
6491.877930
6500.543945
6504.619141
6522.450195
6565.186035
6598.123047
6600.074219
6612.029785
6622.162109
6625.186035
6625.818848
6627.171875
6651.366211
6653.666992
6655.445801
6670.539062
6686.527832
6692.416016
6709.077148
6713.367188
6727.637207
6751.407227
6764.391113
6773.826172
6776.080078
6776.174805
6788.076172
6814.784180
6832.539062
6858.455078
6867.643066
6877.421875
6878.444824
6895.724121
6930.421875
6952.812988
6955.684082
6972.907227
6985.875000
6990.590820
7027.833984
7053.666016
7072.734863
7086.198242
7106.536133
7119.673828
7141.824219
7156.172852
7179.498047
7205.207031
7211.521973
7235.556152
7249.898926
7261.467773
7264.925781
7266.290039
7276.601074
7304.182129
7321.736816
7329.777832
7331.500977
7334.221191
7337.692871
7363.496094
7384.171875
7394.371094
7404.121094
7417.129883
7437.111816
7451.421875
7453.932129
7482.297852
7512.521973
7533.041992
7546.003906
7591.504883
7605.915039
7615.008789
7624.194824
7637.785156
7664.574219
7675.857910
7678.208984
7681.496094
7693.043945
7708.563965
7727.416992
7736.779785
7749.750977
7769.018066
7790.142090
7805.303223
7826.830078
7842.438965
7849.473145
7861.437012
7871.955078
7891.874023
7900.220215
7902.696777
7904.020996
7908.333984
7919.693848
7938.921875
7956.312988
7973.660156
7982.022949
8006.028809
8022.498047
8033.430176
8067.073242
8086.813965
8105.995117
8124.111816
8146.519043
8168.249023
8187.959961
8193.594727
8203.652344
8218.958008
8246.196289
8266.432617
8285.615234
8314.191406
8315.500000
8317.139648
8324.963867
8347.037109
8359.917969
8380.651367
8419.531250
8438.541992
8451.831055
8471.533203
8495.633789
8507.698242
8518.623047
8544.700195
8561.204102
8577.054688
8596.476562
8602.491211
8617.469727
8624.381836
8631.035156
8644.749023
8666.088867
8678.392578
8686.351562
8693.196289
8704.672852
8711.970703
8719.680664
8723.302734
8732.096680
8748.901367
8776.644531
8788.423828
8807.053711
8828.286133
8841.939453
8848.671875
8869.323242
8880.195312
8883.742188
8894.083008
8922.242188
8931.755859
8944.456055
8964.040039
8969.600586
8974.969727
8978.953125
8979.538086
8985.694336
9009.455078
9010.057617
9010.200195
9010.432617
9014.137695
9015.329102
9015.333008
9018.168945
9026.261719
9038.867188
9053.053711
9073.926758
9086.468750
9102.517578
9104.048828
9106.134766
9111.316406
9117.685547
9125.596680
9130.308594
9131.028320
9135.070312
9156.966797
9173.006836
9188.613281
9199.727539
9205.308594
9214.184570
9216.949219
9222.527344
9237.617188
9249.663086
9254.927734
9268.298828
9281.099609
9293.779297
9307.458984
9310.170898
9312.118164
9313.550781
9341.932617
9376.609375
9394.691406
9415.472656
9448.529297
9482.553711
9498.012695
9502.649414
9505.935547
9506.181641
9506.340820
9512.802734
9560.761719
9580.957031
9599.493164
9619.407227
9632.225586
9644.059570
9664.734375
9666.032227
9667.855469
9672.617188
9689.375977
9711.099609
9716.401367
9731.309570
9736.023438
9745.857422
9756.786133
9788.898438
9796.222656
9797.577148
9798.676758
9823.696289
9837.269531
9857.404297
9859.123047
9864.781250
9868.772461
9871.707031
9881.764648
9895.078125
9908.010742
9909.230469
9928.841797
9952.591797
9959.815430
9962.336914
9966.976562
9978.207031
9996.423828
10018.649414
10045.699219
10056.909180
