0.00338203
0.00126968
0.00543042
0.00161114
0.000657901
0.00960619
0.00346143
0.0453937
0.00149029
0.0186603
0.0153525
0.0228493
0.0039382
0.00592033
0.00162425
0.0017714
0.00108232
0.0124909
0.00163987
0.00203795
0.0023506
0.00383317
0.00278254
0.00233735
0.00402007
0.00800537
0.000918495
0.000875572
0.00158272
0.00172172
0.00109758
0.00216872
0.00358866
0.00340891
0.00345989
0.00674494
0.00600243
0.00235857
0.00167927
0.00163819
0.00401556
0.00366975
0.000646108
0.0159351
0.00631694
0.00418102
0.00130467
0.00906843
0.00601651
0.00112489
0.0054179
0.00680213
0.0102936
0.00950543
0.00212765
0.224547
