0.202239
0.202308
0.202373
0.202431
0.202491
0.202547
0.202602
0.202659
0.202724
0.202778
0.202856
0.230732
0.346270
0.519545
0.684533
0.815574
0.903134
0.979499
0.995240
1.159482
1.555001
1.867091
2.075175
2.205353
2.269873
2.335334
2.391323
2.475115
2.604783
2.745092
2.912872
3.030497
3.107499
3.156236
3.233896
3.345730
3.462473
3.569501
3.666197
3.753155
3.824160
3.904370
3.972991
4.045316
4.139092
4.226794
4.326038
4.452576
4.547647
4.581218
4.616961
4.709414
4.847757
5.030072
5.218425
5.468468
5.730883
5.957197
6.203628
6.389220
6.550348
6.710864
6.920683
7.109540
7.332305
7.556708
7.787337
8.014661
8.207280
8.422093
8.595814
8.755375
8.897443
9.062655
9.232787
9.444808
9.703334
9.930033
10.100158
10.271722
10.464570
10.712742
10.957880
11.155626
11.372675
11.554483
11.784726
11.988707
12.200196
12.448197
12.656513
12.887520
13.111686
13.325918
13.511099
13.722369
13.896538
14.101086
14.316034
14.517232
14.764793
14.984660
15.244960
15.460382
15.670173
15.866434
16.065917
16.229307
16.426738
16.642210
16.832887
17.056613
17.245282
17.448564
17.598975
17.737780
17.833601
17.928273
18.037059
18.129336
18.214165
18.320732
18.471494
18.615881
18.800075
19.000935
19.184862
19.409191
19.602255
19.801542
19.998744
20.201078
20.357144
20.538843
20.710464
20.935553
21.128705
21.308510
21.503174
21.670008
21.842015
22.020967
22.237779
22.467199
22.665713
22.864723
23.093206
23.278836
23.440594
23.639880
23.830035
24.030199
24.270043
24.469285
24.696075
24.889214
25.107465
25.324962
25.534750
25.743687
25.966830
26.168228
26.376687
26.619154
26.823036
27.051755
27.242002
27.447842
27.610670
27.803568
28.011199
28.237486
28.473392
28.685614
28.926165
29.106104
29.268394
29.379094
29.451305
29.532535
29.618698
29.751091
29.892331
30.086860
30.309361
30.558792
30.783030
31.013863
31.283166
31.511086
31.734309
31.953917
32.197610
32.389858
32.569889
32.756081
33.000633
33.214109
33.445366
33.655212
33.825867
33.898486
33.922664
33.982434
34.074772
34.214235
34.397473
34.572485
34.743454
34.900606
35.067663
35.236831
35.390219
35.580779
35.755635
35.940754
36.127566
36.315430
36.438882
36.549141
36.642344
36.721801
36.819251
36.932798
37.046416
37.200001
37.369883
37.522756
37.677908
37.848756
37.987762
38.152390
38.300261
38.480671
38.677785
38.856689
39.075767
39.270083
39.464512
39.657725
39.851033
40.077696
40.275683
40.509432
40.727770
40.893024
41.061008
41.205953
41.396865
41.579480
41.810973
42.021712
42.268712
42.476915
42.717308
42.915885
43.098154
