2.70117
2.93774
3.17143
3.37129
3.60837
3.80911
4.00898
4.21686
4.44167
4.64547
4.87808
5.10656
5.31456
5.55785
5.79112
6.02882
6.22324
6.44915
6.66005
6.89054
7.12929
7.332
7.52915
7.75972
7.9549
8.19197
8.40044
8.63366
8.86951
9.06482
9.27799
9.48313
9.69228
9.92975
10.1555
10.4073
10.6148
10.8407
11.0775
11.3113
11.5196
11.7518
11.959
12.1618
12.4018
12.6085
12.805
13.0388
13.251
13.4458
13.6717
13.9043
14.1327
14.3653
14.5727
14.8107
15.048
15.2491
15.4689
15.6674
15.8656
16.0747
16.3044
16.5058
16.7371
16.9722
17.2061
17.4362
17.6384
17.8676
18.0691
18.2766
18.4806
18.7011
18.9041
19.1126
19.3424
19.5679
19.7636
19.9647
20.1639
20.4042
20.6313
20.8379
21.0754
21.2824
21.5095
21.7094
21.9118
22.1394
22.3346
22.5672
22.8051
23.0431
23.2276
23.464
23.6622
23.8979
24.1248
24.3267
24.5614
24.7581
24.9884
25.1926
25.391
25.5961
25.8258
26.0234
26.2565
26.496
26.6984
26.9303
27.1319
27.3649
27.5622
27.797
27.994
28.1984
28.4249
28.659
28.8589
29.0553
29.2935
29.5068
29.7361
29.9684
30.1673
30.4059
30.6044
30.8096
31.0136
31.232
31.4327
31.67
31.8782
32.105
32.3002
32.5181
32.7376
32.9345
33.1459
33.3434
33.5726
33.8075
34.0091
34.2097
34.4361
34.6437
34.8526
35.0822
35.2857
35.4865
35.7176
35.9233
36.1494
36.3553
36.5891
36.8314
37.0632
37.2856
37.516
37.7189
37.9105
38.1497
38.3556
38.5821
38.7858
39.0205
39.2332
39.4471
39.6777
39.9003
40.1289
40.3302
40.5644
40.7691
41.0077
41.2408
41.47
41.7006
41.9069
42.1249
42.3345
42.5589
42.7681
43.0037
43.2057
43.4211
43.6677
43.8638
44.0657
44.2632
44.5046
44.7116
44.9033
45.1053
45.343
45.5517
45.7495
45.982
46.2233
46.418
46.6233
46.8467
47.0806
47.326
47.5669
47.7695
47.9632
48.1649
48.4008
48.631
48.8353
49.0599
49.267
49.4682
49.6658
49.9053
50.1005
50.3402
50.5673
50.7654
50.9941
51.2308
51.4376
51.668
51.8971
52.1004
52.3045
52.5434
52.7401
52.9636
53.1718
53.4072
53.6419
53.8473
54.0678
54.2671
54.4753
54.6672
54.8749
55.0992
55.3053
55.5378
55.7707
55.9649
56.1926
56.3957
56.6343
56.8369
57.0659
57.2687
57.4911
57.6997
57.9351
58.1365
58.3361
