0.000000
0.000000
0.000000
41.544998
41.646000
42.023998
42.064999
42.089001
43.161999
48.616001
50.605000
53.446999
65.824997
72.906998
77.981003
85.524002
87.078003
87.526001
89.134003
91.167999
107.356003
124.667999
145.376999
151.882996
155.744003
158.772995
163.376007
172.028000
183.016998
191.250000
196.011993
200.248001
208.263000
219.110001
231.681000
254.634003
264.632996
270.493011
280.210999
287.608002
294.520996
303.893005
306.414001
308.285004
309.910004
312.420990
314.311005
314.312012
319.433014
319.626007
319.638000
323.553986
326.375000
330.554993
332.286011
333.194000
335.153015
337.523010
342.540985
346.955994
362.306000
369.622986
370.820007
374.247986
377.601990
382.080994
387.772003
389.960999
392.574005
396.541992
398.571991
400.311005
402.148010
405.524994
408.256989
411.855011
413.054993
413.054993
413.128998
413.135986
413.194000
413.195007
413.196014
413.212006
413.338989
414.944000
424.451996
444.229004
451.670990
456.029999
468.477997
470.885010
473.084991
475.933990
478.464996
481.812988
485.704010
487.277008
488.545990
489.347992
489.824005
489.919006
489.932007
490.084015
490.697998
492.509003
496.571014
498.559998
500.428986
502.467987
504.369995
507.829010
511.613007
517.809998
