1.86688
1.86711
2.39576
2.92571
3.39881
3.91178
4.3994
4.89897
5.39896
5.89866
6.39927
6.8991
7.40348
7.90358
8.40306
8.9034
9.40289
9.92994
10.4077
10.903
11.4038
11.9046
12.4075
12.9071
13.4069
13.9068
14.4069
14.907
15.407
15.9104
16.4112
16.9109
17.4364
17.9115
18.4115
18.9111
19.4148
19.911
20.4211
20.9109
21.4148
21.9155
22.4155
22.9148
23.415
23.9147
24.4151
24.9157
25.4187
25.9189
26.4196
26.9309
27.4189
27.919
28.4253
28.9193
29.4191
29.9195
30.4228
30.9226
31.4328
31.9234
32.4227
32.9346
33.4233
33.9225
34.4363
34.923
35.4271
35.927
36.427
36.9269
37.4274
37.9275
38.4268
38.9274
39.4471
39.9313
40.4316
40.9305
41.4701
41.9308
42.4314
42.9309
43.4325
43.9309
44.4314
44.9326
45.4352
45.9354
46.4363
46.9357
47.4347
47.9633
48.4347
48.9345
49.4682
49.9386
50.4388
50.9395
51.439
51.9396
52.4391
52.9637
53.4389
53.9396
54.4753
54.9432
55.4427
55.9435
56.4431
56.9429
57.4429
57.9434
