7.4313e-05
0.0142349
0.00223163
0.000525044
0.0122998
0.000794167
0.00138549
0.00139032
0.000864864
0.00196715
0.000445359
0.00173688
0.00122959
0.00083475
0.00346172
0.00130894
0.00174022
0.000603208
0.00179397
0.00192668
0.00127787
0.00151858
0.00159014
0.00208001
0.00176298
0.00125432
0.0117329
0.0010866
0.00057753
0.0101376
0.00685336
0.0109446
0.000725808
0.0048001
0.000163205
0.00291581
0.00218301
0.00107103
0.000457242
0.000556426
0.00164196
0.000900801
0.00143234
0.0014266
0.000792025
0.00770904
0.00158603
0.00167977
0.00340574
0.002108
0.00148883
0.00121307
0.000393995
0.00532225
0.00086257
0.00053819
0.00123279
0.00234207
0.000784742
0.00110232
0.00153486
0.0131377
0.00966542
0.00378575
0.000720109
0.0107296
0.00395636
0.00332951
0.00145635
0.00135634
0.00167589
0.00245812
0.00065141
0.00232461
0.0018212
0.00232189
0.00231717
0.00161295
0.00296567
0.0015381
0.00130119
0.00123707
0.00397707
0.00183814
0.00177
0.00306456
0.00159832
0.00170148
0.00136437
0.00126354
0.00154361
0.00158194
0.00217606
0.00174257
0.00151578
0.000644514
0.000848296
0.00223739
0.00139371
0.00165303
0.00638383
0.00134301
0.000729058
0.000381725
0.000727453
0.00161018
0.00205805
0.000943503
0.00533604
0.00364294
0.00197876
0.0103229
0.00247728
0.00904984
0.00112164
0.000886412
0.00352783
0.00149225
0.00173314
0.00372793
0.00766407
0.000516565
0.011405
0.0069514
0.00147315
0.00698449
0.00580266
0.000909394
0.000834196
0.000608034
0.0094786
0.00883058
0.012478
0.0013318
0.0121152
0.000654551
0.011585
0.00136633
0.000392999
0.004358
0.00917237
0.00472776
0.00882583
0.00720983
0.00726248
0.00969666
0.00473889
0.0058659
0.00776502
0.00416802
0.00855921
0.0104651
0.0101574
0.0063787
0.00884596
0.0102016
0.00800404
0.00442592
0.00414824
0.00420622
0.0103489
0.0107828
0.00468038
0.00768653
0.00411298
0.00436592
0.0119886
0.0101962
0.00517176
0.00417749
0.00430775
0.00541188
0.00814642
0.00651705
0.00428885
0.00928967
0.00513565
0.00710061
0.00929405
0.0045965
0.00433876
0.00810757
0.0055478
0.00861124
0.00698032
0.00530442
0.0101101
0.00427211
0.00484685
0.010222
0.00406076
0.00421301
0.00910531
0.00495183
0.00916707
0.00911839
0.004472
0.00795281
0.00875331
0.00483966
0.0111603
0.00453179
0.00425917
0.00427108
0.00434568
0.00895246
0.0046701
0.00423698
0.0103527
0.00423952
0.00720715
0.00822076
0.0101308
0.00409367
0.00435416
0.00517805
0.00583564
0.00543057
0.00873783
0.00422127
0.00833298
0.00811988
0.0055981
0.00956678
0.00414415
0.00493282
0.0115397
0.00846874
0.00457281
0.00987078
0.0041887
0.00558799
0.010393
0.00570497
0.0092896
0.00421565
0.00490504
0.00733346
0.00906378
0.00517837
0.00614095
0.00720886
0.00419635
0.00679947
0.00813334
0.0042337
0.00422175
0.0114304
0.00478134
0.00570668
0.00762655
0.00657321
0.00748076
0.00699986
0.00672038
0.00934631
0.00422943
0.00405169
0.00699241
0.00682619
0.00443165
0.00973458
0.00421926
0.0056385
0.00989144
0.00450435
0.00812825
0.00423681
0.00427716
0.00452416
0.00521743
0.00445082
0.00819165
0.00439092
0.00508233
0.0054933
0.00519779
0.00422878
0.00411502
0.00651242
0.00442305
0.0078982
0.00888696
0.00511801
0.00905458
0.00735661
0.00751058
0.00964447
0.00414929
0.00479505
0.00867689
0.0104516
0.00765008
0.00946079
0.00681569
0.0044227
0.00875012
0.00479899
0.00447125
0.00435262
0.00840003
0.00811499
0.00455674
0.00915266
0.004159
0.00542159
0.0101126
0.00711776
0.00412767
0.00416202
0.00806015
0.0075169
0.0072549
0.00420622
0.00784098
0.0108185
0.00902229
0.00991364
0.00893068
0.00424429
0.00418096
0.00617386
0.00489738
0.0060845
0.00763408
0.00735858
0.00852581
0.00819822
0.00853873
0.00926491
0.0041748
0.00444177
0.00989069
0.00569793
0.00543527
0.00755211
0.00597538
0.00737288
0.00571465
0.00423882
0.00424184
0.00681063
0.00967329
0.0107128
0.00760363
0.0100658
0.00704656
0.00643439
0.0088283
0.00470446
0.0041802
0.0080171
0.00881671
0.00495331
0.00989174
0.00614951
0.0069671
0.0064064
0.00431269
0.00846223
0.00695357
0.00407869
0.00433031
0.00729324
0.00414814
0.00646142
0.0107913
0.00425072
0.00940178
0.00584812
0.00644014
0.00997058
0.00428782
0.00440293
0.00801953
0.00937776
0.00452533
0.00954888
0.00704781
0.00521894
0.00846349
0.00601576
0.00424751
0.00598811
0.0098012
0.00499852
0.0083311
0.00444902
0.00552729
0.00958886
0.00628075
0.00984611
0.0042095
0.00636041
0.00716292
0.0060052
0.0112899
0.0113063
0.0119229
0.00775142
0.00422889
0.00420392
0.00967577
0.00616445
0.00776106
0.0109098
0.00944729
0.0043122
0.0105057
0.00554532
0.0089785
0.00425382
0.00419854
0.00432925
0.00861776
0.00453984
0.00648561
0.00586562
0.00418163
0.0106402
0.00487135
0.00424133
0.00422754
0.00437045
0.00616789
0.00637916
0.00673061
0.00430404
0.00916023
0.00797049
0.00524968
0.00422729
0.00424656
0.00800419
0.00702386
0.00636845
0.0100337
0.00494849
0.0097359
0.00417477
0.0051995
0.00419841
0.0041878
0.00940912
0.0106345
0.00460914
0.00976189
0.00567935
0.00568313
0.00654555
0.00564972
0.00766246
0.00431802
0.00566447
0.00622762
0.00787084
0.00431935
0.00518293
0.009127
0.00555106
0.0068262
0.00570531
0.00581746
0.00409324
0.00409691
0.00443836
0.00933034
0.00863538
0.00412991
0.00863949
0.00516286
0.00495361
0.00894079
0.00422484
0.00547493
0.00694895
0.00701812
0.00783256
0.0112378
0.00917619
0.00642286
0.0112926
0.00945041
0.00413151
0.00570697
0.00877745
0.00641969
0.00433997
0.0106072
0.0108012
0.005447
0.00906592
0.00415448
0.00438434
0.00677966
0.00430895
0.00423197
0.00716027
0.0098266
0.00978816
0.00455523
0.00791976
0.00796391
0.00424966
0.00426311
0.00948207
0.0044998
0.00810459
0.00748257
0.00446163
0.00957674
0.00475148
0.00706357
0.0110961
0.00430405
0.00419232
0.00666121
0.00802874
0.00505657
0.0112629
0.0108489
0.0110088
0.00424231
0.00418473
0.0045794
0.00946248
0.00440999
0.00436207
0.009525
0.00440426
0.00692983
0.00789162
0.0046889
0.00416455
0.00416713
0.00753992
0.00492097
0.00600276
0.0105131
0.00678921
0.00724307
0.00417271
0.00660731
0.00905859
0.00426079
0.00423149
0.00792761
0.00779541
0.00658566
0.00736279
0.00560216
0.00903125
0.00553676
0.00655778
0.0104291
0.00427589
0.00417387
0.00983557
0.00756622
0.00462236
0.00900699
0.00547219
0.00746759
0.00634887
0.00553811
0.00437298
0.00515064
0.00752183
0.00537934
0.00778119
0.00494878
0.00438227
0.0074808
0.00642337
0.00893324
0.00864357
0.00424428
0.00431924
0.00786872
0.00772316
0.00822186
0.00853625
0.00595478
0.006453
0.0106972
0.0069918
0.00906099
0.00416457
0.00424636
0.00856874
0.00553442
0.00597565
0.0103197
0.00415941
0.00931924
0.00598886
0.006581
0.00430653
0.00418637
0.00446871
0.00812335
0.00452719
0.00476456
0.00882909
0.00415299
0.00597759
0.00480759
0.00527661
0.00430242
0.00417117
0.00682889
0.0069316
0.00794055
0.00509149
0.00797014
0.00855013
0.00565354
0.00985472
0.00616772
0.00419934
0.00419786
0.00479259
0.00447815
0.00634371
0.00994589
0.00555809
0.00623467
0.00863136
0.0041568
0.00435223
0.0079417
0.0111065
0.00427151
0.00958576
0.0042088
0.00875498
0.0050964
0.00428795
0.00423494
0.00774667
0.00455423
0.00573941
0.00819971
0.00524064
0.00918581
0.00413607
0.00416863
0.00504777
0.00944327
0.00416976
0.00423435
0.00663783
0.00432565
0.00744654
0.00462328
0.00430012
0.00905642
0.0056548
0.00677506
0.0101252
0.00416
0.00411497
0.00921428
0.00458475
0.00582237
0.00902802
0.0047015
0.0100833
0.00784148
0.00453415
0.0109225
0.00421685
0.00422093
0.00588412
0.00781557
0.00574745
0.00423492
0.00467388
0.00513258
0.0099063
0.00420762
0.0042219
0.00501348
0.00633068
0.00845107
0.00461783
0.00564833
0.00850216
0.00524663
0.00445994
0.00948592
0.00635743
0.00423626
0.00424528
0.00751524
0.0052503
0.00824399
0.0105823
0.00484259
0.0095339
0.00553278
0.00428875
0.00432633
0.00856699
0.00684842
0.00436279
0.0111497
0.00915238
0.00524657
0.00605688
0.00425573
0.00619526
0.00576002
0.00756814
0.0060205
0.00442067
0.0110233
0.00984555
0.00723666
0.00706515
0.00550933
0.00429339
0.00425019
0.00692343
0.00449496
0.0092327
0.00463141
0.00864507
0.00930991
0.00871018
0.00894214
0.00849063
0.00416696
0.00439006
0.00812685
0.00563594
0.00624609
0.00793494
0.00441138
0.0103374
0.00540603
0.00512123
0.00419189
0.0118066
0.01076
0.00433232
0.00575981
0.00571158
0.00631801
0.00802365
0.00685285
0.00413202
0.00696452
0.0093495
0.00434461
0.00941391
0.00719795
0.00665918
0.00561541
0.00947478
0.00873048
0.0089655
0.0042838
0.00517798
0.00518833
0.0085224
0.00498684
0.00959524
0.00490871
0.00651373
0.00997727
0.00732427
0.00874536
0.00433531
0.00419968
0.00662881
0.00936693
0.00437168
0.0100809
0.00594804
0.0044924
0.0109362
0.00974561
0.0043878
0.00570011
0.00540331
0.00924925
0.00449516
0.00629852
0.00907942
0.00425012
0.00909636
0.00925215
0.00427613
0.00460875
0.00740877
0.00551431
0.00487218
0.00888967
0.00808002
0.00460856
0.0103831
0.00795941
0.00766435
0.0041782
0.00417581
0.00415898
0.00715567
0.00536237
0.00624647
0.00448663
0.00419458
0.00987459
0.00417146
0.00416019
0.00725408
0.00688523
0.00746808
0.0073302
0.00418729
0.00953883
0.0073489
0.00461099
0.00964885
0.00552433
0.00422235
0.00421836
0.00807865
0.00417192
0.00807981
0.00515632
0.00417331
0.00936013
0.00561979
0.00760533
0.0104116
0.00424525
0.00606773
0.00815144
0.00952211
0.00418281
0.0082148
0.0107109
0.00564571
0.00544097
0.00443786
0.00871321
0.00449703
0.00714305
0.00455297
0.00437156
0.00638614
0.0088748
0.00428433
0.00793833
0.00490589
0.00422071
0.0042032
0.00658739
0.00495274
0.00845146
0.00431486
0.00648353
0.00917842
0.00444696
0.00712665
0.00677834
0.00426726
0.00420056
0.0075156
0.00910927
0.00427491
0.010837
0.00600743
0.00698673
0.010272
0.00479715
0.00916362
0.00461844
0.00594919
0.00747217
0.00852185
0.0051375
0.00864237
0.0082276
0.0042682
0.00597492
0.00425118
0.00605303
0.00419243
0.00774786
0.00943283
0.00723829
0.00845787
0.00793481
0.00714865
0.00882602
0.00522721
0.00539499
0.00813812
0.0041445
0.00429565
0.00679854
0.00655409
0.00802936
0.00448236
0.00587693
0.0104263
0.00412847
0.00840919
0.00423737
0.00410777
0.006636
0.00883587
0.00435807
0.00738794
0.00699645
0.00430259
0.0110969
0.00818023
0.00429201
0.00426981
0.00627484
0.00488884
0.00420372
0.00807865
0.00418981
0.00465864
0.0076608
0.00513257
0.00423287
0.00415079
0.00727943
0.00723751
0.00581062
0.00451517
0.00965063
0.00517495
0.00436995
0.0128271
0.00431549
0.00579889
0.00540607
0.0083063
0.00718067
0.00633295
0.00879164
0.00771353
0.00699419
0.010096
0.00628366
0.00426066
0.00426
0.00644155
0.00638299
0.00442791
0.00421403
0.00840818
0.00589152
0.00641012
0.00865904
0.00970397
0.00424101
0.00420817
0.0120335
0.00973756
0.00424527
0.00664738
0.00808633
0.00527366
0.00981609
0.00428894
0.00420721
0.00657662
0.00900892
0.00627495
0.00961038
0.00618163
0.00914173
0.00962866
0.00427931
0.00905908
0.00423194
0.00429425
0.00448295
0.00707661
0.00528353
0.00894287
0.00422136
0.00425416
0.00981754
0.00558004
0.0041918
0.00425183
0.0057631
0.00599373
0.00873776
0.00418357
0.00719045
0.00711768
0.00424093
0.00891972
0.00773179
0.00423821
0.00420758
0.00896497
0.00646128
0.00658921
0.00866479
0.00578926
0.0101775
0.0119563
0.00874367
0.00640524
0.00416088
0.00418081
0.00634354
0.00887216
0.00463174
0.00902552
0.00663302
0.00426827
0.0104381
0.00614915
0.00428746
0.00422935
0.00853614
0.00439152
0.00626621
0.00956982
0.00515232
0.00928745
0.00582577
0.00679017
0.00429577
0.00433937
0.0071485
0.00458691
0.00849891
0.006042
0.00654653
0.00671228
0.00664356
0.00962804
0.00424543
0.00425144
0.00774308
0.0100891
0.00449683
0.0105124
0.00502238
0.00428178
0.0105055
0.00531945
0.00606058
0.00420237
0.00417758
0.00589245
0.00742496
0.00895185
0.00688418
0.00776061
0.00557675
0.00867753
0.0052535
0.00417435
0.00430592
0.00658719
0.00445623
0.00898781
0.0049838
0.0044123
0.00864513
0.00583108
0.00444858
0.00970049
0.00420325
0.00431989
0.0069296
0.00696679
0.00846644
0.00906248
0.0048781
0.00904242
0.00647857
0.00668141
0.0121127
0.00429103
0.00426762
0.00903067
0.0101036
0.00426479
0.00990049
0.00989709
0.00502124
0.0065667
0.00978959
0.00423362
0.00422696
0.0041599
0.00420417
0.00791765
0.00516901
0.00497524
0.00635522
0.00544646
0.00609988
0.0111153
0.00719309
0.0042167
0.00425536
0.00745022
0.0041133
0.00652569
0.0121938
0.00451494
0.00614362
0.00649126
0.00426731
0.00598288
0.004163
0.00425287
0.00691521
0.00562009
0.00805198
0.010474
0.00673541
0.00748967
0.010543
0.00440979
0.0091932
0.00413587
0.00416522
0.00482512
0.00804268
0.0042942
0.00726216
0.00420509
0.00434701
0.00976576
0.0047297
0.00416486
0.00429507
0.00664553
0.00798761
0.00704972
0.00420988
0.00812827
0.00686707
0.00440474
0.00883855
0.00431284
0.00417498
0.00717517
0.00874865
0.00460792
0.00936684
0.00610459
0.00692728
0.0079122
0.00801984
0.00790024
0.00426302
0.00416492
0.00712952
0.00795757
0.00667345
0.00993239
0.0100912
0.00419751
0.010128
0.00690447
0.0061082
0.00422089
0.00435951
0.00457825
0.00586719
0.00440611
0.00431382
0.00653168
0.00617054
0.00532247
0.00973557
0.00524687
0.00412581
0.00415487
0.00608191
0.0072926
0.00934412
0.00415039
0.00790813
0.00844329
0.00727061
0.0107795
0.00435531
0.00489609
0.00791831
0.0108027
0.00422179
0.00417511
0.0105921
0.0104471
0.00536419
0.00645923
0.00421748
0.00436148
0.00568207
0.0102315
0.00450236
0.00843346
0.0072372
0.00435203
0.00649595
0.00451708
0.00418607
0.00423254
0.00614555
0.00443067
0.00616379
0.00432431
0.00925429
0.0070632
0.00452112
0.00856494
0.00634643
0.00425022
0.00441809
0.00906867
0.0052011
0.00745773
0.00827641
0.00678227
0.0108824
0.00450043
0.00434429
0.00754724
0.00913521
0.00509771
0.00661846
0.00974911
0.0055571
0.00782222
0.00922239
0.00521832
0.00906172
0.00421406
0.00587172
0.00565671
0.0083653
0.00430104
0.00805381
0.00996598
0.00457865
0.00823825
0.00774662
0.00424712
0.00427143
0.00518275
0.00628626
0.0107107
0.00838187
0.00420007
0.00889791
0.00695631
0.00453048
0.0103511
0.00424234
0.00509953
0.00868538
0.00881741
0.00514635
0.00825644
0.00457977
0.00593205
0.00998999
0.00680399
0.00865048
0.00420943
0.00412249
0.0071633
0.00846837
0.00446135
0.0100364
0.00457588
0.00765397
0.00511754
0.00457641
0.00430441
0.00994417
0.00807223
0.00636876
0.00560702
0.00698768
0.0102422
0.00752027
0.00584332
0.00823313
0.00690585
0.0041792
0.00418389
0.00911842
0.00520311
0.0100261
0.00430574
0.00489151
0.011171
0.0083174
0.00467901
0.00417955
0.00662979
0.00778272
0.00583996
0.0111777
0.00592773
0.00673875
0.0121912
0.00428037
0.00442555
0.00458745
0.009065
0.00443795
0.00420187
0.00721841
0.00616256
0.00653299
0.00598131
0.00428678
0.00428189
0.00811117
0.00968257
0.00651721
0.00453284
0.00682517
0.00681279
0.00605083
0.00635456
0.00620295
0.00968565
0.00418092
0.00427814
0.00963991
0.00497344
0.00865996
0.00863773
0.00461322
0.0107303
0.00456953
0.00664758
0.00734072
0.00423818
0.00420863
0.00648443
0.00832308
0.00650378
0.00940189
0.00491713
0.00809411
0.0101869
0.00522895
0.00421052
0.00530428
0.00566275
0.0089602
0.00562936
0.00465256
0.00611132
0.00546277
0.0072811
0.00855508
0.0042417
0.00420591
0.00422916
0.00679867
0.00699316
0.00865472
0.00417769
0.00693124
0.00855743
0.00549075
0.00918459
0.00416304
0.00417382
0.0074038
0.010049
0.00745163
0.00959144
0.00568936
0.00768577
0.00980743
0.00458116
0.0100826
0.00414109
0.00412549
0.00613466
0.00455828
0.0042485
0.00772474
0.00674312
0.00563517
0.00870518
0.00441098
0.00414426
0.00480876
0.00620231
0.00572957
0.00691156
0.00689663
0.0093843
0.00780072
0.00428398
0.00892382
0.00457223
0.00426367
0.00425388
0.00951245
0.0048818
0.00708855
0.00503368
0.00679911
0.00860075
0.00648444
0.0106685
0.00429348
0.00438885
0.00463955
0.0111943
0.00550169
0.00427626
0.00880827
0.010393
0.00814062
0.00983467
0.0043318
0.00449122
0.00649204
0.00560155
0.00431952
0.0091335
0.00549514
0.00565555
0.0105091
0.00555448
0.00424737
0.00431826
0.00801578
0.00628094
0.00995402
0.00681101
0.00717789
0.0100041
0.00424073
0.00870554
0.00885948
0.00425457
0.00428441
0.00625875
0.00896583
0.00585831
0.0101716
0.00748915
0.00758625
0.00938925
0.00626415
0.00876064
0.00428462
0.00420178
0.0051539
0.00980058
0.00430297
0.00637627
0.00811373
0.0049828
0.00738521
0.0043452
0.00433232
0.00416768
0.0075718
0.00727673
0.00484972
0.00431225
0.00885596
0.00689902
0.00496394
0.00953085
0.00596642
0.00413194
0.00418174
0.0099691
0.00681536
0.00592191
0.00799943
0.00998738
0.010541
0.00698917
0.00415866
0.00459952
0.00951652
0.00694892
0.00516685
0.00806774
0.0105706
0.00632488
0.0131617
0.0116082
0.00422856
0.00419321
0.00426606
0.00902866
0.00630909
0.00826351
0.00438202
0.00688323
0.00484995
0.00430897
0.00732138
0.00916717
0.00425676
0.00437582
0.0077169
0.00619846
0.00686567
0.00667576
0.00410016
0.00990595
0.00577853
0.0074252
0.00434614
0.0041648
0.00605905
0.00876589
0.00649081
0.00812312
0.00823109
0.00494674
0.00821162
0.00770474
0.00791884
0.00426805
0.00611138
0.00596604
0.00546872
0.00898373
0.00569988
0.00643644
0.00416822
0.00502535
0.00914699
0.00606665
0.00417137
0.00429716
0.0103711
0.00502638
0.00560028
0.00848697
0.00489131
0.00875141
0.0061892
0.00425939
0.00417388
0.00867746
0.00690957
0.00588002
0.0103146
0.00610874
0.00527305
0.0103916
0.0109409
0.00419343
0.0042498
0.00529568
0.00934909
0.00491698
0.00431526
0.00723742
0.00429594
0.00853533
0.00420532
0.00426898
0.00806367
0.00836611
0.0042827
0.00472894
0.00425992
0.0043577
0.00420402
0.0107696
0.00613268
0.00420009
0.00577643
0.00934974
0.0041419
0.00630059
0.00825494
0.00510882
0.00929735
0.00498667
0.00450133
0.00426706
0.00656853
0.00972892
0.00867526
0.00834394
0.00765491
0.00458617
0.0101121
0.0056377
0.00544756
0.00424256
0.00409628
0.0057258
0.00756194
0.00508122
0.00762592
0.00410293
0.00441514
0.0061299
0.00662016
0.00436154
0.00411628
0.00415225
0.00417823
0.00718701
0.00693816
0.00537728
0.00582411
0.00652649
0.00427834
0.00522446
0.0041262
0.0043006
0.00924044
0.00478386
0.00841978
0.00996702
0.00760694
0.00992857
0.0058969
0.00626913
0.00992048
0.00415426
0.00586739
0.00422672
0.00795467
0.00924875
0.00564127
0.00945
0.00417623
0.00608205
0.00448015
0.00880671
0.00564829
0.00425582
0.00706632
0.00473947
0.00765423
0.00506654
0.00445463
0.00736073
0.00456287
0.00421603
0.00639903
0.00876584
0.00429437
0.00962137
0.0041876
0.00442183
0.00908597
0.00413785
0.00831029
0.00415179
0.00413413
0.0091378
0.00656102
0.00655568
0.0114793
0.00742754
0.00455455
0.00967352
0.00769094
0.00464466
0.00425199
0.00419508
0.00429705
0.00991101
0.00471482
0.0090836
0.00811385
0.00424151
0.00871351
0.00836736
0.00621624
0.00419869
0.00425677
0.00424629
0.00418498
0.00819241
0.00827668
0.0090975
0.00620799
0.00420817
0.00868105
0.00422142
0.00527672
0.00850899
0.00845761
0.0047241
0.00938028
0.00541968
0.00651249
0.00681502
0.00944505
0.00957321
0.00420898
0.00421907
0.00672379
0.00954449
0.00445771
0.00746542
0.00657575
0.00505481
0.0103731
0.00583382
0.0045902
0.00427727
0.00435511
0.00636399
0.00581129
0.00428453
0.0048213
0.00438265
0.00641903
0.00996792
0.0055152
0.00409564
0.00422793
0.00465966
0.0050228
0.00840894
0.00429144
0.00880837
0.00816036
0.00449495
0.00924196
0.00562679
0.00429782
0.00429694
0.00751561
0.00700333
0.00754895
0.0104592
0.0102412
0.00823193
0.0104441
0.00560034
0.00876867
0.00419068
0.00502149
0.00659498
0.00816904
0.00425056
0.0113264
0.00820982
0.00592418
0.0042539
0.00424474
0.00420514
0.00641805
0.00637518
0.00919921
0.00418341
0.00665974
0.00805166
0.00588362
0.00425054
0.00411599
0.00847926
0.00554781
0.00518842
0.00856058
0.00424293
0.00662399
0.00968529
0.00444658
0.00972916
0.00489781
0.00962554
0.00660975
0.00827479
0.00919881
0.00422696
0.00943787
0.00662524
0.00457391
0.00426391
0.0045753
0.00515698
0.00808048
0.00757245
0.00866734
0.00893916
0.0063511
0.00763741
0.00961923
0.00528005
0.00432727
0.00427411
0.00734604
0.00702628
0.0091188
0.00590132
0.00641904
0.0115249
0.00900241
0.00417
0.00538318
0.00918984
0.00459908
0.00531031
0.00875874
0.00420285
0.00886841
0.00589742
0.00423532
0.00432318
0.004303
0.00489335
0.0103324
0.00438469
0.00434533
0.00603781
0.00533814
0.00873965
0.00756876
0.00721286
0.00422457
0.00600686
0.00808333
0.00677875
0.00954246
0.00445681
0.00579164
0.00903689
0.00530056
0.00913336
0.00447883
0.00420288
0.00735818
0.0059074
0.00717185
0.0105477
0.00564847
0.00767299
0.00766192
0.00911615
0.00972257
0.00430815
0.0041677
0.0092346
0.0119771
0.00504791
0.00726998
0.00970158
0.00655834
0.00984222
0.00667209
0.00447126
0.00425647
0.00412216
0.00576216
0.00999028
0.00447702
0.00429836
0.00691869
0.00427018
0.00458025
0.00572564
0.00440736
0.0041615
0.00424495
0.00713714
0.00519422
0.00913577
0.00436239
0.00894073
0.00782262
0.00454416
0.0092346
0.00421613
0.00425796
0.00868887
0.00793544
0.00449511
0.00974852
0.00413206
0.00522641
0.0103291
0.00436435
0.00881394
0.0041981
0.00415784
0.00568963
0.00523046
0.0042814
0.00929739
0.00473394
0.00648185
0.0108804
0.00860865
0.00573204
0.00484271
0.00705317
0.00653255
0.00430552
0.00762805
0.00433317
0.0062441
0.00819873
0.00594148
0.00716974
0.0100846
0.00409251
0.00415477
0.00675094
0.00635915
0.00676872
0.00944589
0.00415865
0.0085164
0.00549559
0.00693127
0.0105736
0.00422403
0.004175
0.00736594
0.00881935
0.00419722
0.00634395
0.00607161
0.00474017
0.00969082
0.00623894
0.00417491
0.00422865
0.00726646
0.00464441
0.00558169
0.00933826
0.00665264
0.00897705
0.0042378
0.00826091
0.00840264
0.00418846
0.00420389
0.0095236
0.00722687
0.00575473
0.0095214
0.00415708
0.00839349
0.00737547
0.00471784
0.0108244
0.0042771
0.00412091
0.00499372
0.00672217
0.00695118
0.0084849
0.00511207
0.00560239
0.00667863
0.00636284
0.0042497
0.0041977
0.00582427
0.00464684
0.00966204
0.00420782
0.00572518
0.0069269
0.00416973
0.00611838
0.0104634
0.00422066
0.00425365
0.00698473
0.00424805
0.00731464
0.00867864
0.00501003
0.0091327
0.00530174
0.00799882
0.00966306
0.00428264
0.00600472
0.00970365
0.00574834
0.00504562
0.0117284
0.00925454
0.00414805
0.00724392
0.00424248
0.00459056
0.00795412
0.00456086
0.00511227
0.00628213
0.00659212
0.00891861
0.00422295
0.00454188
0.00421544
0.0051581
0.00456411
0.00419098
0.00733842
0.00433981
0.0063715
0.0088153
0.00412537
0.00423794
0.0041362
0.00534468
0.00757189
0.00775771
0.00804945
0.0044422
0.00960347
0.00763565
0.00422162
0.00423535
0.00496937
0.00474357
0.00441251
0.0103385
0.00418267
0.00512325
0.004187
0.00428181
0.00421049
0.00550757
0.00642741
0.0076871
0.00922568
0.00428098
0.00634556
0.00649088
0.00414091
0.00975466
0.00560645
0.00415425
0.00509619
0.00738246
0.00609113
0.0122746
0.00891367
0.00449393
0.0105435
0.0111241
0.00431061
0.00423849
0.00827102
0.00793482
0.00490693
0.0112942
0.009218
0.00462088
0.0106334
0.00414484
0.0042267
0.00525631
0.0104597
0.00701515
0.00917951
0.00890112
0.0074564
0.00973277
0.0060679
0.00414905
0.00415949
0.00684497
0.00613439
0.00612846
0.00433372
0.00815291
0.0081608
0.00532061
0.00924566
0.00586895
0.00417861
0.00419581
0.00797766
0.00789132
0.00675282
0.00886778
0.00514223
0.0101842
0.00531316
0.00435825
0.00874407
0.00420599
0.00419006
0.00798677
0.0123706
0.0114461
0.0106343
0.004596
0.00618162
0.0042267
0.00424174
0.0057284
0.00875096
0.00468562
0.00433337
0.00424162
0.00774244
0.00699756
0.00723885
0.00661041
0.00421468
0.00420487
0.00803369
0.00695339
0.00805019
0.00428824
0.00912146
0.00809613
0.00604637
0.00974648
0.00430952
0.00421989
0.00639778
0.00835909
0.0042209
0.0084459
0.00832424
0.00798222
0.0109218
0.0107643
0.00429507
0.00421041
0.00645043
0.0104135
0.00411829
0.00764313
0.012143
0.00501449
0.00937163
0.00417295
0.00518075
0.00979215
0.00581182
0.00956962
0.00515333
0.00770074
0.00658112
0.00436172
0.00887641
0.00923082
0.00419079
0.00428823
0.00512153
0.00685362
0.00859876
0.00481029
0.00688318
0.0101264
0.0116994
0.00444746
0.00921633
0.0042712
0.00458963
0.00610397
0.00979054
0.00428928
0.00765004
0.00660966
0.00495625
0.0102131
0.0051899
0.00587961
0.00414865
0.00413506
0.00456563
0.00954841
0.0071324
0.0045919
0.00992379
0.00417731
0.00432853
0.00791251
0.00506237
0.00424768
0.00493421
0.00879489
0.00478686
0.0079386
0.00437433
0.00486262
0.0106386
0.00420686
0.00845562
0.00422862
0.00423966
0.00539182
0.0102883
0.00425623
0.00761918
0.00882784
0.00471356
0.010874
0.00688422
0.00431658
0.0057242
0.0070365
0.0102495
0.00475538
0.00490414
0.009321
0.00524557
0.006728
0.00461672
0.00986977
0.00979772
0.00501264
0.00496232
0.00749002
0.00655316
0.0082012
0.00476885
0.00867227
0.00844415
0.00420285
0.00510558
0.00861276
0.00578164
0.00490107
0.0101084
0.00412653
0.00562056
0.00968764
0.00805529
0.0102567
0.00421501
0.00922454
0.00705955
0.0102183
0.00417099
0.0076439
0.00792583
0.00417486
0.00996274
0.0078151
0.00645818
0.00418552
0.00416961
0.00665361
0.00680446
0.00414628
0.00689956
0.00519996
0.0041477
0.00732031
0.00783267
0.00418813
0.00415841
0.00735811
0.00969228
0.00883094
0.0124189
0.00595958
0.00673148
0.0102761
0.00426734
0.00422655
0.0045478
0.0105345
0.0054519
0.009473
0.00444118
0.00573777
0.0088869
0.00517713
0.0111327
0.00421417
0.00619092
0.00694229
0.00935791
0.00633824
0.00437021
0.00938304
0.0042324
0.0043672
0.00851362
0.00839727
0.00422321
0.00503137
0.0106225
0.00537962
0.00633941
0.00750045
0.00420154
0.00854374
0.00810268
0.00451815
0.00418677
0.00421689
0.00714217
0.00634049
0.0076997
0.00856395
0.0042998
0.00752913
0.00680463
0.00434026
0.0131997
0.00426352
0.0074145
0.00818778
0.0092118
0.00624078
0.0104293
0.00704198
0.00565031
0.00967545
0.00531
0.00423253
0.00419526
0.005974
0.00749901
0.00428212
0.00655558
0.0104668
0.00433863
0.00414605
0.00853432
0.00677962
0.00418652
0.00426194
0.00509273
0.00548268
0.00956493
0.00412124
0.00520125
0.00792161
0.00503208
0.0087058
0.0042482
0.0082509
0.00432726
0.0102146
0.00424858
0.00590037
0.00945436
0.0072859
0.00848066
0.00832712
0.00641385
0.00420722
0.00415383
0.00641712
0.0051748
0.00727743
0.00671256
0.0085576
0.00422396
0.0118559
0.00418555
0.00420192
0.00825264
0.00427484
0.00782429
0.00850364
0.0090783
0.00705758
0.0042708
0.00920056
0.00417887
0.00417518
0.0061539
0.0089976
0.00590586
0.00836656
0.00600371
0.00695111
0.0125277
0.00986784
0.00479329
0.00421843
0.00420619
0.00581498
0.00705091
0.00511844
0.00902003
0.00946714
0.00454082
0.00673664
0.0041473
0.00619199
0.00418395
0.00637067
0.010183
0.00675883
0.00552933
0.00540777
0.00448362
0.00760373
0.00588085
0.00908176
0.00425778
0.00428251
0.00687141
0.00715774
0.0060435
0.00769878
0.00518014
0.00669552
0.00951806
0.00458652
0.00879402
0.00431159
0.0046111
0.00919779
0.00882606
0.00416305
0.00748615
0.0071565
0.00761955
0.0097786
0.00535948
0.00641495
0.00424723
0.00436138
0.0072678
0.00510275
0.0123022
0.00982478
0.00610032
0.00434611
0.0114068
0.006167
0.00429342
0.00435391
0.00659452
0.0056668
0.00881893
0.00721951
0.00465582
0.00956417
0.00576222
0.00424508
0.0041927
0.00874095
0.00522747
0.00507101
0.00825421
0.00550034
0.0096045
0.00582772
0.00447572
0.0106733
0.00429895
0.00426491
0.00804384
0.0107478
0.00672647
0.00867882
0.00996625
0.00680312
0.00876121
0.00590778
0.00433638
0.0043499
0.00701859
0.0071006
0.00563194
0.00454239
0.0101011
0.0105097
0.00494864
0.00693642
0.00970291
0.0041508
0.00420829
0.00970187
0.00530767
0.00586633
0.00901347
0.00420485
0.0102743
0.00889321
0.00606302
0.0106537
0.0043309
0.00640358
0.00818249
0.00721315
0.00890474
0.00983576
0.0054545
0.0121553
0.00933358
0.00819328
0.00754269
0.00425959
0.0041707
0.00442239
0.00969831
0.00447302
0.00745361
0.00706254
0.0053693
0.00912274
0.00579419
0.00414851
0.00416909
0.00881793
0.00421051
0.00558559
0.00678329
0.0065413
0.00894837
0.00536158
0.00584604
0.00773034
0.00421283
0.00443955
0.00997391
0.00448155
0.00634527
0.00930266
0.00422066
0.0113355
0.0128215
0.00424181
0.00438313
0.00698196
0.010241
0.00833914
0.00447011
0.00932495
0.00429937
0.0058446
0.00418628
0.00422572
0.00419198
0.00800497
0.00666672
0.00446397
0.0101249
0.00420482
0.0044685
0.00886482
0.00418801
0.00417987
0.00504512
0.00505995
0.00450335
0.00571127
0.00553917
0.00856127
0.00883934
0.00466859
0.00932248
0.00425617
0.00729509
0.00714021
0.00537194
0.00535445
0.009658
0.0064718
0.00756339
0.00845044
0.00425029
0.00544313
0.00427749
0.00420728
0.0064981
0.00631122
0.00653333
0.010025
0.0101984
0.00795203
0.0073771
0.00423057
0.00422917
0.00475986
0.00901464
0.00435781
0.00421947
0.00849629
0.00619825
0.00681573
0.00798019
0.00433814
0.00442761
0.00837342
0.00501467
0.00474674
0.00445943
0.00421872
0.00652728
0.00417657
0.00440873
0.0109496
0.00428278
0.00428387
0.00558576
0.00423889
0.00444962
0.0109695
0.00661785
0.00462919
0.00816769
0.00622457
0.00444781
0.0043257
0.00428129
0.00432793
0.00682123
0.00667184
0.00640564
0.00661598
0.0090286
0.00893783
0.00785868
0.00420441
0.00434519
0.00941088
0.00654684
0.00977875
0.00833077
0.00438701
0.00674766
0.00563844
0.00793374
0.00814421
0.00442313
0.0046185
0.00698342
0.0047223
0.00812361
0.00530765
0.00573097
0.0100924
0.00420966
0.00436294
0.00998513
0.00447868
0.00424158
0.0061113
0.00590607
0.00429065
0.00453569
0.00429147
0.00428225
0.00417189
0.00424702
0.00959796
0.00442496
0.00481257
0.0052767
0.00999851
0.00971263
0.00808665
0.00700683
0.00637358
0.00866635
0.00964191
0.00459962
0.00426028
0.004462
0.0101489
0.00423987
0.00536795
0.0112719
0.0100707
0.00547097
0.0042265
0.00453443
0.0102494
0.00466086
0.00427495
0.00680132
0.00550801
0.0119717
0.0096928
0.00552658
0.00580461
0.00437015
