9.5505
12.4284
22.4462
22.4652
24.859
24.8753
24.8879
24.9078
24.9281
24.9492
25.0709
25.0923
25.1158
25.1314
26.9747
26.9916
27.0139
27.1719
27.1922
29.5764
29.5953
29.616
29.6358
29.6574
29.676
29.6963
39.8108
39.8278
43.8912
44.7728
45.0018
45.4376
45.4559
46.9719
48.467
48.4898
48.5082
48.5275
51.3358
51.3557
51.3765
51.3957
51.4157
51.4361
53.4796
53.7187
53.7326
53.7525
54.5824
57.3604
57.3804
57.3997
60.7986
60.9993
61.0152
62.3393
62.3555
62.377
62.3951
62.4162
62.4362
74.2198
77.8564
78.0545
78.2594
80.0139
80.0382
80.058
80.0763
80.096
80.1163
80.1374
80.8876
80.9092
80.9282
80.9489
80.9686
80.9886
81.0099
81.0287
81.0484
82.8158
82.8306
82.848
82.8687
83.0259
83.0444
83.0639
83.0835
83.1041
83.125
83.144
83.1645
83.1847
83.2047
83.2463
83.2598
83.2809
83.2995
84.1199
86.069
86.0842
86.0952
89.7634
89.7834
89.8043
90.6286
94.1719
100.44
106.35
106.368
106.397
108.985
113.115
113.128
113.147
113.17
113.189
113.208
136.215
137.93
139.223
142.446
144.162
144.176
146.765
147.628
147.643
147.831
147.843
149.4
153.351
153.776
153.792
156.415
159.447
163.162
163.181
166.439
172.539
172.563
172.58
172.603
172.622
172.642
172.665
172.679
172.7
172.723
172.746
172.772
172.793
172.813
172.835
172.864
172.885
172.911
172.928
172.947
172.967
172.993
173.013
173.03
173.05
173.067
173.087
173.114
173.145
173.16
173.18
173.199
173.22
173.243
173.261
173.279
173.304
173.32
173.342
173.365
173.388
173.403
173.427
173.445
173.467
173.485
173.504
173.529
173.542
173.563
173.589
173.615
173.631
173.656
173.672
173.695
173.716
173.731
173.755
173.776
173.791
173.818
173.832
173.854
173.871
173.891
173.916
173.932
173.951
173.978
174.003
174.026
174.047
174.069
174.095
174.111
174.132
174.153
174.172
174.196
174.211
174.236
174.255
174.272
174.296
174.322
174.34
174.366
174.384
174.399
174.425
174.439
174.46
174.486
174.501
174.524
174.551
174.569
174.591
174.613
174.635
174.651
174.672
174.69
174.713
174.733
174.76
174.773
174.802
174.823
174.843
174.866
174.885
174.906
174.925
174.946
174.968
174.997
175.011
175.034
175.054
175.071
175.096
175.111
175.133
175.157
175.171
175.195
175.222
175.239
175.259
175.279
175.299
175.323
175.339
175.36
175.38
175.4
175.434
175.451
175.473
175.491
175.515
175.535
175.552
175.575
175.593
175.614
175.636
175.665
175.687
175.711
175.733
175.75
175.772
175.789
175.807
175.832
175.847
175.891
175.907
175.931
175.951
175.968
175.992
176.007
176.028
176.052
176.07
176.099
176.115
176.14
176.158
176.178
176.195
176.218
176.241
176.26
176.281
176.3
176.329
176.343
176.365
176.383
176.404
176.426
176.446
176.467
176.487
176.507
176.528
176.558
176.575
176.6
176.617
176.639
176.658
176.677
176.699
176.717
176.738
176.769
176.792
176.815
176.837
176.866
176.888
176.912
176.931
176.954
176.97
176.997
177.017
177.038
177.054
177.079
177.097
177.117
177.136
177.154
177.178
177.196
177.223
177.245
177.268
177.284
177.307
177.33
177.344
177.369
177.385
177.405
177.429
177.461
177.477
177.5
177.521
177.537
177.563
177.581
177.598
177.622
177.64
177.669
177.691
177.715
177.731
177.754
177.771
177.792
177.816
177.833
177.856
177.898
177.917
177.937
177.956
177.981
178.01
178.043
178.066
178.096
178.111
178.137
178.153
178.174
178.198
178.224
178.239
178.265
178.28
178.303
178.332
178.346
178.367
178.391
178.407
178.429
178.448
178.467
178.493
178.508
178.527
178.562
178.579
178.601
178.621
178.641
178.659
178.684
178.702
178.72
178.764
178.779
178.803
178.822
178.842
178.864
178.879
178.904
178.918
178.94
178.967
178.983
179.007
179.029
179.043
179.069
179.084
179.105
179.125
179.144
179.167
179.194
179.216
179.24
179.259
179.275
179.295
179.32
179.336
179.357
179.376
179.397
179.424
179.439
179.459
179.484
179.503
179.519
179.543
179.56
179.579
179.603
179.631
179.648
179.669
179.689
179.711
179.734
179.759
179.777
179.802
179.832
179.86
179.876
179.899
179.917
179.938
179.961
179.994
180.016
180.04
180.068
180.087
180.109
180.127
180.147
180.169
180.193
180.212
180.227
180.25
180.27
180.298
180.315
180.34
180.355
180.378
180.398
180.415
180.44
180.455
180.477
180.502
180.531
180.547
180.569
180.59
180.608
180.634
180.661
180.694
180.731
180.747
180.768
180.792
180.807
180.827
180.852
180.868
180.89
180.911
180.928
180.967
180.983
181.006
181.023
181.045
181.069
181.086
181.106
181.122
181.145
181.167
181.198
181.215
181.238
181.259
181.278
181.298
181.316
181.339
181.356
181.376
181.401
181.429
181.443
181.469
181.487
181.504
181.527
181.545
181.566
181.585
181.604
181.639
181.656
181.678
181.695
181.718
181.735
181.755
181.778
181.797
181.82
181.84
181.869
181.883
181.906
181.927
181.947
181.967
181.985
182.005
182.029
182.046
182.068
182.096
182.111
182.135
182.152
182.173
182.197
182.211
182.236
182.253
182.273
182.304
182.319
182.339
182.363
182.38
182.399
182.423
182.439
182.461
182.479
182.499
182.53
182.547
182.57
182.59
182.611
182.627
182.651
182.672
182.688
182.712
182.729
182.761
182.775
182.795
182.815
182.844
182.873
182.888
182.908
182.931
182.961
182.975
182.999
183.022
183.039
183.061
183.075
183.1
183.116
183.135
183.161
183.191
183.207
183.228
183.251
183.268
183.292
183.307
183.327
183.348
183.373
183.404
183.418
183.441
183.459
183.482
183.499
183.519
183.544
183.56
183.581
183.605
183.632
183.647
183.672
183.687
183.708
183.731
183.747
183.772
183.791
183.808
183.833
183.863
183.879
183.901
183.923
183.941
183.959
183.98
183.999
184.024
184.039
184.067
184.084
184.105
184.128
184.143
184.164
184.188
184.204
184.223
184.249
184.266
184.301
184.316
184.338
184.356
184.379
184.402
184.416
184.44
184.456
184.499
184.515
184.54
184.558
184.576
184.603
184.629
184.645
184.667
184.701
184.719
184.739
184.762
184.779
184.798
184.824
184.844
184.868
184.888
184.907
184.934
184.95
184.973
184.99
185.015
185.031
185.054
185.075
185.095
185.114
185.135
185.165
185.179
185.202
185.22
185.246
185.263
185.279
185.305
185.32
185.339
185.365
185.399
185.426
185.444
185.46
185.48
185.5
185.522
185.541
185.569
185.594
185.616
185.631
185.657
185.674
185.693
185.712
185.736
185.755
185.775
185.806
185.827
185.848
185.871
185.888
185.912
185.927
185.948
185.972
185.99
186.011
186.039
186.055
186.077
186.101
186.115
186.14
186.156
186.175
186.202
186.228
186.267
186.284
186.305
186.328
186.343
186.365
186.388
186.403
186.428
186.448
186.487
186.503
186.527
186.546
186.563
186.587
186.607
186.624
186.649
186.667
186.686
186.712
186.727
186.746
186.769
186.788
186.809
186.828
186.847
186.872
186.887
186.915
186.933
186.953
186.975
186.994
187.01
187.036
187.054
187.072
187.097
187.113
187.149
187.163
187.187
187.203
187.227
187.244
187.263
187.289
187.305
187.326
187.349
187.383
187.4
187.422
187.444
187.459
187.482
187.506
187.529
187.548
187.586
187.611
187.627
187.65
187.667
187.687
187.708
187.731
187.747
187.77
187.788
187.817
187.831
187.853
187.872
187.895
187.911
187.933
187.956
187.971
187.993
188.013
188.05
188.067
188.09
188.112
188.126
188.153
188.168
188.19
188.213
188.228
188.252
188.28
188.297
188.318
188.339
188.356
188.379
188.399
188.415
188.437
188.455
188.476
188.515
188.534
188.556
188.574
188.594
188.615
188.633
188.656
188.672
188.692
188.715
188.743
188.759
188.781
188.802
188.823
188.84
188.861
188.885
188.899
188.923
188.952
188.967
188.99
189.012
189.027
189.05
189.069
189.087
189.114
189.139
189.174
189.191
189.214
189.232
189.251
189.275
189.291
189.312
189.334
189.352
189.378
189.395
189.418
189.438
189.457
189.475
189.501
189.515
189.535
189.563
189.593
189.617
189.636
189.659
189.678
189.697
189.719
189.739
189.758
189.781
189.797
189.826
189.843
189.866
189.885
189.903
189.923
189.948
189.965
189.986
190.007
190.028
190.061
190.079
190.107
190.132
190.147
190.169
190.191
190.208
190.233
190.261
190.275
190.297
190.32
190.337
190.36
190.377
190.4
190.421
190.435
190.46
190.487
190.503
190.523
190.546
190.564
190.587
190.603
190.623
190.649
190.665
190.692
190.707
190.729
190.75
190.772
190.787
190.811
190.831
190.848
190.874
190.893
190.929
190.942
190.968
190.985
191.005
191.027
191.044
191.069
191.09
191.115
191.133
191.16
191.175
191.197
191.219
191.235
191.26
191.277
191.295
191.321
191.337
191.37
191.388
191.412
191.427
191.449
191.472
191.488
191.512
191.528
191.55
191.593
191.607
191.63
191.647
191.671
191.689
191.709
191.729
191.749
191.772
191.801
191.815
191.838
191.861
191.876
191.901
191.916
191.935
191.961
191.976
191.997
192.024
192.039
192.061
192.082
192.104
192.121
192.142
192.16
192.183
192.2
192.237
192.251
192.273
192.291
192.316
192.331
192.351
192.376
192.392
192.411
192.436
192.465
192.479
192.501
192.521
192.543
192.563
192.58
192.604
192.621
192.641
192.667
192.694
192.71
192.735
192.756
192.771
192.797
192.825
192.839
192.861
192.885
192.898
192.929
192.943
192.963
192.987
193.004
193.024
193.045
193.064
193.085
193.11
193.133
193.165
193.179
193.202
193.219
193.241
193.266
193.287
193.309
193.329
193.347
193.368
193.395
193.412
193.434
193.452
193.474
193.497
193.513
193.533
193.557
193.571
193.595
193.624
193.639
193.66
193.683
193.699
193.722
193.739
193.759
193.784
193.799
193.827
193.843
193.865
193.887
193.905
193.923
193.946
193.965
193.983
194.007
194.035
194.051
194.074
194.095
194.111
194.136
194.153
194.174
194.195
194.215
194.235
194.262
194.275
194.298
194.318
194.338
194.361
194.389
194.403
194.428
194.445
194.465
194.5
194.515
194.535
194.557
194.575
194.595
194.617
194.637
194.656
194.681
194.696
194.724
194.739
194.761
194.782
194.805
194.819
194.843
194.864
194.882
194.906
194.937
194.951
194.974
194.998
195.019
195.039
195.066
195.098
195.112
195.134
195.16
195.175
195.196
195.221
195.236
195.259
195.278
195.295
195.317
195.336
195.365
195.379
195.401
195.419
195.44
195.46
195.484
195.501
195.519
195.543
195.561
195.59
195.607
195.632
195.649
195.671
195.691
195.71
195.733
195.747
195.794
195.815
195.836
195.852
195.874
195.897
195.912
195.935
195.956
195.972
195.996
196.024
196.041
196.061
196.084
196.1
196.125
196.147
196.16
196.185
196.205
196.232
196.246
196.266
196.287
196.313
196.338
196.355
196.379
196.398
196.415
196.442
196.469
196.484
196.507
196.526
196.544
196.566
196.583
196.604
196.628
196.645
196.666
196.692
196.706
196.729
196.751
196.767
196.792
196.807
196.829
196.848
196.867
196.893
196.921
196.939
196.957
196.976
196.997
197.021
197.038
197.056
197.079
197.097
197.129
197.143
197.168
197.184
197.209
197.223
197.243
197.27
197.295
197.332
197.347
197.369
197.39
197.409
197.434
197.449
197.469
197.495
197.537
197.552
197.571
197.596
197.611
197.631
197.654
197.673
197.693
197.712
197.731
197.766
197.786
197.808
197.825
197.843
197.866
197.886
197.904
197.926
197.945
197.968
197.996
198.011
198.036
198.051
198.075
198.096
198.112
198.137
198.152
198.173
198.193
198.227
198.243
198.266
198.287
198.305
198.328
198.343
198.366
198.389
198.404
198.432
198.448
198.469
198.491
198.508
198.527
198.548
198.568
198.59
198.611
198.626
198.661
198.675
198.698
198.718
198.739
198.755
198.778
198.799
198.816
198.84
198.867
198.883
198.906
198.929
198.946
198.969
198.984
199.006
199.029
199.043
199.068
199.096
199.11
199.133
199.151
199.171
199.194
199.213
199.232
199.256
199.271
199.299
199.316
199.337
199.356
199.377
199.397
199.42
199.438
199.455
199.48
199.495
199.527
199.542
199.568
199.583
199.606
199.624
199.646
199.667
199.685
199.71
199.74
199.755
199.775
199.802
199.824
199.843
199.867
199.889
199.907
199.929
199.959
199.976
199.997
200.016
200.035
200.06
200.076
200.097
200.121
200.136
200.166
200.183
200.207
200.225
200.249
200.266
200.286
200.309
200.323
200.347
200.368
200.403
200.419
200.441
200.464
200.481
200.505
200.523
200.542
200.564
200.581
200.604
200.631
200.647
200.668
200.692
200.707
200.729
200.751
200.767
200.79
200.808
200.835
200.851
200.875
200.894
200.912
200.931
200.955
200.973
200.991
201.016
201.033
201.06
201.075
201.101
201.118
201.137
201.159
201.181
201.202
201.227
201.266
201.281
201.307
201.324
201.342
201.365
201.388
201.405
201.431
201.458
201.471
201.507
201.523
201.548
201.565
201.587
201.602
201.626
201.643
201.663
201.685
201.707
201.738
201.755
201.778
201.796
201.817
201.837
201.855
201.88
201.896
201.918
201.944
201.959
201.981
202.004
202.021
202.043
202.062
202.079
202.103
202.122
202.142
202.177
202.2
202.22
202.239
202.264
202.281
202.301
202.319
202.339
202.364
202.38
202.412
202.427
202.453
202.467
202.488
202.511
202.528
202.551
202.569
202.611
202.627
202.651
202.67
202.688
202.712
202.729
202.748
202.773
202.801
202.847
202.863
202.883
202.908
202.923
202.944
202.965
202.982
203.007
203.042
203.059
203.083
203.103
203.119
203.139
203.158
203.179
203.199
203.226
203.241
203.275
203.293
203.316
203.33
203.353
203.375
203.391
203.415
203.432
203.479
203.495
203.517
203.54
203.559
203.579
203.598
203.615
203.641
203.656
203.676
203.707
203.722
203.744
203.766
203.783
203.806
203.823
203.843
203.865
203.886
203.903
203.937
203.951
203.971
203.994
204.014
204.032
204.052
204.073
204.091
204.112
204.138
204.155
204.18
204.196
204.219
204.24
204.258
204.28
204.296
204.317
204.34
204.384
204.401
204.419
204.443
204.464
204.48
204.504
204.518
204.54
204.579
204.6
204.616
204.635
204.658
204.675
204.699
204.716
204.735
204.758
204.775
204.808
204.825
204.847
204.862
204.888
204.903
204.923
204.947
204.963
204.987
205.014
205.027
205.052
205.069
205.089
205.114
205.138
205.155
205.18
205.199
205.215
205.244
205.259
205.279
205.305
205.32
205.343
205.363
205.379
205.403
205.423
205.441
205.475
205.491
205.511
205.531
205.554
205.575
205.596
205.613
205.631
205.656
205.683
205.7
205.723
205.743
205.759
205.784
205.8
205.821
205.841
205.864
205.884
205.912
205.926
205.949
205.972
205.987
206.011
206.03
206.048
206.073
206.089
206.107
206.134
206.151
206.173
206.192
206.211
206.231
206.251
206.273
206.297
206.312
206.339
206.355
206.375
206.395
206.419
206.435
206.46
206.479
206.495
206.52
206.537
206.58
206.595
206.618
206.638
206.659
206.681
206.701
206.719
206.741
206.757
206.78
206.808
206.825
206.847
206.868
206.885
206.911
206.937
206.955
206.974
207.011
207.026
207.048
207.069
207.092
207.107
207.129
207.151
207.169
207.215
207.231
207.255
207.272
207.292
207.315
207.332
207.354
207.376
207.414
207.44
207.459
207.481
207.497
207.519
207.54
207.555
207.58
207.597
207.615
207.646
207.668
207.688
207.711
207.73
207.751
207.771
207.789
207.811
207.832
207.847
207.88
207.895
207.918
207.937
207.959
207.976
207.997
208.022
208.048
208.079
208.096
208.12
208.135
208.156
208.179
208.194
208.22
208.237
208.255
208.283
208.299
208.32
208.345
208.359
208.379
208.401
208.42
208.444
208.462
208.482
208.515
208.532
208.554
208.573
208.597
208.611
208.632
208.655
208.672
208.696
208.711
208.739
208.759
208.776
208.797
208.821
208.837
208.859
208.878
208.9
208.921
208.949
208.963
208.988
209.01
209.032
209.054
209.076
209.093
209.116
209.134
209.151
209.183
209.199
209.22
209.245
209.26
209.279
209.301
209.319
209.34
209.361
209.379
209.412
209.427
209.449
209.468
209.492
209.507
209.531
209.55
209.567
209.592
209.62
209.635
209.66
209.679
209.695
209.72
209.735
209.755
209.781
209.795
209.82
209.847
209.862
209.884
209.904
209.923
209.948
209.964
209.985
210.009
210.039
210.056
210.091
210.11
210.129
210.147
210.17
210.187
210.209
210.231
210.248
210.269
210.293
210.32
210.335
210.358
210.377
210.398
210.42
210.435
210.459
210.476
210.497
210.521
210.55
210.567
210.59
210.611
210.627
210.649
210.668
210.688
210.713
210.729
210.759
210.775
210.798
210.815
210.836
210.86
210.877
210.899
210.915
210.939
210.959
210.991
211.007
211.032
211.05
211.069
211.092
211.107
211.132
211.15
211.168
211.193
211.222
211.239
211.26
211.281
211.302
211.323
211.34
211.361
211.381
211.401
211.428
211.443
211.464
211.483
211.508
211.523
211.545
211.565
211.583
211.604
211.629
211.661
211.675
211.698
211.715
211.738
211.759
211.775
211.8
211.816
211.839
211.861
211.891
211.909
211.932
211.949
211.968
211.994
212.02
212.035
212.059
212.105
212.12
212.143
212.161
212.18
212.201
212.221
212.244
212.258
212.279
212.327
212.345
212.363
212.383
212.406
212.423
212.445
212.467
212.483
212.529
212.543
212.564
212.586
212.607
212.627
212.643
212.668
212.686
212.724
212.739
212.759
212.779
212.8
212.825
212.839
212.86
212.878
212.899
212.926
212.948
212.969
212.99
213.012
213.027
213.049
213.069
213.087
213.113
213.128
213.157
213.172
213.194
213.214
213.24
213.264
213.28
213.307
213.328
213.362
213.377
213.402
213.422
213.439
213.465
213.491
213.506
213.533
213.56
213.574
213.596
213.621
213.638
213.659
213.68
213.698
213.72
213.737
213.765
213.779
213.801
213.821
213.84
213.859
213.883
213.902
213.92
213.944
213.961
214
214.015
214.038
214.058
214.077
214.099
214.116
214.14
214.155
214.174
214.199
214.227
214.243
214.27
214.303
214.329
214.361
214.376
214.397
214.433
214.447
214.468
214.492
214.507
214.527
214.547
214.57
214.59
214.61
214.629
214.659
214.675
214.698
214.717
214.738
214.754
214.78
214.799
214.817
214.841
214.87
214.887
214.909
214.931
214.947
214.971
214.991
215.011
215.034
215.062
215.097
215.111
215.133
215.157
215.171
215.195
215.218
215.239
215.264
215.304
215.32
215.344
215.361
215.384
215.4
215.422
215.441
215.459
215.483
215.503
215.531
215.547
215.568
215.589
215.611
215.627
215.65
215.673
215.695
215.715
215.74
215.768
215.783
215.805
215.829
215.843
215.866
215.885
215.904
215.929
215.944
215.964
216
216.015
216.036
216.06
216.078
216.095
216.12
216.135
216.155
216.179
216.196
216.23
216.247
216.272
216.288
216.311
216.327
216.348
216.373
216.387
216.411
216.438
216.455
216.476
216.501
216.515
216.539
216.56
216.575
216.601
216.626
216.662
216.681
216.701
216.725
216.747
216.768
216.792
216.807
216.829
216.871
216.892
216.913
216.927
216.947
216.97
216.99
217.011
217.027
217.051
217.072
217.102
217.123
217.147
217.164
217.183
217.209
217.223
217.245
217.269
217.287
217.309
217.336
217.356
217.374
217.397
217.411
217.435
217.454
217.471
217.497
217.515
217.533
217.56
217.575
217.598
217.617
217.635
217.658
217.676
217.695
217.718
217.739
217.768
217.784
217.808
217.83
217.851
217.874
217.895
217.917
217.94
217.97
217.986
218.006
218.032
218.048
218.071
218.086
218.108
218.132
218.148
218.174
218.206
218.224
218.245
218.269
218.285
218.302
218.328
218.343
218.363
218.387
218.407
218.442
218.466
218.489
218.504
218.525
218.546
218.563
218.587
218.606
218.623
218.672
218.686
218.71
218.729
218.75
218.771
218.787
218.81
218.83
218.847
218.875
218.904
218.922
218.943
218.964
218.981
219.005
219.021
219.039
219.064
219.079
219.108
219.123
219.144
219.166
219.183
219.205
219.229
219.243
219.263
219.287
219.305
219.335
219.351
219.372
219.392
219.416
219.431
219.452
219.475
219.492
219.516
219.543
219.563
219.579
219.605
219.619
219.641
219.664
219.683
219.704
219.724
219.743
219.769
219.785
219.807
219.827
219.849
219.868
219.89
219.906
219.934
219.973
219.986
220.011
220.027
220.05
220.071
220.091
220.109
220.126
220.151
220.179
220.195
220.217
220.24
220.256
220.279
220.297
220.318
220.343
220.368
220.383
220.415
220.432
220.452
220.474
220.492
220.516
220.536
220.551
220.574
220.59
220.613
220.643
220.661
220.684
220.701
220.72
220.739
220.759
220.782
220.8
220.824
220.852
220.867
220.889
220.909
220.928
220.951
220.968
220.99
221.012
221.027
221.051
221.079
221.095
221.12
221.14
221.155
221.178
221.198
221.218
221.24
221.256
221.277
221.314
221.331
221.353
221.373
221.398
221.424
221.44
221.458
221.485
221.501
221.546
221.562
221.584
221.604
221.627
221.645
221.663
221.688
221.704
221.745
221.759
221.784
221.8
221.82
221.842
221.86
221.885
221.901
221.919
221.945
221.975
221.991
222.015
222.037
222.053
222.075
222.096
222.113
222.135
222.152
222.179
222.195
222.217
222.238
222.256
222.275
222.301
222.321
222.343
222.365
222.388
222.417
222.431
222.456
222.472
222.492
222.516
222.531
222.558
222.576
222.593
222.618
222.645
222.661
222.682
222.702
222.724
222.745
222.76
222.786
222.812
222.831
222.85
222.878
222.891
222.911
222.936
222.951
222.974
222.993
223.012
223.036
223.052
223.083
223.099
223.123
223.139
223.16
223.181
223.201
223.224
223.24
223.261
223.282
223.31
223.327
223.353
223.367
223.389
223.412
223.426
223.454
223.483
223.512
223.527
223.549
223.573
223.598
223.615
223.64
223.655
223.676
223.713
223.726
223.747
223.77
223.789
223.807
223.833
223.847
223.867
223.892
223.92
223.935
223.955
223.975
223.995
224.017
224.036
224.059
224.08
224.095
224.121
224.148
224.166
224.185
224.204
224.224
224.249
224.266
224.286
224.307
224.322
224.344
224.373
224.387
224.409
224.429
224.449
224.473
224.493
224.519
224.538
224.576
224.591
224.611
224.635
224.651
224.671
224.695
224.713
224.734
224.754
224.784
224.799
224.823
224.839
224.859
224.879
224.899
224.921
224.938
224.959
224.985
225.012
225.027
225.048
225.066
225.087
225.114
225.137
225.155
225.179
225.197
225.216
225.243
225.258
225.279
225.301
225.321
225.34
225.361
225.384
225.404
225.422
225.452
225.466
225.492
225.509
225.532
225.55
225.567
225.59
225.608
225.63
225.651
225.68
225.696
225.717
225.735
225.759
225.776
225.797
225.82
225.835
225.855
225.881
225.913
225.927
225.949
225.968
225.987
226.007
226.027
226.047
226.067
226.087
226.112
226.144
226.16
226.18
226.205
226.225
226.243
226.261
226.281
226.303
226.325
226.339
226.377
226.391
226.417
226.439
226.46
226.486
226.517
226.532
226.577
226.591
226.617
226.632
226.651
226.673
226.692
226.719
226.745
226.76
226.781
226.814
