0.000704113
0.00140427
0.00309512
0.00377997
0.000520111
0.0184407
0.0168751
0.00093933
0.0176093
0.0151524
0.00107955
0.00533677
0.00599747
0.00465515
0.0025078
0.00274299
0.000897817
0.00278436
0.00183571
0.00427169
0.00697549
0.00717164
0.00474271
0.00560382
0.00544197
0.00126488
0.00383835
0.00395621
0.00119241
0.00286065
0.00577939
0.00520083
0.00219369
0.0125038
0.016255
0.00273217
0.0250847
0.00381675
0.0123183
0.002137
0.00276888
0.00309665
0.00260025
0.00976839
0.0103099
0.000888073
0.00243867
0.00629389
0.00330361
0.00514034
0.0171973
0.00391133
0.00219042
0.00230215
0.0081542
0.00416803
0.00609948
0.00405999
0.0179772
0.00080111
0.00992784
0.00240099
0.00122595
0.00128181
0.0242504
0.00479607
0.00081797
0.00431783
0.00584681
0.00336132
0.00188388
0.00212047
0.00468354
0.00481579
0.000575782
0.000936347
0.00966025
0.0072766
0.00621139
0.00578082
0.00542955
0.00077967
0.00279061
0.00998482
0.00606419
0.00360639
0.00295315
0.00346435
0.00239363
0.0102636
0.00378642
0.00244281
0.00397182
0.00799249
0.000979551
0.00260725
0.00100934
0.00603155
0.00455439
0.00323396
0.00756594
0.0126463
0.00987786
0.00383369
0.00223879
0.00266323
0.00356459
0.00610819
0.00192163
0.00418849
0.0101168
0.00200808
0.00307317
0.0053558
0.00148706
0.00672367
0.00202021
0.00297626
0.00145502
0.0113075
0.00115443
0.00167495
0.000833086
0.00285619
0.000954498
0.00459116
0.00139758
0.00421664
0.00256123
0.00583324
0.00585198
0.00170406
0.000692999
0.00420938
0.00366646
0.00714447
0.00308335
0.0052878
0.00589665
0.0012353
0.00769308
0.000723289
0.00169411
0.00625506
0.00482875
0.0018548
0.0040318
0.00522873
0.0037305
0.00236393
