7.86351
9.57226
11.2623
12.446
14.1795
15.265
16.3949
18.1278
18.316
19.018
20.7497
22.4899
23.5407
24.6401
24.9698
25.1535
26.3352
27.034
27.2136
28.9424
29.722
31.3781
33.0518
34.8125
36.9725
38.7075
39.8419
41.5148
43.2362
43.9134
44.7883
45.0198
45.4689
45.6706
46.7767
46.9895
48.5717
50.2741
51.1473
51.4564
53.2818
53.4941
53.7729
54.6084
55.0084
56.7558
57.4215
57.605
58.0143
58.8681
60.6088
60.8218
61.037
62.457
62.9783
64.7066
66.4205
68.131
69.5008
69.6915
71.4127
71.6368
73.332
74.2396
75.0672
76.1192
77.8677
78.0749
78.2843
80.158
81.0836
82.8892
83.3235
84.143
85.8626
86.116
86.9401
88.7174
89.5647
89.8283
90.6523
92.4388
93.9692
94.2002
94.6329
96.3414
98.0772
98.722
100.457
101.126
101.511
102.141
103.723
104.187
105.679
106.417
108.111
109.008
110.747
112.25
113.234
115.059
116.773
118.481
120.196
122.033
123.766
125.496
126.173
126.607
128.344
129.405
130.298
131.843
132.041
133.846
134.924
136.234
137.944
138.782
138.995
139.244
140.988
142.466
144.195
145.26
146.78
147.667
147.865
149.416
149.629
151.404
153.127
153.367
153.806
154.685
156.438
157.071
157.512
158.14
159.475
161.192
162.736
163.197
164.848
166.452
167.535
169.305
171.018
172.089
