2.71521
2.93414
3.14734
3.3843
3.58406
3.79397
3.99556
4.20266
4.43304
4.66706
4.86275
5.07318
5.31107
5.54475
5.78594
6.01355
6.23828
6.44361
6.67476
6.88903
7.11636
7.32857
7.56063
7.78506
8.01898
8.21554
8.42487
8.66857
8.8849
9.09675
9.30558
9.53323
9.7426
9.96179
10.1589
10.3819
10.6158
10.8085
11.0372
11.2474
11.4547
11.6897
11.9227
12.1667
12.4042
12.6068
12.8493
13.0801
13.2849
13.4874
13.7213
13.9624
14.1663
14.3974
14.6391
14.8459
15.0482
15.2344
15.47
15.7045
15.9326
16.1447
16.3568
16.5576
16.7642
16.9654
17.1645
17.4024
17.6377
17.8366
18.0853
18.2874
18.5309
18.753
18.9919
19.2268
19.4303
19.6586
19.867
20.0725
20.297
20.5324
20.7393
20.9413
21.1714
21.3686
21.6024
21.7959
21.982
22.2119
22.4339
22.6256
22.8623
23.0674
23.2895
23.5239
23.7235
23.9599
24.1621
24.3844
24.6222
24.8349
25.0608
25.262
25.4934
25.6978
25.9187
26.1306
26.324
26.5279
26.7641
26.9612
27.1576
27.3898
27.6242
27.8235
28.0218
28.228
28.4617
28.6898
28.9237
29.1628
29.3583
29.5601
29.7908
30.0262
30.2625
30.4895
30.6915
30.9237
31.1178
31.3604
31.5682
31.7574
31.9712
32.1995
32.394
32.5986
32.8309
33.0339
33.2328
33.4678
33.7081
33.9171
34.1191
34.3501
34.5865
34.7914
35.0195
35.249
35.4519
35.6886
35.8877
36.1238
36.3207
36.5274
36.7565
36.9573
37.1678
37.37
37.5926
37.8029
38.0518
38.2817
38.4857
38.6958
38.8894
39.1284
39.3617
39.563
39.7887
39.994
40.2253
40.4251
40.6574
40.8484
41.0611
41.2602
41.4976
41.6944
41.922
42.1467
42.3484
42.5582
42.7575
42.984
43.2233
43.4551
43.6471
43.8781
44.1154
44.311
44.5328
44.7477
44.9845
45.2163
45.4137
45.6439
45.8366
46.0736
46.3088
46.5259
46.75
46.9553
47.1528
47.3799
47.5875
47.8187
48.0268
48.2518
48.4566
48.6636
48.8939
49.1069
49.3234
49.5582
49.7994
50.0318
50.2601
50.4638
50.6895
50.8993
51.1234
51.3222
51.5633
51.7618
51.9643
52.1716
52.3987
52.6003
52.7981
53.0258
53.2648
53.4648
53.6947
53.9185
54.123
54.3253
54.5613
54.7581
54.9865
55.1892
55.4257
55.63
55.8756
56.0966
56.3131
56.5182
56.7431
56.9466
57.1463
57.3467
57.588
57.7732
57.9997
58.2219
58.4236
58.6186
58.8529
59.0813
59.2831
59.4845
59.6846
59.9172
60.1167
60.3472
60.5786
60.7863
60.9821
61.2144
61.4162
61.6473
61.8901
62.1184
62.3237
62.5258
62.7208
62.9594
63.1557
63.3614
63.5922
63.7928
64.0138
64.2448
64.4548
64.6915
64.888
65.1174
65.3494
65.5565
65.7621
65.9702
66.204
66.4043
66.5843
66.8157
67.0144
67.243
67.4512
67.6833
67.9109
68.1143
68.3716
68.604
68.8343
69.0348
69.2705
69.4697
69.6801
69.9101
70.1368
70.3319
70.5161
70.7525
70.9567
71.1848
71.3864
71.6169
71.8116
72.0402
72.2467
72.4774
72.6947
72.8927
73.1096
73.3168
73.5161
73.7398
73.9493
74.1893
74.3897
74.5952
74.8193
75.0334
75.2364
75.4709
75.6748
75.8818
76.1039
76.3159
76.5463
76.7385
76.9744
77.1811
77.4039
77.5982
77.8365
78.0384
78.2479
78.4721
78.6777
78.9063
79.1065
79.3481
79.5488
79.7783
79.9858
80.2167
80.4502
80.6426
80.8754
81.0789
81.3127
81.5453
81.7425
81.9522
82.1454
82.3725
82.5751
82.8037
83.0119
83.2456
83.4723
83.6789
83.9018
84.1059
84.3076
84.5417
84.7766
84.9761
85.2043
85.4154
85.6496
85.845
86.0497
86.2837
86.4812
86.7114
86.9212
87.1524
87.3596
87.5881
87.7922
88.0229
88.2573
88.4628
88.6933
88.8889
89.0855
89.3174
89.5487
89.753
89.9924
90.1887
90.4187
90.6158
90.822
91.0635
91.2924
91.5329
91.773
92.0051
92.2318
92.4264
92.6614
92.8611
93.0899
93.2766
93.4765
93.6973
93.9568
94.1589
94.3859
94.6141
94.8193
95.0521
95.2574
95.4554
95.6865
95.8852
96.1133
96.3251
96.5507
96.7709
96.9731
97.2245
97.4282
97.6293
97.8304
98.0635
98.2649
98.4712
98.707
98.9311
99.1265
99.3223
99.5268
99.7609
99.9852
100.187
100.422
100.66
100.898
101.101
101.299
101.495
101.701
101.932
102.128
102.362
102.562
102.802
103.034
103.264
103.503
103.701
103.936
104.169
104.368
104.572
104.775
104.999
105.201
105.431
105.669
105.9
106.095
106.331
106.567
106.766
106.994
107.198
107.436
107.661
107.871
108.093
108.297
108.535
108.757
108.967
109.192
109.441
109.627
109.823
110.022
110.252
110.487
110.722
110.927
111.15
111.351
111.554
111.786
111.99
112.228
112.454
112.658
112.886
113.089
113.325
113.527
113.756
113.959
114.188
114.389
114.589
114.789
115.025
115.229
115.458
115.675
115.905
116.126
116.334
116.557
116.753
116.958
117.163
117.367
117.594
117.794
118.024
118.227
118.462
118.659
118.885
119.092
119.328
119.526
119.75
119.957
120.184
120.424
120.655
120.89
121.121
121.35
121.551
121.781
122.017
122.226
122.468
122.649
122.881
123.079
123.311
123.549
123.748
123.972
124.193
124.42
124.612
124.85
125.045
125.278
125.477
125.712
125.944
126.158
126.387
126.587
126.819
127.024
127.271
127.491
127.693
127.893
128.095
128.324
128.525
128.762
128.958
129.184
129.382
129.61
129.85
130.053
130.282
130.488
130.717
130.92
131.165
131.395
131.599
131.825
132.03
132.261
132.458
132.661
132.89
133.127
133.358
133.593
133.825
134.029
134.249
134.455
134.656
134.905
135.112
135.336
135.533
135.765
135.97
136.2
136.403
136.6
136.836
137.034
137.237
137.434
137.672
137.912
138.093
138.322
138.523
138.754
138.982
139.211
139.405
139.632
139.882
140.109
140.337
140.542
140.775
140.973
141.167
141.368
141.573
141.779
141.975
142.183
142.412
142.621
142.849
143.042
143.277
143.486
143.697
143.898
144.125
144.332
144.563
144.799
145.014
145.24
145.443
145.673
145.881
146.115
146.313
146.545
146.747
146.957
147.183
147.381
147.613
147.815
148.041
148.25
148.48
148.715
148.944
149.181
149.381
149.611
149.82
150.056
150.28
150.515
150.751
150.951
151.18
151.382
151.616
151.82
152.043
152.251
152.489
152.692
152.895
153.114
153.331
153.549
153.752
153.987
154.182
154.421
154.667
154.868
155.095
155.3
155.53
155.743
155.964
156.164
156.393
156.589
156.822
157.056
157.252
157.49
157.69
157.922
158.122
158.353
158.563
158.792
159.023
159.233
159.435
159.674
159.901
160.102
160.338
160.539
160.778
160.975
161.179
161.409
161.639
161.87
162.075
162.309
162.503
162.709
162.899
163.139
163.344
163.568
163.781
163.985
164.155
164.39
164.624
164.826
165.054
165.259
165.497
165.752
165.991
166.222
166.422
166.62
166.816
167.063
167.289
167.52
167.719
167.957
168.184
168.389
168.618
168.818
169.059
169.286
169.492
169.719
169.919
170.158
170.356
170.586
170.796
170.997
171.197
171.399
171.603
171.841
172.071
172.268
172.525
172.742
172.943
173.176
173.384
173.611
173.85
174.091
174.318
174.547
174.756
174.992
175.218
175.43
175.661
175.886
176.095
176.325
176.554
176.765
176.993
177.219
177.457
177.664
177.893
178.092
178.327
178.556
178.76
178.963
179.189
179.42
179.627
179.855
180.064
180.294
180.527
180.727
180.963
181.194
181.425
181.634
181.864
182.092
182.299
182.526
182.757
182.957
183.157
183.4
183.628
183.859
184.063
184.297
184.495
184.697
184.93
185.161
185.361
185.565
185.802
186.034
186.262
186.482
186.708
186.911
187.145
187.379
187.581
187.812
188.046
188.275
188.511
188.739
188.947
189.17
189.374
189.589
189.822
190.057
190.256
190.483
190.688
190.924
191.155
191.363
191.589
191.796
192.02
192.233
192.461
192.69
192.924
193.161
193.391
193.62
193.823
194.031
194.257
194.496
194.72
194.933
195.156
195.358
195.586
195.79
196.02
196.228
196.464
196.688
196.889
197.125
197.327
197.533
197.759
197.991
198.223
198.428
198.657
198.863
199.091
199.295
199.522
199.736
199.955
200.162
200.398
200.626
200.831
201.056
201.262
201.503
201.734
201.94
202.173
202.407
202.607
202.843
203.038
203.268
203.474
203.703
203.933
204.134
204.38
204.575
204.804
205.009
205.24
205.468
205.679
205.907
206.13
206.335
206.573
206.804
207.006
207.211
207.409
207.642
207.873
208.075
208.278
208.511
208.735
208.945
209.178
209.408
209.616
209.843
210.08
210.316
210.546
210.755
210.987
211.218
211.424
211.657
211.886
212.101
212.322
212.525
212.72
212.922
213.153
213.357
213.556
213.76
213.996
214.223
214.428
214.655
214.866
215.093
215.299
215.527
215.763
215.995
216.226
216.434
216.658
216.866
217.098
217.332
217.555
217.764
217.966
218.202
218.437
218.668
218.9
219.104
219.331
219.539
219.765
219.969
220.175
220.411
220.638
220.848
221.075
221.31
221.542
221.74
221.97
222.175
222.412
222.641
222.874
223.079
223.306
223.508
223.709
223.916
224.144
224.368
224.572
224.779
225.008
225.239
225.448
225.676
225.908
226.14
226.373
226.573
226.81
