0.000000
0.000000
0.000000
41.623001
41.743999
42.007999
42.049000
42.071999
43.518002
48.826000
50.717999
54.623001
66.791000
73.306999
81.922997
86.745003
88.914001
93.587997
95.569000
97.321999
110.847000
126.816002
150.171005
156.514999
159.787994
160.167007
165.326004
174.979996
184.658997
190.921997
197.925003
201.820007
208.035004
218.031998
231.074997
246.921997
263.473999
268.390015
270.195007
270.265991
270.266998
271.451996
284.841003
288.423004
292.247986
296.165009
303.954010
312.191986
315.518005
317.507996
319.316986
322.880005
326.779999
326.789001
326.789001
326.790009
326.856995
327.476990
327.634003
327.705994
327.738007
327.838989
328.042999
328.140991
328.213013
328.233002
328.233002
328.298004
328.298004
328.335999
328.445007
328.489014
328.489014
328.489014
328.622986
329.292999
330.097992
330.766998
331.217987
331.381989
331.592010
332.078003
333.243011
335.390015
339.778992
342.062988
344.023987
345.174011
347.548004
350.179993
353.522003
365.602997
367.885986
369.165985
369.774994
369.899994
370.183014
372.756012
373.830994
376.798004
380.112000
382.049988
383.171997
383.941010
386.122009
391.026001
393.656006
395.453003
398.665985
400.665985
402.580994
406.266998
410.164001
421.920990
432.140015
434.153015
437.657013
442.895996
446.859985
449.968994
453.070007
455.539001
459.548004
465.260986
466.151001
467.397003
469.966003
472.230011
476.536987
481.911987
483.484985
483.634003
483.665009
483.666992
483.904999
489.556000
502.562012
508.410004
513.216980
524.291992
530.789978
534.208008
534.340027
534.807983
534.867004
537.814026
544.950989
554.817993
564.322021
569.708008
572.929993
578.499023
582.406982
586.476013
593.994995
600.458984
608.473022
622.203003
625.380981
627.953003
630.497986
634.585022
637.237000
640.057983
644.895996
648.166992
651.455017
657.455994
661.950012
667.094971
675.491028
682.883972
692.901001
705.835999
715.195984
724.625977
736.239014
750.620972
761.093018
764.241028
765.642029
766.085022
766.093994
766.098022
766.098022
774.831970
779.489014
779.866028
779.931030
780.010986
780.051025
780.059998
781.302979
782.898987
787.247986
790.135010
791.554016
792.747009
796.158997
806.853027
824.210999
831.245972
835.987976
840.818970
848.554993
853.716003
858.575989
865.872986
870.877014
875.304993
876.765991
877.182983
877.210022
877.213989
877.218994
877.590027
886.679016
886.825989
886.825989
886.825989
886.825989
886.825989
886.825989
888.344971
888.408997
888.408997
888.408997
888.408997
888.408997
888.408997
900.640991
903.046997
903.507996
903.812012
903.828003
903.828003
903.828003
903.828003
903.830994
903.831970
903.831970
903.833984
904.002991
904.018982
904.018982
904.025024
904.086975
904.338013
906.874023
914.934998
923.030029
924.083984
925.851990
926.986023
927.872009
928.510986
929.461975
932.825989
940.010986
942.505005
944.841003
956.374023
960.401978
960.416992
960.419983
960.578979
967.927979
979.473999
979.989990
980.812012
981.401978
982.434021
983.520020
992.004028
993.465027
1006.531982
1012.794006
1013.267029
1015.655029
1016.210022
1016.249023
1016.366028
1016.369019
1017.833008
1027.879028
1027.922974
1027.922974
1029.441040
1032.652954
1033.746948
1035.473999
1042.317993
1044.156982
1044.234985
1045.712036
1051.712036
1057.378052
1060.963989
1061.739014
1062.271973
1062.458008
1064.293945
1075.750000
1088.557007
1098.927002
1105.219971
1111.343994
1116.078979
1119.814941
1121.623047
1122.817993
1124.068970
1127.967041
1131.615967
1136.401978
1148.300049
1153.050049
1154.369019
1154.443970
1154.453003
1154.458984
1154.489990
1154.494995
1154.494995
1155.188965
1157.849976
1157.849976
1157.849976
1157.849976
1160.381958
1162.430054
1165.599976
1172.381958
1173.235962
1173.328979
1173.328979
1173.328979
1173.328979
1173.328979
1173.329956
1173.329956
1173.366943
1175.735962
1176.255981
1176.500977
1176.651978
1176.718018
1176.863037
1176.930054
1176.973022
1177.024048
1177.042969
1177.046997
1177.046997
1177.046997
1177.046997
1177.046997
1177.055054
1177.055054
1177.055054
1177.055054
1177.055054
1177.055054
1177.055054
1177.055054
1177.055054
1177.055054
1177.055054
1177.055054
1177.055054
1177.055054
1177.055054
1177.055054
1177.055054
1177.055054
1177.055054
1177.055054
1177.055054
1177.055054
1177.055054
1177.055054
1177.055054
1177.055054
1177.055054
1177.055054
1177.055054
1177.055054
1177.055054
1177.055054
1177.055054
1177.055054
1177.055054
1177.055054
1177.055054
1177.055054
1177.055054
1177.055054
1177.055054
1177.055054
1177.055054
1177.055054
1177.055054
1177.055054
1177.055054
1177.055054
1177.055054
1177.055054
1177.055054
1177.055054
1177.055054
1177.055054
1177.055054
1177.055054
1177.055054
1177.055054
1177.055054
1177.055054
1177.055054
1177.055054
1177.055054
1177.055054
1177.055054
1177.055054
1177.055054
1177.055054
1177.055054
1177.055054
1177.055054
1177.055054
1177.055054
1177.055054
1177.055054
1177.055054
1177.055054
1177.055054
1177.055054
1177.055054
1177.055054
1177.055054
1177.055054
1177.055054
1177.055054
1177.055054
1177.055054
1177.055054
1177.055054
1177.055054
1177.055054
1177.055054
1177.055054
1177.055054
