1.85874
1.85884
2.38619
2.92201
3.39134
3.89882
4.39053
4.89004
5.391
5.89041
6.391
6.89087
7.39055
7.89046
8.42491
8.89412
9.39441
9.8943
10.3951
10.8949
11.3943
11.8949
12.4048
12.894
13.3958
13.8992
14.3988
14.8986
15.3984
15.8987
16.3979
16.8985
17.4026
17.8989
18.3993
18.9026
19.4436
19.9029
20.4291
20.9415
21.4026
21.9024
22.4341
22.9066
23.4072
23.9065
24.4069
24.9078
25.4061
25.9188
26.4063
26.9062
27.4066
27.9072
28.4103
28.924
29.4108
29.911
30.4106
30.924
31.4113
31.9107
32.4142
32.9142
33.4143
33.9174
34.4139
34.9142
35.414
35.9151
36.4149
36.9146
37.4173
37.9185
38.418
38.9185
39.4189
39.919
40.4253
40.9188
41.423
41.9224
42.4228
42.9221
43.4551
43.9227
44.4223
44.9226
45.4226
45.9225
46.4226
46.9554
47.4269
47.9265
48.4569
48.927
49.4262
49.9261
50.4262
50.9263
51.427
51.9283
52.4305
52.9309
53.4309
53.9307
54.4309
54.931
55.4306
55.9307
56.4322
56.9468
57.4341
57.9348
58.4342
58.9341
59.4338
59.9349
60.435
60.9383
61.438
61.9386
62.4389
62.9594
63.4388
63.9386
64.4551
64.9386
65.4403
65.9705
66.4431
66.9426
67.4515
67.9423
68.4432
68.9606
69.4699
69.9422
70.4463
70.9568
71.4469
71.9467
72.4471
72.9464
73.4462
73.9495
74.4465
74.9467
75.4711
75.9503
76.4507
76.9746
77.4504
77.9507
78.4722
78.9503
79.4502
79.9859
80.4505
80.9543
81.454
81.9549
82.4541
82.9538
83.4723
83.9543
84.454
84.9762
85.4609
85.9588
86.4813
86.9581
87.4589
87.9587
88.4632
88.9583
89.4584
89.9927
90.4591
90.9609
91.4625
92.0053
92.4623
92.962
93.4767
93.9628
94.4629
94.9622
95.4621
95.9623
96.4665
96.9732
97.4669
97.9662
98.4717
98.9668
99.4663
99.9853
100.467
100.969
101.495
101.981
102.47
102.971
103.503
103.97
104.471
104.999
105.471
105.971
106.47
106.994
107.474
107.975
108.474
108.975
109.475
109.974
110.474
110.975
111.474
111.979
112.479
112.978
113.479
113.979
114.479
114.979
115.479
115.978
116.479
116.98
117.482
117.982
118.483
118.982
119.483
119.983
120.483
120.983
121.483
121.987
122.487
122.986
123.486
123.987
124.486
124.986
125.487
125.986
126.487
126.987
127.491
127.991
128.49
128.99
129.491
129.991
130.49
130.992
131.495
131.994
132.495
132.995
133.494
133.995
134.495
134.995
135.494
135.995
136.495
136.995
137.499
137.999
138.499
138.999
139.499
139.999
140.498
140.999
141.498
142.003
142.503
143.003
143.503
144.003
144.503
145.014
145.503
146.003
146.503
147.003
147.505
148.006
148.506
149.006
149.506
150.006
150.515
151.007
151.507
152.007
152.511
153.01
153.511
154.011
154.511
155.011
155.53
156.01
156.51
157.011
157.512
158.011
158.514
159.024
159.514
160.015
160.514
161.014
161.515
162.015
162.515
163.014
163.515
164.018
164.519
165.018
165.519
166.018
166.518
167.018
167.52
168.018
168.518
169.022
169.523
170.023
170.523
171.023
171.522
172.022
172.525
173.022
173.529
174.026
174.524
175.034
175.535
176.028
176.528
177.038
177.528
178.043
178.556
179.03
179.531
180.031
180.531
181.031
181.531
182.03
182.53
183.031
183.53
184.031
184.54
185.033
185.534
186.039
186.535
187.036
187.535
188.05
188.534
189.035
189.535
190.064
190.534
191.044
191.539
192.039
192.543
193.045
193.538
194.038
194.538
195.039
195.543
196.041
196.544
197.042
197.542
198.042
198.548
199.043
199.542
200.043
200.543
201.06
201.548
202.047
202.551
203.046
203.547
204.052
204.547
205.053
205.554
206.048
206.573
207.049
207.551
208.079
208.555
209.054
209.55
210.056
210.55
211.05
211.55
212.051
212.551
213.051
213.56
214.058
214.555
215.062
215.555
216.06
216.56
217.054
217.56
218.058
218.559
219.064
219.563
220.071
220.562
221.079
221.562
222.062
222.562
223.084
223.573
224.062
224.576
225.066
225.567
226.067
226.577
