9.45989
11.1775
11.1883
12.2583
23.2587
23.269
23.2898
23.3097
23.3294
23.3511
23.3699
23.3901
23.4205
26.4653
26.4773
26.4967
26.5182
28.0009
31.1897
31.2096
31.2294
31.2541
32.9431
34.4822
40.4844
40.4965
40.5087
40.5293
40.5494
40.5699
41.1668
41.1809
41.203
41.2208
45.7567
45.9328
45.9431
47.0245
47.0357
47.0559
56.6417
56.6577
56.6799
56.6981
58.349
58.366
58.3785
58.5504
58.5624
58.5818
60.3133
60.3371
60.3642
60.3807
60.3954
60.4143
60.4332
62.7091
62.7294
62.7501
64.1991
64.2177
64.4404
67.4506
71.6206
71.6412
75.0535
75.0665
75.0814
75.0934
78.8207
87.0672
87.2766
95.5022
95.5212
95.5413
95.5609
95.582
95.6019
95.6207
95.6417
95.6626
95.6964
97.4392
97.4602
97.4766
98.0979
98.1176
98.1378
98.1606
98.3389
98.3612
98.3802
98.4001
98.4257
98.4404
98.4603
98.4812
98.5004
98.5224
98.5425
98.5637
98.582
110.994
114.861
119.446
119.456
119.477
119.825
120.037
124.711
124.73
127.769
127.792
127.812
127.83
133.736
133.758
133.778
133.796
133.819
134.407
134.418
134.437
134.46
134.48
136.184
136.196
138.131
138.149
138.17
142.748
142.761
147.176
147.845
147.861
147.881
151.562
151.582
151.601
151.622
151.649
205.163
205.181
209.084
209.101
209.3
209.317
209.34
209.359
209.379
209.402
209.419
209.44
209.462
209.476
209.499
209.521
209.539
209.562
209.58
209.597
209.623
209.649
209.665
209.69
209.71
209.725
209.751
209.764
209.79
209.807
209.825
209.849
209.864
209.888
209.909
209.925
209.95
209.964
209.985
210.01
210.026
210.045
210.07
210.084
210.109
210.128
210.154
210.169
210.191
210.209
210.231
210.249
210.27
210.294
210.309
210.333
210.353
210.385
210.405
210.428
210.452
210.468
210.491
210.514
210.53
210.555
210.57
210.591
210.614
210.628
210.65
210.672
210.692
210.713
210.729
210.749
210.773
210.79
210.815
210.828
210.848
210.877
210.904
210.923
210.944
210.962
210.984
211.005
211.025
211.048
211.067
211.087
211.105
211.13
211.145
211.165
211.19
211.205
211.228
211.249
211.265
211.29
211.305
211.327
211.348
211.364
211.388
211.408
211.43
211.457
211.472
211.496
211.518
211.533
211.553
211.573
211.592
211.615
211.635
211.653
211.681
211.7
211.726
211.745
211.762
211.78
211.805
211.823
211.841
211.866
211.889
211.904
211.929
211.944
211.966
211.989
212.006
212.028
212.05
212.068
212.093
212.114
212.129
212.152
212.173
212.191
212.214
212.229
212.252
212.27
212.288
212.313
212.328
212.35
212.372
212.389
212.415
212.429
212.449
212.469
212.491
212.512
212.533
212.549
212.581
212.597
212.62
212.639
212.659
212.678
212.7
212.721
212.737
212.762
212.788
212.814
212.834
212.853
212.87
212.892
212.911
212.931
212.956
212.985
213.014
213.031
213.054
213.075
213.101
213.123
213.146
213.166
213.186
213.227
213.241
213.263
213.281
213.306
213.32
213.346
213.364
214.168
214.185
214.205
214.231
214.244
214.269
214.288
214.305
214.33
214.346
214.366
214.391
214.417
214.433
214.459
214.474
214.496
214.515
214.536
214.558
214.578
214.594
214.618
214.637
214.658
214.678
214.694
214.714
214.757
214.773
214.793
214.815
214.837
214.853
214.876
214.896
214.913
214.939
214.967
214.998
215.014
215.037
215.057
215.074
215.098
215.115
215.136
215.157
215.173
215.196
215.214
215.233
215.258
215.273
215.295
215.318
215.334
215.357
215.375
215.392
215.418
215.433
215.454
215.478
215.494
215.516
215.537
215.553
215.574
215.594
215.616
215.638
215.652
215.676
215.695
215.713
215.738
215.754
215.775
215.798
215.812
215.837
215.857
215.873
215.898
215.914
215.938
215.959
215.976
215.998
216.017
216.035
216.056
216.076
216.095
216.119
216.144
216.161
216.186
216.203
216.222
216.239
216.254
216.275
216.293
216.315
216.337
216.354
216.373
216.394
216.418
216.436
216.454
216.478
216.493
216.515
216.538
216.555
216.576
216.599
216.625
216.641
216.666
216.68
216.703
216.727
216.759
216.773
216.797
216.816
216.833
216.858
216.875
216.898
216.918
216.932
216.961
216.983
217.006
217.023
217.047
217.062
217.085
217.103
217.122
217.142
217.164
217.183
217.204
217.22
217.244
217.263
217.28
217.307
217.323
217.343
217.366
217.381
217.407
217.426
217.443
217.466
217.482
217.502
217.526
217.541
217.566
217.58
217.601
217.628
217.66
217.687
217.701
217.728
217.758
217.774
217.794
217.815
217.837
217.858
217.875
217.893
217.917
217.936
217.953
217.975
217.993
218.013
218.033
218.055
218.078
218.097
218.113
218.138
218.152
218.174
218.198
218.213
218.237
218.256
218.276
218.297
218.316
218.34
218.365
218.382
218.401
218.428
218.459
218.486
218.501
218.526
218.544
218.561
218.587
218.601
218.625
218.641
218.66
218.682
218.704
218.721
218.743
218.761
218.78
218.806
218.821
218.841
218.863
218.88
218.909
218.941
218.966
218.982
219.005
219.025
219.042
219.067
219.081
219.102
219.126
219.141
219.165
219.183
219.2
219.227
219.242
219.261
219.285
219.301
219.326
219.344
219.361
219.385
219.403
219.424
219.448
219.463
219.488
219.507
219.523
219.546
219.567
219.585
219.609
219.626
219.645
219.669
219.684
219.709
219.727
219.745
219.77
219.786
219.806
219.83
219.846
219.869
219.89
219.906
219.93
219.945
219.967
219.99
220.007
220.03
220.048
220.065
220.091
220.124
220.15
220.164
220.187
220.212
220.236
220.257
220.279
220.298
220.319
220.341
220.36
220.381
220.401
220.416
220.442
220.459
220.477
220.498
220.519
220.539
220.559
220.577
220.604
220.62
220.639
220.662
220.677
220.701
220.721
220.737
220.763
220.778
220.799
220.822
220.837
220.86
220.883
220.906
220.927
220.95
220.966
220.988
221.005
221.025
221.051
221.081
221.099
221.118
221.141
221.156
221.18
221.2
221.217
221.241
221.26
221.281
221.302
221.317
221.342
221.362
221.378
221.402
221.417
221.439
221.46
221.477
221.5
221.521
221.54
221.559
221.58
221.599
221.623
221.646
221.665
221.689
221.706
221.728
221.745
221.765
221.786
221.805
221.825
221.847
221.865
221.887
221.908
221.925
221.949
221.969
221.985
222.01
222.026
222.047
222.068
222.084
222.109
222.128
222.145
222.172
222.202
222.218
222.244
222.27
222.29
222.308
222.329
222.346
222.367
222.39
222.404
222.43
222.446
222.465
222.49
222.505
222.527
222.552
222.579
222.597
222.62
222.641
222.659
222.681
222.698
222.719
222.742
222.759
222.78
222.804
222.829
222.848
222.869
222.885
222.909
222.929
222.945
222.969
222.986
223.006
223.032
223.061
223.078
223.1
223.121
223.137
223.162
223.178
223.203
223.222
223.236
223.261
223.281
223.298
223.322
223.343
223.36
223.384
223.41
223.429
223.448
223.467
223.485
223.509
223.524
223.547
223.567
223.585
223.608
223.628
223.648
223.67
223.685
223.706
223.729
223.746
223.769
223.788
223.807
223.83
223.845
223.869
223.888
223.906
223.929
223.947
223.966
223.989
224.005
224.031
224.046
224.065
224.091
224.106
224.126
224.145
224.164
224.189
224.205
224.225
224.249
224.265
224.285
224.31
224.325
224.349
224.368
224.384
224.409
224.425
224.447
224.469
224.484
224.509
224.527
224.545
224.57
224.586
224.607
224.631
224.662
224.679
224.702
224.72
224.737
224.763
224.779
224.799
224.82
224.839
224.863
224.881
224.897
224.924
224.954
224.983
224.997
225.021
225.04
225.058
225.084
225.101
225.12
225.144
225.159
225.182
225.205
225.226
225.248
225.274
225.292
225.309
225.334
225.35
225.373
225.394
225.411
225.435
225.45
225.472
225.494
225.508
225.533
225.552
225.57
225.595
225.625
225.641
225.662
225.68
225.7
225.725
225.743
225.76
225.786
225.801
225.823
225.846
225.86
225.885
225.904
225.921
225.946
225.96
225.985
226.005
226.02
226.045
226.065
226.081
226.103
226.125
226.144
226.163
226.186
226.207
226.226
226.245
226.268
226.294
226.31
226.333
226.352
226.369
226.397
226.426
226.444
226.461
226.484
226.5
226.523
226.544
226.564
226.586
226.602
226.622
226.641
226.661
226.684
226.703
226.721
226.746
226.761
226.784
226.805
226.821
226.845
226.862
226.882
226.906
226.921
226.942
226.965
226.981
227.001
227.022
227.04
227.064
227.086
227.103
227.126
227.142
227.165
227.183
227.201
227.225
227.241
227.262
227.284
227.301
227.324
227.346
227.36
227.387
227.403
227.424
227.445
227.462
227.484
227.504
227.521
227.549
227.574
227.588
227.612
227.635
227.649
227.674
227.692
227.711
227.735
227.748
227.773
227.791
227.808
227.834
227.849
227.871
227.895
227.908
227.933
227.95
227.969
227.994
228.013
228.033
228.053
228.068
228.092
228.112
228.135
228.15
228.173
228.192
228.213
228.228
228.253
228.272
228.289
228.314
228.331
228.351
228.373
228.389
228.414
228.433
228.448
228.474
228.491
228.51
228.534
228.551
228.573
228.589
228.61
228.635
228.648
228.673
228.696
228.726
228.746
228.764
228.783
228.8
228.827
228.854
228.87
228.891
228.91
228.931
228.954
228.97
228.993
229.01
229.031
229.054
229.072
229.089
229.114
229.132
229.153
229.174
229.189
229.213
229.234
229.248
229.275
229.29
229.312
229.334
229.35
229.374
229.393
229.408
229.435
229.468
229.482
229.505
229.526
229.542
229.566
229.585
229.609
229.633
229.651
229.671
229.692
229.713
229.73
229.752
229.774
229.793
229.81
229.831
229.852
229.871
229.894
229.915
229.938
229.953
229.976
229.997
230.016
230.038
230.054
230.078
230.093
230.112
230.138
230.156
230.178
230.199
230.213
230.238
230.256
230.273
230.297
230.314
230.334
230.354
230.374
230.396
230.412
230.434
230.453
230.475
230.494
230.515
230.537
230.557
230.577
230.595
230.618
230.635
230.655
230.676
230.694
230.715
230.737
230.757
230.778
230.796
230.815
230.839
230.852
230.877
230.896
230.913
230.938
230.953
230.976
230.998
231.013
231.038
231.056
231.072
231.093
231.116
231.135
231.153
231.174
231.195
231.215
231.233
231.258
231.274
231.295
231.317
231.333
231.357
231.375
231.393
231.42
231.455
231.479
231.493
231.517
231.536
231.553
231.575
231.595
231.614
231.638
231.652
231.677
231.699
231.73
231.749
231.771
231.786
231.809
231.83
231.845
231.866
231.884
231.906
231.929
231.947
231.965
231.989
232.004
232.027
232.046
232.066
232.086
232.109
232.127
232.148
232.167
232.189
232.208
232.225
232.245
232.268
232.285
232.306
232.33
232.349
232.368
232.385
232.41
232.425
232.445
232.47
232.485
232.508
232.527
232.544
232.571
232.598
232.612
232.638
232.655
232.674
232.698
232.714
232.739
232.76
232.79
232.804
232.828
232.848
232.867
232.888
232.906
232.925
232.948
232.965
232.989
233.005
233.028
233.049
233.066
233.087
233.109
233.126
233.149
233.168
233.185
233.209
233.231
233.252
233.276
233.296
233.312
233.338
233.353
233.376
233.396
233.417
233.438
233.454
233.472
233.5
233.529
233.545
233.566
233.585
233.607
233.63
233.645
233.664
233.69
233.705
233.727
233.751
233.765
233.788
233.806
233.825
233.845
233.868
233.886
233.907
233.925
233.949
233.969
233.985
234.012
234.042
234.07
234.084
234.111
234.126
234.146
234.169
234.189
234.208
234.228
234.245
234.269
234.289
234.307
234.33
234.345
234.365
234.385
234.409
234.43
234.445
234.464
234.485
234.505
234.527
234.549
234.565
234.589
234.608
234.628
234.65
234.666
234.686
234.71
234.728
234.749
234.768
234.787
234.812
234.829
234.847
234.873
234.888
234.909
234.933
234.951
234.973
234.993
235.011
235.033
235.052
235.072
235.092
235.109
235.133
235.152
235.173
235.193
235.209
235.229
235.253
235.269
235.291
235.316
235.337
235.359
235.38
235.397
235.421
235.443
235.459
235.482
235.498
235.516
235.543
235.573
235.59
235.612
235.633
235.65
235.675
235.702
235.717
235.743
235.761
235.778
235.805
235.836
235.862
235.876
235.901
235.918
235.937
235.962
235.982
235.998
236.018
236.038
236.062
236.081
236.099
236.122
236.138
236.158
236.183
236.197
236.222
236.241
236.262
236.283
236.299
236.319
236.343
236.356
236.382
236.399
236.416
236.443
236.457
236.478
236.497
236.517
236.539
236.557
236.578
236.601
236.618
236.641
236.662
236.677
236.7
236.722
236.737
236.761
236.778
236.799
236.821
236.837
236.861
236.882
236.897
236.923
236.953
236.971
236.992
237.014
237.028
237.054
237.073
237.089
237.114
237.137
237.158
237.18
237.199
237.22
237.243
237.257
237.278
237.298
237.317
237.338
237.363
237.378
237.405
237.435
237.451
237.473
237.495
237.522
237.537
237.562
237.578
237.599
237.622
237.636
237.659
237.683
237.697
237.722
237.736
237.76
237.782
237.796
237.822
237.839
237.856
237.883
237.914
237.929
237.952
237.974
237.989
238.013
238.032
238.049
238.072
238.088
238.111
238.13
238.149
238.173
238.198
238.219
238.239
238.26
238.277
238.297
238.318
238.337
238.361
238.377
238.397
238.422
238.437
238.462
238.48
238.497
238.525
238.557
238.585
238.616
238.641
238.661
238.681
238.698
238.719
238.742
238.757
238.781
238.801
238.817
238.843
238.874
238.888
238.911
238.933
238.95
238.973
238.99
239.009
239.034
239.05
239.071
239.095
239.124
239.155
239.177
239.199
239.224
239.257
239.283
239.298
239.322
239.338
239.359
239.384
239.414
239.43
239.454
239.47
239.49
239.515
239.53
239.551
239.572
239.589
239.61
239.628
239.648
239.67
239.69
239.714
239.729
239.75
239.773
239.791
239.808
239.835
239.853
239.871
239.894
239.909
239.933
239.953
239.969
239.994
240.009
240.031
240.055
240.07
240.092
240.113
240.129
240.154
240.169
240.191
240.214
240.229
240.253
240.271
240.29
240.318
240.343
240.357
240.382
240.398
240.418
240.443
240.458
240.478
240.499
240.516
240.542
240.56
240.577
240.603
240.62
240.639
240.662
240.677
240.702
240.717
240.737
240.758
240.778
240.799
240.821
240.837
240.864
240.894
240.912
240.929
240.954
240.969
240.992
241.017
241.043
241.062
241.084
241.103
241.121
241.146
241.181
241.204
241.221
241.243
241.267
241.281
241.306
241.321
241.344
241.362
241.382
241.406
241.423
241.444
241.465
241.484
241.504
241.527
241.541
241.564
241.587
241.601
241.626
241.642
241.663
241.686
241.7
241.724
241.742
241.76
241.788
241.818
241.834
241.855
241.878
241.893
241.916
241.935
241.953
241.977
241.993
242.015
242.036
242.053
242.077
242.094
242.113
242.133
242.156
242.172
242.197
242.212
242.237
242.256
242.273
242.298
242.313
242.336
242.357
242.375
242.397
242.416
242.436
242.459
242.484
242.501
242.525
242.543
242.562
242.586
242.601
242.624
242.646
242.66
242.686
242.703
242.723
242.745
242.767
242.782
242.801
242.821
242.845
242.861
242.881
242.903
242.923
242.944
242.966
242.986
243.005
243.025
243.04
243.066
243.081
243.102
243.124
243.141
243.165
243.186
243.201
243.225
243.244
243.264
243.287
243.301
243.325
243.345
243.361
243.385
243.406
243.425
243.441
243.46
243.485
243.504
243.521
243.545
243.561
243.582
243.6
243.621
243.646
243.665
243.681
243.704
243.722
243.741
243.765
243.78
243.804
243.823
243.845
243.863
243.883
243.901
243.925
243.94
243.965
243.984
244.001
244.027
244.061
244.086
244.1
244.126
244.148
244.181
244.207
244.223
244.247
244.264
244.287
244.317
244.339
244.361
244.385
244.402
244.421
244.445
244.462
244.481
244.502
244.523
244.543
244.561
244.582
244.604
244.624
244.641
244.666
244.681
244.702
244.724
244.741
244.766
244.785
244.801
244.827
244.859
244.874
244.896
244.919
244.933
244.958
244.978
244.994
245.02
245.037
245.054
245.08
245.094
245.118
245.136
245.155
245.178
245.196
245.218
245.241
245.256
245.277
245.3
245.316
245.338
245.359
245.378
245.402
245.417
245.438
245.461
245.477
245.501
245.521
245.54
245.562
245.58
245.601
245.618
245.638
245.662
245.68
245.7
245.723
245.739
245.759
245.777
245.796
245.819
245.841
245.858
245.882
245.898
245.918
245.942
245.956
245.979
246.001
246.02
246.042
246.059
246.079
246.102
246.12
246.142
246.161
246.179
246.202
246.218
246.239
246.259
246.281
246.301
246.321
246.34
246.363
246.377
246.399
246.418
246.437
246.459
246.479
246.497
246.521
246.54
246.56
246.579
246.597
246.621
246.64
246.657
246.68
246.697
246.717
246.74
246.758
246.781
246.801
246.821
246.844
246.867
246.885
246.909
246.928
246.945
246.971
246.985
247.009
247.033
247.062
247.078
247.101
247.119
247.138
247.158
247.177
247.196
247.221
247.24
247.26
247.279
247.296
247.321
247.339
247.359
247.381
247.397
247.42
247.439
247.459
247.482
247.499
247.52
247.541
247.557
247.582
247.6
247.616
247.642
247.658
247.677
247.701
247.717
247.738
247.759
247.777
247.803
247.819
247.839
247.857
247.876
247.9
247.917
247.937
247.959
247.98
247.999
248.019
248.038
248.062
248.077
248.096
248.123
248.143
248.159
248.188
248.208
248.225
248.25
248.264
248.286
248.309
248.325
248.347
248.368
248.391
248.411
248.426
248.447
248.47
248.485
248.509
248.527
248.546
248.571
248.589
248.607
248.629
248.644
248.666
248.685
248.706
248.73
248.746
248.766
248.785
248.808
248.831
248.846
248.865
248.89
248.906
248.928
248.948
248.965
248.99
249.009
249.028
249.049
249.066
249.08
249.098
249.119
249.144
249.169
249.186
249.209
249.228
249.248
249.27
249.284
249.308
249.327
249.346
249.37
249.389
249.408
249.432
249.463
249.477
249.501
249.521
249.537
249.558
249.58
249.6
249.616
249.637
249.66
249.678
249.697
249.719
249.741
249.762
249.78
249.798
249.823
249.84
249.857
249.882
249.897
249.919
249.943
249.969
249.988
250.01
250.025
250.05
250.067
250.085
250.106
250.13
250.146
250.166
250.187
250.207
250.23
250.244
250.269
250.288
250.306
250.329
250.349
250.364
250.39
250.404
250.429
250.45
250.465
250.491
250.506
250.527
250.551
250.564
250.589
250.61
250.626
250.652
250.682
250.698
250.718
250.744
250.76
250.78
250.799
250.819
250.843
250.86
250.88
250.905
250.922
250.944
250.965
250.98
251.001
251.023
251.042
251.065
251.081
251.103
251.126
251.141
251.165
251.183
251.203
251.226
251.246
251.262
251.286
251.301
251.324
251.345
251.36
251.386
251.4
251.423
251.442
251.461
251.486
251.506
251.521
251.546
251.561
251.583
251.603
251.62
251.647
251.663
251.682
251.706
251.721
251.742
251.765
251.781
251.804
251.824
251.84
251.863
251.883
251.903
251.924
251.94
251.964
251.98
252
252.026
252.052
252.068
252.094
252.123
252.143
252.16
252.185
252.201
252.224
252.246
252.26
252.285
252.303
252.323
252.341
252.361
252.383
252.401
252.421
252.441
252.461
252.481
252.505
252.522
252.543
252.566
252.581
252.605
252.624
252.642
252.666
252.68
252.702
252.727
252.741
252.765
252.785
252.802
252.828
252.854
252.869
252.895
252.91
252.93
252.955
252.97
252.992
253.01
253.031
253.054
253.07
253.088
253.115
253.144
253.162
253.182
253.206
253.22
253.244
253.263
253.282
253.306
253.321
253.343
253.365
253.381
253.4
253.422
253.441
253.46
253.486
253.503
253.526
253.541
253.565
253.582
253.602
253.628
253.654
253.669
253.693
253.712
253.732
253.756
253.787
253.805
253.825
253.844
253.861
253.883
253.904
253.924
253.945
253.961
253.982
254.001
254.021
254.045
254.062
254.081
254.102
254.125
254.144
254.164
254.18
254.201
254.227
254.241
254.266
254.281
254.303
254.325
254.344
254.365
254.387
254.411
254.43
254.454
254.472
254.491
254.511
254.53
254.554
254.569
254.591
254.614
254.629
254.653
254.675
254.704
254.721
254.742
254.767
254.791
254.811
254.835
254.865
254.881
254.907
254.933
254.948
254.968
254.992
255.011
255.031
255.05
255.068
255.089
255.112
255.133
255.155
255.185
255.201
255.226
255.242
255.266
255.287
255.301
255.325
255.345
255.362
255.386
255.401
255.422
255.447
255.461
255.484
255.505
255.521
255.544
255.563
255.581
255.605
255.62
255.644
255.665
255.681
255.706
255.723
255.742
255.765
255.784
255.805
255.823
255.841
255.865
255.881
255.901
255.925
255.941
255.965
255.984
256.001
256.029
256.052
256.07
256.094
256.113
256.133
256.155
256.17
256.192
256.217
256.25
256.265
256.288
256.306
256.325
256.351
256.366
256.384
256.411
256.424
256.447
256.47
256.487
256.508
256.528
256.545
256.566
256.587
256.605
256.63
256.644
256.669
256.688
256.705
256.732
256.759
256.775
256.8
256.831
256.847
256.865
256.891
256.905
256.929
256.95
256.965
256.985
257.005
257.025
257.052
257.073
257.094
257.114
257.137
257.153
257.176
257.194
257.215
257.238
257.252
257.277
257.297
257.312
257.338
257.353
257.376
257.398
257.412
257.435
257.458
257.473
257.498
257.517
257.536
257.558
257.575
257.598
257.615
257.633
257.659
257.694
257.721
257.736
257.758
257.777
257.793
257.814
257.838
257.858
257.877
257.893
257.918
257.942
257.966
257.985
258.01
258.027
258.046
258.069
258.084
258.11
258.126
258.145
258.17
258.186
258.205
258.23
258.247
258.269
258.289
258.305
258.33
258.347
258.368
258.387
258.407
258.43
258.447
258.465
258.49
258.507
258.527
258.549
258.566
258.59
258.606
258.625
258.65
258.666
258.686
258.707
258.728
258.749
258.766
258.785
258.81
258.827
258.846
258.871
258.885
258.909
258.929
258.945
258.969
258.988
259.031
259.057
259.074
259.098
259.113
259.135
259.158
259.172
259.197
259.216
259.233
259.26
259.291
259.305
259.328
259.351
259.365
259.39
259.408
259.425
259.449
259.465
259.487
259.51
259.524
259.547
259.568
259.585
259.609
259.627
259.647
259.668
259.685
259.707
259.731
259.746
259.769
259.785
259.805
259.831
259.844
259.868
259.889
259.905
259.93
259.946
259.967
259.991
260.018
260.036
260.059
260.075
260.095
260.117
260.132
260.158
260.18
260.205
260.225
260.252
260.265
260.287
260.311
260.326
260.348
260.372
260.385
260.411
260.426
260.448
260.468
260.485
260.51
260.528
260.545
260.57
260.586
260.61
260.633
260.659
260.676
260.701
260.72
260.736
260.763
260.794
260.808
260.832
260.854
260.881
260.897
260.921
260.937
260.96
260.979
260.996
261.018
261.04
261.057
261.077
261.1
261.12
261.139
261.16
261.181
261.201
261.217
261.239
261.262
261.281
261.299
261.322
261.341
261.361
261.378
261.402
261.417
261.441
261.462
261.477
261.504
261.534
261.553
261.569
261.596
261.621
261.637
261.66
261.677
261.698
261.716
261.737
261.761
261.781
261.801
261.822
261.839
261.86
261.883
261.899
261.921
261.941
261.956
261.981
261.998
262.017
262.042
262.057
262.078
262.101
262.117
262.141
262.161
262.177
262.203
262.217
262.24
262.263
262.281
262.299
262.322
262.339
262.362
262.376
262.399
262.42
262.441
262.461
262.482
262.497
262.519
262.54
262.563
262.582
262.598
262.621
262.643
262.657
262.682
262.699
262.717
262.741
262.758
262.781
262.802
262.816
262.843
262.857
262.879
262.9
262.917
262.943
262.957
262.977
263.003
263.034
263.051
263.07
263.096
263.121
263.138
263.162
263.177
263.197
