0.0157944
0.000453337
0.000501603
0.00151993
0.0106471
0.000588569
0.00163233
0.001663
0.00131048
0.00330201
0.00146289
0.00174022
0.000769002
0.000876436
0.00126267
0.000831023
0.00130318
0.000545026
0.000925312
0.00168826
0.00102314
0.00636272
0.000733274
0.00161124
0.00794533
0.000682594
0.00102701
0.00150158
0.000681207
0.00126356
0.00710176
0.00106274
0.00271889
0.00129341
0.0208334
0.000615678
0.000920048
0.0226492
0.000770307
0.000542972
0.0052123
0.00185802
0.00404015
0.00174755
0.012552
0.00136129
0.00276563
0.0093243
0.00192185
0.00173863
0.000706961
0.00432767
0.00750045
0.000932755
0.0028573
0.0019791
0.00086813
0.000429781
0.00103963
0.00234001
0.00276511
0.000987877
0.000598893
0.0104532
0.00028997
0.00124618
0.000885489
0.00120047
0.000789246
0.00122668
0.00478026
0.00324464
0.00456622
0.00220168
0.000667039
0.000930367
0.000905363
0.00206962
0.0015951
0.000740353
0.00186657
0.00249188
0.00239979
0.00287539
0.00441083
0.000927621
0.00131083
0.000674753
0.00123503
0.00435022
0.00083566
0.00180642
0.00153066
0.000773031
0.00633532
0.000675267
0.000862432
0.00162943
0.000973704
0.000709942
0.00178323
0.00373482
0.00212764
0.000849355
0.000694841
0.00997971
0.000555445
0.000802906
0.00057974
0.00115485
0.0028729
0.00217149
0.000747311
0.0031104
0.00386719
0.00150738
0.000425386
0.00157959
0.0019969
0.00022681
0.00264551
0.00253974
0.00141624
0.00040337
0.00406038
0.00405983
0.00796541
0.000486203
0.0034881
0.000491826
0.00154461
0.00820461
0.0007203
0.000537853
0.00525319
0.000775993
0.000731362
0.00217845
0.0020731
0.000669651
0.00183419
0.00833007
0.00366935
0.00103303
0.00116248
0.00111017
0.00767188
0.00451006
0.00841004
0.00637977
0.00728077
0.0101519
0.00574806
0.00767511
0.00970539
0.00438835
0.00612736
0.00794221
0.00639751
0.00955652
0.00748563
0.0052342
0.0108475
0.00842453
0.00543355
0.00948187
0.0042541
0.00449921
0.0104553
0.00444248
0.00974947
0.00614837
0.00482594
0.00884001
0.00435558
0.00801846
0.00903616
0.00440101
0.00434196
0.00427454
0.00424457
0.00942359
0.00566225
0.00430483
0.00975951
0.00434335
0.0078372
0.00743341
0.00434156
0.00436712
0.00677257
0.00439611
0.00686581
0.00454187
0.00539316
0.00941653
0.00430507
0.00857367
0.00830788
0.00441422
0.00814671
0.0113798
0.00858882
0.00435408
0.00689055
0.00930956
0.00531421
0.0102753
0.00561273
0.00672187
0.00421237
0.00427185
0.00552505
0.00438019
0.00762482
0.00828033
0.00425412
0.00537945
0.00825413
0.00551895
0.0042821
0.00425466
0.00448328
0.00641257
0.00823696
0.00662995
0.00815311
0.00616636
0.00773224
0.00804336
0.00881609
0.00418588
0.0069424
0.00670391
0.00464472
0.00943602
0.00437955
0.00485321
0.00999858
0.00423708
0.00801265
0.00412729
0.0044955
0.0103217
0.00474685
0.00703869
0.00710327
0.00438686
0.0080482
0.00742148
0.00971715
0.00436752
0.00426369
0.00750199
0.00905328
0.00456208
0.00454469
0.00471774
0.00435802
0.00673972
0.00690301
0.00444394
0.0042813
0.004194
0.0092803
0.00955392
0.00596613
0.00437185
0.00896915
0.00749002
0.0049852
0.00898389
0.00418109
0.00426899
0.00908946
0.004215
0.00597304
0.00899907
0.00554376
0.00758571
0.00972206
0.00695361
0.0118864
0.00417224
0.00420112
0.00786402
0.00865812
0.00624992
0.00969
0.00465317
0.00806728
0.00557354
0.00434184
0.00882549
0.00472071
0.00418555
0.0067509
0.00484461
0.0103387
0.0045427
0.00452419
0.0050141
0.00655463
0.0069847
0.00877752
0.00449422
0.0042131
0.00423541
0.00804621
0.00723509
0.00691989
0.00534916
0.00773142
0.00874388
0.0052966
0.00938914
0.00428598
0.00910843
0.0103742
0.00873371
0.00588622
0.00789984
0.00632915
0.00683394
0.0110609
0.00870654
0.00424294
0.00635109
0.00967824
0.00630169
0.00479725
0.00668668
0.0102008
0.00987335
0.0087866
0.00432055
0.00432237
0.0075383
0.00486281
0.00896948
0.0043345
0.00946692
0.00739287
0.00767162
0.00546666
0.0044001
0.0101431
0.00435746
0.00825583
0.00767797
0.00474359
0.00898701
0.00542967
0.00514312
0.0109477
0.00849621
0.00459804
0.0101387
0.00587969
0.00751892
0.00623738
0.00782963
0.0100535
0.00729993
0.00533388
0.0104124
0.00922734
0.00900615
0.0103875
0.00594734
0.00640003
0.00424833
0.00557783
0.00580221
0.00665278
0.00858767
0.00529477
0.00777994
0.00834869
0.00501542
0.00501498
0.0105319
0.00980733
0.0062319
0.00948398
0.00922284
0.00609638
0.00958728
0.0061992
0.00460074
0.00943467
0.00455048
0.00864788
0.00639045
0.00428805
0.0096248
0.00482768
0.00654164
0.0098738
0.00551844
0.00921377
0.00674454
0.00425916
0.00914843
0.0051754
0.0059563
0.00898781
0.00643062
0.00703765
0.00827404
0.00460049
0.0058312
0.0058567
0.00853626
0.00984467
0.00429179
0.00854681
0.00735398
0.00502368
0.00919177
0.00535372
0.00637075
0.00965902
0.0043894
0.00873753
0.00874664
0.00425214
0.00921276
0.00583088
0.00996687
0.0106749
0.00742111
0.00966918
0.00865186
0.00435634
0.00841329
0.0075087
0.00698518
0.0104747
0.0083332
0.00457787
0.0101012
0.00590857
0.00520347
0.00664697
0.00568283
0.00709597
0.0043541
0.00734832
0.0093496
0.00578898
0.0045817
0.00663318
0.00921271
0.00762513
0.00566065
0.00940914
0.0048801
0.00615227
0.0090473
0.00667264
0.00739623
0.0107994
0.00835504
0.00483525
0.00965717
0.00478749
0.00613654
0.0104166
0.00990461
0.00429653
0.00917603
0.00803095
0.00554977
0.00928892
0.00596667
0.00897801
0.0096617
0.00449377
0.011866
0.00678024
0.00978821
0.0072408
0.0100097
0.00612034
0.00911741
0.0071886
0.00550613
0.00623372
0.00730136
0.00617591
0.00808418
0.00423692
0.00847495
0.00656349
0.00450842
0.0101598
0.0061732
0.00714596
0.00947504
0.00485561
0.0108222
0.00962822
0.00751412
0.00976061
0.00491421
0.00596494
0.00971572
0.00447801
0.00965279
0.00434982
0.00481691
0.0111509
0.0110231
0.0106245
0.0049467
0.0109472
0.0089719
0.00595561
0.00548108
0.00687008
0.00904085
0.00976358
0.0074962
0.00451735
0.00888048
0.00707801
0.00441099
0.00681613
0.00573727
0.00511033
0.0045981
0.00681139
0.00973214
0.0087517
0.00456264
0.00955687
0.00442878
0.0065844
0.0101559
0.00550976
0.00910875
0.00798085
0.00836844
0.00851194
0.007609
0.0117473
0.00851415
0.00616864
0.0048232
0.0120504
0.0110176
0.0103233
0.00506883
0.00932262
0.00724186
0.00442075
0.0104601
0.00487265
0.00874359
0.00424988
0.00441366
0.00549889
0.00794707
0.00506057
0.00700215
0.0044421
0.00446082
0.00981466
0.00449987
0.0047406
0.00685239
0.00428155
0.0127463
0.0118472
0.0100032
0.00628543
0.00885994
0.00863577
0.00517275
0.00985929
0.00453189
0.00607109
0.0102302
0.00434157
0.00853175
0.0069633
0.00433936
0.0103636
0.00485791
0.00437198
0.00855267
0.00455285
0.00913934
0.00764743
0.00438732
0.00847617
0.00659858
0.0063615
0.00946582
0.00486234
0.0101029
0.0047889
0.00425303
0.0072325
0.00765722
0.00535325
0.00970588
0.00526578
0.00520028
0.0092567
0.00422758
0.00875484
0.00650066
0.00519169
0.00905601
0.00589983
0.00568706
0.00997235
0.00561203
0.008045
0.00916612
0.00495756
0.0104963
0.00467759
0.00706377
0.0100557
0.00746839
0.00944325
0.00743633
0.00503394
0.0110768
0.011465
0.00996453
0.00432974
0.00613387
0.0115641
0.00486176
0.00427035
0.00709971
0.00653896
0.00674649
0.00914252
0.0081866
0.00874418
0.00875814
0.00438477
0.00931131
0.00579718
0.00430433
0.00585888
0.00744199
0.00644395
0.00695839
0.00463362
0.0114362
0.00723492
0.007285
0.00930311
0.00421713
0.00933175
0.00845693
0.00501003
0.0104495
0.00549111
0.007004
0.0104007
0.00446262
0.00866775
0.01105
0.00611306
0.00733647
0.0103369
0.00567617
0.00836615
0.00434655
0.00596411
0.0115745
0.00940551
0.00623144
0.00642878
0.00919259
0.00431176
0.00798666
0.00739624
0.00490902
0.00958504
0.00711561
0.0089382
0.0097338
0.00495242
0.0104175
0.00964286
0.00661236
0.00995041
0.00533203
0.00696087
0.00788935
0.00515459
0.00809973
0.00866778
0.00448497
0.00733544
0.00775409
0.0064263
0.0108843
0.00599507
0.00492071
0.00903252
0.00648388
0.00721332
0.00462904
0.00433722
0.00544806
0.00421554
0.00449976
0.00708128
0.005682
0.00671496
0.00824924
0.00439436
0.00924587
0.00863241
0.00445419
0.00968014
0.00565607
0.00656524
0.00853145
0.00436159
0.00878198
0.00854898
0.00543201
0.0125102
0.00932555
0.00569863
0.0118767
0.0103568
0.0102697
0.00809231
0.00949298
0.00560147
0.00687559
0.0104466
0.00419833
0.00924901
0.00657644
0.00426545
0.0101479
0.00464386
0.00664503
0.0112863
0.00645652
0.00460103
0.00725316
0.00874343
0.00685914
0.00829846
0.00566634
0.00592252
0.0105966
0.00685624
0.00803187
0.0120357
0.00842271
0.00797871
0.00953528
0.00458155
0.00963395
0.00851556
0.0051767
0.00893851
0.00623688
0.00565569
0.0106782
0.00905414
0.0062295
0.00792595
0.00888372
0.00485734
0.00999891
0.00610164
0.0102668
0.0100274
0.00436963
0.00856104
0.00880973
0.00559013
0.00998133
0.0109018
0.00681091
0.0115429
0.00965948
0.00928478
0.0079058
0.00665616
0.00545402
0.00947849
0.00423287
0.00742835
0.00700548
0.00507717
0.00732237
0.00756753
0.00773775
0.00943321
0.00495132
0.00647889
0.00879179
0.00569004
0.00801392
0.00758944
0.00676399
0.00904455
0.0046162
0.00887123
0.00800049
0.00485591
0.00864684
0.00679353
0.00637149
0.00896572
0.004535
0.010152
0.00577452
0.00442463
0.010962
0.00539049
0.00568709
0.00453962
0.00428975
0.00796253
0.0045997
0.00425749
0.00845474
0.00546023
0.00447303
0.00963331
0.00452926
0.00886505
0.00812317
0.00447738
0.00896221
0.00477484
0.00681769
0.00872125
0.00425592
0.00983183
0.00779441
0.00481638
0.0103549
0.00583374
0.00758724
0.0107092
0.00941945
0.00655134
0.0093959
0.00836067
0.00464519
0.0104659
0.00633285
0.00719615
0.00734826
0.00686004
0.0107911
0.00819049
0.00451994
0.0111774
0.012646
0.0101076
0.00431249
0.00818883
0.00519231
0.00526543
0.00959923
0.00730469
0.00605506
0.00958455
0.00443986
0.0058234
0.00931621
0.0101689
0.00595263
0.00966732
0.00791893
0.00499724
0.00899037
0.00597132
0.00927677
0.00920067
0.00699632
0.0104518
0.00498176
0.00757963
0.00962148
0.00427868
0.00971985
0.00792671
0.00555164
0.0113187
0.00969939
0.00481095
0.00601302
0.00417837
0.00433773
0.00823224
0.00733544
0.00444658
0.00965154
0.00542388
0.00665737
0.00969033
0.00424774
0.00920328
0.00736673
0.00467132
0.0103891
0.00421843
0.00932613
0.00938679
0.00441332
0.00825473
0.00810146
0.00447785
0.00663303
0.00890607
0.00733007
0.00714772
0.00968951
0.00967725
0.00997991
0.00862123
0.0115562
0.0100075
0.00573766
0.00811206
0.00676295
0.00459076
0.0122067
0.00972144
0.00709583
0.00552428
0.00849713
0.00437402
0.0065538
0.00848455
0.00771965
0.00986982
0.00570445
0.00650148
0.00451615
0.00535069
0.00820645
0.00714795
0.00433255
0.00942837
0.00498008
0.00711531
0.00874022
0.00449454
0.00893036
0.00665303
0.00522665
0.00971336
0.00481511
0.00597059
0.00927973
0.00528486
0.00447513
0.00617522
0.0046503
0.00794537
0.0100082
0.00646624
0.0100082
0.00431626
0.00907909
0.00718941
0.00572111
0.0085486
0.00484608
0.00590087
0.00762337
0.00439528
0.00829669
0.00731765
0.00447429
0.0102466
0.00622706
0.00668166
0.00870793
0.00531244
0.00791894
0.0079613
0.00481906
0.00674144
0.00966548
0.00436787
0.00734243
0.00981769
0.00520343
0.00972531
0.00703845
0.00680157
0.0101595
0.00420603
0.00935992
0.00741932
0.0043964
0.0102144
0.0053628
0.00649716
0.0101092
0.00435775
0.00858275
0.00585847
0.00435821
0.0094952
0.00948368
0.00873304
0.00932094
0.00423714
0.00727204
0.00786606
0.011624
0.00492516
0.00904646
0.0076599
0.00950764
0.00421183
0.00919491
0.00832687
0.00490027
0.00966204
0.00655294
0.00705421
0.00793136
0.00483235
0.00952408
0.00819516
0.00447224
0.00959369
0.00607797
0.00678053
0.00948273
0.00657006
0.00869078
0.00497562
0.00623086
0.010297
0.00434976
0.00935911
0.0117169
0.00975615
0.010045
0.00756606
0.00631006
0.00445152
0.0106569
0.00982612
0.00578685
0.00666379
0.00496457
0.00695735
0.00988559
0.00606198
0.0087969
0.00492666
0.00721322
0.00936949
0.00800172
0.00436512
0.00924816
0.00721629
0.00887126
0.00913873
0.00483046
0.00903421
0.00963783
0.00454217
0.010748
0.00551499
0.00671094
0.0101287
0.00623677
0.00937719
0.00807432
0.00454604
0.0111774
0.0107357
0.00508799
0.00843044
0.0102281
0.0055453
0.0101209
0.00859837
0.0123403
0.00839685
0.00634625
0.00616589
0.00764557
0.0086424
0.00498666
0.00718989
0.00855664
0.00768397
0.00419575
0.004966
0.00538794
0.00478563
0.00672158
0.00792681
0.00920505
0.00493557
0.00775252
0.00946496
0.00756461
0.0100687
0.00557842
0.01016
0.00564425
0.00433536
0.00970464
0.0072597
0.00955064
0.0101263
0.00444895
0.00897188
0.00766646
0.00472326
0.00921784
0.00545711
0.00591103
0.00603383
0.00600058
0.00873512
0.00428858
0.00605258
0.00485867
0.00768384
0.00632267
0.00685952
0.00875789
0.00856212
0.00876557
0.0070159
0.00983632
0.00688587
0.00676088
0.00711623
0.0053822
0.00666651
0.00900322
0.00872585
0.00891604
0.00734342
0.00619339
0.0102674
0.0043191
0.00875201
0.00837376
0.00513031
0.00975184
0.00529897
0.00779528
0.0101247
0.00436169
0.00969004
0.00733102
0.00429183
0.0057592
0.00794045
0.00655325
0.00466922
0.00579747
0.00658809
0.00431223
0.00462568
0.00991691
0.0063299
0.0070722
0.00904356
0.00420256
0.00921432
0.00738017
0.00482829
0.0113274
0.00705118
0.0107517
0.00467533
0.00877168
0.00680223
0.00431908
0.0071044
0.00674225
0.0065408
0.00956126
0.00422067
0.00907363
0.0105712
0.00990552
0.00847641
0.01072
0.00586017
0.00830729
0.00973394
0.00450957
0.00582763
0.00429973
0.00579811
0.00953663
0.0058954
0.00434749
0.00971897
0.00442541
0.00694126
0.00593782
0.00576945
0.0054632
0.00838657
0.00765499
0.00752883
0.00581785
0.00867225
0.00853153
0.00547785
0.00480127
0.00769406
0.00456455
0.00539849
0.0101897
0.00904665
0.00791784
0.00471179
0.00994958
0.00515153
0.00444347
0.0101496
0.00435965
0.00784435
0.00672316
0.00442587
0.0108646
0.00962669
0.00430075
0.00918612
0.00768585
0.0061551
0.00941096
0.00537735
0.00978407
0.0119811
0.00965576
0.00439121
0.00752342
0.00830637
0.00638607
0.00852121
0.00583633
0.00551701
0.00729463
0.00505497
0.0092227
0.0057866
0.00734101
0.00901509
0.00597065
0.00614303
0.00952363
0.00652286
0.00873064
0.00789582
0.00467802
0.00910526
0.0112683
0.00430304
0.00867024
0.00820161
0.00471033
0.00937536
0.00469725
0.00727189
0.00834387
0.00918365
0.00901127
0.00507236
0.00454443
0.0111847
0.00919497
0.00490566
0.00608833
0.00431724
0.00672789
0.010142
0.0054734
0.00437219
0.00955232
0.0051747
0.00617657
0.0105519
0.00434893
0.0078683
0.00552776
0.0047143
0.00537584
0.00734822
0.00621256
0.00728561
0.00510131
0.00876267
0.00886132
0.00435303
0.0119923
0.0127653
0.00982476
0.00434942
0.0100662
0.00568883
0.00539488
0.00947521
0.00809205
0.00738703
0.00818779
0.00430408
0.00911728
0.00846556
0.00616137
0.00945457
0.00478344
0.00524728
0.0043204
0.00842067
0.00943112
0.0053105
0.00419842
0.00518197
0.00540243
0.00664834
0.00926004
0.00422713
0.00787504
0.0076203
0.00767775
0.00909286
0.00510244
0.0049974
0.0093387
0.00740068
0.00793968
0.0078397
0.00573538
0.00978155
0.00699289
0.00500228
0.0102185
0.00543076
0.00669435
0.0100559
0.0076463
0.00872896
0.00984464
0.00732641
0.00900344
0.0076836
0.00729123
0.00532836
0.00531844
0.00922361
0.0081132
0.0082358
0.00962323
0.00485063
0.00453358
0.00940864
0.00429313
0.00694018
0.0120943
0.00541325
0.00662448
0.00823747
0.00516507
0.00895614
0.0103848
0.00683607
0.00933296
0.00580386
0.00480136
0.0107259
0.00909812
0.0051395
0.00716173
0.00878252
0.00531253
0.010854
0.0102755
0.00426641
0.0101906
0.00817534
0.00496209
0.0123537
0.0117201
0.00918617
0.00423561
0.00945177
0.00589353
0.0047111
0.0103229
0.0101171
0.00640883
0.0055295
0.00563263
0.00940976
0.00874362
0.00658313
0.0103452
0.00530848
0.00613226
0.0103957
0.0042621
0.00905843
0.00919446
0.0095204
0.0108641
0.00647337
0.00703011
0.0100428
0.00441293
0.00958316
0.00722165
0.00448684
0.0103697
0.00475366
0.00620534
0.00467773
0.00485481
0.00612705
0.00483879
0.0063136
0.00952427
0.00637816
0.00830647
0.00968916
0.00484385
0.00795175
0.00982551
0.00430415
0.00946631
0.00567173
0.00649733
0.00955861
0.00468841
0.00877339
0.00920942
0.00528352
0.0104966
0.00944207
0.00737845
0.00802402
0.0099932
0.00425037
0.00942854
0.00842039
0.00482403
0.010205
0.0124849
0.00575506
0.00776727
0.00741887
0.00725983
0.0101454
0.00515858
0.00587587
0.00577321
0.00473194
0.00632571
0.0101448
0.00635047
0.0127095
0.0105871
0.00606307
0.0085731
0.00535638
0.01042
0.00545423
0.00905437
0.0052039
0.00653577
0.00995729
0.00454678
0.00620711
0.00985119
0.00499882
0.0092405
0.00444187
0.00686178
0.00902337
0.00464133
0.00912106
0.00657051
0.00433032
0.0104071
0.00941934
0.00525049
0.00815105
0.00900019
0.00431259
0.00861498
0.00761694
0.00439869
0.00790298
0.00462659
0.00653008
0.00606654
0.00487919
0.00891606
0.00799246
0.00701401
0.00644479
0.00830267
0.00462536
0.00430274
0.0063625
0.00468052
0.00938471
0.00474733
0.0045723
0.00953321
0.0045926
0.00933073
0.00767521
0.00443922
0.0127689
0.0132554
0.0122231
0.0114601
0.00879697
0.00426926
0.00880681
0.00577385
0.00651351
0.0102277
0.00438901
0.00894878
0.00841799
0.0050003
0.0110801
0.00954791
0.00446726
0.00641443
0.00828891
0.00595173
0.00899105
0.00647313
0.00467303
0.0102363
0.0061161
0.00692825
0.00609596
0.0124049
0.0113997
0.00475059
0.00745539
0.0111792
0.0131423
0.0105947
0.00468094
0.00982886
0.0055218
0.00658154
0.0113076
0.00944868
0.00566831
0.00996168
0.00585608
0.00525759
0.00991103
0.00515147
0.00663627
0.00804395
0.00441553
0.00575484
0.00421304
0.00426502
0.00605689
0.00612225
0.00962933
0.00459387
0.00588053
0.00915654
0.00711758
0.0045988
0.0100697
0.00875668
0.00651261
0.00932244
0.00422955
0.00852794
0.0090138
0.0048954
0.00981711
0.00473883
0.00685272
0.0099585
0.00545913
0.00829667
0.00893306
0.00466323
0.0100374
0.00539645
0.00635689
0.010062
0.00443269
0.00928688
0.00669005
0.00495274
0.0129078
0.0111104
0.00455208
0.0097638
0.00547837
0.00477928
0.010563
0.00503909
0.00555159
0.00645566
0.00437578
0.00922362
0.00698541
0.00472693
0.0104098
0.00730288
0.00664463
0.00998026
0.00483571
0.00983038
0.00517452
0.00429258
0.00630698
0.00567296
0.00677796
0.00966351
0.00502986
0.0113243
0.00910973
0.00730792
0.00478986
0.00957889
0.0047684
0.0055552
0.0114334
0.00934311
0.00574691
0.00983638
0.0085108
0.00604499
0.0106438
0.0132012
0.00806685
0.00433521
0.00667468
0.0107673
0.00453041
0.00909505
0.00573761
0.00700742
0.00686615
0.00561925
0.00926814
0.00680955
0.00757539
0.00862032
0.00782975
0.0077619
0.0098459
0.00446144
0.0079522
0.0116906
0.00440331
0.00943417
0.00555847
0.00635457
0.00992415
0.0043176
0.00857469
0.00640443
0.00423373
0.0116233
0.00968108
0.00576428
0.00750008
0.00943969
0.00429732
0.0072583
0.00759305
0.00425253
0.00835815
0.0042228
0.00640891
0.00780651
0.00448729
0.00907619
0.0048888
0.00449341
0.0048687
0.00807797
0.00468601
0.00863382
0.0041643
0.00872505
0.00791656
0.00505774
0.00906737
0.00445103
0.00566126
0.00832428
0.0065351
0.0086805
0.00776832
0.0077139
0.0111838
0.00786192
0.00536067
0.00907927
0.00676594
0.00543469
0.0101118
0.00510202
0.00747942
0.00935831
0.00432492
0.00923276
0.00631039
0.00666089
0.00995254
0.00994182
0.00573821
0.00457088
0.00458047
0.00870477
0.00437367
0.00425879
0.00677859
0.00601543
0.0077239
0.0092399
0.00919252
0.00853215
0.00839697
0.00435879
0.00932691
0.00575387
0.0065731
0.00764622
0.00502693
0.00817655
0.00963484
0.00476009
0.00911089
0.00751785
0.00687785
0.0104041
0.00456543
0.00856987
0.00853462
0.0045601
0.00924817
0.00935417
0.00855037
0.00428421
0.00426119
0.00855819
0.00815151
0.00484798
0.00923346
0.00437924
0.00551389
0.00445027
0.00510858
0.0094175
0.00869347
0.00498097
0.00788829
0.00544181
0.0043063
0.00868872
0.0042729
0.00822863
0.00625521
0.00857623
0.00675916
0.00634445
0.0043287
0.00961325
0.00419703
0.00875096
0.00789385
0.00482415
0.0109258
0.0127961
0.00991073
0.00438357
0.0097192
0.0126467
0.0125551
0.0103381
0.00693347
0.00979681
0.00829962
0.0106882
0.00882626
0.0108444
0.00470769
0.0089393
0.00534615
0.00526035
0.0086782
0.00557192
0.00480172
0.0052843
0.00682167
0.00650373
0.00422537
0.00599985
0.00830548
0.00799491
0.0053835
0.00955346
0.00546944
0.00603445
0.00838004
0.00477639
0.00915472
0.00893602
0.00479391
0.010459
0.0103078
0.00609448
0.00805814
0.0106129
0.00466043
0.00893255
0.00844706
0.00440985
0.0108988
0.00659394
0.00518362
0.010025
0.00422163
0.00775816
0.00509454
0.00440246
0.00690305
0.00549375
0.00695892
0.00996981
0.00423535
0.0055689
0.00853576
0.00421576
0.00579645
0.00699013
0.00597674
0.00995803
0.0055979
0.00586307
0.00895569
0.00433757
0.00824965
0.00919474
0.00695595
0.00971307
0.00758515
0.00865419
0.00526304
0.00594005
0.0102883
0.00738492
0.00767077
0.0109216
0.00716967
0.00622282
0.00505004
0.00446286
0.00673194
0.00845914
0.0054035
0.00982405
0.00574394
0.00612558
0.00977395
0.00423044
0.00679166
0.00844005
0.00483624
0.0094802
0.00687618
0.00729909
0.0100085
0.00782411
0.00890104
0.0087992
0.00677071
0.00984826
0.0053086
0.00667749
0.00741669
0.00894196
0.00807799
0.00803999
0.00795924
0.0103724
0.00434356
0.00627503
0.00575386
0.00459491
0.00726204
0.00661687
0.00470759
0.00915928
0.00820156
0.00761311
0.00677937
0.00472784
0.00863299
0.00771756
0.00431852
0.00820316
0.00466633
0.00544501
0.008123
0.00569523
0.00832889
0.00899151
0.00825203
0.0113008
0.00722643
0.00546424
0.00825123
0.0084166
0.00516362
0.0106899
0.00486639
0.00816361
0.0129416
0.0100102
0.00581223
0.00841707
0.00691005
0.00482169
0.00631769
0.00462057
0.00464449
0.0082415
0.00759413
0.00786764
0.0073416
0.00448549
0.0088014
0.00700013
0.00614942
0.00946419
0.0042688
0.00851865
0.00717911
0.00739628
0.00897659
0.00682755
0.00531646
0.00942093
0.00515544
0.00989306
0.00771036
0.00439093
0.0105333
0.00576006
0.00468931
0.00929446
0.00427319
0.00632494
0.00735099
0.00482131
0.0110452
0.00608082
0.00595431
0.00453235
0.0044141
0.00719327
0.0045148
0.00534628
0.00615174
0.00774339
0.00756899
0.00705907
0.0058376
0.00933602
0.00464798
0.004237
0.010357
0.0105802
0.00658513
0.00816102
0.007651
0.00466921
0.00942825
0.00461538
0.00538419
0.00897973
0.00456213
0.00664037
0.00796249
0.0105997
0.00989943
0.00590472
0.00730019
0.00974207
0.00566957
0.00870897
0.00745541
0.00565852
0.0102021
0.00867962
0.00660511
0.00939052
0.00432069
0.00592205
0.00452471
0.00555092
0.00995672
0.00590002
0.0062417
0.00440129
0.00704485
0.0100076
0.00576997
0.00457923
0.0100225
0.00538864
0.00770942
0.00752453
0.00418778
0.0094562
0.00886326
0.00745142
0.00772389
0.00566155
0.00429634
0.00594101
0.00609483
0.0107699
0.00830182
0.00520032
0.00805237
0.00798491
0.00775782
0.0103565
0.00428805
0.00814552
0.00754582
0.00480503
0.00918722
0.00863944
0.0072069
0.0117084
0.00976
0.0042724
0.0090179
0.00874489
0.00438179
0.00573203
0.00788423
0.00771994
0.00430443
0.00434146
0.00723952
0.00630117
0.00464252
0.00672353
0.00824746
0.00902558
0.00860482
0.00594189
0.0100313
0.00802519
0.00459983
0.00952766
0.00529227
0.00701817
0.0110331
0.00838112
0.00761722
0.00990541
0.00470616
0.0101655
0.00686152
0.00439563
0.00553458
0.00921704
0.00528477
0.00594765
0.00755834
0.00692408
0.00973257
0.00425464
0.00880382
0.00711318
0.0055894
0.00921799
0.00838996
0.00421354
0.00964444
0.00443852
0.00898302
0.00884214
0.00456435
0.0106397
0.00538361
0.00676712
0.0100627
0.00426693
0.00879433
0.00900652
0.00486689
0.0109927
0.00894574
0.00449226
0.00472164
0.0107667
0.00575072
0.00626193
0.00531303
0.00426322
0.00873481
0.00480486
0.00434606
0.00959532
0.00629629
0.00705662
0.00911766
0.00423469
0.00427675
0.00618356
0.0055662
0.00895716
0.00510818
0.00699494
0.00975661
0.00464658
0.00837859
0.00785912
0.00455459
0.0092679
0.00913059
0.00632019
0.0102073
0.00428219
0.00788878
0.00839266
0.00450919
0.0103474
0.00464761
0.00646899
0.00645026
0.00503741
0.0090968
0.009785
0.00503885
0.00899439
0.00465505
0.00668506
0.00620132
0.00426305
0.0107753
0.00655834
0.00522087
0.00911351
0.00476127
0.00541939
0.00858846
0.00522077
0.00858054
0.0073568
0.00475504
0.00750622
0.00724879
0.00734027
0.00889302
0.00445831
0.00841632
0.0057041
0.00500628
0.0109713
0.00962673
0.00607246
0.0107788
0.00808614
0.00768317
0.00516734
0.0100781
0.00587687
0.00757629
0.00994332
0.00442359
0.00854288
0.00701182
0.00750139
0.00494643
0.00421538
0.00694114
0.00503498
0.00426211
0.00473729
0.00427243
0.00427549
0.00831113
0.00522024
0.00708709
0.00941864
0.00449902
0.00885788
0.00868263
0.00573652
0.00924959
0.00479943
0.00562785
0.0102073
0.00448868
0.00848821
0.00924093
0.00511397
0.0115836
0.00975207
0.00429306
0.0109868
0.00640955
0.00559311
0.0105116
0.0060071
0.00823819
0.00624735
0.00633489
0.00968424
0.00564561
0.00450727
0.0107679
0.0079562
0.00528354
0.00602058
0.00970388
0.00423382
0.00759753
0.00607371
0.00578547
0.010169
0.0053584
0.00667739
0.00906316
0.00449995
0.00425007
0.00618018
0.00440748
0.00469303
0.00981185
0.00668561
0.00982915
0.00470588
0.00891834
0.00600393
0.00604118
0.0116813
0.0100778
0.00434517
0.0093752
0.00816211
0.00754647
0.0119789
0.0113028
0.00792447
0.00848898
0.00771583
0.00488976
0.00677951
0.00764171
0.00764223
0.00903226
0.00448593
0.00622529
0.00462522
0.00477357
0.00876755
0.00618273
0.00554695
0.00535101
0.00912831
0.00761999
0.00801238
0.00427136
0.00466174
0.00998624
0.00534037
0.00976596
0.00535745
0.0065712
0.00913995
0.00690377
0.00881939
0.0108904
0.00623299
0.00686884
0.00940351
0.00733521
0.00669959
0.00658269
0.00467961
0.00989108
0.00495539
0.00692202
0.00958242
0.00446958
0.00928566
0.0103582
0.0089157
0.00485879
0.00580835
0.0107724
0.00669047
0.00704488
0.0112193
0.0084584
0.00549448
0.0105737
0.00906834
0.00434082
0.00797646
0.00793917
0.00625694
0.00689033
0.00564551
0.00446406
0.00447856
0.00878645
0.00837634
0.0109549
0.00887506
0.0044749
0.0103846
0.00565563
0.010151
0.0100272
0.00431887
0.00930733
0.00847326
0.0054886
0.00997795
0.00436514
0.00644132
0.0104568
0.00423458
0.008338
0.00843589
0.0043123
0.00770072
0.00734332
0.00459787
0.00886077
0.00427075
0.00718158
0.00918191
0.00487342
0.00968875
0.0062737
0.00628573
0.00862864
0.00767287
0.00836143
0.00731572
0.00425271
0.00879293
0.00582235
0.00438479
0.00874363
0.00459881
0.00814003
0.00678795
0.00437108
0.0113853
0.00742043
0.00509009
0.00950379
0.00711952
0.00732391
0.00948912
0.00479572
0.00542354
0.0107526
0.0105972
0.00525967
0.00889871
0.0068881
0.00543502
0.0105
0.00617829
0.00443488
0.0104703
0.00452132
0.00663994
0.00944981
0.00590649
0.00737855
0.00763778
0.0053106
0.0057239
0.00652534
0.0049835
0.00954984
0.00438884
0.00908496
0.00834597
0.00464776
0.0109956
0.0105132
0.00703242
0.0114016
0.0105811
0.00743364
0.00475858
0.0110278
0.00456757
0.00829944
0.00977852
0.00424166
0.0053839
0.00482529
0.00467764
0.011114
0.00465161
0.00516509
0.00660815
0.00889681
0.00439861
0.00782963
0.00670945
0.0068426
0.00996509
0.00436498
0.0085737
0.00840209
0.00429991
0.00887981
0.0053574
0.00806018
0.0100421
0.00424518
0.00686338
0.00994128
0.00486934
0.00979381
0.00993898
0.00724585
0.0106936
0.00637257
0.0100448
0.00774605
0.00501269
0.0104065
0.0137737
0.0126475
0.0043297
0.00952405
0.00866691
0.00549069
0.00643176
0.00960958
0.00927371
0.00897165
0.0054683
0.00936061
0.00584801
0.00612022
0.00479778
0.00964822
0.00629264
0.00634249
0.00908011
0.00428327
0.00975674
0.00648662
0.0044625
0.00565034
0.00575154
0.00436002
0.0097945
0.00603639
0.00893922
0.00853165
0.00474959
0.00994814
0.00632433
0.00775386
0.00667614
0.00738548
0.0093876
0.00726619
0.00468728
0.00956565
0.00613592
0.00683691
0.00925529
0.00510167
0.00881073
0.00581246
0.00454547
0.00975854
0.00480721
0.00642716
0.00764293
0.00736727
0.00942762
0.00606905
0.00460487
0.00986799
0.00640763
0.00589723
0.00994688
0.00426896
0.00903129
0.0084141
0.0048541
0.0093167
0.00733992
0.0110007
0.00886181
0.00526859
0.00971308
0.00506563
0.00650441
0.00977096
0.00422208
0.00809647
0.00842516
0.0047388
0.0113156
0.0100145
0.00526638
0.00763954
0.00976647
0.00429182
0.00969791
0.00803788
0.00436995
0.00938772
0.00545632
0.00637546
0.0101313
0.00422374
0.00617868
0.00822218
0.00501068
0.00865669
0.0067104
0.00649323
0.00762548
0.00534087
0.00741371
0.0105568
0.00586247
0.00930091
0.00489304
0.00523232
0.0104769
0.00437959
0.00732055
0.00852668
0.00492288
0.0102104
0.00645952
0.00700626
0.0101157
0.00965866
0.00724153
0.010102
0.00591466
0.00631776
0.00903399
0.00427489
0.00923742
0.0113916
0.00448819
0.00454612
0.0104787
0.00435712
0.0068623
0.0106191
0.00482485
0.00775958
0.00562573
0.00425911
0.0112854
0.00544738
0.00747526
0.00720919
0.00441812
0.00948951
0.00797638
0.00445876
0.0081249
0.00500458
0.00752116
0.0116472
0.00984004
0.00586193
0.0108942
0.0102263
0.0049399
0.0119503
0.0107558
0.00499371
0.00846056
0.0106328
0.010389
0.00714162
0.0102638
0.0050934
0.00847485
0.00792302
0.00467096
0.00581905
0.00806975
0.00446865
0.00525078
0.00838359
0.0069684
0.00693287
0.00836148
0.00895022
0.0089043
0.00441211
0.00736576
0.00928651
0.00913121
0.00609961
0.00926087
0.00834614
0.00885508
0.00508763
0.0102479
0.00501548
0.00858339
0.0103302
0.00525218
0.0115445
0.0100498
0.00805647
0.00438389
0.011614
0.00934852
0.0043958
0.00734825
0.0045186
0.00573555
0.00446069
0.00458295
0.00848027
0.00856975
0.00795613
0.00987263
0.00656564
0.00839417
0.0100951
0.0062601
0.00964862
0.00920962
0.00428678
0.0092662
0.00654098
0.00470267
0.0101899
0.00447974
0.00557038
0.00834854
0.00484817
0.00914413
0.00856044
0.00514393
0.0102776
0.00554957
0.0076436
0.0112459
0.00513821
0.00748041
0.00898141
0.00705561
0.0104033
0.00433133
0.00684829
0.00719836
0.00878038
0.00879047
0.0099327
0.00545204
0.00723252
0.00799462
0.0103191
0.0100754
0.00560265
0.00855353
0.0106857
0.00465157
0.00937146
0.0062438
0.0048055
0.00849921
0.00531959
0.00940621
0.00906316
0.00457473
0.0104115
0.00449072
0.00736882
0.00760774
0.00462729
0.0108895
0.00470373
0.00446168
0.0115583
0.0094778
0.00687022
0.00623234
0.0123998
0.00883851
0.00501454
0.0100513
0.00469457
0.004791
