7.93533
9.47392
11.2089
12.2786
12.9459
14.6165
15.0764
16.2989
18.1172
18.3212
19.1456
20.8457
21.9519
22.3595
23.0216
23.4334
24.082
25.8265
26.2408
26.5476
28.0238
28.211
28.4309
30.1401
31.2718
32.9622
34.5028
36.1916
37.056
38.7786
40.2686
40.59
41.2494
42.8871
44.6166
45.7719
45.962
47.0793
48.3637
50.0742
51.858
52.9312
53.3616
53.5826
54.0143
54.68
56.4492
56.7205
58.3988
58.6013
60.4549
62.0739
62.7719
64.2322
64.4678
65.5182
67.2167
67.465
68.5824
70.3406
70.5614
71.2003
71.4225
71.6661
73.2965
74.8175
75.1147
75.7194
77.4368
78.3911
78.5905
78.8477
80.5385
82.0448
83.612
85.3295
87.0862
87.2971
88.985
90.7048
91.3847
92.0409
92.9046
93.1162
94.843
95.7107
97.5026
98.1894
98.6078
100.248
101.956
103.76
105.487
107.258
108.137
109.894
111.007
111.593
113.142
114.876
116.64
118.364
119.499
119.838
120.058
120.672
121.337
121.567
122.599
123.045
124.752
126.449
127.853
129.478
131.276
133.111
133.517
133.84
133.981
134.507
136.22
136.39
138.193
139.911
141.439
141.665
142.784
143.414
145.101
146.764
146.976
147.198
147.902
149.598
151.328
151.662
152.833
154.511
155.411
157.139
158.429
160.073
161.775
163.386
165.111
166.843
168.543
170.243
171.972
173.713
175.424
177.152
178.85
180.575
182.22
183.986
185.758
187.462
189.154
190.859
192.643
194.301
196.043
197.746
199.438
201.257
202.614
202.811
203.465
203.929
204.73
205.205
206.889
208.654
209.114
