0.00742593
0.00147347
0.000919674
0.00204138
0.00996696
0.0125857
0.0400123
0.0065602
0.048796
0.0124315
0.000914187
0.00132283
0.0117972
0.0147071
0.00883978
0.00107369
0.00124916
0.0221278
0.00480176
0.0113176
0.00357612
0.00281246
0.00278149
0.00418334
0.00352784
0.00746408
0.00236018
0.011281
0.00362275
0.00216286
0.000781736
0.00174223
0.00960443
0.0024049
0.0126075
0.00361266
0.00225972
0.00398257
0.0071996
0.0175191
0.00120884
0.00756945
0.000942339
0.0139216
0.0144901
0.0120277
0.000817501
0.00417124
0.00231943
0.00135476
0.00335331
0.00147969
0.00321452
0.00366957
0.00781126
0.0104614
0.011817
0.00189018
0.00131771
0.00883604
0.00125284
0.0157276
0.00625688
0.00233368
0.000539788
0.00497267
0.00301341
0.00722811
0.0046492
0.00718523
0.00644896
0.011803
0.0142169
0.00790669
0.00415178
0.00152992
0.00228472
0.00527207
0.00892032
0.00800489
0.00693463
0.000727434
0.00404457
0.00599488
0.00724101
0.00273501
0.00617107
0.0135156
0.00762316
0.0114979
0.00318537
0.00265847
0.00228943
0.00101569
0.00470997
0.00641111
0.00235851
0.00130753
0.00573596
0.00417979
0.00717434
0.00751483
0.00221448
0.00186148
0.00252854
0.00747875
0.00176264
0.0108219
0.00210485
0.00698124
0.00481999
0.00146873
0.00553617
0.00546056
0.00378799
0.00974259
0.000622245
0.00407578
0.00470215
0.0103939
0.00390648
0.00546641
0.00480338
0.0107784
0.00597168
0.000791847
0.00383967
0.0051975
0.0166447
0.0203846
0.000582325
0.00182359
0.00190908
0.000719699
0.000927863
0.00238453
0.00544765
0.00200494
0.010497
0.010027
0.00799049
0.00872334
0.00680557
0.00651263
0.00455141
0.00688856
0.0076179
0.00633621
0.00819384
0.00925888
0.0125293
0.01256
0.0103546
0.00712722
0.00784048
0.00640887
0.00598187
0.00545229
0.00590489
0.0064185
0.00674683
0.0081337
0.00707396
0.0077861
0.00583854
0.00117697
0.00670898
0.00280326
0.00435244
0.00486498
0.00154039
0.00381984
0.00144902
0.00114586
0.0020202
