1.87664
1.87673
2.40037
2.93208
3.40001
3.90671
4.4035
4.90424
5.4038
5.9154
6.40434
6.90409
7.40464
7.91053
8.4043
8.90369
9.40392
9.90828
10.4084
10.9079
11.409
11.9078
12.408
12.9242
13.4085
13.9086
14.4122
14.912
15.4192
15.9125
16.4123
16.944
17.4118
17.9115
18.412
18.9256
19.4157
19.9158
20.4638
20.9163
21.4159
21.929
22.4161
22.9168
23.4205
23.9165
24.4176
24.9201
25.4198
25.9197
26.4207
26.9201
27.4206
27.9204
28.42
28.9204
29.4238
29.9245
30.4241
30.9244
31.4241
31.9238
32.4238
32.9298
33.428
33.9284
34.4279
34.9277
35.428
35.9485
36.4285
36.9306
37.4415
37.9318
38.4321
38.9324
39.4324
39.9325
40.4326
40.9374
41.4322
41.9318
42.4466
42.9357
43.4365
43.9366
44.4365
44.936
45.4366
45.936
46.4364
46.9692
47.4402
47.9398
48.4401
48.9397
49.4403
49.9403
50.4399
50.9399
51.44
51.9429
52.4577
52.9442
53.4441
53.9444
54.4445
54.9436
55.4447
55.9444
56.4445
56.9458
57.4485
57.9481
58.4482
58.9617
59.4479
59.9482
60.448
60.9688
61.4479
61.9484
62.452
62.9517
63.452
63.9575
64.4525
64.9519
65.4519
65.9525
66.4524
66.9649
67.4565
67.9565
68.4567
68.9571
69.4707
69.9563
70.4557
70.9743
71.4568
71.9575
72.4598
72.9606
73.4601
73.96
74.4601
74.9599
75.4695
75.9598
76.4602
76.9608
77.4637
77.9647
78.4637
78.9645
79.4637
79.9645
80.4641
80.9641
81.4642
81.9641
82.4678
82.9675
83.4687
83.9678
84.481
84.9677
85.4682
85.9678
86.4685
86.9679
87.4683
87.9708
88.4722
88.9725
89.4724
89.9722
90.4725
90.9715
91.4724
91.9717
92.4724
92.9721
93.4763
93.9761
94.4759
94.9761
95.4903
95.9764
96.4764
96.9896
97.4766
97.9762
98.4812
98.98
99.4802
99.9865
100.48
100.98
101.502
101.98
102.48
102.981
103.48
103.983
104.485
104.984
105.487
105.983
106.484
106.984
107.485
107.985
108.484
108.984
109.488
109.988
110.488
110.989
111.488
111.988
112.488
112.988
113.488
113.992
114.492
114.992
115.492
115.992
116.492
116.992
117.492
117.995
118.496
118.996
119.499
119.996
120.496
120.996
121.496
121.997
122.497
122.997
123.5
124
124.5
125
125.5
126
126.5
127
127.5
128
128.504
129.004
129.504
130.004
130.504
131.004
131.504
132.004
132.504
133.005
133.508
134.008
134.508
135.008
135.508
136.008
136.508
137.008
137.508
138.008
138.51
139.017
139.512
140.012
140.52
141.012
141.512
142.013
142.527
143.012
143.515
144.015
144.516
145.016
145.516
146.015
146.534
147.016
147.516
148.028
148.516
149.016
149.516
150.02
150.52
151.019
151.52
152.02
152.521
153.02
153.52
154.02
154.521
155.024
155.525
156.024
156.524
157.024
157.524
158.024
158.524
159.024
159.524
160.024
160.528
161.028
161.528
162.028
162.528
163.028
163.529
164.028
164.528
165.03
165.532
166.032
166.532
167.032
167.532
168.032
168.533
169.032
169.532
170.032
170.532
171.036
171.536
172.036
172.536
173.036
173.536
174.036
174.537
175.036
175.536
176.036
176.537
177.04
177.54
178.04
178.54
179.04
179.54
180.04
180.54
181.041
181.544
182.045
182.544
183.044
183.545
184.044
184.544
185.044
185.544
186.044
186.545
187.048
187.548
188.049
188.548
189.048
189.548
190.049
190.548
191.048
191.548
192.048
192.552
193.053
193.552
194.052
194.552
195.052
195.552
196.053
196.552
197.052
197.552
198.056
198.571
199.056
199.556
200.056
200.567
201.056
201.556
202.056
202.591
203.06
203.56
204.06
204.56
205.06
205.56
206.06
206.56
207.06
207.565
208.061
208.564
209.072
209.564
210.07
210.565
211.067
211.564
212.068
212.581
213.065
213.565
214.089
214.568
215.074
215.574
216.076
216.576
217.068
217.571
218.078
218.568
219.072
219.571
220.072
220.577
221.081
221.58
222.072
222.579
223.078
223.573
224.072
224.575
225.084
225.576
226.081
226.586
227.086
227.577
228.076
228.577
229.077
229.585
230.083
230.58
231.08
231.58
232.086
232.58
233.087
233.585
234.084
234.589
235.092
235.59
236.084
236.584
237.089
237.584
238.088
238.585
239.095
239.589
240.092
240.585
241.087
241.589
242.094
242.588
243.088
243.588
244.088
244.588
245.094
245.601
246.102
246.597
247.101
247.6
248.096
248.593
249.098
249.6
250.092
250.592
251.103
251.603
252.1
252.605
253.096
253.602
254.102
254.596
255.096
255.605
256.096
256.605
257.1
257.6
258.11
258.606
259.1
259.609
260.101
260.61
261.105
261.604
262.104
262.604
263.104
