0.000000
0.000000
0.000000
41.646000
41.743999
41.800999
42.033001
42.046001
43.323002
49.187000
50.807999
51.716000
63.284000
73.777000
77.305000
85.199997
89.373001
92.567001
94.051003
96.057999
118.161003
133.884003
149.421997
159.324997
159.863007
160.255997
174.233002
181.690002
191.826996
196.496002
200.610992
206.125000
210.763000
222.322006
235.533005
256.881989
263.496002
265.941010
270.095001
275.059998
281.584991
291.002991
296.372009
304.583008
309.144989
311.006989
312.601990
315.591003
316.257996
316.850006
319.828003
320.496002
320.496002
321.894989
328.153992
331.614014
332.985992
333.026001
333.031006
333.037994
333.059998
333.106995
334.285004
334.291992
334.291992
334.291992
337.812012
351.339996
358.337006
369.220001
369.990997
370.467987
370.912994
371.859009
373.449005
373.614014
373.614014
374.523987
379.026001
392.535004
398.057007
402.437012
405.941010
406.295990
406.295990
406.296997
406.296997
406.296997
409.261993
423.194000
431.661011
448.481995
453.484985
457.734009
469.065002
472.227997
478.191010
479.506989
482.260986
482.360992
482.360992
482.523987
482.532990
488.756012
494.862000
501.631012
509.345001
513.174011
517.031006
520.697998
526.887024
531.645996
537.237976
548.687012
559.802979
565.742004
567.403015
567.429993
568.697021
569.601013
569.601990
569.601990
569.853027
574.026978
578.481995
581.783997
584.810974
587.744019
590.812988
596.453979
600.130005
606.765015
612.189026
618.554993
627.244995
637.575012
652.143005
656.125977
660.859009
681.690002
693.010010
706.534973
714.432983
714.835999
714.914978
714.934998
714.934998
722.260010
728.065979
728.520996
730.364014
738.260010
738.349976
740.697998
740.750000
740.802979
740.908997
740.942017
740.943970
741.039001
741.054016
741.070007
741.104004
741.104004
741.737000
743.570007
743.609009
743.616028
743.616028
743.616028
744.690002
754.927979
769.195984
773.862000
777.635010
780.768982
782.830994
789.372009
792.713013
793.091980
798.119995
804.681030
816.322998
820.387024
825.426025
833.103027
837.755005
842.228027
844.510986
844.723022
844.745972
844.754028
844.755005
844.757019
844.757019
852.637024
852.734985
852.747009
855.744995
856.510010
856.510010
856.510010
856.510010
856.510010
856.510010
856.510010
856.510010
856.510986
856.526978
856.818970
857.898987
859.512024
867.005981
869.414978
870.322021
873.101013
877.361023
880.229980
883.581970
889.356995
892.409973
896.903015
902.997986
908.481995
913.294983
913.505981
914.697021
917.461975
917.986023
918.114014
918.742981
919.632019
930.661011
930.804993
930.875000
931.994019
937.763977
939.416016
942.096008
943.200012
945.460022
946.737976
948.111023
955.633972
959.335022
964.755981
967.658997
968.853027
969.231018
971.187012
975.835999
975.921997
976.057007
976.073975
976.075989
976.406006
976.406006
976.406006
985.416016
989.512024
991.254028
991.254028
991.254028
991.254028
994.676025
1000.302002
1003.135010
1004.190002
1005.000977
1007.460999
1010.703979
1013.556030
1014.164001
1014.249023
1016.609009
1017.223022
1017.328003
1017.479980
1018.797974
1025.352051
1039.750000
1047.576050
1053.279053
1058.081055
1066.208008
1068.194946
1070.010010
1072.659058
1077.777954
1080.194946
1082.349976
1083.892944
1088.645020
1099.802979
1106.465942
1109.458984
1112.572998
1114.071045
1114.261963
1114.360962
1114.895996
1115.364990
1115.810059
1118.177002
1118.177002
1118.177002
1118.177002
1119.224976
1132.064941
1134.859009
1135.063965
1135.121948
1135.121948
1135.212036
1135.876953
1136.687988
1136.988037
1137.045044
1137.052979
1137.069946
1137.673950
1138.010986
1138.218018
1138.291992
1138.313965
1138.332031
1138.332031
1138.332031
1138.332031
1138.332031
1138.332031
1138.332031
1138.453979
1138.626953
1138.811035
1138.811035
1138.811035
1138.811035
1138.811035
1138.811035
1138.811035
1138.811035
1138.824951
1138.978027
1139.069946
1139.076050
1139.102051
1139.128052
1139.137939
1139.137939
1139.645996
1139.667969
1139.694946
1139.694946
1139.699951
1140.084961
1140.197998
1140.279053
1140.312988
1140.312988
1140.312988
1140.312988
1140.312988
1140.329956
1140.329956
1140.329956
1140.329956
1140.329956
1140.329956
1140.329956
1140.329956
1140.329956
1140.329956
1140.329956
1140.329956
1140.329956
1140.381958
1140.401978
1140.406006
1140.406006
1140.484009
1140.566040
1140.572998
1140.573975
1140.573975
1140.573975
1140.573975
1140.573975
1140.573975
1140.578979
1140.581055
1140.583008
1140.593018
1140.593994
1140.595947
1140.595947
1140.597046
1140.613037
1140.614990
1140.620972
1140.672974
1142.899048
1147.251953
1150.421997
1153.281982
1156.614014
1164.582031
1169.776978
1172.522949
1176.316040
1178.025024
1178.961060
1179.584961
1179.619995
1179.987061
1183.474976
1185.545044
1185.680054
1185.688965
1185.691040
1185.691040
1185.691040
1185.691040
1185.691040
1185.691040
1185.692993
1185.692993
1185.692993
1185.692993
1185.692993
1185.692993
1185.692993
1185.692993
1185.692993
1185.692993
1185.692993
1185.692993
1185.692993
1185.692993
1185.692993
1185.692993
1185.692993
1185.692993
1185.692993
1185.692993
1185.692993
1185.692993
1185.692993
1185.692993
1185.692993
1185.692993
1185.692993
1185.692993
1185.692993
1185.692993
1185.692993
1185.692993
1185.692993
1185.692993
1185.692993
1185.692993
1185.692993
1185.692993
1185.692993
1185.692993
1185.692993
1185.692993
1185.692993
1185.692993
1185.692993
1185.692993
1185.692993
1185.692993
1185.692993
1185.692993
1185.692993
1185.692993
1185.692993
1185.692993
1185.692993
1185.692993
1185.692993
1185.692993
1185.692993
1185.692993
1185.692993
1185.692993
1185.692993
1185.692993
1185.692993
1185.692993
1185.692993
1185.692993
1185.692993
1185.692993
1185.692993
1185.692993
1185.692993
1185.692993
1185.692993
1185.692993
1185.692993
1185.692993
1185.692993
1185.692993
1185.692993
1185.692993
1185.692993
1185.692993
1185.692993
1185.692993
1185.692993
1185.692993
1185.692993
1185.692993
1185.692993
1185.692993
1185.692993
1185.692993
1185.692993
1185.692993
1185.692993
1185.692993
1185.692993
