0.202209
0.202209
0.202437
0.202437
0.202494
0.202546
0.202620
0.202814
0.203021
0.203110
0.217584
0.341313
0.490947
0.636437
0.760629
0.866857
0.952550
0.986177
1.036174
1.322297
1.727316
2.009232
2.164192
2.246487
2.302961
2.357571
2.427477
2.525530
2.633834
2.754791
2.894766
3.010975
3.085089
3.142734
3.205338
3.281782
3.350839
3.417677
3.493856
3.569307
3.633098
3.706468
3.782300
3.857437
3.922588
4.003415
4.085278
4.182172
4.309571
4.456529
4.603791
4.797573
5.014419
5.213162
5.412864
5.642302
5.859569
6.031020
6.201386
6.407735
6.613999
6.792792
6.978514
7.200596
7.390412
7.594308
7.854775
8.082847
8.342103
8.560775
8.779298
9.050295
9.353607
9.635210
9.864911
10.038988
10.168512
10.249048
10.322652
10.401868
10.532879
10.695749
10.881801
11.079690
11.261929
11.449926
11.673635
11.900385
12.089599
12.278590
12.471077
12.702809
12.902402
13.099995
13.324210
13.523532
13.757299
13.943552
14.104528
14.241536
14.351000
14.475025
14.594774
14.719048
14.862018
14.979492
15.111047
15.213123
15.282474
15.354933
15.462265
15.630620
15.826304
16.007820
16.200370
16.431259
16.669538
16.869281
17.097024
17.309195
17.482205
17.667589
17.808242
17.979801
18.159009
18.275911
18.349796
18.471550
18.633669
18.830024
19.067060
19.265615
19.499439
19.706427
19.940556
20.131577
20.319463
20.540988
20.731587
20.924325
21.119325
21.326680
21.560195
21.762113
21.980360
22.172731
22.400253
22.632352
22.864932
23.070909
23.278435
23.519967
23.722934
23.925931
24.165198
24.372108
24.609836
24.837649
25.019488
25.230777
25.413299
25.620246
25.815288
25.998814
26.168705
26.389064
26.628660
26.832096
27.028857
27.252660
27.441712
27.632572
27.855424
28.086520
28.283393
28.478370
28.705853
28.900743
29.098765
29.298434
29.521489
29.710011
29.901316
30.136505
30.372814
30.555455
30.711778
30.871558
31.044053
31.229768
31.454304
31.741350
31.981127
32.229232
32.431155
32.570970
32.750656
32.926230
33.116006
33.348674
33.561324
33.780539
34.042147
34.257261
34.481098
34.641259
34.795832
34.932060
35.032567
35.140813
35.260874
35.415169
35.589188
35.789699
35.945691
36.070915
36.169139
36.223608
36.266312
36.301911
36.323576
36.385063
36.505373
36.670066
36.868795
37.060557
37.267544
37.515453
37.729961
37.935921
38.135960
38.404193
38.603898
38.804540
39.032779
39.248300
39.432785
39.589278
39.796067
40.023374
40.214373
40.396755
40.597800
40.755585
40.918323
41.040860
41.179649
41.375662
41.605029
41.882988
42.097226
42.316782
42.494717
42.707526
42.894321
43.084639
43.272843
43.387893
43.440612
43.496084
43.589894
43.716857
43.856081
44.018404
44.232352
44.434350
44.649980
44.904339
45.138533
45.351343
45.512472
45.673566
45.827465
45.985581
46.201461
46.403350
46.619927
46.830856
47.060577
47.220646
47.342003
47.458752
47.535225
47.575494
47.638272
47.751259
47.867247
48.005406
48.172591
48.361781
48.600174
48.812006
49.018279
49.252379
49.448008
49.679931
49.883640
50.120708
50.344184
50.525501
50.652626
50.774360
50.925200
51.097083
51.284270
51.449664
51.641543
51.805058
51.978267
52.111734
52.293575
52.482522
52.683597
52.909358
53.073876
53.329479
53.567796
53.775712
53.978513
54.212948
54.412006
54.608767
54.833888
55.057663
55.304562
55.519152
55.760971
55.985882
56.177365
56.402426
56.595137
56.822527
57.016034
57.237817
57.460564
57.672015
57.839754
57.998876
58.177687
58.362007
58.553763
58.726354
58.906835
59.121078
59.350433
59.546995
59.748930
59.894052
59.974968
60.028853
60.068094
60.122830
60.206192
60.280995
60.345439
60.404543
60.506268
60.650533
60.806981
60.986975
61.218931
61.461853
61.692205
61.913109
62.100585
62.272959
62.454129
62.604407
62.789451
62.966364
63.190502
63.361486
63.506821
63.622715
63.720713
63.856523
64.028208
64.200997
64.429614
64.632899
64.826293
65.031985
65.234379
65.404189
65.569995
65.730296
65.908848
66.040994
66.187680
66.352356
66.519406
66.704902
66.862298
67.036373
67.259483
67.463742
67.705185
67.908411
68.106723
68.327840
68.531897
68.739824
68.946385
69.140744
69.309136
69.493497
69.696587
69.937856
70.125431
70.297223
70.505261
70.737131
70.951168
71.181642
71.390389
71.566515
71.773748
71.995413
72.228689
72.434248
72.669970
72.868201
73.096708
73.292634
73.527222
73.756399
73.980707
74.200047
74.422046
74.659616
74.856460
75.029900
75.199368
75.329434
75.485768
75.638997
75.840898
76.026785
76.254615
76.481020
76.675371
76.866206
76.996008
77.130483
77.278382
77.445408
77.605942
77.809023
77.990731
78.208522
78.417753
78.589295
78.770390
78.926388
79.041343
79.141297
79.228118
79.316608
79.380783
79.442090
79.483732
79.521292
79.566164
79.617714
79.678308
79.738898
79.807855
79.895446
79.991701
80.125712
80.284538
80.491096
80.673567
80.857715
81.048150
81.281512
81.519655
81.742758
81.952226
82.158873
82.374285
82.572677
82.811946
83.051215
83.251192
83.476815
83.697173
83.889815
84.041476
84.224559
84.431292
84.597861
84.767238
84.927293
85.097987
85.304855
85.495477
85.730778
85.970250
86.163512
86.357381
86.520994
86.641876
86.777819
86.920019
87.084859
87.245428
87.409056
87.492661
87.571303
87.709031
87.859651
88.039468
88.283568
88.511883
88.749913
89.023457
89.251551
89.497590
89.681198
89.836896
89.995359
90.144765
90.325977
90.526043
90.760953
90.962490
91.159184
91.352909
91.584511
91.785056
91.986887
92.188861
92.426227
92.658679
92.896565
93.134343
93.335193
93.562786
93.754196
93.975118
94.167651
94.383050
94.619425
94.798615
95.062181
95.255459
95.451326
95.682781
95.891121
96.108140
96.293531
96.520062
96.758927
96.965074
97.195204
97.420489
97.645294
97.865621
98.047960
98.213982
98.362676
98.487006
98.568872
98.683177
98.831728
99.072450
99.307001
99.561730
99.736541
99.878315
99.964840
100.045323
100.139650
100.227215
100.322224
100.467404
100.634323
100.824314
101.058447
101.294772
101.493970
101.723004
101.965502
102.185729
102.418830
102.701726
102.979309
103.217246
103.493083
103.721451
103.976428
104.203664
104.449202
104.657070
104.823752
104.958531
105.052993
105.165608
105.296824
105.493201
105.688084
105.934654
106.197394
106.434963
106.591633
106.725463
106.867298
107.035228
107.290833
107.522460
107.735265
107.942318
108.134548
108.352404
108.561783
108.779025
108.993190
109.228045
109.424545
109.662392
109.915843
110.136526
110.352988
110.560015
110.785367
111.014956
111.244727
111.426554
111.614411
111.816518
112.002379
112.217124
112.384952
112.562892
112.710007
112.881141
113.062201
113.253501
113.433831
113.628204
113.869962
114.075376
114.301073
114.481363
114.684480
114.862615
115.076605
115.296981
115.490627
115.684717
115.888749
116.071421
116.227172
116.433773
116.664523
116.919166
117.140629
117.358445
117.580829
117.827218
118.072444
118.291575
118.524831
118.734611
118.891532
118.994639
119.137511
119.307987
119.552942
119.786280
120.025499
120.300578
120.523506
120.758924
120.932614
121.087848
121.190741
121.296427
121.377122
121.494826
121.664104
121.836472
122.052718
122.239207
122.422428
122.596477
122.793297
122.977178
123.159968
123.382536
123.598199
123.772394
123.939479
124.119810
124.251632
124.350926
124.427471
124.476347
124.522251
124.590898
124.704987
124.857030
125.036917
125.239060
125.433996
125.676184
125.919394
126.146208
126.328228
126.508565
126.639902
126.822658
127.020351
127.236778
127.482921
127.727261
127.935349
128.137597
128.348356
128.494382
128.624449
128.713792
128.798326
128.902849
129.050223
129.194143
129.371143
129.524859
129.721056
129.941036
130.157151
130.347558
130.533432
130.687280
130.838454
130.948229
131.030187
131.095819
131.186130
131.296232
131.412126
131.554191
131.706866
131.899729
132.113359
132.307672
132.550178
132.800457
133.031704
133.261559
133.527272
133.756971
133.984016
134.246318
134.464215
134.707667
134.901322
135.086438
135.274524
135.487421
135.708112
135.908979
136.132984
136.363670
136.588661
136.790766
136.936714
137.047376
137.163969
137.286530
137.412382
137.541393
137.672723
137.794472
137.955893
138.155210
138.378374
138.595743
138.865230
139.153574
139.405483
139.661767
139.967538
140.241229
140.459701
140.690883
140.916321
141.176706
141.404131
141.667089
141.910488
142.146801
142.377069
142.600020
142.796992
143.020840
143.238913
143.461592
143.655734
143.888959
144.115133
144.307558
144.497972
144.689672
144.919160
145.153107
145.382343
145.613815
145.811027
146.044405
146.271786
146.501928
146.696965
146.927074
147.124850
147.325001
147.557073
147.757591
147.988489
148.186301
148.407275
148.600351
148.829398
149.026753
149.261825
149.494429
149.695572
149.928425
150.118921
150.298612
150.474129
150.685266
150.901562
151.096598
151.306560
151.509597
151.713965
151.912809
152.110731
152.231217
152.310371
152.369564
152.437200
152.543228
152.654883
152.779849
152.934897
153.075191
153.211510
153.347509
153.460528
153.582661
153.766582
153.960494
154.147893
154.339867
154.570784
154.768266
154.996565
155.188775
155.408635
155.607539
155.795510
155.984428
156.205585
156.412178
156.612219
156.848462
157.047221
157.268174
157.447671
157.615770
157.819510
158.007041
158.187070
158.370519
158.540317
158.705747
158.871550
159.020925
159.129844
159.236368
159.327323
159.389300
159.443362
159.481973
159.552613
159.689978
159.861320
160.068801
160.335658
160.563794
160.806459
161.029662
161.252886
161.447808
161.660670
161.848738
162.075288
162.295794
162.497141
162.652972
162.743979
162.782037
162.832863
162.935840
163.072902
163.218618
163.384776
163.576204
163.699268
163.722561
163.766072
163.870934
163.991818
164.162595
164.339006
164.578083
164.810002
165.047780
165.318241
165.540585
165.784615
166.023655
166.270581
166.500531
166.723575
166.965349
167.156433
167.381277
167.608171
167.812923
168.021084
168.253660
168.438926
168.620208
168.827822
169.012904
169.185039
169.356624
169.510502
169.659897
169.830159
170.011277
170.197982
170.402161
170.625265
170.814393
171.002071
171.221661
171.438023
171.633857
171.864710
172.068112
172.315093
172.599547
172.849751
173.058614
173.302735
173.544360
173.752940
173.953931
174.179623
174.369698
174.565274
174.768780
175.009537
175.207324
175.412648
175.570884
175.754650
175.925469
176.112732
176.349404
176.556993
176.794927
177.014824
177.186059
177.385099
177.585359
177.786152
177.977907
178.191061
178.442950
178.674381
178.855556
178.987268
179.147446
179.305974
179.517845
179.759057
179.984709
180.245548
180.445541
180.625365
180.724332
180.783688
180.857762
180.992097
181.155836
181.380162
181.585355
181.779178
181.966438
182.187182
182.381855
182.618529
182.821426
183.047843
183.230885
183.420511
183.580508
183.717859
183.833628
183.963213
184.050556
184.138967
184.274703
184.503813
184.727741
184.983174
185.188127
185.389888
185.642270
185.873964
186.152344
186.422391
186.635967
186.853510
186.996238
187.093684
187.147403
187.182719
187.244023
187.336680
187.451916
187.573430
187.692003
187.829011
188.027624
188.226701
188.483691
188.758663
189.034042
189.263420
189.499500
189.686680
189.807479
189.912167
189.999439
190.084972
190.163077
190.251778
190.373355
190.563752
190.814677
191.073454
191.301333
191.533839
191.769746
191.988165
192.208154
192.403396
192.602616
192.809866
193.024240
193.246326
193.480985
193.659658
193.918572
194.103734
194.262883
194.407842
194.552416
194.721325
194.879569
195.079063
195.247636
195.397434
195.548194
195.688894
195.871669
196.072626
196.340498
196.573672
196.803047
197.029581
197.286364
197.502123
197.711746
197.920061
198.164232
198.370246
198.579027
198.814567
199.026692
199.228985
199.381974
199.478818
199.548135
199.633117
199.743004
199.850000
199.992382
200.111439
200.207531
200.268647
200.326233
200.417116
200.534762
200.685322
200.879632
201.065444
201.262652
201.428258
201.668392
201.880918
202.126496
202.352924
202.582736
202.850108
203.078406
203.305309
203.505797
203.677429
203.778757
203.809740
203.856462
203.952099
204.128828
204.370231
204.621704
204.861348
205.056586
205.245746
205.443578
205.694019
205.942492
206.174705
206.401230
206.611576
206.841468
207.068943
207.306238
207.532138
207.737066
207.913147
208.043814
208.146859
208.294274
208.479877
208.743557
208.967876
209.156656
209.373849
209.566680
209.797653
210.022358
210.252124
210.451090
210.687672
210.915953
211.106884
211.282451
211.439974
211.537153
211.603758
211.623343
211.657853
211.726180
211.851208
212.000738
212.219605
212.432016
212.695757
212.921154
213.173720
213.424408
213.645531
213.891221
214.106940
214.311160
214.513616
214.707142
214.904935
215.127313
215.322140
215.529143
215.738090
215.941955
216.139546
216.374454
216.618752
216.873047
217.105580
217.408830
217.677756
217.892914
218.106532
218.268709
218.381108
218.475858
218.567566
218.705348
218.856562
219.060697
219.251462
219.476217
219.675479
219.863786
220.001515
220.088128
220.122881
220.148322
220.220000
220.318649
220.443900
220.593395
220.755242
220.959957
221.140632
221.366101
221.624889
221.857696
222.075270
222.310740
222.558562
222.793545
223.024673
223.295425
223.522224
223.642372
223.712499
223.920227
224.183993
224.469337
224.733132
224.971344
225.176023
225.396302
225.580363
225.770431
225.967069
226.191633
226.418122
226.624384
226.827061
227.027413
227.256358
227.457459
227.652980
227.867781
228.063903
228.260520
228.452761
228.650887
228.846998
229.038025
229.241199
229.424219
229.660036
229.850955
230.075159
230.261334
230.468242
230.675464
230.870067
231.038565
231.213094
231.368605
231.525090
231.723934
231.947276
232.178107
232.390141
232.629084
232.832335
232.954591
233.078625
233.201470
233.334322
233.481122
233.693543
233.917042
234.126571
234.340858
234.557546
234.773518
234.986155
235.166936
235.359021
235.531166
235.707147
235.886668
236.079171
236.275469
236.485778
236.690672
236.888770
237.119223
237.318808
237.523496
237.728675
237.923272
238.145134
238.344638
238.563097
238.757617
238.917363
239.172411
239.369886
239.600045
239.801240
240.012320
240.228365
240.426991
240.644419
240.874360
241.099945
241.316958
241.541158
241.756178
241.970582
242.170331
242.387264
242.624422
242.841369
243.063101
243.306490
243.548088
243.752828
243.949627
244.160565
244.343312
244.601649
244.824117
245.045641
245.268986
245.496949
245.707842
245.912719
246.148365
246.344998
246.574128
246.769234
247.000072
247.212564
247.437943
247.697124
247.915131
248.131118
248.345368
248.562240
248.780060
249.027614
249.238217
249.457298
249.680470
249.880402
250.091763
250.297044
250.502698
250.747481
250.970043
251.186158
251.422011
251.657863
251.886582
252.080916
252.267743
252.474067
252.665211
252.846511
253.003965
253.187067
253.376131
253.554789
253.787328
254.007953
254.248496
254.487961
254.715753
254.938065
255.123931
255.274636
255.421178
255.547774
255.657177
255.734693
255.758791
255.815406
255.931682
256.067284
256.233982
256.431594
256.631830
256.823206
256.953766
257.058244
257.110289
257.170656
257.255691
257.365280
257.503265
257.667830
257.837761
258.006884
258.200070
258.377312
258.548434
258.738272
258.933864
259.154360
259.380039
259.631753
259.896682
260.133524
260.351754
260.566206
260.784919
260.982934
261.174057
261.381504
261.595494
261.796358
262.009463
262.230711
262.403573
262.637762
262.874391
263.077840
263.318888
263.561010
263.764329
263.973598
264.204438
264.385630
264.513090
264.631352
264.770885
264.991589
265.235462
265.442500
265.676235
265.895258
266.101777
266.263112
266.400391
266.492907
266.568634
266.654155
266.761744
266.888987
267.033346
267.160603
267.274598
267.349048
267.430422
267.535140
267.668406
267.851285
268.037692
268.267728
268.509303
268.741220
268.962374
269.182950
269.365984
269.639253
269.848115
270.082650
270.297042
270.483302
270.670388
270.896063
271.129435
271.311483
271.544282
271.752276
271.976050
272.193505
272.399310
272.604874
272.806618
273.020029
273.254424
273.479400
273.667248
273.820066
273.958835
274.100874
274.266330
274.477432
274.678854
274.892948
275.123477
275.298013
275.478142
275.622959
275.771607
275.958634
276.151290
276.360226
276.607647
276.857588
277.095959
277.328801
277.562644
277.763987
277.973049
278.155374
278.342287
278.576301
278.826157
279.071668
279.305044
279.503984
279.731600
279.942805
280.140942
280.382379
280.572099
280.766435
280.943349
281.206756
281.440791
281.652501
281.844779
281.992911
282.084311
282.145421
282.228339
282.395097
282.602575
282.813207
282.999196
283.203061
283.419445
283.625647
283.802158
283.947493
284.040139
284.119447
284.207057
284.316631
284.455716
284.662488
284.912758
285.143198
285.405053
285.622433
285.835301
286.039115
286.244112
286.435674
286.622561
286.808150
287.027581
287.223185
287.418501
287.654333
287.865797
288.086260
288.297279
288.538857
288.746481
288.986839
289.203305
289.431132
289.641208
289.869247
290.062134
290.286657
290.491427
290.687504
290.913341
291.106856
291.302703
291.536009
291.759746
291.924703
292.104079
292.312437
292.445645
292.553721
292.669583
292.812572
292.981339
293.100534
293.143949
293.188436
293.271867
293.396456
293.578303
293.756362
293.923215
294.080276
294.177392
294.227616
294.254713
294.342225
294.485122
294.655896
294.846452
295.091057
295.356752
295.627513
295.861529
296.133910
296.411370
296.643446
296.909755
297.142496
297.378691
297.593788
297.789192
297.963126
298.109193
298.254209
298.361151
298.546413
298.792119
299.051412
299.274653
299.493051
299.743048
299.976592
300.159772
300.336517
300.487081
300.639526
300.812567
301.083269
301.335076
301.551400
301.785060
301.987976
302.204465
302.405520
302.594168
302.801282
302.974718
303.114482
303.302721
303.462732
303.638306
303.790475
303.948282
304.150778
304.340506
304.529917
304.783194
304.942860
305.070422
305.167519
305.308529
305.483441
305.681393
305.891434
306.097428
306.319189
306.517260
306.699957
306.852099
306.988367
307.123031
307.278067
307.446851
307.626339
307.856117
308.075342
308.264888
308.461140
308.700573
308.913456
309.135028
309.364668
309.640825
309.914174
310.138560
310.384744
310.623806
310.818826
311.040419
311.229205
311.410799
311.620795
311.797400
312.004864
312.168459
312.315233
312.526805
312.713723
312.901300
313.061671
313.153555
313.179858
313.198671
313.231651
313.278672
313.334247
313.404419
313.504709
313.623753
313.737917
313.863096
314.020522
314.169038
314.357111
314.536680
314.738870
314.938549
315.147311
315.349903
315.565073
315.782136
316.005248
316.234030
316.432962
316.665480
316.862102
317.062788
317.258156
317.487581
317.717516
317.943274
318.139780
318.370397
318.600416
318.795991
318.991591
319.216733
319.447372
319.644159
319.855974
320.058371
320.246338
320.454252
320.697314
320.876485
321.110887
321.330443
321.569685
321.784008
321.998523
322.228267
322.463267
322.698700
322.904297
323.110096
323.311188
323.512230
323.748050
323.983171
324.212370
324.444771
324.640774
324.869443
325.063312
325.257035
325.480911
325.676942
325.893632
326.101035
326.298528
326.499824
326.713595
326.910586
327.120213
327.314970
327.505458
327.697049
327.917610
328.126214
328.339454
328.546050
328.788097
329.014053
329.219876
329.426188
329.596028
329.716933
329.814252
329.898290
329.985934
330.079333
330.179870
330.284214
330.396082
330.523811
330.693764
330.891374
331.102923
331.329485
331.521055
331.725808
331.874484
332.019828
332.132752
332.229563
332.331779
332.499879
332.685545
332.936248
333.165883
333.449198
333.683054
333.902214
334.100996
334.280735
334.523700
334.725380
334.901871
335.145628
335.352176
335.549349
335.749258
335.978544
336.173046
336.301571
336.402748
336.535878
336.748339
337.009116
337.280963
337.505548
337.649737
337.743608
337.838294
337.932003
338.084839
338.281720
338.488716
338.710020
338.910030
339.127403
339.329474
339.530206
339.743047
339.953799
340.209986
340.437913
340.670865
340.887272
341.072913
341.212772
341.330972
341.468772
341.622473
341.804588
341.959673
342.136016
342.326878
342.576680
342.780191
342.975238
343.204188
343.432280
343.650700
343.841021
344.097977
344.306663
344.497011
344.692349
344.882140
345.112687
345.355799
345.567338
345.774663
345.962946
346.139291
346.330768
346.504711
346.737161
346.945948
347.128694
347.351340
347.563561
347.790437
348.010084
348.185016
348.455667
348.672675
348.875811
349.073142
349.271311
349.472173
349.658399
349.826440
349.946964
350.021456
350.131973
350.292647
350.464083
350.631891
350.838737
351.059165
351.268250
351.484712
351.683972
351.874194
352.092619
352.293424
352.466365
352.698063
352.893369
353.126220
353.330060
353.532894
353.759112
353.957685
354.156880
354.352782
354.535857
354.667287
354.762204
354.812903
354.881027
354.964867
355.106787
355.263648
355.484654
355.732121
356.012753
356.272386
356.550683
356.775616
356.989156
357.180749
357.420306
357.661609
357.889622
358.197889
358.447167
358.657022
358.870026
359.108395
359.275932
359.482686
359.693389
359.945604
360.172355
360.355555
360.537853
360.720744
360.906692
361.107263
361.301242
361.466043
361.675752
361.859093
362.058288
362.267439
362.483961
362.689815
362.862044
363.001485
363.097395
363.147040
363.161636
363.206750
363.281472
363.404387
363.568002
363.723405
363.924725
364.082156
364.218375
364.358282
364.491882
364.668889
364.874098
365.089503
365.306373
365.521173
365.754501
365.958841
366.119157
366.242203
366.345540
366.462337
366.607722
366.743190
366.925730
367.050721
367.119023
367.181003
367.295554
367.434190
367.603511
367.823548
368.040306
368.259242
368.502063
368.712511
368.986723
369.194549
369.496581
369.754418
369.985457
370.237874
370.479998
370.667478
370.841551
371.009891
371.200789
371.393946
371.598823
371.820658
372.063839
372.291238
372.528432
372.762922
372.998247
373.230926
373.457862
373.715980
373.935700
374.153014
374.374318
374.581703
374.813982
375.033113
375.253769
375.461080
375.662917
375.893107
376.126938
376.325702
376.559716
376.780256
377.007368
377.229687
377.436042
377.641945
377.863761
378.065977
378.287727
378.497713
378.676327
378.929584
379.132291
379.342485
379.580852
379.797657
379.974361
380.103315
380.191661
380.261684
380.336603
380.432016
380.559712
380.701838
380.907449
381.092945
381.292883
381.488100
381.701561
381.908132
382.105097
382.207261
382.318036
382.511807
382.754854
383.017519
383.258625
383.490296
383.752099
383.991966
384.251955
384.460792
384.643518
384.795980
384.908562
385.006655
385.034546
385.077800
385.184576
385.324360
385.490254
385.668862
385.879172
386.142810
386.391421
386.635337
386.879277
387.112033
387.348091
387.571038
387.777457
387.987018
388.208424
388.406967
388.614220
388.841676
389.055255
389.254463
389.472666
389.686935
389.899064
390.099380
390.330348
390.551070
390.783188
391.018120
391.228745
391.448923
391.663668
391.870200
392.085181
392.292824
392.494368
392.699593
392.934274
393.145168
393.389664
393.641602
393.903262
394.126978
394.388081
394.637993
394.883254
395.115013
395.314446
395.504887
395.684069
395.885286
396.076962
396.282905
396.519832
396.701432
396.961766
397.193718
397.458017
397.697526
397.985881
398.247586
398.510407
398.759107
398.997044
399.229392
399.439092
399.678848
399.914812
400.153532
400.404247
400.621940
400.838762
401.089227
401.303693
401.546002
401.764867
401.996167
402.219915
402.438019
402.652096
402.852324
403.053376
403.254437
403.455127
403.690991
403.896926
404.098178
404.335206
404.542103
404.748684
404.959854
405.170633
405.396211
405.616655
405.841735
406.021829
406.267317
406.467846
406.668402
406.903853
407.103994
407.303930
407.504013
407.734485
407.910063
408.140659
408.340835
408.575268
408.774100
408.971210
409.193383
409.414658
409.631523
409.841445
410.050981
410.238740
410.423651
410.641386
410.829571
411.018462
411.231194
411.446129
411.664370
411.895523
412.093653
412.282418
412.500160
412.690790
412.925708
413.128952
413.355797
413.578499
413.766662
413.994269
414.195066
414.399245
414.608169
414.814780
415.016344
415.167015
415.313245
415.372519
415.398129
415.447735
415.536874
415.643967
415.770740
415.945564
416.154881
416.385999
416.590476
416.795469
417.028655
417.204200
417.430628
417.647622
417.845747
418.091793
418.293850
418.521532
418.698346
418.918056
419.159021
419.389098
419.622801
419.856554
420.055046
420.254388
420.435513
420.603968
420.775463
420.992747
421.186767
421.403052
421.653775
421.893200
422.092618
422.288785
422.484389
422.711596
422.937031
423.105097
423.275341
423.418193
423.573261
423.769203
423.983970
424.199133
424.361593
424.507048
424.610772
424.668834
424.714613
424.803142
424.939908
425.091349
425.265401
425.492191
425.701098
425.956261
426.200279
426.433381
426.616376
426.784671
426.938338
427.101050
427.207258
427.363343
427.577491
427.763645
427.890195
427.958756
428.040700
428.146195
428.294170
428.492899
428.685991
428.880634
429.105908
429.321890
429.528854
429.735048
429.975529
430.196600
430.419407
430.652864
430.858238
430.998866
431.156110
431.280966
431.413399
431.600429
431.788482
431.991313
432.233071
432.462874
432.638068
432.786928
432.919665
432.997711
433.027171
433.069525
433.158337
433.285005
433.418731
433.560110
433.705647
433.891864
434.075789
434.300211
434.529557
434.760368
434.954774
435.183194
435.407355
435.600522
435.767268
436.003519
436.198069
436.419569
436.624965
436.848340
437.075560
437.301533
437.535103
437.777788
438.005158
438.223350
438.406153
438.592658
438.767807
438.945008
439.122260
439.297407
439.481545
439.673996
439.853750
440.028811
440.219680
440.410441
440.596472
440.796770
441.003790
441.240965
441.465564
441.658723
441.850251
442.070044
442.249644
442.421301
442.592147
442.758017
442.925526
443.126533
443.315612
443.494012
443.686993
443.895487
444.091924
444.293888
444.558657
444.823202
445.038111
445.277362
445.492748
445.698309
445.895593
446.081536
446.237588
446.390527
446.577497
446.758032
446.960715
447.214910
447.466205
447.680616
447.925685
448.161674
448.358834
448.542327
448.740977
448.909343
449.072149
449.237773
449.437967
449.641182
449.858089
450.082203
450.276013
450.502258
450.739234
450.982051
451.191102
451.400028
451.638776
451.844718
452.089572
452.291756
452.521860
452.720365
452.917808
453.114775
453.345399
453.573724
453.795123
453.987313
454.181573
454.395449
454.527950
454.607352
454.624391
454.661353
454.733823
454.839804
454.959851
455.102732
455.267915
455.469808
455.655949
455.883273
456.110997
456.310301
456.509086
456.741017
456.955923
457.173603
457.389550
457.585576
457.776917
457.978709
458.196717
458.402775
458.630653
458.828444
459.025066
459.255286
459.485495
459.710771
459.906518
460.137061
460.335474
460.546686
460.759630
460.982593
461.184028
461.414165
461.613753
461.847445
462.078684
462.318661
462.558108
462.759534
462.959610
463.189871
463.396243
463.610299
463.802382
464.049553
464.274545
464.504611
464.723532
464.932895
465.124363
465.339844
465.554339
465.706936
465.912733
466.125650
466.311284
466.506896
466.723269
466.929473
467.150086
467.391278
467.625265
467.877088
468.094197
468.314425
468.535427
468.784193
468.992574
469.225036
469.448927
469.667240
469.865613
470.079624
470.269128
470.463306
470.674506
470.885319
471.114611
471.321401
471.563269
471.769793
471.959359
472.101510
472.139451
472.194435
472.365176
472.624091
472.917817
473.227521
473.549324
473.778556
473.998810
474.228240
474.425706
474.717060
474.966760
475.188569
475.374222
475.605639
475.825426
476.000886
476.172210
476.372928
476.588870
476.783572
476.991838
477.219849
477.491377
477.742047
477.992993
478.250159
478.507777
478.747707
478.999473
479.275810
479.527858
479.790717
480.046330
480.253293
480.488192
480.690093
480.891353
481.121646
481.327054
481.551771
481.722959
481.953887
482.177241
482.408144
482.616612
482.820337
483.050809
483.283912
483.482864
483.682517
483.921976
484.136161
484.355313
484.579753
484.809954
485.025623
485.251392
485.456597
485.671121
485.875079
486.106430
486.334593
486.530295
486.730114
486.944386
487.150764
487.372321
487.606743
487.811672
488.059620
488.261417
488.469812
488.687233
488.920450
489.129750
489.383363
489.642748
489.898909
490.120051
490.337234
490.586354
490.793795
490.997819
491.198999
491.432649
491.635444
491.833235
492.016176
492.248452
492.436449
492.684733
492.908960
493.133990
493.339372
493.514604
493.744886
493.980624
494.211571
494.412869
494.650165
494.852062
495.053047
495.288876
495.520334
495.756450
495.954595
496.181684
496.369817
496.584571
496.773451
496.995208
497.192025
497.386454
497.597245
497.799339
498.015226
498.201242
498.441486
498.622021
498.880665
499.082708
499.298485
499.536441
499.752608
499.991281
500.197455
500.427837
500.632040
500.858229
501.051755
501.242853
501.463658
501.647828
501.828722
502.015803
502.192079
502.380515
502.555489
502.752099
502.954243
503.150525
503.326406
503.558032
503.773589
503.966853
504.178799
504.401002
504.592453
504.781926
504.957744
505.195446
505.443933
505.679267
505.888268
506.104272
506.303728
506.475914
506.737132
506.919093
507.141031
507.345924
507.545753
507.718775
507.834846
507.920461
507.991343
508.106479
508.187883
508.224796
508.255498
508.272795
508.293883
508.305991
508.316101
508.322858
508.327115
508.331427
508.333974
508.336310
508.337614
508.338740
508.339542
508.340099
508.340514
508.340856
508.341085
508.341225
508.341360
508.341450
508.341505
508.341564
508.341607
508.341632
508.341658
508.341676
508.341688
508.341699
508.341709
508.341716
508.341721
508.341725
508.341728
508.341730
508.341731
508.341732
508.341732
508.341733
508.341733
508.341733
508.341733
508.341734
508.341734
508.341734
508.341734
508.341734
508.341734
508.341734
508.341735
508.341735
508.341735
508.341735
508.341735
508.341735
508.341735
508.341735
508.341735
508.341735
508.341735
508.341735
508.341735
508.341735
508.341735
508.341735
508.341735
508.341735
508.341735
508.341735
508.341735
508.341735
508.341735
508.341735
508.341735
508.341735
508.341735
508.341735
508.341735
508.341735
508.341735
508.341735
508.341735
508.341735
508.341735
508.341735
508.341735
508.341735
508.341735
508.341735
508.341735
508.341735
508.341735
508.341735
508.341735
508.341735
508.341735
508.341735
508.341735
508.341735
508.341735
508.341735
508.341735
508.341735
508.341735
508.341735
508.341735
508.341735
508.341735
508.341735
508.341735
508.341735
508.341735
508.341735
508.341735
508.341735
508.341735
508.341735
508.341735
508.341735
508.341735
508.341735
508.341735
508.341735
508.341735
508.341735
508.341735
508.341735
508.341735
508.341735
508.341735
508.341735
508.341735
508.341735
508.341735
508.341735
508.341735
508.341735
508.341735
508.341735
508.341735
508.341735
508.341735
508.341735
508.341735
508.341735
508.341735
508.341735
508.341735
508.341735
508.341735
508.341735
508.341735
508.341735
508.341735
508.341735
508.341735
508.341735
508.341735
508.341735
508.341735
508.341735
508.341735
508.341735
508.341735
508.341735
508.341735
508.341735
508.341735
508.341735
508.341735
508.341735
508.341735
508.341735
508.341735
508.341735
508.341735
508.341735
508.341735
508.341735
508.341735
508.341735
508.341735
508.341735
508.341735
508.341735
508.341735
508.341735
508.341735
508.341735
508.341735
508.341735
508.341735
508.341735
508.341735
508.341735
508.341735
508.341735
508.341735
508.341735
508.341735
508.341735
508.341735
508.341735
508.341735
508.341735
508.341735
508.341735
508.341735
508.341735
508.341735
508.341735
508.341735
508.341735
508.341735
508.341735
508.341735
508.341735
508.341735
508.341735
508.341735
508.341735
508.341735
508.341735
508.341735
508.341735
508.341735
508.341735
508.341735
508.341735
508.341735
508.341735
508.341735
508.341735
508.341735
508.341735
508.341735
508.341735
508.341735
508.341735
508.341735
508.341735
508.341735
508.341735
508.341735
508.341735
508.341735
508.341735
508.341735
508.341735
508.341735
508.341735
508.341735
508.341735
508.341735
508.341735
508.341735
508.341735
508.341735
508.341735
508.341735
508.341735
508.341735
508.341735
508.341735
508.341735
508.341735
508.341735
508.341735
508.341735
508.341735
508.341735
508.341735
508.341735
508.341735
508.341735
508.341735
508.341735
508.341735
508.341735
508.341735
508.341735
508.341735
508.341735
508.341735
508.341735
508.341735
508.341735
508.341735
508.341735
508.341735
508.341735
508.341735
508.341735
508.341735
508.341735
508.341735
508.341735
508.341735
508.341735
508.341735
508.341735
508.341735
508.341735
508.341735
508.341735
508.341735
508.341735
508.341735
508.341735
508.341735
508.341735
508.341735
508.341735
508.341735
508.341735
508.341735
508.341735
508.341735
508.341735
508.341735
508.341735
508.341735
508.341735
508.341735
508.341735
508.341735
508.341735
508.341735
508.341735
508.341735
508.341735
508.341735
508.341735
508.341735
508.341735
508.341735
508.341735
508.341735
508.341735
508.341735
508.341735
508.341735
508.341735
508.341735
508.341735
508.341735
508.341735
508.341735
508.341735
508.341735
508.341735
508.341735
508.341735
508.341735
508.341735
508.341735
508.341735
508.341735
508.341735
508.341735
508.341735
508.341735
508.341735
508.341735
508.341735
508.341735
508.341735
508.341736
508.341736
508.341736
508.341736
508.341736
508.341736
508.341736
508.341736
508.341736
508.341736
508.341736
508.341736
508.341736
508.341736
508.341736
508.341736
508.341736
508.341736
508.341736
508.341736
508.341736
508.341736
508.341736
508.341736
508.341736
508.341736
508.341736
508.341736
508.341736
508.341736
508.341736
508.341736
508.341736
508.341736
508.341736
508.341736
508.341736
508.341736
508.341736
508.341736
508.341736
508.341736
508.341736
508.341736
508.341736
508.341736
508.341736
508.341736
508.341736
508.341736
508.341736
