0.000000
0.000000
0.000000
0.000000
60.327999
60.430000
60.473000
60.507999
62.130001
69.438004
71.586998
72.790001
89.982002
102.477997
105.137001
108.000999
110.774002
119.942001
136.483002
154.425003
172.016006
198.897003
209.727005
216.186005
221.923996
223.729004
224.774002
225.050995
225.908005
227.100998
229.792999
231.481003
231.483994
231.587997
231.692001
233.119003
239.718994
242.973007
244.576004
248.220001
252.716995
257.425995
263.449005
267.688995
271.494995
279.505005
284.239014
286.158997
286.174011
286.583008
286.618011
286.630005
286.640991
286.678009
291.683014
291.920013
293.475006
302.869995
312.121002
313.029999
315.640991
318.126007
321.279999
326.878998
330.460999
335.619995
338.570007
341.734009
344.721985
350.338013
355.069000
359.890015
374.789001
381.679993
384.222992
388.127014
395.739990
401.394012
407.260010
416.533997
424.010986
429.876007
437.421997
442.506989
446.617004
453.368988
461.949005
469.859985
475.747986
479.727997
479.756012
499.270996
516.776978
520.982971
524.169983
528.362000
536.021973
553.379028
563.547974
564.390991
569.098999
581.380005
593.276001
605.648010
625.288025
634.047974
638.604004
642.611023
654.481018
661.585999
668.836975
677.528015
688.502014
693.401978
696.989014
699.682983
699.689026
699.692993
701.015015
706.598999
729.885010
751.838013
757.106995
760.421997
775.762024
783.653015
788.583008
790.229004
790.752991
790.763977
790.770020
793.828003
804.447998
821.890991
839.554016
855.361023
869.112976
882.291992
892.958984
896.237000
899.059021
903.062012
905.456970
907.580994
910.104004
913.765991
916.585022
920.306030
924.754028
933.049011
938.567017
944.633972
956.020996
973.768005
985.932983
993.200989
997.942017
997.968994
997.991028
1002.145996
1008.116028
1014.091980
1020.317993
1033.057983
1041.687988
1045.546021
1048.958984
1053.331055
1054.936035
1056.629028
1065.753052
1075.744019
1078.826050
1083.546997
1086.651001
1089.146973
1096.428955
1102.166016
1106.826050
1115.686035
1125.034058
1131.248047
1162.011963
1170.781982
1178.885010
1187.711060
1200.302979
1210.873047
1223.477051
1235.029053
1243.484985
1254.461060
1261.045044
1268.340942
1287.373047
1291.088989
1293.735962
1298.218018
1310.842041
1320.296997
1326.862061
1330.729980
1331.812988
1332.500000
1332.605957
1332.605957
1333.159058
1339.811035
1344.505981
1348.641968
1354.168945
1361.019043
1371.526001
1379.087036
1386.974976
1395.535034
1406.869995
1413.517944
1420.967041
1428.500977
1439.141968
1445.116943
1450.340942
1454.703979
1457.306030
1457.741943
1458.421997
1464.613037
1473.401978
1485.300049
1489.689941
1492.785034
1498.886963
1502.604980
1506.649048
1512.687988
1517.166016
1521.417969
1525.670044
1532.219971
1536.916016
1542.610962
1551.831055
1558.399048
1567.973999
1577.233032
1590.031006
1597.636963
1604.857056
1608.852051
1615.510010
1631.276978
1639.790039
1640.396973
1642.385986
1648.862061
1653.286011
1659.530029
1668.816040
1685.709961
1692.371948
1702.762939
1719.208008
1723.208008
1723.932007
1724.012939
1730.484985
1746.890991
1758.318970
1770.605957
1774.026001
1776.691040
1779.239990
1782.369019
1784.303955
1785.560059
1788.894043
1793.119995
1798.796997
1803.688965
1806.261963
1808.735962
1812.038940
1820.483032
1826.995972
1835.718994
1846.498047
1863.741943
1872.994995
1882.385986
1901.578003
1915.744995
1928.077026
1934.584961
1938.909058
1939.760986
1939.790039
1944.371948
1954.277954
1958.870972
1961.386963
1966.435059
1969.271973
1973.348999
1977.609985
1981.375977
1986.517944
1988.019043
1988.401978
1988.473999
1988.485962
1993.156006
2002.925049
2010.774048
2018.275024
2022.511963
2026.271973
2030.708984
2031.807983
2031.912964
2031.912964
2036.692993
2049.437988
2050.190918
2050.229980
2050.230957
2051.045898
2051.048096
2051.048096
2051.048096
2054.497070
2065.019043
2071.572021
2073.688965
2074.128906
2074.821045
2078.523926
2080.489014
2080.531982
2080.531982
2080.554932
2080.555908
2081.439941
2081.539062
2082.150879
2082.258057
2082.258057
2082.258057
2082.482910
2085.655029
2088.479004
2090.438965
2092.533936
2095.845947
2098.260986
2100.968018
2104.969971
2107.842041
2110.685059
2113.624023
2119.063965
2122.431885
2125.861084
2131.908936
2137.552002
2140.553955
2144.354980
2146.916992
2150.602051
2152.586914
2153.253906
2162.468018
2169.827881
2171.665039
2174.340088
2177.370117
2180.801025
2187.447998
2192.573975
2197.680908
2211.656982
2227.022949
2238.966064
2255.246094
2264.104004
2272.342041
2279.512939
2284.423096
2284.924072
2284.974121
2285.386963
2305.309082
2340.387939
2348.393066
2357.812012
2368.783936
2380.084961
2388.791992
2391.530029
2397.896973
2400.397949
2400.490967
2401.117920
2401.635010
2405.293945
2407.593994
2415.553955
2424.633057
2434.710938
2444.855957
2449.988037
2455.660889
2464.339111
2467.617920
2475.470947
2483.657959
2493.152100
2503.445068
2518.291992
2528.977051
2544.450928
2558.032959
2568.937988
2575.021973
2580.520020
2588.730957
2591.424072
2596.854980
2605.205078
2612.387939
2615.582031
2620.964111
2625.532959
2627.633057
2627.972900
2627.972900
2647.305908
2658.874023
2660.469971
2664.158936
2665.364014
2665.759033
2669.208008
2677.347900
2690.395996
2696.480957
2701.394043
2705.966064
2711.795898
2722.660889
2730.408936
2743.153076
2766.727051
2771.331055
2772.575928
2772.874023
2773.051025
2774.064941
2774.716064
2785.812012
2800.958984
2810.712891
2823.360107
2830.900879
2838.644043
2846.810059
2857.044922
2863.106934
2868.543945
2875.423096
2889.395996
2893.548096
2894.385010
2899.729004
2900.444092
2900.465088
2900.959961
2907.160889
2920.545898
2929.729980
2934.318115
2940.113037
2942.424072
2947.345947
2954.055908
2954.111084
2954.239014
2957.342041
2967.145020
2967.913086
2975.266113
2986.894043
3001.772949
3021.892090
3029.073975
3036.964111
3045.834961
3057.226074
3064.290039
3070.866943
3078.112061
3082.214111
3094.024902
3110.974121
3116.969971
3121.215088
3124.635986
3131.518066
3134.180908
3134.530029
3134.538086
3134.539062
3134.539062
3134.539062
3134.539062
3134.606934
3135.614014
3136.996094
3143.474121
3144.438965
3145.345947
3145.454102
3145.728027
3146.170898
3150.429932
3150.447998
3150.447998
3150.447998
3157.069092
3166.233887
3167.509033
3168.131104
3168.250977
3168.414062
3168.812012
3168.875000
3168.875000
3168.875977
3170.575928
3171.446045
3184.656982
3189.766113
3191.827881
3195.310059
3198.254883
3202.631104
3210.857910
3218.116943
3227.269043
3247.281982
3253.361084
3259.392090
3270.358887
3277.865967
3288.353027
3295.403076
3301.812012
3314.847900
3318.714111
3320.633057
3323.157959
3328.298096
3334.825928
3341.855957
3353.104004
3357.506104
3360.590088
3363.139893
3364.167969
3364.801025
3365.132080
3365.240967
3365.345947
3367.204102
3368.976074
3369.897949
3369.906006
3369.906982
3369.906982
3369.907959
3369.907959
3369.908936
3369.908936
3369.908936
3370.743896
3371.372070
3372.072998
3374.893066
3375.297119
3375.333984
3375.333984
3376.335938
3376.345947
3377.990967
3380.096924
3382.529053
3386.694092
3389.611084
3392.928955
3394.431885
3394.747070
3394.865967
3394.881104
3394.892090
3398.100098
3411.251953
3420.541992
3426.335938
3426.791016
3429.496094
3432.947998
3433.594971
3433.648926
3433.871094
3433.872070
3433.874023
3434.395996
3436.144043
3440.826904
3458.191895
3472.184082
3482.460938
3492.730957
3498.321045
3503.833984
3517.727051
3529.347900
3538.743896
3547.975098
3555.610107
3563.191895
3570.164062
3579.489990
3584.677979
3589.142090
3592.061035
3592.105957
3592.126953
3593.056885
3595.571045
3601.666016
3610.019043
3615.454102
3620.128906
3626.823975
3631.563965
3637.920898
3650.061035
3655.522949
3663.145020
3676.312988
3679.667969
3684.537109
3685.509033
3686.134033
3686.188965
3686.217041
3686.217041
3686.217041
3689.582031
3691.014893
3693.527100
3696.896973
3702.826904
3705.187012
3706.826904
3709.718018
3713.727051
3716.313965
3718.705078
3721.020996
3722.014893
3722.751953
3722.804932
3722.819092
3722.819092
3722.819092
3722.819092
3722.943115
3723.010986
3723.017090
3723.017090
3723.017090
3723.017090
3723.017090
3723.040039
3723.837891
3725.344971
3746.445068
3752.943115
3756.459961
3757.090088
3758.512939
3762.114990
3764.000977
3764.014893
3767.540039
3769.144043
3769.511963
3769.554932
3769.620117
3769.679932
3773.785889
3780.883057
3786.074951
3788.323975
3788.596924
3788.620117
3788.625000
3788.625000
3790.033936
3791.732910
3791.750000
3791.750000
3791.750000
3791.750000
3798.237061
3807.068115
3807.068115
3807.614990
3823.893066
3826.493896
3828.060059
3833.329102
3835.851074
3843.830078
3846.673096
3849.416992
3850.275879
3850.280029
3850.406006
3850.446045
3850.446045
3850.446045
3851.851074
3853.069092
3854.414062
3858.606934
3862.419922
3862.791016
3862.995117
3863.052979
3863.083008
3863.126953
3863.373047
3863.520996
3863.695068
3863.742920
3863.771973
3863.782959
3863.785889
3863.790039
3863.790039
3863.790039
3863.790039
3863.790039
3863.790039
3863.790039
3863.802979
3863.814941
3863.814941
3863.814941
3863.814941
3863.814941
3863.814941
3863.820068
3863.844971
3864.250000
3865.968018
3870.343994
3878.888916
3887.060059
3903.064941
3913.006104
3921.664062
3932.420898
3946.221924
3955.509033
3962.209961
3964.813965
3968.920898
3976.864014
3994.527100
4000.909912
4003.534912
4014.931885
4035.327881
4048.032959
4057.944092
4070.041016
4076.803955
4089.364014
4097.902832
4104.521973
4106.833984
4111.778809
4118.243164
4127.765137
4131.748047
4141.503906
4146.832031
4151.048828
4159.418945
4172.018066
4192.012207
4195.486816
4197.853027
4202.963867
4207.353027
4214.053223
4220.227051
4227.371094
4235.432129
4241.016113
4246.589844
4252.576172
4256.932129
4259.542969
4261.849121
4266.075195
4270.315918
4276.580078
4298.153809
4300.460938
4304.589844
4320.630859
4327.638184
4336.937012
4342.679199
4347.944824
4357.354980
4360.335938
4360.961914
4361.029785
4361.073242
4361.289062
4362.913086
4363.001953
4365.435059
4367.803223
4368.063965
4368.083984
4368.306152
4368.469238
4368.515137
4368.515137
4368.520020
4368.644043
4368.828125
4369.042969
4370.793945
4370.934082
4370.957031
4370.961914
4372.132812
4372.209961
4372.942871
4373.724121
4373.745117
4375.224121
4375.521973
4375.681152
4375.731934
4375.733887
4375.733887
4375.891113
4375.901855
4375.901855
4375.911133
4375.942871
4375.971191
4376.948242
4377.363770
4377.428223
4377.458984
4377.471191
4377.491211
4377.506836
4377.506836
4377.508789
4377.508789
4377.508789
4377.508789
4377.508789
4377.511230
4377.511230
4378.187988
4382.005859
4383.062012
4383.195801
4383.199219
4383.199219
4383.199219
4383.199219
4383.219238
4384.107910
4384.162109
4384.481934
4388.773926
4388.981934
4391.070801
4395.595215
4395.605957
4395.605957
4395.607910
4395.610840
4395.610840
4395.610840
4395.615234
4395.617188
4395.619141
4395.626953
4395.630859
4395.632812
4395.647949
4395.647949
4395.647949
4395.647949
4395.647949
4395.647949
4395.647949
4395.647949
4395.647949
4395.647949
4395.680176
4395.695801
4395.696777
4395.696777
4395.696777
4395.696777
4395.729980
4395.762207
4395.768066
4395.768066
4395.768066
4395.793945
4395.911133
4396.603027
4397.179199
4397.443848
4397.663086
4397.800781
4397.932129
4397.939941
4397.940918
4397.953125
4398.123047
4398.280762
4398.477051
4398.592773
4398.668945
4398.897949
4399.068848
4399.258789
4399.289062
4399.946777
4400.158203
4403.373047
4410.861816
4416.650879
4422.957031
4432.269043
4437.470215
4441.840820
4445.923828
4446.312012
4446.312012
4448.432129
4457.051758
4468.810059
4472.976074
4481.043945
4488.659180
4495.382812
4502.867188
4516.820801
4527.383789
4537.298828
4556.606934
4573.469238
4586.886230
4591.011230
4592.750977
4593.227051
4593.379883
4600.986816
4604.703125
4605.969238
4606.075195
4606.075195
4606.075195
4606.075195
4610.976074
4611.658203
4614.949219
4619.383789
4620.946777
4621.295898
4621.389160
4623.520020
4632.368164
4638.854980
4656.050781
4656.256836
4657.001953
4660.965820
4670.083984
4672.952148
4673.711914
4673.811035
4673.881836
4675.202148
4677.915039
4682.694824
4683.770020
4683.998047
4684.089844
4684.095215
4684.196777
4685.564941
4687.472168
4688.315918
4688.774902
4689.041016
4689.041016
4689.043945
4689.046875
4689.046875
4689.046875
4689.046875
4689.046875
4689.067871
4689.067871
4689.122070
4689.784180
4689.814941
4689.835938
4689.949219
4690.125000
4690.641113
4691.012207
4691.012207
4691.012207
4691.012207
4691.012207
4691.012207
4691.012207
4691.012207
4691.832031
4692.103027
4694.268066
4700.163086
4704.810059
4706.612793
4707.192871
4707.265137
4707.265137
4707.265137
4707.307129
4707.307129
4707.484863
4707.493164
4707.494141
4707.505859
4707.515137
4707.516113
4707.520020
4707.522949
4707.523926
4707.523926
4707.523926
4707.523926
4707.529785
4707.529785
4707.529785
4707.620117
4707.700195
4708.064941
4708.086914
4708.097168
4708.113770
4708.310059
4708.380859
4708.698242
4708.971191
4709.024902
4709.083984
4709.187988
4709.667969
4709.936035
4710.339844
4711.767090
4711.958008
4711.973145
4712.041992
4712.041992
4712.047852
4712.047852
4712.047852
4712.047852
4712.047852
4712.047852
4712.047852
4712.047852
4712.047852
4712.047852
4712.047852
4712.146973
4712.604980
4712.663086
4712.708984
4712.713867
4712.745117
4712.911133
4712.935059
4713.120117
4713.395996
4713.713867
4713.865234
4713.985840
4714.020020
4714.022949
4714.026855
4714.026855
4714.026855
4714.026855
4714.026855
4714.127930
4714.227051
4714.253906
4714.366211
4714.379883
4714.380859
4714.392090
4714.398926
4714.443848
4714.476074
4714.476074
4714.476074
4714.508789
4714.526855
4714.557129
4714.770996
4715.142090
4715.142090
4715.142090
4715.142090
4715.142090
4715.142090
4715.142090
4715.142090
4715.153809
4715.163086
4715.192871
4715.192871
4715.192871
4715.193848
4715.193848
4715.826172
4720.228027
4724.482910
4726.695801
4726.813965
4726.820801
4726.820801
4726.820801
4726.820801
4726.820801
4726.820801
4726.820801
4726.820801
4726.820801
4726.820801
4726.820801
4726.820801
4726.820801
4726.820801
4726.820801
4726.820801
4726.820801
4726.820801
4726.820801
4726.820801
4726.820801
4726.820801
4726.820801
4726.820801
4726.820801
4726.820801
4726.820801
4726.820801
4726.820801
4726.820801
4726.820801
4726.820801
4726.820801
4726.820801
4726.820801
4726.820801
4726.820801
4726.820801
4726.820801
4726.820801
4726.820801
4726.820801
4726.820801
4726.820801
4726.820801
4726.820801
4726.820801
4726.820801
4726.820801
4726.820801
4726.820801
4726.820801
4726.820801
4726.820801
4726.820801
4726.820801
4726.820801
4726.820801
4726.820801
4726.820801
4726.820801
4726.820801
4726.820801
4726.820801
4726.820801
4726.820801
4726.820801
4726.820801
4726.820801
4726.820801
4726.820801
4726.820801
4726.820801
4726.820801
4726.820801
4726.820801
4726.820801
4726.820801
4726.820801
4726.820801
4726.820801
4726.820801
4726.820801
4726.820801
4726.820801
4726.820801
4726.820801
4726.820801
4726.820801
4726.820801
4726.820801
4726.820801
4726.820801
4726.820801
4726.820801
4726.820801
4726.820801
4726.820801
4726.820801
4726.820801
4726.820801
4726.820801
4726.820801
4726.820801
4726.820801
4726.820801
4726.820801
4726.820801
4726.820801
4726.820801
4726.820801
4726.820801
4726.820801
4726.820801
4726.820801
4726.820801
4726.820801
4726.820801
4726.820801
4726.820801
4726.820801
4726.820801
4726.820801
4726.820801
4726.820801
4726.820801
4726.820801
4726.820801
4726.820801
4726.820801
4726.820801
4726.820801
4726.820801
4726.820801
4726.820801
4726.820801
4726.820801
4726.820801
4726.820801
4726.820801
4726.820801
4726.820801
4726.820801
4726.820801
4726.820801
4726.820801
4726.820801
4726.820801
4726.820801
4726.820801
4726.820801
4726.820801
4726.820801
4726.820801
4726.820801
4726.820801
4726.820801
4726.820801
4726.820801
4726.820801
4726.820801
4726.820801
4726.820801
4726.820801
4726.820801
4726.820801
4726.820801
4726.820801
4726.820801
4726.820801
4726.820801
4726.820801
4726.820801
4726.820801
4726.820801
4726.820801
4726.820801
4726.820801
4726.820801
4726.820801
4726.820801
4726.820801
4726.820801
4726.820801
4726.820801
4726.820801
