9.51802
12.3655
22.4744
22.4854
22.5047
22.5242
22.5622
22.5855
22.6055
23.1048
25.2322
25.2484
25.2691
29.9802
29.9934
30.4334
30.453
30.4741
36.3839
36.4051
36.4253
36.4457
38.3378
38.562
49.3128
50.8769
50.8959
50.9168
50.9363
53.5088
53.5295
53.5488
54.1896
55.6446
55.6571
55.6687
55.6852
55.8502
56.0823
56.0982
62.0368
63.9997
64.012
64.2341
64.2491
64.2681
64.2878
65.5736
67.3028
67.5203
69.9256
69.9403
74.9602
74.9805
75.0014
75.0201
75.1998
75.219
75.2375
77.4006
77.4181
77.4369
77.4567
77.4773
77.4968
87.8426
89.5401
89.7403
89.7605
89.7806
89.9717
89.9883
96.1993
96.2137
96.2359
96.6595
103.328
108.506
114.193
115.73
123.365
123.384
124.922
130.144
141.268
141.684
141.705
141.727
141.745
141.765
141.785
174.172
174.41
174.436
174.457
