0.00983218
0.00972993
0.0103185
0.00126358
0.000868652
0.000848612
0.0187455
0.00163074
0.00160302
0.000576245
0.00401736
0.000661108
0.00112691
0.00868108
0.00132047
0.00134952
0.0012371
0.00174361
0.000466318
0.00115886
0.00117165
0.00119628
0.010235
0.00211336
0.0048156
0.000440267
0.000610637
0.001388
0.00104992
0.00120178
0.00130862
0.00113791
0.010157
0.00797964
0.000610685
0.000471591
0.000439943
0.00294236
0.00289552
0.00123127
0.000249774
0.00834621
0.000386594
0.00694542
0.000868353
0.000727178
0.000425995
0.00946724
0.00348124
0.00456744
0.00579193
0.000780822
0.000382769
0.000956276
0.00195279
0.000639801
0.00417029
0.00327891
0.00167554
0.00422179
0.00260484
0.000613607
0.000461189
0.00112227
0.000781459
0.00277675
0.000778056
0.0011195
0.0010581
0.000341796
0.00385584
0.000714003
0.00768738
0.00132487
0.00383517
0.00804672
0.000298878
0.00407527
0.00857631
0.00562465
0.00158587
0.000489914
0.014263
0.000476127
0.0210104
0.000525751
0.00132896
0.0037693
0.000599941
0.00131547
0.00172474
0.000715707
0.0060888
0.0113091
0.00467398
