0.00446997
0.000479998
0.00245006
0.00236837
0.0163543
0.0138497
0.00399295
0.000777616
0.0161372
0.00138057
0.0188841
0.0127323
0.000866545
0.00210216
0.01543
0.00425154
0.00176374
0.00154229
0.00345407
0.00161099
0.00760911
0.00456076
0.00328705
0.0017598
0.00655359
0.00068874
0.0107738
0.00644107
0.00128371
0.00936396
0.00188598
0.00837351
0.0029144
0.00150694
0.000776352
0.0239725
0.000948578
0.000921101
0.00199684
0.00609691
0.000709155
0.00197662
0.00142802
0.0192488
0.00251217
0.00210562
0.00435613
0.0130324
0.00205965
0.00203326
0.0024426
0.00171039
0.00208352
0.00342623
0.00491582
0.000844458
0.00129871
0.012139
0.00308149
0.000762555
0.00175558
0.00170012
0.00204391
0.00387748
0.00372253
0.00190707
0.00143676
0.0199034
0.00390629
0.00295257
0.0158807
0.0104881
0.014981
0.00111183
0.00602779
0.00345205
0.00160994
0.00753552
0.00359426
0.00236978
0.00774685
0.00817143
0.0180017
0.0180944
0.00845174
0.000968252
0.00250479
0.00280089
0.00349237
0.00186713
0.00233081
0.00213843
0.0057473
0.00100146
0.000588477
0.00314093
0.00151454
0.00163065
0.00113839
0.00865178
0.000437887
0.00776302
0.000546396
0.00402733
0.000941315
0.000579669
0.00352532
0.00100935
0.00539754
0.0054256
0.00318871
0.00978605
0.00098231
0.000967456
0.00526204
0.00641801
0.000745461
0.0123909
0.0111446
0.00130167
0.00681326
0.00831436
0.00837695
0.00136416
0.00080694
0.00263494
0.000999155
0.00156021
0.00466321
0.00148095
0.00438382
0.00680347
0.0126404
0.00573867
0.0228334
0.0105925
0.00592369
0.0030522
0.00830584
0.0045705
0.00124422
0.00110135
0.00153196
0.0054924
0.00425242
0.00201311
0.00185723
0.00954034
0.00381073
0.00543917
0.00226671
0.00699085
0.00133764
0.00725685
0.0207504
0.00101264
0.0136142
0.00547011
0.0076544
0.0018557
0.0042344
0.014884
0.00641419
0.0117702
