7.95251
9.52845
11.2185
12.3776
14.0677
15.2184
16.3278
18.1334
18.3196
18.529
18.7743
18.9761
20.4891
21.1383
21.6254
22.628
23.1256
24.7975
25.2909
25.4692
27.1995
28.9162
30.0148
30.2013
30.4991
32.1725
32.6228
33.2699
34.377
36.161
36.4655
37.2406
38.3507
38.5818
38.9966
39.2276
40.9366
42.5922
43.7054
45.3947
45.6408
47.3058
47.5448
49.0866
49.3303
50.6745
50.9601
52.6172
53.5721
53.73
54.203
55.6987
55.8718
56.1117
57.7845
59.4727
61.1677
61.8201
62.0513
63.7962
64.0331
64.31
65.0897
65.5873
67.3234
67.5372
67.7168
69.2751
69.4876
69.9628
70.1723
71.6669
71.8789
73.6411
74.7662
75.0431
75.2573
76.4917
77.5198
79.3145
81.0194
82.6319
84.4422
86.1422
87.4085
87.8603
89.5622
89.8024
90.0036
91.6779
93.4543
95.1535
96.2577
96.6732
97.7168
99.5155
101.021
102.717
103.342
105.044
106.729
106.935
108.523
109.836
110.253
111.993
112.651
114.204
115.749
117.478
119.223
120.938
122.013
123.405
124.941
125.119
126.825
127.76
128.847
130.165
130.807
132.52
133.368
135.106
136.769
136.971
138.691
140.394
140.597
140.998
141.284
141.81
143.604
145.366
146.258
147.738
148.873
149.331
151.116
151.562
153.281
153.517
153.957
155.697
156.141
157.91
158.829
159.03
160.795
162.497
164.242
166.019
167.761
168.219
169.92
170.101
170.349
170.765
171.632
173.353
174.188
174.486
176.278
178.044
