2.74197
2.96412
3.17597
3.41622
3.61523
3.84255
4.07763
4.27967
4.48228
4.71315
4.91618
5.11761
5.34879
5.59116
5.79043
6.03285
6.26091
6.4877
6.69547
6.88763
7.12637
7.33326
7.53508
7.73874
7.92899
8.14581
8.38396
8.5901
8.82264
9.05586
9.26354
9.49146
9.70011
9.94681
10.1744
10.4029
10.5957
10.7873
10.9889
11.2055
11.4364
11.6652
11.8721
12.1045
12.346
12.5509
12.7918
13.0224
13.1923
13.3946
13.5995
13.8194
14.04
14.2675
14.4908
14.7135
14.9547
15.1939
15.4131
15.6552
15.8509
16.079
16.3119
16.5455
16.7533
16.9497
17.1823
17.4174
17.6113
17.8437
18.0906
18.2929
18.5156
18.746
18.9525
19.1534
19.3537
19.5529
19.7865
20.0219
20.216
20.4739
20.6836
20.9151
21.1264
21.3488
21.5983
21.7975
22.0277
22.2482
22.452
22.6881
22.8804
23.0875
23.3225
23.5463
23.744
23.9384
24.1536
24.3568
24.5519
24.7866
24.9834
25.2151
25.4554
25.6813
25.9162
26.1516
26.3775
26.5837
26.7788
26.982
27.1779
27.3804
27.5838
27.8117
28.0111
28.2468
28.4512
28.687
28.8909
29.1261
29.3559
29.5546
29.754
29.9518
30.1882
30.417
30.6216
30.8211
31.0263
31.2559
31.4893
31.7284
31.9631
32.1614
32.3606
32.591
32.8061
33.0034
33.247
33.4424
33.674
33.9105
34.1351
34.3656
34.6029
34.8321
35.0656
35.3029
35.5321
35.7424
35.9375
36.1389
36.3695
36.5845
36.7772
36.9828
37.222
37.4194
37.6482
37.8723
38.084
38.3159
38.5499
38.7817
38.9819
39.1905
39.421
39.6187
39.8498
40.0453
40.2701
40.4858
40.6976
40.9242
41.1072
41.3318
41.5323
41.762
41.9591
42.1613
42.37
42.5782
42.807
43.0384
43.2402
43.4954
43.691
43.8904
44.0901
44.3248
44.5469
44.7535
44.9591
45.1805
45.3883
45.6291
45.8253
46.0316
46.2624
46.4566
46.6679
46.8628
47.0934
47.2921
47.5246
47.7527
47.9884
48.2013
48.4228
48.6585
48.8651
49.0574
49.2913
49.5233
49.7302
49.9617
50.1872
50.4318
50.6624
50.8639
51.0885
51.2845
51.482
51.6932
51.9255
52.1501
52.3551
52.5904
52.8271
53.0517
53.2958
53.4923
53.7159
53.9164
54.1627
54.3645
54.5573
54.7528
54.9902
55.2227
55.4259
55.6264
55.8305
56.064
56.274
56.4956
56.7012
56.9349
57.1313
57.3393
57.5408
57.7656
57.9987
58.2251
58.4215
58.6239
58.8506
59.0517
59.2528
59.4576
59.685
59.8871
60.0813
60.2856
60.5272
60.7314
60.9568
61.1535
61.3914
61.5889
61.7928
62.0259
62.2316
62.4687
62.6752
62.8985
63.1003
63.3412
63.5432
63.7785
63.9801
64.2168
64.4469
64.6439
64.841
65.0757
65.3134
65.5433
65.7737
66.0039
66.2144
66.4433
66.6404
66.8456
67.0733
67.2871
67.5029
67.7024
67.9062
68.1435
68.3729
68.574
68.7971
68.994
69.2365
69.4667
69.667
69.9094
70.1441
70.3723
70.5846
70.8083
71.0136
71.2224
71.4132
71.6446
71.8529
72.0893
72.3175
72.514
72.7507
72.9786
73.2074
73.3915
73.6256
73.8568
74.0613
74.2873
74.5107
74.7476
74.939
75.1835
75.4048
75.6409
75.8323
76.0357
76.2701
76.4715
76.7027
76.9454
77.1807
77.3837
77.5807
77.8119
78.0214
78.2478
78.4548
78.6504
78.8811
79.0766
79.2942
79.4972
79.6944
79.9308
80.1543
80.3597
80.5924
80.7975
80.9988
81.2401
81.4733
81.7133
81.9456
82.1523
82.3942
82.6118
82.8399
83.0782
83.3136
83.5411
83.7381
83.9715
84.1764
84.4037
84.6119
84.8126
85.023
85.2152
85.4472
85.6842
85.8787
86.1141
86.3489
86.5488
86.7507
86.9467
87.181
87.381
87.5846
87.8193
88.0202
88.2239
88.4213
88.6206
88.8509
89.0834
89.284
89.5231
89.7253
89.9578
90.1665
90.3897
90.5915
90.7892
91.0211
91.2257
91.4501
91.6574
91.8966
92.0977
92.3354
92.5678
92.7637
92.9881
93.1936
93.4304
93.6262
93.8305
94.0567
94.2547
94.4581
94.6924
94.9318
95.1419
95.3794
95.5518
95.7822
95.9833
96.1793
96.3884
96.6395
96.8435
97.0712
97.2994
97.4957
97.701
97.9396
98.1704
98.3998
98.6414
98.8661
99.0718
99.3014
99.4988
99.741
99.9385
100.138
100.366
100.572
100.779
101.009
101.21
101.445
101.634
101.868
102.063
102.301
102.501
102.706
102.903
103.106
103.314
103.519
103.746
103.952
104.186
104.382
104.585
104.812
105.019
105.205
105.428
105.629
105.871
106.099
106.3
106.506
106.707
106.91
107.15
107.346
107.576
107.788
108.021
108.248
108.472
108.684
108.931
109.181
109.381
109.577
109.805
110.009
110.239
110.443
110.671
110.903
111.104
111.307
111.548
111.771
111.976
112.18
112.4
112.636
112.83
113.065
113.26
113.495
113.721
113.925
114.173
114.383
114.609
114.814
115.049
115.279
115.483
115.711
115.913
116.143
116.345
116.548
116.75
116.993
117.222
117.459
117.687
117.887
118.095
118.326
118.542
118.759
118.962
119.208
119.417
119.64
119.84
120.079
120.273
120.505
120.705
120.917
121.12
121.346
121.577
121.805
122.001
122.236
122.483
122.688
122.92
123.12
123.353
123.552
123.785
123.99
124.223
124.423
124.656
124.898
125.099
125.34
125.519
125.75
125.948
126.179
126.413
126.613
126.812
127.044
127.28
127.484
127.737
127.952
128.192
128.387
128.596
128.825
129.029
129.254
129.457
129.695
129.899
130.134
130.363
130.591
130.79
130.993
131.22
131.421
131.619
131.822
132.053
132.26
132.495
132.698
132.923
133.123
133.348
133.558
133.787
134.016
134.219
134.453
134.653
134.861
135.088
135.289
135.492
135.686
135.912
136.108
136.307
136.515
136.755
136.955
137.159
137.365
137.597
137.798
138.041
138.27
138.472
138.679
138.903
139.103
139.327
139.567
139.764
139.955
140.177
140.379
140.58
140.786
140.985
141.235
141.44
141.674
141.877
142.101
142.3
142.529
142.741
142.942
143.144
143.378
143.578
143.808
144.042
144.275
144.47
144.698
144.907
145.146
145.349
145.56
145.785
145.987
146.214
146.421
146.65
146.85
147.052
147.288
147.488
147.714
147.922
148.151
148.385
148.625
148.858
149.089
149.319
149.55
149.794
149.991
150.214
150.437
150.67
150.871
151.096
151.293
151.534
151.765
151.963
152.196
152.398
152.634
152.832
153.06
153.269
153.505
153.709
153.944
154.138
154.376
154.601
154.803
155.042
155.242
155.455
155.68
155.879
156.119
156.361
156.562
156.758
157.001
157.223
157.418
157.656
157.894
158.128
158.357
158.588
158.816
159.009
159.251
159.484
159.685
159.889
160.113
160.355
160.584
160.782
161.018
161.243
161.441
161.668
161.873
162.069
162.257
162.469
162.677
162.908
163.142
163.345
163.55
163.769
164.006
164.228
164.457
164.662
164.894
165.104
165.335
165.567
165.794
166.001
166.204
166.44
166.672
166.901
167.104
167.309
167.518
167.748
167.976
168.2
168.401
168.605
168.805
169.017
169.223
169.454
169.651
169.884
170.085
170.325
170.547
170.745
170.944
171.154
171.381
171.612
171.846
172.075
172.278
172.481
172.719
172.949
173.15
173.342
173.545
173.748
173.947
174.157
174.383
174.615
174.818
175.046
175.25
175.452
175.655
175.855
176.061
176.261
176.495
176.695
176.893
177.12
177.352
177.549
177.79
178.016
178.226
178.43
178.62
178.845
179.051
179.287
179.489
179.72
179.918
180.15
180.357
180.565
180.776
180.973
181.205
181.439
181.678
181.905
182.104
182.307
182.512
182.737
182.941
183.147
183.377
183.594
183.809
184.016
184.246
184.483
184.69
184.914
185.115
185.348
185.551
185.782
185.988
186.187
186.415
186.619
186.847
187.087
187.316
187.515
187.747
187.984
188.216
188.442
188.648
188.849
189.085
189.321
189.518
189.725
189.953
190.19
190.42
190.654
190.893
191.124
191.348
191.552
191.755
191.952
192.193
192.422
192.655
192.857
193.091
193.295
193.524
193.73
193.933
194.162
194.393
194.631
194.833
195.066
195.268
195.496
195.696
195.935
