0.202239
0.202301
0.202359
0.202428
0.202484
0.202549
0.202612
0.202669
0.202722
0.202798
0.202852
0.223304
0.354683
0.528367
0.668951
0.805457
0.907621
0.982723
1.000464
1.132162
1.524842
1.845280
2.063948
2.188424
2.262175
2.318451
2.384867
2.454564
2.576011
2.736001
2.904708
3.040071
3.112644
3.160770
3.243780
3.357162
3.460103
3.555671
3.641329
3.719336
3.803590
3.885466
3.954010
4.037499
4.127036
4.208481
4.315577
4.430921
4.505226
4.539893
4.578180
4.651834
4.777556
4.947073
5.121229
5.351774
5.602483
5.861770
6.102270
6.311366
6.469950
6.664772
6.875962
7.095510
7.287025
7.479310
7.704861
7.922967
8.105965
8.282877
8.506657
8.660537
8.820199
8.976716
9.119032
9.267409
9.439486
9.626336
9.840222
10.043521
10.230429
10.466338
10.714323
10.950969
11.140155
11.344954
11.561527
11.759880
12.002472
12.251488
12.463757
12.706597
12.905775
13.101613
13.330622
13.559925
13.746654
13.926260
14.116785
14.301966
14.495477
14.731375
14.942800
15.193455
15.418623
15.601227
15.750300
15.880538
15.991525
16.064928
16.122278
16.175275
16.234623
16.307046
16.397765
16.516976
16.604336
16.698149
16.807238
16.978483
17.157507
17.392680
17.637229
17.849108
18.055072
18.250276
18.456924
18.637758
18.765404
18.863580
18.947682
19.062140
19.230831
19.459432
19.710537
19.928607
20.138525
20.370971
20.550161
20.702287
20.861775
20.996368
21.163882
21.343245
21.536891
21.742472
21.958370
22.178073
22.389524
22.601922
22.826866
23.023174
23.227381
23.420237
23.637771
23.819682
23.990384
24.139687
24.301998
24.458984
24.673916
24.906747
25.107600
25.344324
25.581328
25.820329
26.023071
26.219375
26.442940
26.636885
26.870985
27.052012
27.216923
27.334428
27.452105
27.593836
27.724821
27.890380
28.034186
28.161263
28.218585
28.267014
28.356546
28.487009
28.681991
28.897056
29.074616
29.243775
29.353958
29.439110
29.511927
29.607378
29.745254
29.927256
30.132051
30.374137
30.581434
30.822956
31.014161
31.181373
31.360799
31.535589
31.734332
31.942430
32.180657
32.382798
32.622795
32.861202
33.094723
33.282648
33.479249
33.656397
33.809842
33.969041
34.159312
34.352566
34.501109
34.648131
34.804312
34.998444
35.212056
35.403168
35.626816
35.812766
35.973802
36.106027
36.252291
36.422010
36.597541
36.828994
37.081319
37.324571
37.552735
37.741289
37.949708
38.109282
38.269612
38.394377
38.526636
38.684497
38.889591
39.105628
39.292220
39.484881
39.684465
39.921502
40.125154
40.354123
40.537716
40.710495
40.804089
40.849388
40.858153
40.900327
40.983974
41.111773
41.194444
41.216935
41.302523
41.414664
41.552450
41.714762
41.931235
42.136289
42.350095
42.563707
42.809015
43.011283
43.241199
43.435567
43.652909
43.828405
43.994287
44.179838
44.315233
44.403779
44.441333
44.526262
44.666365
44.893321
45.101916
45.340010
45.535843
45.742857
45.935100
46.094194
46.223322
46.355945
46.513313
46.704899
46.912594
47.138298
47.338693
47.571387
47.768700
47.968139
48.198729
48.395069
48.621768
48.817989
49.015996
49.243775
49.455086
49.638696
49.857665
50.044245
50.255492
50.455996
50.624868
50.823615
51.029091
51.213938
51.357480
51.525995
51.688285
51.863356
52.040612
52.243971
52.413056
52.610465
52.809836
52.977521
53.167054
53.359991
53.562230
53.753879
53.992838
54.235397
54.447442
54.690938
54.890991
55.104946
55.262742
55.418439
55.543028
55.664002
55.799014
55.975297
56.200351
56.386844
56.582597
56.764983
56.927476
57.047662
57.143789
57.260313
57.380461
57.497083
57.587611
57.697811
57.832913
57.971272
58.161368
58.338772
58.521666
58.688446
58.750926
58.814358
58.897568
59.105289
59.341067
59.532338
59.625869
59.757490
59.833637
59.863684
59.971094
60.121283
60.280477
60.442673
60.590916
60.690459
60.733498
60.764803
60.820454
60.924501
61.042199
61.181140
61.339804
61.516148
61.728637
61.945228
62.135711
62.355468
62.562774
62.741119
62.925268
63.116301
63.342960
63.536710
63.722606
63.926265
64.082684
64.225450
64.358486
64.487887
64.648090
64.831911
65.008215
65.228878
65.419594
65.635216
65.807629
65.995210
66.158134
66.306180
66.434307
66.497824
66.548396
66.612807
66.724461
66.853979
67.018846
67.138199
67.186079
67.235171
67.321909
67.473791
67.639486
67.832874
68.068616
68.262031
68.448695
68.666768
68.895598
69.092767
69.320884
69.515355
69.733533
69.910276
70.075011
70.228195
70.395617
70.527704
70.657789
70.778306
70.920793
71.092583
71.287897
71.436445
71.526262
71.562418
71.593220
71.642132
71.716447
71.793363
71.903973
72.008293
72.102541
72.198040
72.286695
72.392697
72.558699
72.727180
72.923108
73.045366
73.087898
73.183487
73.385476
73.593416
73.799285
74.004213
74.216428
74.436163
74.656040
74.899189
75.092079
75.315091
75.517342
75.731297
75.980179
76.187614
76.388570
76.618169
76.808168
76.908549
76.973551
77.149792
77.211720
77.353034
77.636966
78.128532
78.771038
79.083723
79.450130
79.964547
80.584618
81.079868
81.350796
81.970316
82.700772
83.192218
83.342218
83.611719
83.687178
83.997824
84.086603
84.273511
84.387898
84.574303
84.707054
84.801181
84.979922
85.158129
85.322800
85.466610
85.610641
85.720305
85.845770
85.958103
86.097112
86.256110
86.413580
86.617128
86.820211
86.989335
87.078335
87.133769
87.194577
87.282161
87.408847
87.525064
87.665198
87.772133
87.852734
87.906487
87.969342
88.072822
88.225943
88.413856
88.593170
88.774799
88.980194
89.153804
89.360692
89.541773
89.759560
89.952932
90.181948
90.381322
90.615954
90.814640
91.044749
91.241252
91.435077
91.626433
91.848208
92.075486
92.300404
92.496780
92.729811
92.973604
93.183355
93.427827
93.640925
93.892070
94.108127
94.351440
94.542849
94.763050
94.954699
95.159845
95.331206
95.442614
95.539850
95.617767
95.735063
95.844865
95.981562
96.155133
96.336902
96.535082
96.775930
97.032076
97.253637
97.511654
97.772844
98.031605
98.231863
98.419874
98.648107
98.864848
99.129811
99.350544
99.575989
99.730187
99.873892
99.996502
100.113814
100.223919
100.362194
100.566194
100.719788
100.808962
100.884320
100.988454
101.088625
101.224766
101.362735
101.544887
101.715325
101.929805
102.125408
102.342591
102.547248
102.700740
102.842264
102.941540
103.037886
103.159277
103.284810
103.437399
103.607599
103.777356
103.872574
103.924870
103.966460
104.040757
104.127270
104.224842
104.321838
104.420411
104.500409
104.636320
104.828724
105.037356
105.250036
105.506924
105.731864
105.985469
106.226576
106.419384
106.608616
106.833004
107.034212
107.239521
107.429122
107.575755
107.693045
107.767669
107.836134
107.904760
108.035405
108.193591
108.325153
108.336099
108.434103
108.608999
108.886519
109.144176
109.418932
109.661997
109.912568
110.147423
110.444258
110.701209
110.982367
111.210315
111.430246
111.684307
111.896359
112.138365
112.343622
112.579863
112.783814
112.987973
113.229636
113.433928
113.669278
113.871400
114.102892
114.330751
114.565654
114.819393
115.063542
115.293400
115.510738
115.728852
115.927317
116.168006
116.378255
116.593675
116.775341
116.993078
117.191024
117.432752
117.669567
117.867523
118.088961
118.281262
118.527415
118.750524
119.007735
119.216880
119.445289
119.637522
119.862380
120.048301
120.259575
120.473847
120.660217
120.874857
121.038936
121.177470
121.308324
121.397034
121.483708
121.567482
121.631484
121.685851
121.775956
121.935889
122.124729
122.376308
122.629186
122.879552
123.129881
123.372850
123.617504
123.829048
124.074113
124.301717
124.470932
124.618321
124.785085
124.961285
125.143423
125.312694
125.528377
125.769791
125.987704
126.248514
126.476716
126.706073
126.935116
127.172135
127.398191
127.660649
127.911735
128.133890
128.323574
128.552571
128.786708
129.069373
129.369466
129.586225
129.822804
130.041978
130.292729
130.541086
130.776590
130.976325
131.175341
131.405590
131.638416
131.865127
132.059145
132.259570
132.451731
132.675769
132.902917
133.138574
133.343510
133.552966
133.766580
133.976205
134.179683
134.419768
134.626755
134.862341
135.060706
135.290974
135.517297
135.710657
135.888553
136.038997
136.192712
136.336268
136.476096
136.616494
136.729223
136.844613
137.010180
137.195576
137.364457
137.544313
137.738438
137.944060
138.152399
138.363623
138.592201
138.825716
139.032518
139.255490
139.400597
139.519517
139.644165
139.783597
139.944443
140.116494
140.342753
140.551998
140.773680
141.041417
141.315316
141.552904
141.832237
142.103222
142.332506
142.484109
142.594095
142.739069
142.915273
143.130357
143.234571
143.293721
143.337450
143.433151
143.558772
143.688398
143.771421
143.783517
143.791997
143.811904
143.830143
143.838922
143.839819
143.846661
143.850917
143.856690
143.859766
143.862127
143.867372
143.876656
143.893337
143.899949
143.909622
143.912333
143.913061
143.914054
143.914339
143.915344
143.915628
143.916049
143.916558
143.917358
143.918999
143.919741
143.920653
143.921260
143.922066
143.922586
143.922913
143.923547
143.924058
143.924711
143.925032
143.925283
143.925637
143.925923
143.926425
143.926716
143.927073
143.927408
143.927637
143.928284
143.928526
143.928885
143.929246
143.929509
143.929864
143.930179
143.930448
143.930674
143.930857
143.931326
143.932164
143.932459
143.932666
143.932977
143.933090
143.933221
143.933564
143.934352
143.934561
143.934678
143.934800
143.935037
143.935216
143.935330
