1.89711
1.89719
2.41969
2.95208
3.42403
3.93326
4.42369
4.93203
5.42342
5.92349
6.42351
6.92335
7.42598
7.92904
8.42736
8.92791
9.42816
9.94702
10.4275
10.9276
11.4367
11.9281
12.4318
12.9324
13.4316
13.9322
14.4317
14.9548
15.432
15.9316
16.432
16.9499
17.4359
17.9359
18.4361
18.9526
19.4356
19.9361
20.4739
20.9361
21.436
21.9393
22.4522
22.9398
23.4397
23.9401
24.44
24.9391
25.4559
25.9392
26.4398
26.9437
27.4441
27.944
28.4518
28.9444
29.4437
29.9523
30.4438
30.948
31.448
31.9635
32.4474
32.9479
33.4477
33.9476
34.4479
34.9477
35.4473
35.9475
36.4482
36.983
37.452
37.952
38.452
38.982
39.4515
39.9513
40.486
40.9522
41.4528
41.9593
42.456
42.9561
43.4955
43.9557
44.4555
44.9592
45.4556
45.9559
46.4604
46.9595
47.4595
47.9599
48.4599
48.96
49.4599
49.9619
50.4601
50.9601
51.4623
51.9633
52.4714
52.963
53.4642
53.9641
54.4639
54.9639
55.4637
55.9671
56.4679
56.9678
57.4681
57.9673
58.4682
58.9674
59.4674
59.9677
60.4675
60.9676
61.4719
61.9718
62.4715
62.9712
63.4721
63.9803
64.4721
64.972
65.4723
65.9713
66.4753
66.976
67.4759
67.9754
68.4755
68.976
69.4759
69.9763
70.4758
70.9755
71.4759
71.9763
72.4794
72.9802
73.4794
73.9798
74.4793
74.9805
75.4798
75.9797
76.4804
76.9844
77.4841
77.9836
78.4837
78.9839
79.484
79.9835
80.4842
80.9841
81.4837
81.9864
82.488
82.9871
83.4886
83.9874
84.4879
84.9879
85.49
85.9875
86.4879
86.988
87.4921
87.9916
88.4917
88.9921
89.4918
89.9918
90.4916
90.992
91.4921
91.9949
92.4953
92.9961
93.4959
93.9959
94.4963
94.9956
95.4951
95.9955
96.496
96.9961
97.4959
97.9973
98.4996
98.9997
99.4992
100
100.5
101.009
101.5
102
102.501
103
103.519
104.003
104.503
105.019
105.504
106.003
106.506
107.004
107.504
108.021
108.506
109.008
109.508
110.009
110.508
111.007
111.508
112.009
112.512
113.012
113.512
114.012
114.512
115.012
115.512
116.012
116.512
117.011
117.512
118.015
118.543
119.016
119.515
120.016
120.516
121.024
121.524
122.033
122.524
123.027
123.553
124.027
124.527
125.027
125.527
126.028
126.528
127.044
127.527
128.028
128.528
129.032
129.531
130.032
130.532
131.032
131.531
132.053
132.532
133.032
133.558
134.032
134.536
135.036
135.536
136.036
136.536
137.036
137.536
138.042
138.536
139.036
139.536
140.035
140.536
141.04
141.54
142.039
142.54
143.04
143.54
144.042
144.54
145.04
145.56
146.043
146.544
147.052
147.543
148.044
148.544
149.044
149.55
150.044
150.548
151.048
151.562
152.048
152.548
153.061
153.548
154.048
154.548
155.048
155.548
156.048
156.563
157.051
157.552
158.051
158.552
159.052
159.552
160.052
160.552
161.052
161.552
162.053
162.555
163.055
163.556
164.056
164.556
165.056
165.568
166.056
166.556
167.059
167.56
168.06
168.56
169.059
169.56
170.085
170.56
171.06
171.559
172.075
172.56
173.061
173.563
174.064
174.563
175.063
175.564
176.063
176.564
177.064
177.564
178.064
178.564
179.065
179.568
180.068
180.567
181.068
181.568
182.068
182.568
183.067
183.568
184.071
184.572
185.072
185.572
186.072
186.572
187.072
187.572
188.072
188.572
189.072
189.574
190.075
190.576
191.075
191.577
192.076
192.576
193.076
193.576
194.076
194.578
195.08
195.58
