0.000000
0.000000
0.000000
41.557999
41.745998
41.976002
42.016998
42.041000
43.178001
48.284000
50.619999
53.105000
65.545998
74.307999
77.915001
85.788002
87.432999
87.893997
89.478996
91.184998
112.929001
130.003998
145.542007
151.686996
155.391998
156.606995
158.707993
175.070007
185.322006
189.735001
194.845993
200.888000
206.274002
216.253998
230.468994
254.839996
261.764008
267.884003
277.877014
285.738007
292.480988
299.294006
306.239014
307.928986
309.993988
312.110992
315.393005
316.735992
319.459991
319.494995
319.501007
319.501007
319.505005
319.506012
319.587006
321.372009
321.481995
328.928009
332.264008
334.269989
335.820007
340.636993
345.842010
354.569000
369.141998
370.153015
372.415009
375.760986
379.631012
386.209991
389.552002
392.613007
394.509003
395.944000
397.808014
402.886993
406.582001
409.700012
415.877991
417.528015
417.631012
417.631012
417.941986
417.993988
420.707001
426.657013
429.196991
437.763000
448.019012
455.980988
465.765015
470.959015
475.657013
478.622009
484.509003
487.260010
490.622009
494.842987
497.872986
501.751007
504.455994
507.619995
509.209015
510.276001
518.909973
521.786987
536.849976
542.344971
551.784973
556.176025
559.513977
566.909973
569.432983
570.234009
570.466980
570.466980
570.466980
570.466980
570.466980
570.471008
570.482971
572.960999
578.145996
581.838989
588.502014
606.468994
612.666992
618.888977
622.616028
624.533997
628.317993
630.679016
632.385010
634.106018
635.492981
638.208984
643.393982
647.482971
652.263977
655.564026
660.148987
662.815979
664.275024
664.286987
664.289978
664.289978
664.554993
672.744019
674.534973
675.882019
678.650024
683.463013
687.370972
689.866028
692.744019
693.020996
693.427002
693.427002
693.427002
695.799011
702.810974
703.494019
703.528015
703.534973
703.546021
703.546021
703.565979
703.565979
703.676025
703.879028
704.122009
706.710022
709.267029
710.409973
714.421021
715.645020
718.622986
741.728027
745.093018
745.843994
746.119019
746.242981
746.268005
746.278015
746.281006
746.289001
748.349976
753.908997
766.413025
774.672974
777.630981
788.460022
792.116028
796.104004
800.460999
801.301025
801.632996
801.739990
801.843994
801.856995
810.156982
814.559998
814.596985
814.875000
825.403992
826.242004
826.273010
831.898987
831.898987
831.898987
831.898987
831.898987
832.025024
833.124023
833.500977
833.505005
841.427979
841.427979
841.427979
841.427979
841.427979
841.427979
848.543030
856.065002
856.659973
859.057007
862.783997
862.783997
862.783997
862.783997
862.783997
862.783997
862.783997
862.783997
862.783997
862.783997
866.431030
871.825989
878.038025
880.719971
883.013000
884.593018
887.820984
895.140015
909.684998
922.499023
933.034973
943.538025
947.330017
948.796997
949.182983
949.869019
951.987000
958.966980
965.987000
978.737976
985.536011
990.495972
994.669006
1007.109009
1007.892029
1008.023987
1008.846985
1011.369995
1019.744995
1021.473022
1022.370972
1022.504028
1022.505981
1022.526001
1023.148987
1032.243042
1032.991943
1033.130981
1033.151001
1033.155029
1033.171021
1046.354980
1046.354980
1048.891968
1053.020020
1054.251953
1055.187988
1055.791992
1055.904053
1055.941040
1055.942017
1055.942017
1057.930054
1060.732056
1063.796997
1069.010986
1072.832031
1075.797974
1078.538940
1082.317993
1085.697998
1086.837036
1087.751953
1088.370972
1089.512939
1090.418945
1091.563965
1094.798950
1096.605957
1097.895020
1098.652954
1098.748047
1098.755005
1099.244995
1101.114990
1101.121948
1101.126953
1101.129028
1101.166992
1102.980957
1105.141968
1105.318970
1105.347046
1105.368042
1105.369019
1105.369019
1105.369019
1105.433960
1105.433960
1105.433960
1105.433960
1105.436035
1105.437012
1105.437012
1105.442017
1106.223999
1109.548950
1111.357056
1112.343018
1114.104980
1117.078003
1124.010010
1127.694946
1129.531982
1131.116943
1137.250000
1138.729004
1141.327026
1141.329956
1141.411011
1142.629028
1142.739014
1142.786011
1142.806030
1142.910034
1143.177002
1143.177002
1143.177002
1143.177002
1143.177002
1143.177002
1143.177002
1143.177002
1143.177002
1143.177002
1143.177002
1143.177002
1143.177002
1143.177002
1143.177002
1143.177002
1143.177002
1143.177002
1143.177002
1143.177002
1143.177002
1143.177002
1143.177002
1143.177002
1143.177002
1143.177002
1143.177002
1143.177002
1143.177002
1143.177002
1143.177002
1143.177002
1143.177002
1143.177002
1143.177002
1143.177002
1143.177002
1143.177002
