7.92557
9.47003
11.2597
13.0122
13.6512
14.1123
15.3814
17.0361
17.7247
19.5168
20.8549
21.4928
22.2149
23.0507
24.7677
26.4746
26.7607
27.8023
28.2307
28.6424
29.5482
29.7619
30.9655
32.0794
33.1541
33.4122
34.459
34.9202
36.608
38.3597
38.5792
38.9957
39.1945
40.9419
42.2776
42.985
43.1945
44.2676
44.5039
45.1137
46.7983
47.905
48.7329
49.3673
51.064
51.9243
53.3838
55.0832
55.7495
56.8793
57.3488
59.0614
60.8412
61.0981
62.8674
63.699
65.2894
66.974
67.8375
68.1033
68.3881
70.0641
70.9423
71.3989
73.1236
73.5502
75.3371
77.0045
77.4579
77.9387
78.0529
78.9568
80.6643
81.5491
82.6433
83.7529
85.5648
85.8303
86.4413
87.9767
88.6466
90.2203
90.6683
92.1933
92.6567
93.9105
95.6604
97.1633
97.3897
97.82
99.6159
100.056
101.168
102.983
103.199
104.717
105.109
106.891
107.05
108.591
108.807
110.513
110.719
111.801
113.535
114.307
114.663
116.456
116.638
117.108
118.817
120.566
121.865
122.102
123.62
125.335
126.409
127.528
129.232
129.935
131.44
132.734
132.948
133.182
133.844
135.543
136.455
137.633
137.844
138.731
140.455
140.902
141.157
142.746
144.475
144.898
145.181
146.433
147.919
149.603
150.026
150.274
150.482
151.99
152.622
152.886
154.628
156.354
158.016
159.782
161.464
163.157
164.428
165.239
166.321
167.437
168.475
170.215
170.658
171.708
172.856
174.545
176.067
176.722
178.448
179.505
180.835
182.55
184.252
185.893
187.017
187.392
188.696
189.949
191.291
192.76
193.701
195.414
196.31
197.002
197.247
198.924
200.669
202.418
203.705
205.444
207.126
207.747
209.519
211.185
212.892
214.612
215.326
216.147
217
217.469
219.193
220.76
220.976
222.458
222.664
223.118
224.837
225.265
225.903
227.642
229.372
230.267
231.753
232.592
234.083
234.749
235.219
236.539
237.605
238.271
238.698
238.867
240.571
240.82
242.555
244.059
245.784
246.215
246.609
247.222
248.988
250.545
250.965
252.455
254.127
254.792
255.259
256.519
258.185
258.868
260.621
261.053
262.744
264.5
266.2
266.398
266.85
268.41
270.087
271.398
272.932
273.15
274.072
274.261
275.191
276.412
278.183
279.567
280.999
281.474
281.733
282.58
283.489
285.276
286.065
287.806
288.903
290.67
292.278
294.014
295.655
297.394
297.795
299.507
300.173
301.678
302.115
303.803
304.502
304.916
306.478
306.841
307.489
309.201
309.447
310.112
311.831
312.46
313.748
313.935
314.159
314.815
316.555
317.632
317.854
318.485
318.712
320.372
321.926
323.639
325.418
327.19
327.431
329.219
330.907
331.806
333.513
333.733
335.016
336.49
338.152
339.841
341.61
343.324
345.023
346.783
348.478
350.276
351.152
352.903
354.648
356.357
358.079
359.847
361.534
363.011
364.741
365.832
367.513
367.969
369.67
370.086
370.532
372.205
373.885
375.153
375.4
377.046
377.498
377.668
379.002
380.04
380.688
381.311
382.983
384.312
385.621
386.323
387.456
388.718
388.927
390.633
390.842
392.361
394.058
394.439
395.295
396.981
398.71
398.963
399.414
400.66
402.371
402.788
403.431
405.118
406.794
407.236
407.689
409.399
411.097
412.466
413.467
414.814
416.276
416.587
418.239
419.964
421.694
422.104
423.319
424.83
425.505
426.322
426.844
427.833
429.513
431.234
432.953
434.686
436.488
438.218
439.753
440.615
441.707
443.436
443.661
445.384
447.169
448.879
450.6
452.389
454.154
455.901
457.641
457.877
458.302
458.586
460.248
461.997
463.765
465.554
467.276
468.989
470.705
471.351
471.558
471.777
473.309
475.026
475.48
476.903
478.721
480.458
481.531
483.208
484.943
486.032
487.724
489.445
491.145
492.916
494.667
496.434
498.149
499.888
501.579
503.259
504.982
506.674
508.38
510.153
511.901
513.654
515.404
516.476
517.808
519.533
521.291
523.066
524.795
526.109
527.857
528.703
530.494
532.235
533.974
535.765
537.52
539.179
540.251
540.686
542.388
544.123
545.183
545.393
547.088
547.748
548.004
549.708
551.461
553.208
554.993
556.748
558.476
560.158
561.966
563.677
565.415
567.098
568.825
570.62
572.321
574.046
575.8
577.582
579.386
580.706
580.956
582.651
584.318
586.022
587.733
589.464
591.243
592.919
594.618
609.793
610.09
611.761
613.51
615.317
617.008
618.77
620.495
