2.90587
3.10526
3.31643
3.54118
3.73732
3.94068
4.18636
4.39391
4.59044
4.81107
5.04329
5.28237
5.48348
5.71743
5.93862
6.14931
6.34873
6.54266
6.73417
6.9489
7.21498
7.45878
7.6913
7.88759
8.11602
8.34119
8.54264
8.78082
8.98768
9.21926
9.45951
9.69041
9.89257
10.0937
10.3319
10.5641
10.8041
11.0341
11.2289
11.4276
11.6654
11.8961
12.1199
12.3216
12.534
12.7551
12.9551
13.1821
13.3895
13.5966
13.8291
14.0696
14.2933
14.4991
14.7251
14.9215
15.128
15.361
15.6105
15.8334
16.0681
16.3128
16.5411
16.782
16.9921
17.1919
17.4328
17.6529
17.8879
18.1062
18.3412
18.5401
18.7797
19.0142
19.2451
19.4821
19.716
19.9528
20.1929
20.3978
20.6208
20.82
21.0582
21.2946
21.5146
21.757
21.9629
22.1872
22.3884
22.5906
22.7912
23.0177
23.2569
23.453
23.6926
23.9199
24.1168
24.3259
24.5508
24.7516
24.9581
25.151
25.3789
25.5735
25.7812
26.0012
26.2158
26.4504
26.6565
26.8877
27.0875
27.3152
27.5525
27.788
27.9938
28.1918
28.4185
28.6203
28.863
29.0633
29.2979
29.5064
29.7373
29.9349
30.1696
30.3678
30.5667
30.8041
31.03
31.2326
31.4306
31.6263
31.8627
32.0674
32.2605
32.4642
32.6816
32.9059
33.1336
33.3764
33.6092
33.8077
34.01
34.2138
34.4399
34.647
34.8699
35.079
35.3125
35.543
35.7391
35.9337
36.1391
36.3413
36.5761
36.8039
37.0128
37.23
37.4389
37.6692
37.8991
38.1079
38.3359
38.5409
38.7831
38.9824
39.1783
39.4096
39.6371
39.8401
40.0429
40.2893
40.4802
40.7198
40.9193
41.1387
41.3311
41.569
41.7764
42.0139
42.2491
42.4822
42.7116
42.95
43.1742
43.3677
43.5659
43.7911
43.9843
44.2181
44.4287
44.648
44.845
45.0668
45.2722
45.4675
45.6664
45.9054
46.1043
46.3352
46.5447
46.7777
46.9938
47.1987
47.4154
47.6157
47.8468
48.0562
48.2937
48.4931
48.6998
48.9064
49.1016
49.2984
49.5335
49.7273
49.9232
50.1219
50.3632
50.5645
50.7959
51.0252
51.228
51.4373
51.6675
51.8667
52.0703
52.2647
52.5006
52.7041
52.9402
53.1348
53.3733
53.5746
53.7801
54.0057
54.2144
54.4155
54.6298
54.8691
55.0707
55.3095
55.5078
55.7309
55.9404
56.1706
56.3715
56.6084
56.8429
57.073
57.3074
57.5139
57.715
57.9196
58.151
58.3517
58.5679
58.7927
59.0399
59.2611
59.4587
59.709
59.9278
60.149
60.3735
60.6057
60.8182
61.0506
61.2895
61.5219
61.7194
61.9561
62.1899
62.3888
62.6255
62.8315
63.0339
63.2601
63.464
63.6766
63.8976
64.1093
64.3281
64.5428
64.7829
65.0205
65.2524
65.4546
65.6595
65.8959
66.1098
66.3036
66.5064
66.7345
66.9556
67.1889
67.3857
67.5828
67.8116
68.0073
68.2494
68.4733
68.7156
68.9132
69.1167
69.3653
69.5718
69.806
70.0325
70.2331
70.4702
70.6756
70.9146
71.1179
71.3532
71.5559
71.7848
72.02
72.2252
72.4231
72.659
72.8884
73.0918
73.2945
73.5321
73.7301
73.9694
74.2008
74.4373
74.6609
74.8608
75.1016
75.2982
75.5312
75.7343
75.9372
76.1599
76.3664
76.5677
76.7981
76.9935
77.1953
77.4282
77.6339
77.8357
78.0389
78.2393
78.4687
78.6955
78.9265
79.1325
79.3549
79.5595
79.7596
79.992
80.1953
80.434
80.6312
80.8591
81.0641
81.2975
81.5266
81.7319
81.9664
82.1733
82.3826
82.618
82.8234
83.054
83.2932
83.4961
83.7315
83.932
84.1585
84.3857
84.6202
84.8501
85.0797
85.3274
85.5448
85.777
86.0142
86.2182
86.427
86.6474
86.8826
87.0902
87.321
87.519
87.7227
87.952
88.1889
88.4196
88.6212
88.8551
89.0841
89.3323
89.5554
89.7562
89.994
90.1898
90.4274
90.63
90.8702
91.1005
91.2984
91.4992
91.7535
91.9674
92.1736
92.3982
92.6299
92.8304
93.0257
93.228
93.4708
93.664
93.8815
94.1151
94.3434
94.5448
94.7445
94.9701
95.203
95.4002
95.6368
95.8363
96.0693
96.2732
96.5083
96.7348
96.9532
97.1368
97.3655
97.5722
97.7688
97.9707
98.2001
98.4334
98.6718
98.8963
99.1349
99.363
99.5767
99.8021
100.036
100.282
100.512
100.747
100.944
101.149
101.384
101.586
101.809
102.042
102.278
102.5
102.741
102.972
103.181
103.382
103.615
103.844
104.04
104.272
104.498
104.697
104.893
105.094
105.328
105.524
105.728
105.965
106.172
106.377
106.599
106.82
107.021
107.25
107.446
107.68
107.917
108.136
108.362
108.568
108.764
108.965
109.2
109.393
109.595
109.801
110.026
110.236
110.47
110.699
110.902
111.133
111.335
111.541
111.77
111.985
112.211
112.452
112.649
112.887
113.126
113.317
113.515
113.749
113.975
114.173
114.408
114.645
114.85
115.069
115.302
115.511
115.738
115.942
116.179
116.403
116.607
116.81
117.045
117.241
117.485
117.707
117.939
118.168
118.373
118.6
118.8
119.006
119.246
119.477
119.677
119.877
120.113
120.352
120.546
120.744
120.975
121.188
121.419
121.623
121.838
122.067
122.315
122.545
122.753
122.971
123.168
123.372
123.567
123.773
123.982
124.2
124.433
124.645
124.864
125.083
125.31
125.515
125.742
125.953
126.185
126.392
126.622
126.828
127.067
127.299
127.508
127.709
127.91
128.121
128.34
128.543
128.773
128.972
129.207
129.436
129.679
129.919
130.146
130.37
130.57
130.774
130.97
131.185
131.411
131.64
131.837
132.038
132.27
132.47
132.705
132.925
133.149
133.387
133.585
133.819
134.015
134.214
134.44
134.647
134.877
135.085
135.285
135.516
135.74
135.991
136.217
136.421
136.65
136.889
137.121
137.352
137.591
137.818
138.019
138.244
138.48
138.709
138.937
139.145
139.38
139.582
139.794
140.018
140.224
140.424
140.657
140.888
141.131
141.367
141.593
141.791
142.016
142.244
142.479
142.678
142.9
143.113
143.339
143.572
143.775
143.978
144.211
144.439
144.65
144.881
145.119
145.36
145.59
145.792
145.987
146.196
146.404
146.63
146.851
147.065
147.28
147.477
147.708
147.904
148.101
148.306
148.528
148.728
148.955
149.159
149.392
149.592
149.797
149.999
150.226
150.46
150.668
150.886
151.085
151.318
151.52
151.752
151.952
152.161
152.392
152.603
152.84
153.038
153.268
153.495
153.702
153.948
154.179
154.403
154.605
154.826
155.04
155.252
155.482
155.711
155.928
156.132
156.342
156.544
156.747
156.944
157.144
157.352
157.584
157.78
157.987
158.219
158.45
158.686
158.902
159.122
159.329
159.554
159.76
159.991
160.19
160.408
160.611
160.807
161.003
161.238
161.443
161.662
161.881
162.07
162.302
162.506
162.714
162.94
163.144
163.351
163.554
163.776
163.983
164.183
164.414
164.622
164.825
165.028
165.226
165.467
165.69
165.894
166.093
166.302
166.511
166.707
166.947
167.181
167.418
167.621
167.821
168.053
168.255
168.461
168.686
168.919
169.131
169.33
169.562
169.766
169.984
170.193
170.423
170.626
170.863
171.077
171.284
171.486
171.691
171.932
172.173
172.4
172.605
172.835
173.059
173.267
173.49
173.687
173.89
174.118
174.316
174.518
174.722
174.949
175.155
175.371
175.605
175.802
176.039
176.248
176.485
176.691
176.9
177.126
177.323
177.542
177.768
177.986
178.199
178.421
178.63
178.833
179.035
179.255
179.456
179.665
179.893
180.125
180.362
180.566
180.796
180.995
181.196
181.421
181.657
181.872
182.093
182.326
182.534
182.768
182.973
183.176
183.386
183.587
183.791
184.028
184.231
184.451
184.639
184.841
185.05
185.269
185.48
185.681
185.879
186.112
186.324
186.551
186.753
186.964
187.173
187.374
187.593
187.793
188.024
188.22
188.425
188.662
188.864
189.093
189.296
189.495
189.696
189.929
190.134
190.364
190.564
190.802
191.029
191.264
191.462
191.678
191.877
192.1
192.307
192.529
192.744
192.966
193.197
193.433
193.671
193.902
194.115
194.315
194.544
194.741
194.947
195.172
195.377
195.613
195.85
196.049
196.289
196.517
196.75
196.983
197.184
197.412
197.615
197.826
198.047
198.287
198.48
198.684
198.912
199.113
199.318
199.541
199.767
199.987
200.205
200.418
200.654
200.858
201.057
201.293
201.499
201.73
201.97
202.196
202.393
202.589
202.833
203.024
203.226
203.451
203.686
203.886
204.124
204.35
204.578
204.783
204.986
205.222
205.423
205.633
205.837
206.043
206.251
206.457
206.659
206.876
207.091
207.288
207.502
207.727
207.959
208.17
208.397
208.603
208.839
209.063
209.276
209.501
209.71
209.923
210.135
210.332
210.549
210.746
210.949
211.168
211.372
211.572
211.776
212.005
212.234
212.434
212.646
212.87
213.111
213.309
213.515
213.759
213.988
214.191
214.392
214.592
214.82
215.057
215.288
215.489
215.691
215.905
216.111
216.333
216.557
216.762
216.973
217.199
217.399
217.611
217.836
218.067
218.274
218.507
218.743
218.969
219.173
219.404
219.607
219.854
220.079
220.284
220.514
220.721
220.948
221.151
221.37
221.576
221.784
222.004
222.212
222.438
222.64
222.878
223.103
223.305
223.537
223.739
223.938
224.146
224.363
224.57
224.798
225.014
225.236
225.445
225.66
225.882
226.111
226.314
226.527
226.734
226.937
227.14
227.375
227.611
227.846
228.041
228.279
228.475
228.678
228.911
229.111
229.343
229.565
229.778
230
230.227
230.445
230.665
230.868
231.072
231.281
231.486
231.704
231.905
232.123
232.352
232.558
232.762
232.996
233.209
233.405
233.634
233.842
234.059
234.292
234.495
234.722
234.96
235.188
235.41
235.629
235.86
236.09
236.314
236.52
236.724
236.942
237.142
237.356
237.577
237.808
238.012
238.227
238.435
238.638
238.844
239.06
239.259
239.476
239.7
239.924
240.127
240.342
240.553
240.788
241.01
241.239
241.461
241.675
241.895
242.095
242.314
242.542
242.776
243.005
243.216
243.43
243.64
243.837
244.044
244.275
244.484
244.707
244.924
245.136
245.337
245.541
245.749
245.968
246.192
246.391
246.586
246.791
246.989
247.189
247.413
247.635
247.851
248.089
248.315
248.543
248.773
248.978
249.213
249.415
249.631
249.858
250.065
250.306
250.528
250.752
250.953
251.15
251.364
251.576
251.798
252.002
252.202
252.42
252.632
252.835
253.031
253.239
253.461
253.696
253.903
254.101
254.332
254.53
254.761
254.983
255.202
255.428
255.651
255.879
256.083
256.29
256.483
256.686
256.894
257.1
257.301
257.522
257.742
257.951
258.172
258.394
258.619
258.84
259.056
259.283
259.508
259.74
259.972
260.179
260.385
260.586
260.801
261.033
261.232
261.432
261.635
261.866
262.095
262.299
262.504
262.728
262.956
263.168
263.384
263.613
263.816
264.024
264.26
264.475
264.683
264.887
265.085
265.297
265.506
265.74
265.965
266.169
266.388
266.609
266.832
267.068
267.266
267.474
267.71
267.939
268.17
268.391
268.602
268.823
269.03
269.234
269.439
269.674
269.875
270.073
270.306
270.532
270.743
270.957
271.161
271.379
271.586
271.81
272.014
272.248
272.477
272.679
272.904
273.138
273.349
273.563
273.789
274.01
274.219
274.434
274.656
274.859
275.075
275.291
275.518
275.753
275.97
276.177
276.393
276.623
276.825
277.034
277.271
277.477
277.722
277.953
278.166
278.393
278.626
278.857
279.073
279.277
279.476
279.67
279.89
280.12
280.319
280.556
280.759
280.985
281.205
281.433
281.656
281.878
282.104
282.332
282.559
282.777
282.997
283.203
283.437
283.652
283.887
284.106
284.328
284.555
284.768
284.979
285.204
285.414
285.62
285.829
286.049
286.26
286.487
286.693
286.915
287.139
287.362
287.575
287.785
287.991
288.218
288.42
288.649
288.871
289.074
289.303
289.509
289.711
289.926
290.16
290.391
290.606
290.832
291.058
291.289
291.526
291.755
291.99
292.217
292.421
292.634
292.862
293.086
293.296
293.531
293.742
293.977
294.183
294.414
294.602
294.803
295.019
295.23
295.433
295.64
295.851
296.078
296.291
296.493
296.702
296.911
297.132
297.333
297.562
297.781
297.991
298.223
298.427
298.639
298.843
299.048
299.278
299.485
299.696
299.917
300.151
300.369
300.584
300.792
301.023
301.235
301.461
301.658
301.869
302.1
302.325
302.533
302.764
302.973
303.173
303.378
303.589
303.791
304.007
304.24
304.475
304.682
304.894
305.107
305.325
305.546
305.772
305.972
306.173
306.384
306.58
306.816
307.021
307.244
307.474
307.681
307.89
308.115
308.321
308.538
308.761
308.973
309.173
309.411
309.618
309.849
310.086
310.306
310.532
310.734
310.934
311.148
311.359
311.58
311.794
311.998
312.204
312.433
312.658
312.876
313.08
313.29
313.522
313.731
313.923
314.126
314.328
314.565
314.786
315.006
315.232
315.435
315.662
315.863
316.072
316.297
316.525
316.749
316.967
317.191
317.396
317.607
317.817
318.043
318.247
318.453
318.677
318.878
319.079
319.3
319.51
319.728
319.961
320.156
320.36
320.593
320.832
321.037
321.25
321.464
321.685
321.905
322.134
322.344
322.572
322.793
323.005
323.218
323.426
323.626
323.815
324.022
324.251
324.476
324.712
324.951
325.176
325.405
325.63
325.844
326.068
326.301
326.517
326.728
326.94
327.175
327.417
327.635
327.847
328.078
328.294
328.517
328.747
328.964
329.197
329.404
329.611
329.827
330.027
330.241
330.44
330.656
330.886
331.12
331.338
331.555
331.77
331.986
332.207
332.423
332.629
332.844
333.06
333.272
333.496
333.698
333.901
334.131
334.342
334.561
334.77
334.997
335.211
335.437
335.645
335.86
336.067
336.27
336.474
336.677
336.879
337.086
337.287
337.506
337.707
337.927
338.131
338.355
338.561
338.772
338.98
339.21
339.412
339.615
339.818
340.021
340.23
340.441
340.655
340.888
341.118
341.354
341.588
341.81
342.032
342.235
342.44
342.675
342.887
343.105
343.305
343.511
343.719
343.922
344.128
344.357
344.568
344.775
344.992
345.199
345.437
345.654
345.87
346.093
346.346
346.561
346.764
346.967
347.168
347.397
347.597
347.8
348.025
348.252
348.467
348.693
348.905
349.125
349.349
349.575
349.793
350.017
350.243
350.449
350.66
350.886
351.126
351.361
351.587
351.791
352.009
352.23
352.438
352.648
352.886
353.108
353.34
353.546
353.753
353.959
354.184
354.406
354.622
354.855
355.091
355.299
355.498
355.716
355.919
356.132
356.341
356.575
356.777
357.015
357.219
357.424
357.634
357.855
358.055
358.292
358.501
358.726
358.946
359.172
359.395
359.617
359.826
360.022
360.222
360.434
360.659
360.865
361.078
361.297
361.515
361.726
361.942
362.16
362.367
362.584
362.794
362.999
363.219
363.448
363.649
363.853
364.078
364.284
364.515
364.715
364.939
365.147
365.363
365.582
365.795
366.009
366.239
366.44
366.672
366.883
367.09
367.303
367.503
367.715
367.945
368.148
368.363
368.593
368.796
369.013
369.227
369.464
369.654
369.859
370.066
370.296
370.505
370.712
370.925
371.126
371.342
371.546
371.744
371.957
372.18
372.382
372.592
372.78
372.989
373.195
373.414
373.638
373.86
374.066
374.29
374.486
374.712
374.927
375.13
375.34
375.546
375.755
375.961
376.171
376.388
376.604
376.81
377.025
377.229
377.447
377.654
377.876
378.092
378.32
378.524
378.739
378.962
379.164
379.367
379.576
379.796
380.009
380.225
380.45
380.661
380.857
381.085
381.289
381.52
381.728
381.942
382.153
382.355
382.561
382.765
382.965
383.199
383.407
383.654
383.852
384.065
384.292
384.497
384.704
384.925
385.132
385.371
385.603
385.828
386.06
386.308
386.539
386.764
386.987
387.204
387.435
387.656
387.853
388.066
388.276
388.474
388.694
388.911
389.127
389.334
389.556
389.769
389.974
390.203
390.398
390.613
390.821
391.04
391.248
391.459
391.684
391.886
392.087
392.321
392.521
392.753
392.971
393.186
393.382
393.588
393.812
394.014
394.217
394.423
394.624
394.828
395.03
395.247
395.472
395.696
395.903
396.103
396.312
396.542
396.744
396.966
397.189
397.394
397.612
397.839
398.035
398.252
398.491
398.694
398.93
399.14
399.353
399.586
399.791
400.011
400.214
400.419
400.648
400.853
401.058
401.291
401.499
401.708
401.906
402.13
402.355
402.573
402.774
402.977
403.214
403.419
403.624
403.827
404.028
404.232
404.462
404.664
404.879
405.099
405.304
405.519
405.729
405.933
406.151
406.358
406.563
406.77
406.983
407.215
407.449
407.667
407.873
408.101
408.307
408.518
408.73
408.937
409.152
409.376
409.574
409.788
410.001
410.222
410.421
410.616
410.843
411.077
411.298
411.521
411.725
411.951
412.169
412.376
412.616
412.83
413.041
413.245
413.445
413.671
413.88
414.094
414.329
414.531
414.745
414.952
415.181
415.381
415.604
415.832
416.063
416.26
416.475
416.682
416.898
417.1
417.327
417.534
417.762
418.003
418.213
418.444
418.654
418.868
419.087
419.293
419.517
419.72
419.937
420.158
420.388
420.609
420.827
421.046
421.249
421.466
421.67
421.87
422.072
422.279
422.474
422.685
422.893
423.099
423.303
423.507
423.741
423.943
424.156
424.387
424.603
424.812
425.036
425.241
425.471
425.673
425.874
426.09
426.295
426.516
426.749
426.949
427.149
427.365
427.56
427.79
427.991
428.222
428.424
428.631
428.839
429.043
429.253
429.456
429.68
429.894
430.124
430.332
430.558
430.766
430.979
431.21
431.445
431.659
431.887
432.122
432.322
432.534
432.735
432.931
433.142
433.343
433.572
433.79
434.004
434.241
434.441
434.664
434.896
435.127
435.363
435.587
435.811
436.016
436.255
436.467
436.684
436.912
437.113
437.314
437.544
437.752
437.967
438.193
438.422
438.623
438.836
439.064
439.292
439.512
439.742
439.938
440.138
440.377
440.595
440.824
441.042
441.267
441.473
441.687
441.925
442.14
442.359
442.564
442.763
442.97
443.197
443.407
443.64
443.882
444.11
444.322
444.536
444.749
444.965
445.164
445.364
445.584
445.809
446.038
446.244
446.448
446.669
446.877
447.101
447.314
447.538
447.769
447.975
448.21
448.437
448.635
448.853
449.07
449.284
449.5
449.735
449.94
450.168
450.382
450.584
450.811
451.07
451.301
451.513
451.738
451.944
452.169
452.363
452.59
452.83
453.036
453.233
453.467
453.687
453.901
454.136
454.351
454.556
454.778
455
455.241
455.44
455.663
455.863
456.096
456.322
456.553
456.757
456.973
457.176
457.407
457.631
457.858
458.064
458.28
458.51
458.73
458.938
459.157
459.385
459.589
459.8
460.023
460.223
460.448
460.669
460.891
461.104
461.329
461.543
461.768
461.976
462.18
462.396
462.635
462.864
463.092
463.316
463.532
463.734
463.933
464.159
464.366
464.586
464.826
465.058
465.291
465.534
465.761
465.989
466.218
466.422
466.65
466.845
467.049
467.248
467.446
467.651
467.876
468.112
468.343
468.543
468.764
468.977
469.193
469.376
469.6
469.819
470.038
470.244
470.468
470.694
470.896
471.122
471.328
471.539
471.753
471.985
472.184
472.416
472.622
472.834
473.059
473.291
473.51
473.718
473.917
474.14
474.349
474.577
474.787
475.011
475.236
475.464
475.68
475.917
476.143
476.368
476.59
476.798
477.018
477.22
477.442
477.667
477.882
478.088
478.298
478.494
478.705
478.938
479.145
479.364
479.575
479.793
479.998
480.227
480.433
480.653
480.881
481.114
481.304
481.509
481.708
481.916
482.128
482.346
482.576
482.782
482.987
483.194
483.408
483.645
483.869
484.087
484.299
484.499
484.709
484.927
485.139
485.364
485.576
485.803
486.003
486.207
486.428
486.654
486.854
487.057
487.266
487.497
487.699
487.908
488.133
488.354
488.551
488.766
488.977
489.203
489.424
489.65
489.871
490.075
490.282
490.489
490.701
490.907
491.12
491.347
491.584
491.788
491.99
492.217
492.453
492.665
492.891
493.117
493.327
493.565
493.794
494.008
494.23
494.449
494.647
494.879
495.101
495.333
495.556
495.789
495.993
496.208
496.416
496.631
496.829
497.032
497.255
497.455
497.687
497.921
498.13
498.355
498.553
498.77
498.999
499.224
499.45
499.661
499.86
500.065
500.282
500.481
500.686
500.921
501.132
501.34
501.551
501.768
501.971
502.193
502.39
502.619
502.822
503.026
503.231
503.46
503.667
503.873
504.077
504.304
504.51
504.728
504.964
505.175
505.379
505.576
505.777
505.985
506.221
506.437
506.649
506.873
507.066
507.291
507.517
507.727
507.939
508.151
508.353
508.578
508.782
509.005
509.218
509.434
509.665
509.9
510.13
510.357
510.562
510.783
510.991
511.208
511.432
511.653
511.889
512.104
512.32
512.543
512.753
512.955
513.174
513.41
513.634
513.87
514.074
514.305
514.509
514.732
514.948
515.184
515.388
515.603
515.838
516.046
516.261
516.463
516.68
516.905
517.124
517.339
517.544
517.78
517.976
518.189
518.405
518.615
518.817
519.051
519.289
519.51
519.714
519.949
520.18
520.395
520.625
520.855
521.042
521.272
521.475
521.693
521.92
522.13
522.364
522.607
522.828
523.041
523.265
523.462
523.691
523.916
524.143
524.343
524.546
524.776
524.985
525.192
525.424
525.656
525.874
526.089
526.307
526.527
526.733
526.955
527.187
527.386
527.593
527.811
528.017
528.249
528.482
528.682
528.911
529.149
529.351
529.567
529.798
530.032
530.237
530.468
530.694
530.904
531.126
531.356
531.58
531.78
532.007
532.214
532.422
532.639
532.846
533.075
533.286
533.503
533.736
533.954
534.184
534.402
534.629
534.836
535.063
535.299
535.509
535.739
535.969
536.172
536.381
536.596
536.805
537.029
537.268
537.494
537.7
537.905
538.116
538.322
538.533
538.736
538.96
539.16
539.382
539.586
539.799
540.025
540.229
540.431
540.664
540.872
541.088
541.283
541.482
541.698
541.929
542.134
542.361
542.569
542.766
542.974
543.198
543.435
543.67
543.893
544.103
544.285
544.499
544.702
544.936
545.169
545.362
545.594
545.812
546.015
546.224
546.43
546.651
546.857
547.067
547.3
547.531
547.734
547.942
548.163
548.369
548.599
548.817
549.038
549.249
549.448
549.671
549.894
550.138
550.373
550.579
550.793
550.999
551.219
551.423
551.639
551.872
552.09
552.296
552.523
552.746
552.958
553.177
553.404
553.608
553.841
554.062
554.295
554.496
554.722
554.953
555.171
555.394
555.591
555.817
556.017
556.251
556.479
556.704
556.932
557.138
557.359
557.566
557.786
557.997
558.225
558.44
558.664
558.877
559.071
559.299
559.501
559.712
559.918
560.13
560.358
560.587
560.823
561.054
561.272
561.494
561.721
561.94
562.157
562.364
562.571
562.784
562.992
563.192
563.413
563.638
563.834
564.062
564.292
564.496
564.722
564.955
565.167
565.379
565.591
565.796
565.998
566.217
566.437
566.637
566.866
567.073
567.306
567.526
567.739
567.964
568.165
568.366
568.587
568.798
569.031
569.239
569.456
569.697
569.919
570.163
570.392
570.595
570.814
571.011
571.244
571.449
571.644
571.876
572.097
572.302
572.502
572.706
572.926
573.153
573.374
573.589
573.821
574.023
574.224
574.455
574.678
574.913
575.141
575.354
575.559
575.778
575.989
576.224
576.458
576.676
576.914
577.14
577.357
577.564
577.799
578.011
578.237
578.473
578.704
578.909
579.133
579.365
579.593
579.827
580.053
580.267
580.477
580.683
580.904
581.135
581.342
581.548
581.759
581.983
582.183
582.402
582.634
582.836
583.053
583.264
583.478
583.683
583.889
584.093
584.295
584.497
584.707
584.934
585.165
585.364
585.577
585.78
586.005
586.243
586.467
586.68
586.888
587.093
587.294
587.513
587.713
587.925
588.144
588.356
588.571
588.799
589.028
589.234
589.448
589.665
589.877
590.109
590.34
590.558
590.776
591.016
591.221
591.436
591.648
591.847
592.071
592.27
592.48
592.699
592.897
593.122
593.322
593.56
593.765
593.989
594.192
594.4
594.598
594.817
595.036
595.245
595.462
595.663
595.874
596.076
596.307
596.529
596.738
596.95
597.149
597.366
597.597
597.815
598.036
598.248
598.482
598.692
598.929
599.137
599.365
599.566
599.773
599.977
600.175
600.39
600.591
600.803
601.036
601.255
601.481
601.713
601.925
602.148
602.355
602.566
602.79
602.995
603.206
603.434
603.635
603.838
604.037
604.237
604.442
604.643
604.86
605.09
605.296
605.498
605.703
605.925
606.153
606.354
606.556
606.771
606.978
607.21
607.435
607.652
607.864
608.098
608.304
608.543
608.739
608.944
609.146
609.347
609.576
609.779
609.992
610.197
610.416
610.619
610.834
611.062
611.296
611.525
611.739
611.964
612.173
612.374
612.599
612.801
613.027
613.255
613.492
613.722
613.951
614.157
614.378
614.604
614.837
615.062
615.288
615.5
615.718
615.951
616.15
616.348
616.559
616.781
616.99
617.202
617.438
617.664
617.874
618.081
618.296
618.522
618.724
618.934
619.137
619.387
619.612
619.824
620.058
620.265
620.478
620.701
620.91
621.113
621.342
621.56
621.78
622.005
622.239
622.444
622.679
622.892
623.111
623.318
623.534
623.737
623.943
624.148
624.381
624.58
624.783
625.008
625.239
625.463
625.672
625.875
626.1
626.311
626.514
626.735
626.938
627.144
627.351
627.567
627.773
627.986
628.187
628.4
628.623
628.824
629.029
629.242
629.465
629.691
629.911
630.128
630.328
630.547
630.773
630.984
631.199
631.413
631.616
631.82
632.025
632.232
632.436
632.665
632.876
633.084
633.286
633.493
633.729
633.964
634.169
634.41
634.619
634.84
635.04
635.242
635.462
635.69
635.913
636.119
636.34
636.567
636.786
637
637.222
637.43
637.648
637.873
638.077
638.302
638.509
638.72
638.948
639.21
639.411
639.638
639.862
640.088
640.311
640.516
640.725
640.945
641.164
641.384
641.599
641.817
642.036
642.255
642.471
642.675
642.906
643.114
643.335
643.56
643.761
643.961
644.17
644.386
644.606
644.806
645.027
645.244
645.46
645.677
645.898
646.137
646.361
646.573
646.806
647.013
647.242
647.446
647.66
647.87
648.108
648.328
648.533
648.761
648.979
649.19
649.424
649.635
649.854
650.059
650.291
650.495
650.7
650.918
651.148
651.349
651.565
651.775
651.995
652.226
652.446
652.666
652.886
653.088
653.326
653.527
653.73
653.935
654.166
654.396
654.607
654.836
655.039
655.255
655.473
655.708
655.943
656.154
656.361
656.565
656.792
657.029
657.235
657.444
657.653
657.867
658.074
658.295
658.495
658.713
658.93
659.171
659.402
659.62
659.85
660.067
660.286
660.515
660.741
660.95
661.173
661.402
661.612
661.811
662.024
662.247
662.452
662.673
662.876
663.104
663.317
663.53
663.758
663.96
664.198
664.414
664.623
664.843
665.044
665.268
665.476
665.687
665.911
666.129
666.36
666.589
666.805
667.019
667.222
667.451
667.651
667.881
668.101
668.322
668.535
668.742
668.962
669.181
669.41
669.623
669.845
670.072
670.293
670.496
670.698
670.93
671.138
671.358
671.578
671.798
672.022
672.229
672.452
672.655
672.855
673.067
673.278
673.479
673.69
673.894
674.1
674.306
674.545
674.773
674.985
675.221
675.446
675.646
675.849
676.056
676.282
676.486
676.694
676.917
677.141
677.357
677.591
677.806
678.02
678.242
678.465
678.673
678.906
679.128
679.328
679.553
679.753
679.964
680.199
680.426
680.647
680.857
681.084
681.314
681.525
681.745
681.985
682.206
682.44
682.665
682.873
683.104
683.33
683.541
683.782
684.013
684.222
684.442
684.651
684.865
685.085
685.306
685.535
685.756
685.961
686.171
686.371
686.586
686.807
687.036
687.249
687.46
687.669
687.896
688.134
688.354
688.565
688.769
688.982
689.21
689.43
689.665
689.879
690.094
690.32
690.54
690.75
690.951
691.171
691.391
691.606
691.821
692.024
692.242
692.467
692.672
692.892
693.122
693.338
693.549
693.767
693.988
694.217
694.439
694.65
694.859
695.062
695.269
695.473
695.673
695.898
696.109
696.33
696.55
696.76
696.984
697.219
697.441
697.65
697.88
698.11
698.331
698.548
698.756
698.977
699.196
699.418
699.635
699.865
700.09
700.301
700.511
700.74
700.964
701.189
701.391
701.603
701.805
702.014
702.246
702.462
702.673
702.893
703.095
703.299
703.518
703.737
703.945
704.151
704.35
704.572
704.794
704.995
705.206
705.439
705.665
705.884
706.105
706.328
706.538
706.74
706.947
707.159
707.361
707.576
707.797
708.005
708.222
708.444
708.683
708.893
709.121
709.328
709.529
709.747
709.948
710.17
710.392
710.618
710.846
711.062
711.286
711.514
711.718
711.929
712.168
712.382
712.598
712.82
713.035
713.255
713.464
713.671
713.89
714.101
714.341
714.547
714.764
714.977
715.2
715.417
715.638
715.87
716.087
716.303
716.523
716.754
716.962
717.185
717.393
717.604
717.837
718.087
718.293
718.511
718.716
718.928
719.137
719.363
719.577
719.804
720.021
720.223
720.44
720.665
720.886
721.112
721.32
721.528
721.766
721.995
722.213
722.432
722.636
722.853
723.061
723.261
723.492
723.72
723.951
724.161
724.381
724.605
724.827
725.057
725.269
725.471
725.685
725.914
726.134
726.364
726.584
726.807
727.014
727.219
727.446
727.668
727.884
728.086
728.287
728.499
728.704
728.924
729.145
729.348
729.575
729.785
729.994
730.204
730.424
730.645
730.85
731.081
731.291
731.517
731.737
731.938
732.153
732.374
732.611
732.82
733.038
733.241
733.455
733.687
733.902
734.126
734.338
734.55
734.776
735.01
735.23
735.445
735.651
735.86
736.09
736.312
736.519
736.726
736.928
737.144
737.354
737.556
737.795
738.029
738.246
738.451
738.67
738.884
739.112
739.313
739.543
739.773
739.993
740.211
740.412
740.643
740.853
741.053
741.274
741.496
741.723
741.944
742.155
742.375
742.592
742.805
743.022
743.225
743.436
743.649
743.879
744.089
744.331
744.554
744.805
745.024
745.244
745.466
745.681
745.898
746.11
746.327
746.549
746.777
747
747.221
747.443
747.658
747.862
748.08
748.308
748.508
748.728
748.957
749.178
749.408
749.647
749.884
750.101
750.309
750.525
750.757
750.97
751.192
751.416
751.637
751.862
752.088
752.302
752.51
752.713
752.932
753.144
753.371
753.591
753.811
754.035
754.261
754.483
754.691
754.914
755.132
755.353
755.566
755.766
755.992
756.222
756.423
756.643
756.846
757.054
757.275
757.498
757.701
757.918
758.129
758.37
758.57
758.78
759.009
759.236
759.447
759.656
759.867
760.095
760.326
760.536
760.76
760.99
761.21
761.436
761.686
761.907
762.117
762.337
762.537
762.747
762.958
763.167
763.387
763.596
763.812
764.048
764.259
764.478
764.698
764.929
765.14
765.368
765.583
765.788
766.003
766.243
766.464
766.689
766.92
767.139
767.369
767.597
767.817
768.051
768.262
768.484
768.701
768.916
769.121
769.341
769.543
769.751
769.962
770.176
770.406
770.628
770.838
771.057
771.277
771.507
771.72
771.968
772.187
772.398
772.619
772.819
773.049
773.269
773.489
773.722
773.941
774.141
774.379
774.599
774.827
775.029
775.245
775.495
775.71
775.93
776.163
776.385
776.615
776.826
777.03
777.241
777.468
777.682
777.906
778.114
778.331
778.552
778.771
779.001
779.204
779.425
779.628
779.837
780.057
780.286
780.532
780.733
780.937
781.159
781.38
781.598
781.809
782.028
782.231
782.459
782.69
782.918
783.129
783.33
783.552
783.775
783.98
784.214
784.438
784.636
784.846
785.076
785.287
785.505
785.706
785.912
786.142
786.357
786.561
786.782
787.008
787.227
787.427
787.628
787.863
788.088
788.31
788.538
788.758
788.988
789.196
789.403
789.632
789.84
790.043
790.279
790.482
790.71
790.95
791.165
791.397
791.625
791.828
792.065
792.288
792.503
792.713
792.934
793.141
793.35
793.558
793.796
794.029
794.267
794.481
794.697
794.898
795.131
795.357
795.581
795.802
796.014
796.217
796.437
796.67
796.888
797.108
797.308
797.51
797.729
797.95
798.159
798.379
798.604
798.809
799.018
799.224
