0.000000
0.000000
0.000000
0.000000
60.743000
60.789001
60.790001
60.801998
62.382999
68.099998
71.587997
72.559998
89.417999
102.412003
105.403000
108.039001
109.660004
121.360001
135.604004
143.473007
147.091995
153.089996
153.938004
158.949997
171.429001
183.766006
193.764008
203.117004
217.315002
220.901993
228.856003
234.376999
236.673996
237.774994
237.802002
238.401993
238.854996
239.779999
248.981995
252.567993
258.108002
265.442993
270.309998
272.842987
276.026001
279.545990
280.683014
285.476990
288.795990
288.907990
289.527008
295.554993
299.356995
302.519012
304.894012
309.411011
315.369995
324.751007
328.493988
331.510010
335.045013
339.822998
342.524994
346.295013
349.125000
353.444000
357.868988
365.212006
370.006012
375.402008
382.628998
388.100006
393.364990
398.221985
399.123993
406.635010
415.109009
415.723999
416.510986
421.153015
421.157013
423.846008
436.558014
478.078003
485.785004
497.229004
513.776001
520.606995
524.119995
528.439026
531.877991
540.223022
558.439026
573.666016
585.289978
595.697021
603.004028
612.505981
618.585999
624.559998
630.146973
641.517029
647.390991
654.525024
666.539001
673.711975
683.239014
685.927002
687.039978
691.229980
707.318970
720.918030
727.937012
736.015015
736.948975
737.090027
737.208008
737.614014
737.614014
747.093994
748.862000
751.840027
759.616028
765.187012
773.331970
781.888000
786.442017
790.958984
798.562988
811.312012
815.981018
816.627991
816.627991
822.614014
835.919006
845.286011
845.432007
845.445007
846.094971
855.992981
863.989014
870.400024
877.856018
883.807007
890.174011
898.304993
912.997009
923.309021
934.075012
946.406982
948.442993
949.135010
952.635986
953.572021
953.820984
954.710999
956.098999
957.604980
959.260986
959.565002
959.679016
963.469971
972.780029
976.900024
979.572021
981.153015
982.052979
983.155029
986.546021
994.062988
1014.643005
1017.252014
1020.609009
1025.389038
1033.427002
1038.125977
1043.812988
1049.379028
1058.823975
1065.682007
1073.199951
1080.729004
1090.855957
1097.120972
1102.635010
1109.443970
1112.839966
1120.334961
1126.782959
1128.319946
1130.842041
1143.578003
1153.561035
1158.649048
1166.968994
1172.594971
1178.436035
1184.941040
1194.072998
1206.376953
1211.262939
1214.041992
1217.331055
1221.499023
1233.168945
1238.942993
1244.547974
1252.191040
1257.562012
1262.808960
1273.336060
1280.988037
1291.161011
1294.869019
1299.056030
1302.670044
1308.732056
1313.105957
1318.693970
1329.866943
1337.296021
1346.358032
1359.715942
1367.501953
1370.793945
1374.651001
1388.734985
1400.860962
1403.567993
1411.490967
1423.469971
1431.687012
1436.206055
1442.193970
1442.951050
1443.260986
1443.432007
1444.329956
1444.365967
1444.373047
1450.795044
1472.005981
1501.244019
1514.043945
1518.510010
1526.109985
1531.057983
1534.183960
1537.171021
1544.165039
1553.058960
1565.597046
1579.795044
1590.036011
1592.847046
1595.386963
1601.333984
1610.930054
1618.409058
1623.816040
1631.463013
1637.962036
1644.413940
1652.058960
1668.125000
1682.066040
1685.490967
1687.428955
1690.249023
1695.036987
1706.187988
1715.183960
1726.380981
1735.255005
1736.152954
1740.973999
1747.817993
1753.504028
1764.935059
1777.321045
1787.073975
1791.880981
1796.279053
1799.411011
1801.859009
1805.255005
1812.871948
1822.025024
1840.159058
1843.990967
1853.296021
1861.418945
1867.254028
1870.439941
1874.363037
1882.603027
1893.203979
1900.093994
1907.073975
1907.927979
1907.938965
1909.104980
1911.105957
1913.214966
1913.420044
1913.453979
1913.542969
1913.552979
1914.363037
1914.682983
1914.818970
1915.005005
1915.128052
1915.198975
1915.213013
1915.229980
1915.239990
1915.241943
1915.241943
1915.241943
1916.124023
1926.046997
1926.046997
1926.046997
1926.046997
1928.146973
1929.686035
1930.863037
1931.177979
1931.930054
1937.090942
1947.602051
1960.373047
1964.595947
1966.034058
1966.067993
1966.177002
1966.891968
1968.265015
1973.312012
1992.130005
2011.531006
2019.694946
2025.430054
2025.965942
2025.982056
2025.987061
2025.987061
2030.560059
2042.064941
2066.749023
2077.808105
2082.323975
2088.679932
2095.274902
2105.504883
2126.185059
2137.927002
2146.199951
2161.458984
2163.816895
2165.281006
2166.678955
2173.842041
2181.165039
2183.222900
2196.208984
2197.461914
2199.447998
2200.118896
2201.641113
2222.465088
2237.470947
2245.987061
2258.539062
2268.501953
2278.090088
2282.816895
2289.580078
2299.971924
2314.218994
2320.068115
2324.125000
2339.500977
2351.552979
2352.269043
2352.269043
2352.290039
2352.547119
2355.511963
2360.898926
2366.032959
2366.554932
2366.556885
2366.606934
2366.663086
2366.663086
2366.730957
2366.771973
2366.778076
2366.778076
2367.790039
2370.155029
2372.946045
2375.593994
2375.625000
2375.625000
2375.625000
2375.625000
2375.625000
2375.625000
2375.656982
2375.656982
2379.972900
2380.194092
2380.201904
2380.666992
2380.666992
2380.670898
2382.152100
2385.245117
2388.416992
2388.490967
2388.525879
2393.042969
2399.053955
2402.705078
2407.291016
2414.745117
2419.937012
2427.001953
2439.720947
2446.139893
2449.395020
2453.478027
2454.667969
2454.691895
2456.305908
2470.777100
2494.813965
2500.297119
2510.291016
2517.168945
2523.243896
2534.129883
2538.397949
2543.428955
2554.410889
2562.377930
2571.305908
2584.881104
2594.087891
2603.128906
2615.879883
2623.340088
2630.196045
2636.916992
2648.068115
2656.020020
2664.090088
2678.979980
2690.540039
2702.725098
2711.547119
2715.627930
2724.433105
2734.414062
2745.641113
2753.788086
2756.400879
2759.343018
2763.143066
2770.615967
2792.248047
2804.145020
2811.118896
2818.047119
2821.617920
2825.599121
2833.992920
2838.438965
2839.599121
2839.707031
2840.041016
2848.518066
2864.049072
2876.174072
2887.437988
2903.696045
2914.520996
2926.621094
2938.700928
2943.297119
2947.702881
2950.989014
2950.989014
2951.126953
2968.454102
3000.719971
3011.664062
3017.163086
3020.340088
3026.537109
3037.201904
3045.756104
3052.277100
3059.079102
3070.524902
3074.092041
3077.189941
3081.081055
3082.058105
3084.675049
3089.881104
3097.874023
3111.561035
3123.858887
3143.429932
3150.722900
3167.729980
3171.422119
3172.085938
3172.353027
3172.458984
3172.572998
3172.610107
3172.618896
3173.811035
3194.143066
3205.233887
3210.204102
3215.737061
3220.092041
3223.302002
3226.361084
3232.559082
3234.565918
3234.712891
3234.731934
3234.735107
3236.812012
3245.358887
3249.028076
3252.535889
3256.507080
3260.532959
3261.072998
3261.773926
3263.872070
3268.164062
3273.903076
3282.354004
3284.242920
3285.483887
3286.899902
3289.576904
3293.871094
3300.313965
3311.483887
3318.822021
3328.631104
3339.066895
3350.680908
3360.407959
3371.185059
3383.906006
3395.294922
3403.207031
3414.207031
3431.273926
3433.604980
3434.321045
3434.508057
3434.524902
3434.551025
3438.245117
3447.000977
3456.013916
3465.636963
3482.518066
3489.142090
3495.170898
3500.977051
3505.820068
3509.708984
3514.535889
3516.853027
3516.866943
3517.156982
3517.541016
3517.822998
3518.025879
3526.711914
3530.218994
3531.162109
3531.625000
3531.625000
3532.226074
3537.297119
3541.831055
3547.305908
3555.376953
3575.658936
3579.050049
3581.589111
3585.889893
3595.837891
3613.139893
3619.595947
3621.587891
3625.762939
3628.554932
3632.061035
3636.913086
3643.964111
3652.900879
3663.672119
3682.604980
3694.085938
3699.763916
3704.049072
3709.937012
3720.573975
3744.832031
3754.685059
3759.051025
3765.260986
3771.464111
3779.329102
3781.218994
3782.353027
3790.624023
3803.283936
3820.937988
3828.404053
3832.224121
3832.593018
3832.610107
3832.626953
3832.659912
3832.666992
3839.770020
3843.492920
3844.020020
3844.020020
3844.020996
3844.020996
3844.020996
3844.020996
3844.020996
3844.020996
3844.029053
3850.629883
3853.862061
3855.147949
3855.398926
3855.398926
3855.398926
3855.398926
3855.853027
3858.261963
3860.438965
3862.665039
3866.207031
3868.758057
3871.084961
3873.392090
3873.962891
3874.379883
3874.947998
3875.429932
3875.957031
3876.153076
3876.180908
3876.180908
3876.188965
3876.675049
3876.675049
3876.675049
3876.675049
3877.615967
3877.740967
3877.777100
3877.777100
3877.777100
3877.777100
3877.777100
3877.777100
3877.782959
3878.719971
3878.816895
3878.819092
3878.819092
3878.819092
3878.819092
3879.021973
3879.147949
3879.410889
3882.372070
3891.552002
3894.262939
3894.289062
3894.289062
3894.409912
3894.409912
3894.409912
3895.375000
3895.574951
3895.868896
3896.302002
3896.812988
3896.822998
3896.835938
3896.845947
3896.846924
3896.846924
3896.858887
3897.181885
3897.200928
3897.448975
3897.804932
3898.770996
3900.592041
3901.392090
3902.080078
3903.225098
3905.357910
3908.389893
3914.756104
3919.899902
3925.300049
3931.645996
3934.657959
3937.406982
3941.982910
3943.202881
3945.281982
3951.677979
3961.399902
3962.726074
3963.897949
3964.633057
3969.339111
3969.770020
3970.514893
3973.708008
3979.596924
3983.906006
3989.976074
3994.221924
4000.523926
4005.561035
4010.770020
4019.840088
4026.309082
4034.341064
4050.590088
4064.667969
4082.275879
4090.392090
4099.354004
4108.121094
4114.583984
4123.653809
4129.665039
4135.022949
4141.100098
4151.973145
4164.806152
4180.208008
4193.538086
4199.801758
4211.263184
4215.583008
4220.506836
4228.199219
4232.237793
4237.548828
4248.100098
4258.820801
4269.082031
4282.150879
4287.087891
4291.918945
4296.404785
4300.126953
4306.397949
4309.615234
4312.676758
4312.772949
4312.783203
4312.784180
4312.784180
4312.912109
4313.493164
4329.482910
4338.337891
4346.661133
4357.555176
4362.011230
4363.980957
4364.087891
4367.420898
4374.181152
4376.365234
4376.830078
4377.153809
4377.437012
4377.545898
4377.546875
4377.546875
4380.237793
4388.511230
4389.485840
4389.734863
4390.351074
4390.399902
4390.622070
4391.686035
4391.686035
4392.148926
4394.308105
4402.613770
4407.458984
4412.945801
4426.779785
4434.190918
4441.384766
4452.603027
4457.509766
4459.751953
4462.012207
4463.829102
4466.839844
4470.347168
4472.106934
4472.711914
4472.920898
4472.920898
4472.982910
4483.692871
4493.992188
4502.225098
4510.242188
4520.890137
4528.394043
4530.842773
4534.869141
4539.501953
4546.625000
4549.946777
4552.163086
4552.828125
4553.308105
4554.573242
4555.075195
4555.261230
4556.361816
4556.990234
4557.129883
4557.129883
4557.129883
4557.131836
4557.185059
4557.187988
4557.187988
4557.455078
4557.587891
4557.587891
4557.587891
4557.587891
4557.587891
4557.587891
4557.587891
4557.749023
4558.437012
4560.683105
4564.500000
4568.105957
4572.523926
4575.730957
4579.163086
4580.360840
4580.394043
4583.847168
4584.378906
4585.333008
4585.830078
4585.862793
4585.865234
4585.876953
4586.436035
4588.041016
4588.693848
4588.899902
4588.913086
4588.917969
4588.917969
4588.917969
4588.974121
4589.729980
4589.769043
4589.769043
4589.770020
4589.771973
4589.772949
4589.791992
4589.791992
4589.830078
4589.934082
4591.226074
4596.524902
4600.599121
4603.102051
4603.616211
4603.689941
4603.689941
4603.689941
4603.851074
4604.193848
4604.418945
4605.165039
4605.165039
4605.165039
4605.395020
4605.672852
4605.688965
4605.771973
4606.125000
4606.150879
4606.172852
4606.615234
4606.805176
4606.855957
4606.893066
4607.325195
4607.325195
4607.325195
4607.325195
4607.335938
4620.706055
4627.042969
4628.713867
4630.452148
4633.375977
4635.645996
4635.755859
4635.755859
4637.171875
4639.787109
4646.289062
4652.246094
4657.285156
4667.289062
4673.233887
4674.259766
4674.259766
4674.259766
4676.464844
4687.167969
4688.613770
4691.331055
4691.563965
4691.563965
4691.667969
4691.696777
4691.699219
4691.705078
4692.503906
4695.979004
4696.637207
4696.642090
4696.642090
4696.642090
4696.642090
4696.642090
4696.642090
4696.642090
4696.642090
4696.645020
4696.649902
4696.649902
4696.800781
4696.800781
4696.800781
4696.800781
4696.807129
4696.807129
4696.807129
4696.818848
4696.865234
4696.884766
4696.884766
4696.884766
4696.884766
4696.884766
4696.884766
4696.888184
4696.888184
4696.889160
4696.915039
4696.915039
4696.916016
4696.923828
4696.923828
4696.923828
4696.967773
4697.000977
4697.000977
4697.000977
4697.000977
4697.000977
4697.708984
4697.744141
4697.768066
4697.773926
4697.773926
4697.774902
4697.819824
4697.830078
4697.830078
4697.830078
4697.830078
4697.830078
4697.830078
4697.830078
4697.836914
4697.861816
4697.889160
4697.896973
4700.228027
4701.440918
4702.285156
4703.147949
4703.638184
4703.770996
4703.801758
4703.964844
4703.964844
4703.964844
4703.964844
4704.262207
4704.283203
4704.306152
4704.358887
4704.371094
4704.375000
4704.395020
4704.413086
4704.636230
4705.530762
4707.490234
4709.562012
4711.638184
4713.556152
4714.332031
4714.735840
4714.757812
4714.757812
4714.757812
4714.763184
4714.880859
4714.890137
4714.931152
4714.958984
4715.532227
4715.551758
4715.616211
4715.627930
4715.627930
4715.627930
4715.627930
4715.627930
4715.875000
4716.568848
4716.788086
4717.086914
4717.765137
4718.668945
4719.696777
4719.696777
4719.698242
4719.698242
4719.777832
4720.229980
4720.409180
4720.418945
4721.083984
4721.984863
4721.991211
4721.999023
4722.066895
4723.568848
4724.801758
4724.997070
4725.576172
4725.651855
4725.959961
4725.996094
4726.091797
4726.162109
4726.162109
4726.162109
4726.162109
4726.162109
4726.321777
4726.321777
4726.321777
4726.321777
4726.340820
4726.352051
4726.352051
4726.353027
4726.353027
4726.353027
4726.353027
4726.353027
4726.354980
4726.354980
4726.354980
4726.354980
4726.354980
4726.354980
4726.354980
4726.354980
4726.354980
4726.354980
4726.354980
4726.354980
4726.354980
4726.356934
4726.413086
4726.469238
4726.546875
4726.610840
4726.638184
4726.648926
4726.973145
4727.051758
4727.075195
4727.075195
4727.077148
4727.124023
4727.126953
4727.126953
4727.126953
4727.126953
4727.126953
4727.127930
4727.127930
4727.127930
4727.127930
4727.127930
4727.127930
4727.127930
4727.127930
4727.127930
4727.127930
4727.258789
4727.409180
4727.419922
4727.419922
4727.419922
4727.497070
4727.759766
4727.911133
4728.611816
4728.758789
4728.845215
4728.969238
4728.969238
4728.970215
4728.970215
4729.014160
4729.548828
4729.601074
4729.607910
4729.607910
4729.607910
4729.685059
4729.685059
4729.685059
4729.685059
4729.685059
4729.685059
4729.685059
4729.685059
4730.479980
4730.479980
4730.479980
4731.463867
4731.465820
4731.465820
4731.467773
4731.467773
4731.467773
4731.467773
4731.467773
4731.467773
4731.467773
4731.467773
4731.467773
4731.467773
4731.467773
4731.467773
4731.467773
4731.467773
4731.467773
4731.467773
4731.467773
4731.469238
4731.469238
4731.469238
4731.560059
4731.589844
4731.594238
4734.837891
4738.444824
4738.970215
4739.100098
4739.160156
4739.234863
4739.318848
4739.318848
4739.318848
4739.318848
4739.318848
4739.318848
4739.318848
4739.318848
4739.318848
4739.318848
4739.318848
4739.318848
4739.318848
4739.318848
4739.318848
4739.351074
4739.351074
4739.373047
4739.639160
4740.004883
4740.159180
4740.187988
4740.191895
4740.192871
4740.194824
4740.194824
4740.755859
4740.945801
4740.950195
4740.952148
4740.958984
4740.966797
4740.979980
4741.003906
4741.003906
4741.003906
4741.003906
4741.003906
4741.003906
4741.008789
4741.022949
4741.025879
4741.025879
4741.030762
4741.038086
4741.041016
4741.041992
4741.042969
4741.042969
4741.042969
4741.042969
4741.042969
4741.042969
4741.042969
4741.042969
4741.042969
4741.042969
4741.042969
4741.042969
4741.042969
4741.042969
4741.042969
4741.042969
4741.042969
4741.042969
4741.042969
4741.042969
4741.042969
4741.042969
4741.042969
4741.042969
4741.042969
4741.042969
4741.042969
4741.042969
4741.042969
4741.042969
4741.042969
4741.042969
4741.042969
4741.042969
4741.042969
4741.042969
4741.042969
4741.042969
4741.042969
4741.042969
4741.042969
4741.042969
4741.042969
4741.042969
4741.042969
4741.042969
4741.042969
4741.042969
4741.042969
4741.042969
4741.042969
4741.042969
4741.042969
4741.042969
4741.042969
4741.042969
4741.042969
4741.042969
4741.042969
4741.042969
4741.042969
4741.042969
4741.042969
4741.042969
4741.042969
4741.042969
4741.042969
4741.042969
4741.042969
4741.042969
4741.042969
4741.042969
4741.042969
4741.042969
4741.042969
4741.042969
4741.042969
4741.042969
4741.042969
4741.042969
4741.042969
4741.042969
4741.042969
4741.042969
4741.042969
4741.042969
4741.042969
4741.042969
4741.042969
4741.042969
4741.042969
4741.042969
4741.042969
4741.042969
4741.042969
4741.042969
4741.042969
4741.042969
4741.042969
4741.042969
4741.042969
4741.042969
4741.042969
4741.042969
4741.042969
4741.042969
4741.042969
4741.042969
4741.042969
4741.042969
4741.042969
4741.042969
4741.042969
4741.042969
4741.042969
4741.042969
4741.042969
4741.042969
4741.042969
4741.042969
4741.042969
4741.042969
4741.042969
4741.042969
4741.042969
4741.042969
4741.042969
4741.042969
4741.042969
4741.042969
4741.042969
4741.042969
4741.042969
4741.042969
4741.042969
4741.042969
4741.042969
4741.042969
4741.042969
4741.042969
4741.042969
4741.042969
4741.042969
4741.042969
4741.042969
4741.042969
4741.042969
4741.042969
4741.042969
4741.042969
4741.042969
4741.042969
4741.042969
4741.042969
4741.042969
4741.042969
4741.042969
4741.042969
4741.042969
4741.042969
4741.042969
4741.042969
4741.042969
4741.042969
4741.042969
4741.042969
4741.042969
4741.042969
4741.042969
4741.042969
4741.042969
4741.042969
4741.042969
4741.042969
4741.042969
4741.042969
4741.042969
4741.042969
4741.042969
4741.042969
4741.042969
4741.042969
4741.042969
4741.042969
4741.042969
4741.042969
4741.042969
4741.042969
4741.042969
4741.042969
4741.042969
4741.042969
4741.042969
4741.042969
4741.042969
4741.042969
4741.042969
4741.042969
4741.042969
4741.042969
4741.042969
4741.042969
4741.042969
4741.042969
4741.042969
4741.042969
4741.042969
4741.042969
4741.042969
4741.042969
4741.042969
4741.042969
4741.042969
4741.042969
4741.042969
4741.042969
4741.042969
4741.042969
4741.042969
4741.042969
4741.042969
4741.042969
4741.042969
4741.042969
4741.042969
4741.042969
4741.042969
4741.042969
4741.042969
4741.042969
4741.042969
4741.042969
4741.042969
4741.042969
4741.042969
4741.042969
4741.042969
4741.042969
4741.042969
4741.042969
4741.042969
4741.042969
4741.042969
4741.042969
4741.042969
4741.042969
4741.042969
4741.042969
4741.042969
4741.042969
4741.042969
4741.042969
4741.042969
4741.042969
4741.042969
4741.042969
4741.042969
4741.042969
4741.042969
4741.042969
4741.042969
4741.042969
4741.042969
4741.042969
4741.042969
4741.042969
4741.042969
4741.042969
4741.042969
4741.042969
4741.042969
4741.042969
4741.042969
4741.042969
4741.042969
4741.042969
4741.042969
4741.042969
4741.042969
4741.042969
4741.042969
4741.042969
4741.042969
4741.042969
4741.042969
4741.042969
4741.042969
4741.042969
4741.042969
4741.042969
4741.042969
4741.042969
4741.042969
4741.042969
4741.042969
4741.042969
4741.042969
4741.042969
4741.042969
4741.042969
4741.042969
4741.042969
4741.042969
4741.042969
4741.042969
4741.042969
4741.042969
4741.042969
4741.042969
4741.042969
4741.042969
4741.042969
4741.042969
4741.042969
4741.042969
4741.042969
4741.042969
4741.042969
4741.042969
4741.042969
4741.042969
4741.042969
4741.042969
4741.042969
4741.042969
4741.042969
4741.042969
