2.72582
2.95032
3.16419
3.39278
3.59532
3.79506
4.03539
4.26101
4.46733
4.66763
4.90111
5.12007
5.3345
5.55145
5.78901
6.0075
6.21068
6.41871
6.63753
6.87688
7.08802
7.31619
7.51434
7.74682
7.98249
8.18962
8.43561
8.6571
8.85206
9.07761
9.30816
9.53542
9.75032
9.95987
10.1473
10.3735
10.5963
10.7999
11.0004
11.2443
11.4466
11.6466
11.8847
12.0877
12.3192
12.558
12.76
12.967
13.1623
13.3858
13.6164
13.8061
14.0065
14.2597
14.4683
14.6658
14.8861
15.0846
15.2933
15.4897
15.6885
15.9197
16.1584
16.3938
16.6203
16.8139
17.0139
17.2578
17.4947
17.6982
17.9026
18.1292
18.3308
18.5661
18.7699
19.0036
19.2283
19.468
19.6575
19.8931
20.1252
20.3224
20.568
20.7661
20.9533
21.1842
21.4068
21.6344
21.8597
22.0827
22.3234
22.5502
22.784
22.9809
23.1898
23.3929
23.6222
23.8488
24.0511
24.2586
24.495
24.7223
24.9574
25.1905
25.3876
25.6272
25.8192
26.0596
26.2848
26.5131
26.7487
26.9737
27.172
27.3733
27.6037
27.8069
28.0032
28.2369
28.4699
28.6725
28.9025
29.1373
29.3706
29.5731
29.7784
30.0076
30.2084
30.4538
30.6847
30.8856
31.1156
31.3575
31.5863
31.8181
32.0257
32.2592
32.4563
32.6648
32.8853
33.1168
33.3213
33.5448
33.7738
33.9774
34.21
34.4257
34.6456
34.8437
35.0455
35.2808
35.5099
35.7469
35.9765
36.2069
36.4445
36.6446
36.878
37.1064
37.3066
37.5111
37.7437
37.9747
38.1825
38.4073
38.6427
38.8431
39.0465
39.2837
39.5142
39.7122
39.9143
40.1135
40.314
40.5182
40.7497
40.9493
41.152
41.3836
41.6129
41.814
42.0167
42.2208
42.4509
42.6537
42.8543
43.0598
43.2848
43.5175
43.7186
43.9586
44.1839
44.4163
44.6179
44.8506
45.0538
45.2586
45.4869
45.7158
45.9165
46.1179
46.3526
46.5849
46.8179
47.0522
47.2834
47.485
47.6877
47.9146
48.1214
48.3548
48.5626
48.7949
49.0214
49.2221
49.4218
49.663
49.8622
50.0596
50.2925
50.4937
50.6946
50.9225
51.1248
51.3601
51.5616
51.7953
52.0241
52.2244
52.4253
52.6567
52.891
53.096
53.3227
53.524
53.7625
53.9927
54.2242
54.4231
54.6282
54.8588
55.0892
55.3004
55.5294
55.7628
55.962
56.1649
56.3929
56.627
56.8293
57.0681
57.2975
57.5287
57.7282
57.9263
58.1314
58.3765
58.6052
58.8319
59.0701
59.2735
59.5009
59.7317
59.9337
60.1324
60.3694
60.5978
60.7964
60.9991
61.2272
61.4266
61.627
61.8299
62.0662
62.2664
62.4722
62.6961
62.9267
63.1284
63.3315
63.532
63.7686
63.9705
64.2063
64.4307
64.6321
64.8349
65.0662
65.2678
65.4687
65.6713
65.9072
66.1337
66.3722
66.6057
66.8284
67.0336
67.236
67.4666
67.6693
67.8703
68.0751
68.3043
68.506
68.7095
68.942
69.1761
69.408
69.6396
69.875
70.1077
70.3092
70.5364
70.7728
71.0079
71.2091
71.4372
71.639
71.8759
72.1036
72.3076
72.5401
72.7437
72.9444
73.176
73.3851
73.6058
73.8067
74.0082
74.2451
74.4752
74.7089
74.9406
75.1441
75.3752
75.5827
75.8103
76.0414
76.2422
76.4758
76.6795
76.9076
77.1088
77.3096
77.5126
77.7462
77.9482
78.1784
78.3842
78.6137
78.849
79.0889
79.3117
79.5126
79.7127
79.9425
80.1447
80.3482
80.5821
80.8099
81.0121
81.2127
81.4129
81.6458
81.8489
82.0543
82.2817
82.4829
82.6861
82.887
83.1147
83.3168
83.5172
83.7477
83.9823
84.1843
84.3879
84.6146
84.8148
85.0146
85.2232
85.4485
85.6833
85.8859
86.0848
86.3151
86.5173
86.7246
86.9592
87.1904
87.4213
87.6212
87.8219
88.0226
88.2523
88.4876
88.691
88.9208
89.1218
89.3218
89.5541
89.789
89.992
90.2215
90.4531
90.6937
90.9252
91.1246
91.3564
91.5604
91.7913
91.9926
92.1933
92.4245
92.6245
92.8574
93.0597
93.2905
93.4923
93.6963
93.8971
94.125
94.3253
94.557
94.7629
95.0021
95.2011
95.4288
95.663
95.8965
96.1042
96.3307
96.5617
96.7636
96.967
97.2018
97.4003
97.602
97.8315
98.0652
98.3019
98.5013
98.7287
98.9314
99.1374
99.3373
99.561
99.7634
99.9645
100.171
100.399
100.606
100.837
101.065
101.266
101.508
101.74
101.967
102.2
102.401
102.638
102.876
103.103
103.305
103.545
103.771
104.014
104.239
104.442
104.673
104.909
105.14
105.344
105.543
105.743
105.978
106.21
106.413
106.64
106.845
107.074
107.307
107.507
107.736
107.972
108.206
108.408
108.611
108.845
109.075
109.274
109.51
109.742
109.949
110.182
110.381
110.614
110.817
111.014
111.247
111.482
111.678
111.914
112.147
112.348
112.58
112.814
113.046
113.247
113.453
113.681
113.881
114.08
114.283
114.516
114.752
114.955
115.184
115.382
115.616
115.823
116.054
116.281
116.479
116.684
116.916
117.121
117.324
117.547
117.753
117.982
118.182
118.419
118.622
118.821
119.051
119.253
119.483
119.689
119.92
120.12
120.357
120.581
120.792
121.022
121.226
121.451
121.68
121.885
122.093
122.324
122.556
122.783
122.989
123.189
123.424
123.658
123.892
124.125
124.327
124.559
124.79
125.024
125.224
125.459
125.688
125.89
126.089
126.329
126.558
126.792
127.028
127.256
127.459
127.659
127.895
128.094
128.329
128.562
128.796
129.034
129.234
129.464
129.663
129.9
130.132
130.365
130.564
130.799
131.031
131.261
131.464
131.696
131.93
132.161
132.365
132.595
132.799
132.997
133.233
133.433
133.639
133.866
134.098
134.298
134.497
134.702
134.935
135.135
135.364
135.566
135.796
135.998
136.198
136.438
136.666
136.873
137.071
137.302
137.501
137.707
137.935
138.137
138.338
138.538
138.767
138.97
139.203
139.432
139.632
139.839
140.036
140.274
140.51
140.737
140.938
141.168
141.371
141.572
141.772
142.006
142.241
142.444
142.672
142.905
143.105
143.307
143.54
143.742
143.943
144.178
144.406
144.643
144.872
145.106
145.307
145.541
145.741
145.942
146.142
146.345
146.575
146.777
147.004
147.207
147.443
147.674
147.911
148.143
148.344
148.575
148.776
149.005
149.21
149.418
149.649
149.88
150.107
150.345
150.578
150.809
151.011
151.246
151.476
151.677
151.879
152.112
152.344
152.546
152.779
153.009
153.246
153.449
153.673
153.877
154.077
154.281
154.508
154.71
154.91
155.109
155.348
155.55
155.781
156.01
156.217
156.419
156.621
156.852
157.085
157.288
157.52
157.722
157.928
158.16
158.384
158.585
158.788
159.02
159.227
159.457
159.657
159.859
160.06
160.289
160.49
160.725
160.96
161.16
161.387
161.588
161.789
161.989
162.225
