0.202242
0.202311
0.202373
0.202438
0.202492
0.202550
0.202609
0.202675
0.202730
0.202793
0.206604
0.288960
0.457225
0.605170
0.752844
0.868000
0.943605
0.988601
1.018103
1.332414
1.681235
1.984968
2.135846
2.230683
2.296599
2.352292
2.429858
2.551989
2.688438
2.856100
2.998979
3.090131
3.131709
3.193185
3.280738
3.394381
3.502570
3.586911
3.664546
3.750289
3.820319
3.889805
3.973571
4.049195
4.138166
4.238785
4.319182
4.350738
4.401634
4.487543
4.582186
4.669420
4.785605
4.967770
5.146914
5.335654
5.555338
5.752880
5.971988
6.195695
6.401810
6.612172
6.813103
7.019453
7.241297
7.443361
7.651614
7.897258
8.130330
8.318388
8.489632
8.662367
8.804766
8.980062
9.105000
9.219394
9.326100
9.420302
9.476063
9.562612
9.698588
9.852885
10.074684
10.291453
10.521664
10.782817
11.025138
11.214815
11.410286
11.568895
11.711120
11.888502
12.103454
12.288696
12.465049
12.644175
12.864183
13.085108
13.263315
13.471985
13.735873
13.973327
14.191211
14.377319
14.520061
14.688979
14.866628
15.110416
15.358641
15.601000
15.846653
16.072174
16.253120
16.405704
16.536047
16.606525
16.650202
16.716633
16.829970
16.969130
17.175082
17.426943
17.706171
17.956739
18.196360
18.434684
18.609806
18.808972
19.014376
19.182462
19.344641
19.478905
19.604606
19.738708
19.868574
20.046326
20.228585
20.449551
20.729425
20.997353
21.216025
21.476149
21.743635
21.986732
22.263506
22.496414
22.654818
22.754374
22.921902
23.151506
23.428131
23.625645
23.896997
24.089939
24.111368
24.145928
24.178654
24.218925
24.228689
24.248649
24.263277
24.277163
24.296735
24.330727
24.360194
24.391173
24.430101
24.502922
24.514627
24.546552
24.552259
24.558875
24.563434
24.566054
24.569233
24.577504
24.584886
24.591598
24.601837
24.607775
24.614583
24.626587
24.635303
24.640300
24.643623
24.647049
24.666571
24.686294
24.691757
24.706300
24.717223
24.720858
24.728184
24.756619
24.769951
24.795162
24.835220
24.846013
24.851577
24.862029
24.877871
24.892576
24.910407
24.941262
24.985861
25.001955
25.014930
25.109660
25.190345
25.238458
25.274668
25.334402
25.344559
25.363906
25.377157
25.397017
25.416118
25.423711
25.429914
25.432307
25.439376
25.452061
25.469089
25.483261
25.488101
25.491939
25.509086
25.532032
25.572446
25.620349
25.633427
25.643501
25.681499
25.703418
25.716242
25.731965
25.744764
25.810565
25.849248
25.868095
25.881154
25.905869
25.962081
26.011509
26.023418
26.030479
26.049537
26.058373
26.061871
26.067452
26.074809
26.081579
26.091733
26.100277
26.105682
26.111123
26.121021
26.136313
26.151700
26.166891
26.177925
26.181407
26.190602
26.206891
26.217086
26.222529
26.229369
26.232764
26.281591
26.334111
26.345461
26.366475
26.406784
26.439373
26.469826
26.477654
26.489871
26.491754
26.497751
26.498948
26.502903
26.504031
26.506424
26.508733
26.511052
26.513032
26.515056
26.517955
26.519826
26.522259
26.524113
26.528383
26.530950
26.534024
26.536960
26.538450
26.540383
26.545762
26.547058
26.550933
26.558077
26.561715
26.564887
26.565384
26.568175
26.595041
26.634851
26.646746
26.648266
26.650316
26.652795
26.660088
26.663855
26.666851
26.669000
26.673789
26.689329
26.708435
26.719419
26.721696
26.727903
26.732332
26.746613
26.763328
26.768865
26.771259
26.779633
26.788791
26.797682
26.801148
26.808805
26.812611
26.813939
26.826066
26.827877
26.830163
26.834081
26.840016
26.841711
26.844125
26.847134
26.858989
26.894628
26.961150
26.973145
26.977375
26.982746
26.986371
26.990659
27.022167
27.037508
27.045348
27.047129
27.049960
27.051816
27.055578
27.057088
27.059080
27.061311
27.064481
27.065622
27.066589
27.068664
27.070283
27.072597
27.075754
27.077222
27.078965
27.081129
27.083006
27.083953
27.085654
27.087732
27.090723
27.093087
27.094980
27.096596
27.099716
27.101880
27.104251
27.106711
27.108281
27.113528
27.115299
27.117405
27.122595
27.124540
27.131619
27.147922
27.157199
27.160003
27.165250
27.170337
27.172724
27.175668
27.178617
27.183770
27.187867
27.189137
27.194197
27.196161
27.198800
27.200870
27.204763
27.207988
27.239309
27.264070
27.265854
27.270067
27.273272
27.277942
27.298360
27.409008
27.475840
27.479930
27.484736
27.502350
27.525042
27.534363
27.545895
27.551625
27.565035
27.637024
27.645887
27.714325
27.735344
27.759530
27.777518
27.785410
27.789475
27.800954
27.816603
27.825408
27.836287
27.862599
27.876861
27.885688
27.909581
27.931255
27.941382
27.950788
27.977904
28.011798
28.025070
28.068594
28.081164
28.106896
28.132879
28.150303
28.164572
28.185096
28.193996
28.199464
28.201366
28.206203
28.212796
28.313784
28.322214
28.336043
28.365213
28.389828
28.437657
28.451221
28.469804
28.506888
28.538503
28.549392
28.555751
28.567941
28.606996
28.634140
28.645087
28.648040
28.652246
28.672296
28.687735
28.690232
28.695993
28.706168
28.721856
28.780045
28.810508
28.823803
28.832589
28.857621
28.876766
28.894952
28.899424
28.905125
28.991510
29.009755
29.036350
29.060374
29.093993
29.118593
29.126930
29.128298
29.135035
29.141437
29.146888
29.151179
29.154250
29.167750
29.180747
29.190007
29.195404
29.200286
29.203250
29.207103
29.216130
29.224717
29.226389
29.229037
29.248092
29.274558
29.277387
29.286119
29.293049
29.306950
29.324664
29.335971
29.346030
29.363117
29.365227
29.379361
29.387747
29.392558
29.399025
29.403267
29.409450
29.416984
29.426391
29.433475
29.450873
29.464752
29.469524
29.474250
29.476843
29.480721
29.504771
29.518258
29.526673
29.535975
29.549677
29.553568
29.562065
29.569422
29.573702
29.595221
29.612896
29.631186
29.654158
29.672254
29.675657
29.680006
29.695902
29.703448
29.706358
29.708689
29.713765
29.719962
29.729678
29.734883
29.738835
29.744478
29.748448
29.757665
29.768303
29.788065
29.805931
29.825941
29.851537
29.883449
29.888425
29.897638
29.925278
29.978926
30.027554
30.066904
30.072758
30.075736
30.082517
30.088371
30.099106
30.112110
30.128172
30.136614
30.138430
30.141681
30.150436
30.169895
30.183490
30.190186
30.194572
30.212308
30.227990
30.242884
30.262270
30.277448
30.280765
30.287865
30.295983
30.305781
30.313653
30.317182
30.321101
30.329755
30.340308
30.341063
30.354617
30.366947
30.368796
30.373945
30.380029
30.381635
30.390198
30.392106
30.406866
30.419447
30.429375
30.442630
30.447502
30.450308
30.453863
30.457937
30.460410
30.466756
30.473139
30.478574
30.484215
30.493709
30.500079
30.503417
30.506440
30.511443
30.520035
30.529067
30.533491
30.536152
30.543528
30.554177
30.559014
30.577897
30.602334
30.612648
30.620732
30.623861
30.627054
30.639454
30.646248
30.651874
30.658050
30.667150
30.677109
30.686880
30.716098
30.749480
30.784311
30.790987
30.795326
30.805876
30.822091
30.867375
30.872034
30.924733
30.975901
31.002143
31.019100
31.036957
31.052092
31.063676
31.095967
31.126102
31.142253
31.154138
31.193220
31.234826
31.254217
31.262033
31.275019
31.280109
31.295787
31.314141
31.322578
31.344809
31.352060
31.354938
31.358762
31.361137
31.370837
31.373852
31.377564
31.382764
31.427767
31.477419
31.489853
31.497297
31.503631
31.506377
31.511151
31.513684
31.516800
31.519214
31.520464
31.521605
31.522245
31.524321
31.524979
31.526586
31.526923
31.528180
31.530255
31.531374
31.532509
31.534404
31.535009
31.535961
31.537336
31.538300
31.539912
31.540697
31.542125
31.542837
31.544688
31.546188
31.547463
31.548695
31.550335
31.551503
31.552396
31.552957
31.554999
31.556848
