1.046
1.04625
2.27315
2.80319
3.27306
3.79524
4.27355
4.7777
5.27695
5.78919
6.27716
6.77713
7.27697
7.77756
8.27784
8.7775
9.3084
9.77799
10.2814
10.7811
11.2824
11.781
12.2813
12.7815
13.2816
13.781
14.2809
14.7818
15.2938
15.7848
16.2852
16.7851
17.2854
17.7851
18.2857
18.7848
19.2886
19.7857
20.2893
20.7897
21.2894
21.7898
22.3235
22.7897
23.2893
23.7896
24.2897
24.7891
25.2899
25.7924
26.2936
26.7937
27.2927
27.793
28.2934
28.7926
29.2936
29.7938
30.2934
30.7975
31.2976
31.8182
32.2975
32.7972
33.297
33.7976
34.2979
34.7977
35.3009
35.8017
36.3016
36.8013
37.302
37.8018
38.3014
38.8016
39.3014
39.8031
40.3053
40.8057
41.3051
41.8051
42.3059
42.8052
43.3053
43.8053
44.3055
44.8057
45.309
45.8096
46.309
46.8099
47.3088
47.8088
48.3099
48.8138
49.3133
49.8133
50.3128
50.8129
51.3136
51.8137
52.3144
52.8131
53.3132
53.8177
54.3174
54.8173
55.3176
55.8179
56.3172
56.8173
57.3171
57.8182
58.3209
58.8209
59.3216
59.8208
60.321
60.821
61.3212
61.8208
62.3215
62.8217
63.3245
63.8254
64.3252
64.8258
65.3256
65.8258
66.3258
66.8257
67.3256
67.8265
68.3299
68.8321
69.3293
69.8292
70.33
70.8292
71.3295
71.8291
72.3293
72.8333
73.3331
73.8338
74.3332
74.8335
75.333
75.8329
76.3328
76.8338
77.3353
77.8374
78.3367
78.8376
79.3376
79.8372
80.3373
80.8377
81.3379
81.8414
82.3413
82.8415
83.3415
83.8415
84.3409
84.8408
85.3413
85.8415
86.3415
86.8451
87.3451
87.8453
88.3458
88.846
89.3452
89.8456
90.3454
90.8485
91.3495
91.8496
92.3496
92.8494
93.3499
93.8497
94.3496
94.8497
95.3491
95.8495
96.3532
96.8537
97.3528
97.8534
98.3537
98.8535
99.3538
99.856
100.358
100.858
101.357
101.858
102.357
102.858
103.358
103.862
104.362
104.862
105.361
105.861
106.361
106.861
107.362
107.862
108.365
108.866
109.366
109.866
110.365
110.866
111.365
111.865
112.366
112.865
113.366
113.869
114.369
114.87
115.37
115.869
116.37
116.869
117.369
117.87
118.371
118.873
119.373
119.873
120.373
120.873
121.373
121.873
122.373
122.875
123.378
123.877
124.377
124.877
125.378
125.877
126.377
126.878
127.377
127.881
128.381
128.882
129.382
129.882
130.381
130.882
131.382
131.881
132.385
132.886
133.385
133.886
134.386
134.886
135.386
135.886
136.386
136.889
137.389
137.89
138.389
138.889
139.389
139.89
140.389
140.89
141.39
141.894
142.393
142.894
143.393
143.893
144.394
144.894
145.393
145.893
146.398
146.898
147.397
147.898
148.397
148.897
149.398
149.897
150.398
150.901
151.401
151.902
152.401
152.902
153.401
153.902
154.401
154.901
155.406
155.906
156.405
156.906
157.406
157.906
158.405
158.905
159.407
159.91
160.41
160.91
161.41
161.909
