0.000000
0.000000
0.000000
41.647999
41.727001
41.756001
42.032001
42.049000
43.397999
49.221001
50.792000
51.410999
62.356998
73.625999
76.779999
85.249001
86.633003
87.073997
88.393997
90.290001
111.415001
127.198997
143.018005
153.876999
154.636002
155.242004
168.929001
176.753998
187.608994
192.360992
196.729004
200.649002
209.641998
222.457993
237.388000
259.709015
263.373993
265.221985
265.255005
265.816010
273.131989
284.201996
289.295013
292.976990
297.720001
301.899994
306.882996
311.561005
315.049988
317.975006
320.104004
320.417999
320.463989
320.472992
320.472992
320.472992
320.472992
321.445007
321.648010
321.792999
321.825989
321.843994
321.955994
322.117004
322.128998
322.128998
322.128998
322.128998
322.128998
322.128998
322.128998
322.128998
322.128998
322.128998
322.128998
322.128998
322.490997
322.493011
322.493011
322.493011
322.493011
322.493011
322.493011
322.493011
322.493011
322.493011
322.493011
322.493011
322.493011
322.493011
322.493011
322.493011
322.493011
322.493011
322.493011
322.556000
322.556000
322.556000
322.556000
322.556000
322.556000
322.556000
322.556000
322.556000
322.556000
322.556000
322.556000
322.556000
322.556000
322.556000
322.556000
322.556000
322.556000
322.556000
322.556000
322.556000
322.556000
322.556000
322.556000
322.556000
322.556000
322.556000
322.556000
322.556000
322.556000
322.556000
322.556000
322.556000
322.556000
322.556000
322.556000
322.556000
322.556000
322.556000
322.556000
322.556000
322.556000
322.556000
322.556000
322.556000
322.556000
322.556000
322.556000
322.556000
322.556000
322.556000
322.556000
322.556000
322.556000
322.556000
322.556000
322.556000
322.556000
322.556000
322.556000
322.556000
322.556000
322.556000
322.556000
322.556000
322.556000
322.556000
322.556000
322.556000
322.556000
322.556000
322.556000
322.556000
322.556000
322.556000
322.556000
322.556000
322.556000
322.556000
322.556000
322.556000
322.556000
322.556000
322.556000
322.556000
322.556000
322.556000
322.556000
322.556000
322.556000
322.556000
322.556000
322.556000
322.556000
322.556000
322.556000
322.556000
322.556000
322.556000
322.556000
322.556000
322.556000
322.556000
322.556000
322.556000
322.556000
322.556000
322.556000
322.556000
322.556000
322.556000
322.556000
322.556000
322.556000
322.556000
322.556000
322.556000
322.556000
322.556000
322.556000
322.556000
322.556000
322.556000
322.556000
322.556000
322.556000
322.556000
322.556000
322.556000
322.556000
322.556000
322.556000
322.556000
322.556000
322.556000
322.556000
322.556000
322.556000
322.556000
322.556000
322.556000
322.556000
322.556000
322.556000
322.556000
322.556000
322.556000
322.556000
322.556000
322.556000
322.556000
322.556000
322.556000
322.556000
322.556000
322.556000
322.556000
322.556000
322.556000
322.556000
322.556000
322.556000
322.556000
322.556000
322.556000
322.556000
322.556000
322.556000
322.556000
322.556000
322.556000
322.556000
322.556000
322.556000
322.556000
322.556000
322.556000
322.556000
322.556000
322.556000
322.556000
322.556000
322.556000
322.556000
322.556000
322.556000
322.556000
322.556000
322.556000
322.556000
322.556000
322.556000
322.556000
322.556000
322.556000
322.556000
322.556000
322.556000
322.556000
322.556000
322.556000
322.556000
322.556000
322.556000
322.556000
322.556000
322.556000
322.556000
322.556000
322.556000
322.556000
322.556000
322.556000
322.556000
322.556000
322.556000
322.556000
322.556000
322.556000
322.556000
322.556000
322.556000
322.556000
322.556000
322.556000
322.556000
322.556000
