0.000140417
0.00871508
0.0192647
0.000609288
0.0153304
0.000898544
0.00201049
0.00230711
0.000953733
0.00121274
0.00120893
0.00104564
0.00420603
0.00138468
0.00153199
0.00120957
0.00288021
0.002804
0.00108461
0.00733473
0.000973984
0.000880505
0.00107441
0.00105645
0.00076658
0.000836823
0.00355205
0.00224582
0.00216347
0.00253427
0.00205297
0.00400534
0.00385939
0.00521846
0.00410986
0.00120225
0.00855769
0.00799374
0.00293821
0.00286549
0.00780209
0.000839997
0.00162262
0.00659745
0.00471282
0.00157624
0.00125077
0.00108354
0.000937164
0.000449619
0.000468203
0.00526375
0.00239086
0.00211653
0.000836024
0.000336529
0.000765362
0.00115466
0.00038336
0.000462792
0.000413565
0.00106369
0.0197224
0.00040869
0.000621605
0.00425587
0.000901199
0.00196249
0.00080039
0.00161993
0.015042
0.000520011
0.00534726
0.00271384
0.00066381
0.00135104
0.000650086
0.00340782
0.000936344
0.00100383
0.00446193
0.000470087
0.00103417
0.000928463
0.00101142
0.00503948
0.000592872
0.00132876
0.00277883
0.00193563
0.00320196
0.00087915
0.000860295
0.000887102
0.00193248
0.00561584
0.000950797
0.000997564
0.000950995
0.000961775
0.0127437
0.00262899
0.00345826
0.000917488
0.00316253
0.00341591
0.000935087
0.000660956
0.00032056
0.00400497
0.000511632
0.0051652
0.000563673
0.0134388
0.00220464
0.013644
0.000584399
0.00441302
0.010009
0.00152958
0.000759505
0.000842865
0.00175013
0.00074894
0.00177567
0.00241619
0.00188498
0.000857594
0.004028
0.0024667
0.00188642
0.00101478
0.00226869
0.000932808
0.000903238
0.0015784
0.0015431
0.000668188
0.00444091
0.00774297
0.0051818
0.00712838
0.00421714
0.0041337
0.00413347
0.00551265
0.008062
0.004115
0.00436137
0.00417492
0.00418814
0.00574937
0.00488002
0.00597548
0.00725055
0.00420659
0.00938387
0.0073961
0.00413333
0.005295
0.00677119
0.00676297
0.0108564
0.00707371
0.00658808
0.0105658
0.00808092
0.00991184
0.00416556
0.00422219
0.00911956
0.00540625
0.00653507
0.00740525
0.00417304
0.007994
0.00820051
0.00474098
0.00956575
0.00423574
0.00457148
0.0088001
0.00844335
0.00618948
0.00968209
0.00436485
0.00759179
0.00872598
0.00409377
0.0086218
0.00419296
0.0057174
0.00454974
0.00964958
0.00573922
0.00778147
0.00548373
0.00411799
0.0107804
0.0110038
0.00408922
0.00405356
0.00545473
0.00743588
0.0110731
0.00753717
0.0077428
0.0060866
0.00929494
0.00811423
0.00685322
0.004409
0.00492545
0.00415414
0.00908467
0.00403408
0.00513088
0.00868833
0.00425582
0.00889738
0.00552205
0.00409171
0.00641309
0.00545384
0.00412949
0.00796611
0.0106547
0.00672796
0.00469995
0.00935524
0.00556178
0.0053414
0.00867641
0.00495833
0.00874775
0.00464824
0.00774626
0.00889695
0.00731977
0.00595703
0.0114349
0.00416903
0.00422228
0.0113135
0.00863335
0.00405828
0.0134158
0.0132036
0.00954142
0.00573228
0.00880183
0.00409613
0.00770495
0.00905579
0.00587422
0.00551786
0.00915435
0.00558509
0.0105178
0.00985177
0.00646011
0.00652479
0.00420617
0.00682998
0.0042013
0.00990652
0.0090548
0.0057131
0.00926404
0.00412594
0.009694
0.0107804
0.00636158
0.00413009
0.00804284
0.00822438
0.00943142
0.00462346
0.0085673
0.0100531
0.00471224
0.00982888
0.00430668
0.00558344
0.00412735
0.00557872
0.00488255
0.00811965
0.00414828
0.0043421
0.00521226
0.00464371
0.00661514
0.00959848
0.00414587
0.00729389
0.00416716
0.00741916
0.00853136
0.00410057
0.00812834
0.00412118
0.0041865
0.0119944
0.00408097
0.0045765
0.011553
0.00684629
0.00529173
0.00601946
0.00999432
0.00551056
0.00967076
0.00518118
0.00573493
0.004108
0.00427589
0.00463679
0.0086034
0.00570915
0.00877128
0.00489629
0.00416573
0.00796379
0.00407986
0.00421508
0.00557513
0.00540737
0.00613386
0.00890913
0.00435776
0.0111796
0.00739107
0.00598238
0.0123684
0.00600051
0.00411648
0.00875858
0.00546398
0.00976277
0.00947532
0.00415753
0.00894177
0.00839525
0.00506423
0.0102245
0.00432171
0.00430884
0.010738
0.00781821
0.00586412
0.00448393
