9.62444
12.4418
22.3857
22.3993
23.2364
23.253
23.2745
23.2952
25.8458
25.8576
25.8775
25.898
27.6253
27.6423
27.6616
27.6815
29.391
30.2275
30.2452
40.0482
40.062
40.0822
40.1018
40.1213
40.2775
40.297
40.3203
40.3386
40.3591
40.3792
40.3985
40.421
40.4402
40.4619
40.5024
40.5134
40.5426
40.5605
40.5751
45.9152
52.1608
54.9809
55.0022
59.5511
59.749
59.7663
65.7898
65.8022
65.8209
65.8406
65.8511
71.8181
71.8344
71.8548
71.8729
72.0611
72.0726
72.0935
72.2612
72.2731
72.4948
72.5153
75.5361
75.5494
78.3451
78.5841
78.601
78.6223
78.6413
78.6624
78.696
80.737
80.7618
80.7796
80.9578
81.19
86.0538
86.0764
86.2536
86.2735
86.6895
88.2158
88.2299
88.2412
88.2613
88.2853
88.3011
88.3222
88.3434
88.3628
88.4052
88.417
88.4368
88.4569
88.4783
88.5023
95.202
95.2216
95.2415
95.261
95.2935
95.311
95.904
95.9215
95.9434
98.6602
98.677
98.697
99.9254
100.169
100.185
105.77
105.785
107.918
107.935
117.466
120.845
120.869
132.439
132.45
132.47
132.489
132.51
132.529
165.878
165.899
165.919
165.938
190.62
190.639
200.214
200.233
200.255
200.45
200.47
200.49
200.511
202.809
219.565
219.589
219.606
219.628
219.645
219.665
219.686
219.708
219.73
219.759
219.779
219.798
219.819
219.84
219.86
219.881
219.902
219.919
219.945
219.963
219.988
220.005
220.027
220.047
220.071
220.087
220.107
220.131
220.149
220.171
220.189
220.205
220.23
220.246
220.268
220.287
220.305
220.329
220.349
220.366
220.391
220.419
220.433
220.458
220.478
220.495
220.518
220.533
220.556
220.577
220.593
220.617
220.649
220.667
220.685
220.711
220.727
220.749
220.766
220.785
220.812
220.839
220.875
220.888
220.911
220.932
220.955
220.972
220.992
221.01
221.034
221.053
221.072
221.095
221.111
221.131
221.156
221.171
221.193
221.216
221.231
221.256
221.273
221.305
221.321
221.34
221.359
221.387
221.418
221.434
221.453
221.477
221.493
221.512
221.535
221.552
221.576
221.592
221.616
221.637
221.655
221.674
221.7
221.724
221.74
221.767
221.792
221.808
221.838
221.868
221.893
221.909
221.932
221.95
221.971
221.991
222.008
222.027
222.051
222.068
222.093
222.112
222.129
222.149
222.179
222.202
222.22
222.246
222.264
222.281
222.305
222.321
222.345
222.367
222.383
222.399
222.424
222.445
222.466
222.481
222.505
222.527
222.541
222.566
222.581
222.602
222.633
222.65
222.669
222.693
222.709
222.729
222.75
222.769
222.791
222.813
222.832
222.852
222.868
222.892
222.914
222.929
222.952
222.969
222.989
223.017
223.033
223.049
223.076
223.103
223.122
223.142
223.166
223.182
223.207
223.222
223.242
223.261
223.281
223.301
223.325
223.342
223.365
223.382
223.401
223.425
223.44
223.468
223.49
223.509
223.53
223.553
223.568
223.595
223.611
223.63
223.657
223.677
223.693
223.718
223.734
223.758
223.778
223.792
223.818
223.837
223.854
223.879
223.896
223.913
223.94
223.965
223.985
224.001
