8.0323
9.64724
11.3147
12.4539
14.2052
15.2565
16.3176
18.1095
18.304
18.7337
18.9822
19.1741
20.2423
21.103
21.5257
22.1706
22.4314
22.5934
23.316
23.4754
25.1584
25.6184
25.9188
27.7032
29.4048
30.2694
30.466
32.1959
33.8527
34.1078
35.4073
35.6368
37.4013
38.5094
40.1426
40.6
42.4401
44.1743
45.935
46.8
48.2868
50.0813
50.9059
52.1736
53.0254
54.787
55.022
56.7159
58.4071
59.5654
59.7877
61.5264
63.2603
64.9704
65.8653
67.518
68.385
70.0548
71.894
72.116
72.2938
72.5478
74.2332
75.5646
76.6299
78.3668
78.7119
79.2436
80.8009
80.9779
81.2132
82.7111
84.5084
86.0957
86.2964
86.707
88.5284
90.3651
92.1432
93.8691
94.094
95.3296
95.9617
96.9525
98.7201
99.4956
99.951
100.206
101.861
103.583
105.152
105.365
105.806
107.47
107.946
109.578
110.606
112.329
113.428
115.191
116.987
117.235
117.481
119.158
120.653
120.887
122.585
124.371
124.995
125.434
125.89
126.326
128.026
129.157
129.357
129.593
131.319
132.23
132.554
134.183
135.906
136.135
137.899
138.382
140.168
141.502
141.971
143.672
144.161
144.854
146.542
146.977
147.213
148.89
150.686
152.428
154.179
156.364
158.067
159.785
160.428
162.21
163.474
165.278
165.48
165.959
167.587
168.273
170.018
171.821
173.549
175.266
177.033
178.69
180.456
182.2
183.975
185.693
187.62
189.37
190.654
192.314
193.209
194.318
195.667
197.44
197.627
199.357
199.983
200.274
200.534
202.194
202.835
204.596
206.361
208.142
209.896
211.559
213.261
214.993
216.774
218.501
