0.00446997
0.0024625
0.00171104
0.00193736
0.0321644
0.0010374
0.00445284
0.0251
0.0131708
0.013433
0.0180679
0.00130188
0.0138376
0.00616884
0.0013086
0.00162402
0.00987752
0.00459475
0.0028812
0.00272406
0.00153222
0.00128584
0.00206803
0.00269582
0.00461426
0.00489031
0.0012061
0.00369383
0.00432936
0.0029325
0.00238247
0.00453613
0.000687793
0.00445608
0.00169342
0.00724172
0.00167031
0.0131699
0.00245358
0.0180365
0.00174694
0.0090212
0.000678259
0.000921984
0.00928414
0.0184673
0.00157984
0.0112084
0.00324097
0.00104809
0.00321755
0.00621818
0.0124767
0.0195131
0.00451602
0.00993679
0.00473366
0.00185328
0.00177872
0.00341418
0.00139629
0.0128908
0.000664288
0.00215947
0.0176364
0.00210154
0.00303672
0.00292797
0.00421188
0.00172441
0.0048486
0.0147459
0.0164002
0.00329264
0.00347153
0.00277871
0.0120535
0.0205502
0.00609956
0.000803817
0.00523931
0.00128031
0.00141321
0.0152295
0.00374877
0.00657698
0.00612406
0.00151178
0.00450267
0.00292295
0.00288681
0.0051111
0.00118781
0.0048485
0.00151977
0.00914045
0.00995449
0.000653125
0.00650555
0.00836176
0.00201061
0.0149481
0.00114913
0.00540239
0.00100162
0.00289114
0.000786156
0.00653011
0.00684141
0.00611836
0.00113656
0.0096067
0.00113505
0.00146159
0.00443878
0.000836532
0.00640713
0.00553846
0.00602183
0.00692081
0.00605745
0.00625759
0.00188224
0.0129679
0.00333878
0.00145127
0.0107413
0.00287091
0.0163219
0.0019696
0.000772178
0.00466387
0.00501568
0.00149591
0.00602022
0.00355344
0.0093342
0.00330016
0.00225734
0.00115547
0.0110678
0.00128902
0.00123939
0.00196073
0.00370213
0.00147028
0.00253604
0.0081849
0.00936388
0.00869221
0.00511186
0.00477394
0.00539231
0.00910293
0.00733991
0.0112931
0.0224515
0.00498232
0.00806054
0.00487304
0.00500377
0.00162878
0.00432846
0.00181341
0.0104675
0.0185574
0.00582513
0.0170489
0.00699695
0.00181747
0.00542006
0.00623948
0.006348
0.00595895
0.00632153
0.00503433
0.00805222
0.00658423
0.0047501
0.00417568
0.00216019
0.00427044
