2.85313
3.0477
3.27908
3.48353
3.71507
3.91874
4.12359
4.33721
4.52897
4.73903
4.96176
5.20506
5.40444
5.61939
5.85227
6.07445
6.27393
6.51529
6.7445
6.97569
7.18129
7.38136
7.62499
7.85817
8.0817
8.2867
8.52525
8.72774
8.96605
9.1939
9.37357
9.61243
9.85618
10.0532
10.2577
10.4779
10.6693
10.8681
11.065
11.3006
11.5161
11.7113
11.9409
12.1862
12.4212
12.6213
12.8564
13.0588
13.24
13.4793
13.7309
13.9363
14.1613
14.3474
14.5911
14.8429
15.0378
15.236
15.4364
15.6695
15.8729
16.1029
16.3003
16.5356
16.7771
16.9667
17.198
17.4327
17.6357
17.8454
18.0744
18.28
18.4805
18.708
18.9469
19.157
19.3519
19.5477
19.7797
19.9885
20.2165
20.4432
20.6461
20.8553
21.0858
21.2822
21.5106
21.7168
21.9512
22.1564
22.3553
22.5791
22.7816
22.9779
23.2111
23.4493
23.6453
23.8377
24.0656
24.2724
24.5003
24.7093
24.9381
25.1467
25.3693
25.6015
25.8316
26.0662
26.2996
26.5343
26.7369
26.9415
27.1698
27.3752
27.6083
27.8437
28.0751
28.3036
28.5059
28.7063
28.9393
29.1732
29.3719
29.6114
29.8138
30.014
30.2116
30.4514
30.6478
30.8789
31.1117
31.3131
31.5108
31.751
31.9538
32.1757
32.3781
32.5837
32.8107
33.0101
33.208
33.4053
33.6429
33.8379
34.0925
34.2953
34.5157
34.7515
34.9595
35.1952
35.3949
35.6209
35.8306
36.0597
36.2557
36.4848
36.7124
36.9602
37.1564
37.3894
37.6046
37.8357
38.0334
38.2517
38.4923
38.6942
38.9145
39.1529
39.3585
39.5946
39.839
40.028
40.2667
40.4982
40.6942
40.9243
41.1164
41.3229
41.5612
41.7624
41.9672
42.1908
42.4243
42.6518
42.8867
43.0869
43.2856
43.4933
43.7185
43.9501
44.1506
44.3644
44.589
44.801
45.0045
45.2083
45.4379
45.6683
45.9014
46.1375
46.3472
46.5441
46.772
46.9828
47.2126
47.4505
47.6475
47.8474
48.0575
48.2653
48.4704
48.6984
48.9325
49.1522
49.3782
49.5875
49.8241
50.058
50.2606
50.4535
50.6636
50.887
51.0991
51.293
51.4964
51.73
51.9325
52.1354
52.365
52.5952
52.8005
53.0042
53.2363
53.4656
53.6893
53.8878
54.1279
54.3247
54.5396
54.7565
54.9699
55.1694
55.3937
55.5996
55.7924
56.0212
56.2618
56.4947
56.6919
56.887
57.125
57.3341
57.5707
57.7721
57.9626
58.1705
58.3907
58.629
58.8298
59.0585
59.2949
59.5239
59.7305
59.9684
60.1658
60.3996
60.6327
60.8647
61.1021
61.2988
61.5034
61.6964
61.9376
62.132
62.36
62.5963
62.8028
63.0325
63.2354
63.4379
63.6376
63.8681
64.0628
64.2588
64.4577
64.6891
64.9315
65.1351
65.3396
65.541
65.7723
66.002
66.2365
66.438
66.6454
66.8813
67.0597
67.2922
67.4964
67.7319
67.9452
68.1471
68.3708
68.5756
68.7957
69.003
69.203
69.3961
69.6336
69.8352
70.0344
70.233
70.4744
70.7013
70.9009
71.1379
71.3795
71.6023
71.8029
72.0503
72.2513
72.4777
72.7095
72.9547
73.1856
73.3982
73.5929
73.8006
74.0005
74.2229
74.4272
74.6325
74.8337
75.0328
75.2718
75.5055
75.7398
75.9762
76.1749
76.3725
76.6009
76.8
76.9953
77.2345
77.4252
77.6698
77.8931
78.0929
78.3326
78.5682
78.7693
78.9935
79.2298
79.4286
79.6585
79.8701
80.0698
80.3042
80.5244
80.7271
80.9455
81.1761
81.3761
81.6067
81.8066
82.0136
82.2422
82.4459
82.6847
82.8873
83.1218
83.343
83.5803
83.8049
84.0104
84.2413
84.4729
84.6788
84.9
85.1292
85.3714
85.6023
85.8299
86.0332
86.2356
86.4351
86.6718
86.8675
87.1053
87.3266
87.5348
87.7408
87.9807
88.1887
88.4001
88.5942
88.8065
89.0374
89.2422
89.4512
89.6794
89.885
90.1033
90.3311
90.5684
90.8067
91.0489
91.2491
91.4843
91.6798
91.9203
92.1191
92.3554
92.5663
92.7669
92.9679
93.1886
93.418
93.6194
93.8576
94.071
94.2979
94.5063
94.75
94.9514
95.1847
95.4201
95.6462
95.8907
96.0869
96.3103
96.5168
96.728
96.9251
97.164
97.3912
97.5912
97.7963
98.0077
98.2046
98.4143
98.6459
98.8456
99.0535
99.2466
99.4772
99.6768
99.912
100.153
100.35
100.545
100.729
100.96
101.215
101.443
101.637
101.842
102.068
102.312
102.547
102.726
102.926
103.127
103.361
103.561
103.793
104.023
104.228
104.466
104.698
104.937
105.135
105.34
105.532
105.755
105.984
106.183
106.387
106.625
106.822
107.049
107.263
107.453
107.658
107.893
108.091
108.294
108.514
108.714
108.908
109.104
109.308
109.54
109.741
109.941
110.17
110.377
110.581
110.801
111.026
111.226
111.463
111.691
111.895
112.127
112.315
112.545
112.75
112.984
113.203
113.409
113.608
113.849
114.077
114.279
114.508
114.709
114.94
115.158
115.382
115.608
115.812
116.051
116.287
116.518
116.774
116.975
117.21
117.442
117.682
117.911
118.109
118.305
118.519
118.733
118.939
119.14
119.347
119.579
119.776
120.014
120.216
120.439
120.635
120.831
121.058
121.273
121.481
121.705
121.941
122.138
122.366
122.574
122.803
123.007
123.237
123.477
123.684
123.909
124.111
124.352
124.55
124.784
124.978
125.219
125.412
125.646
125.876
126.073
126.306
126.511
126.747
126.945
127.147
127.379
127.579
127.808
128.016
128.24
128.43
128.661
128.901
129.138
129.337
129.581
129.811
130.035
130.233
130.442
130.636
130.867
131.099
131.303
131.539
131.739
131.981
132.214
132.419
132.646
132.889
133.087
133.317
133.514
133.744
133.937
134.163
134.368
134.606
134.84
135.053
135.247
135.449
135.678
135.891
136.118
136.356
136.589
136.799
137.027
137.248
137.462
137.687
137.887
138.128
138.352
138.59
138.814
139.021
139.253
139.488
139.72
139.924
140.154
140.388
140.595
140.816
141.021
141.255
141.489
141.719
141.947
142.154
142.39
142.584
142.788
142.994
143.224
143.42
143.656
143.894
144.132
144.365
144.601
144.836
145.061
145.266
145.493
145.703
145.897
146.098
146.297
146.531
146.766
146.962
147.198
147.415
147.653
147.851
148.051
148.254
148.473
148.67
148.878
149.11
149.314
149.546
149.749
149.97
150.203
150.432
150.667
150.871
151.071
151.285
151.503
151.738
151.952
152.169
152.413
152.607
152.837
153.047
153.265
153.461
153.694
153.929
154.155
154.357
154.591
154.799
155.026
155.225
155.461
155.69
155.888
156.1
156.346
156.55
156.785
157.014
157.247
157.451
157.65
157.861
158.055
158.285
158.499
158.698
158.909
159.132
159.334
159.546
159.772
159.969
160.197
160.404
160.625
160.855
161.085
161.318
161.559
161.759
161.968
162.198
162.392
162.596
162.799
163.029
163.23
163.463
163.659
163.892
164.091
164.331
164.569
164.799
165.032
165.266
165.461
165.659
165.859
166.062
166.268
166.472
166.702
166.932
167.146
167.375
167.575
167.81
168.042
168.246
168.472
168.678
168.88
169.118
169.328
169.549
169.776
169.994
170.224
170.424
170.651
170.88
171.113
171.333
171.571
171.8
172.031
172.232
172.427
172.654
172.887
173.097
173.332
173.535
173.765
174.004
174.211
174.426
174.618
174.853
175.052
175.25
175.487
175.719
175.946
176.15
176.383
176.577
176.81
177.016
177.215
177.409
177.607
177.81
178.032
178.234
178.471
178.665
178.915
179.135
179.341
179.572
179.775
180.005
180.22
180.431
180.66
180.871
181.08
181.277
181.516
181.745
181.977
182.175
182.401
182.631
182.858
183.068
183.299
183.504
183.702
183.938
184.144
184.368
184.597
184.84
185.044
185.251
185.473
185.676
185.91
186.113
186.311
186.548
186.748
186.943
187.144
187.376
187.581
187.803
188.001
188.233
188.461
188.69
188.914
189.114
189.344
189.552
189.75
189.986
190.188
190.387
190.602
190.85
191.046
191.273
191.471
191.709
191.903
192.109
192.301
192.533
192.728
192.967
193.194
193.425
193.622
193.86
194.065
194.297
194.53
194.737
194.97
195.212
195.437
195.643
195.871
196.112
196.348
196.544
196.769
196.972
197.178
197.41
197.606
197.812
198.043
198.272
198.511
198.71
198.923
199.12
199.326
199.554
199.758
199.96
200.2
200.438
200.632
200.865
201.064
201.277
201.501
201.702
201.937
202.166
202.365
202.592
202.799
202.999
203.234
203.437
203.675
203.89
204.104
204.341
204.567
204.774
205.003
205.238
205.441
205.672
205.874
206.109
206.342
206.545
206.75
206.982
207.185
207.414
207.648
207.882
208.113
208.325
208.521
208.761
208.991
209.228
209.437
209.666
209.873
210.078
210.302
210.496
210.731
210.938
211.133
211.333
211.543
211.742
211.939
212.169
212.374
212.607
212.803
213.042
213.245
213.47
213.67
213.901
214.109
214.341
214.548
214.779
214.978
215.21
215.421
215.62
215.858
216.09
216.323
216.545
216.752
216.99
217.186
217.393
217.633
217.864
218.06
218.257
218.487
218.681
218.914
219.12
219.32
219.55
219.755
219.984
220.185
220.415
220.645
220.871
221.09
221.3
221.507
221.72
221.946
222.174
222.395
222.628
222.828
223.028
223.257
223.464
223.671
223.892
