1.07467
1.0748
2.49608
3.03541
3.50069
4.01144
4.50048
4.9999
5.50015
5.99989
6.51534
7.00047
7.50028
8.00342
8.52556
9.00482
9.50494
10.0048
10.5041
11.0041
11.5164
12.0049
12.5042
13.0048
13.5063
14.0082
14.5081
15.0379
15.508
16.0089
16.5357
17.0087
17.509
18.0086
18.5126
19.0122
19.5478
20.0126
20.5127
21.012
21.5257
22.0125
22.5167
23.0163
23.5161
24.0171
24.5166
25.0168
25.5163
26.0167
26.5347
27.0203
27.5203
28.0207
28.5211
29.0206
29.5208
30.0208
30.5206
31.021
31.5208
32.0221
32.5232
33.0244
33.5248
34.0247
34.5242
35.0249
35.5245
36.0251
36.5244
37.025
37.5248
38.0336
38.529
39.0283
39.5282
40.0285
40.5283
41.0281
41.5289
42.0281
42.5313
43.032
43.5325
44.0327
44.532
45.0318
45.5322
46.0325
46.5444
47.0365
47.5357
48.0578
48.5365
49.0364
49.5368
50.0581
50.5365
51.0364
51.5361
52.037
52.5381
53.0405
53.5402
54.0406
54.5409
55.0403
55.5401
56.0407
56.5416
57.0406
57.5709
58.0449
58.5444
59.0445
59.5511
60.0443
60.5442
61.0452
61.544
62.045
62.5443
63.0446
63.5484
64.0483
64.5489
65.0484
65.5489
66.0492
66.5479
67.0501
67.5524
68.053
68.5524
69.053
69.5526
70.0549
70.5523
71.0528
71.5528
72.0532
72.5551
73.0562
73.5569
74.0571
74.5567
75.0567
75.5563
76.0567
76.5567
77.0567
77.5567
78.0566
78.5684
79.0604
79.5604
80.07
80.5605
81.0606
81.5606
82.0644
82.5653
83.0644
83.5805
84.0642
84.5644
85.0649
85.5733
86.0645
86.5642
87.0645
87.5641
88.0679
88.5942
89.0681
89.569
90.0689
90.5689
91.0684
91.5688
92.069
92.5683
93.0728
93.5731
94.0724
94.5726
95.0718
95.5724
96.0872
96.5729
97.0725
97.5917
98.0722
98.5767
99.077
99.5764
100.077
100.577
101.077
101.576
102.082
102.577
103.08
103.583
104.08
104.581
105.08
105.58
106.081
106.581
107.08
107.58
108.092
108.585
109.084
109.584
110.084
110.585
111.085
111.586
112.088
112.589
113.088
113.589
114.088
114.588
115.09
115.592
116.093
116.593
117.093
117.593
118.109
118.598
119.092
119.607
120.092
120.592
121.093
121.593
122.093
122.593
123.096
123.596
124.111
124.596
125.097
125.597
126.097
126.597
127.097
127.601
128.1
128.6
129.1
129.601
130.1
130.601
131.101
131.601
132.104
132.604
133.105
133.604
134.104
134.606
135.105
135.605
136.118
136.605
137.105
137.608
138.129
138.608
139.109
139.609
140.108
140.608
141.108
141.609
142.109
142.609
143.11
143.612
144.133
144.613
145.112
145.612
146.113
146.613
147.113
147.653
148.117
148.616
149.116
149.617
150.117
150.617
151.116
151.617
152.117
152.617
153.117
153.617
154.117
154.621
155.121
155.621
156.12
156.621
157.121
157.65
158.12
158.623
159.132
159.625
160.125
160.625
161.124
161.625
162.124
162.625
163.125
163.625
164.125
164.629
165.128
165.628
166.128
166.628
167.146
167.629
168.129
168.629
169.129
169.633
170.132
170.633
171.133
171.632
172.133
172.632
173.133
173.633
174.133
174.635
175.136
175.637
176.151
176.637
177.136
177.636
178.136
178.636
179.137
179.64
180.14
180.66
181.14
181.641
182.14
182.641
183.144
183.644
184.145
184.645
185.144
185.644
186.144
186.644
187.144
187.644
188.144
188.645
189.145
189.648
190.148
190.654
191.149
191.648
192.149
192.649
193.148
193.648
194.148
194.652
195.153
195.653
196.152
196.653
197.178
197.653
198.153
198.653
199.152
199.652
200.156
200.656
201.156
201.657
202.166
202.657
203.156
203.675
204.157
204.659
205.161
205.66
206.16
206.662
207.165
207.664
208.164
208.664
209.164
209.667
210.164
210.664
211.164
211.664
212.17
212.664
213.165
213.67
214.164
214.665
215.166
215.669
216.169
216.669
217.186
217.668
218.169
218.681
219.168
219.67
220.189
220.672
221.175
221.676
222.179
222.677
223.182
223.677
