7.86826
10.3985
12.8054
12.8172
12.8374
12.8675
12.8779
12.8963
14.145
24.0601
24.9303
27.3775
27.3976
27.4175
27.438
28.469
28.489
28.5098
28.5285
34.6049
34.6253
35.2454
36.5734
39.816
40.2596
40.2729
40.2926
40.4961
49.0396
49.2247
49.2372
49.2575
49.6208
49.6408
49.6614
49.6805
49.7004
49.7201
49.7412
52.2258
52.2378
58.0694
58.0943
59.8886
65.0283
65.4724
65.4849
65.5051
67.0014
67.0229
67.0438
67.066
67.4529
67.4687
67.4812
72.3828
72.3925
72.6019
72.6187
72.6394
72.6592
72.6798
72.7024
72.8
72.8205
78.93
85.9646
86.1815
89.0913
89.1021
95.7879
95.8087
102.736
102.758
102.777
107.958
111.049
120.546
123.645
127.277
127.297
127.316
127.328
127.344
127.356
129.005
134.205
141.016
146.549
146.568
146.586
162.913
162.925
162.946
162.965
162.985
171.9
230.255
230.277
230.296
230.315
230.338
230.359
230.376
230.398
230.415
230.44
230.458
230.481
230.5
230.519
230.539
230.563
230.579
230.602
230.625
230.65
230.676
230.695
230.719
230.734
230.758
230.776
230.795
230.82
230.848
230.881
230.905
230.922
230.946
230.963
230.984
231.007
231.035
231.066
231.083
231.107
231.123
231.145
231.166
231.183
231.203
231.225
231.243
231.268
231.297
231.332
231.353
231.373
231.398
231.429
231.446
231.466
231.49
231.506
231.528
231.552
231.57
231.592
231.614
231.63
231.655
231.681
231.7
231.721
231.74
231.759
231.784
231.802
231.823
231.845
231.864
231.882
231.907
231.923
231.945
231.969
231.994
232.011
232.033
232.05
232.072
232.095
232.121
232.14
232.162
232.181
232.202
232.228
232.247
232.268
232.29
232.307
232.327
232.354
232.379
232.395
232.418
232.435
232.455
232.477
232.494
232.517
232.537
232.557
232.578
232.597
232.616
232.64
232.674
232.695
232.711
232.738
232.76
232.779
232.803
232.819
232.842
232.861
232.886
232.909
232.928
232.947
232.967
232.986
233.007
233.028
233.051
233.076
233.1
233.132
233.157
233.176
233.195
233.218
233.235
233.255
233.277
233.295
233.319
233.358
233.378
233.396
233.415
233.437
233.455
233.477
233.502
233.534
233.561
233.59
233.607
233.635
233.657
233.675
233.698
233.72
233.747
233.771
233.79
233.807
233.83
233.847
233.866
233.891
233.908
233.927
233.953
233.977
233.995
234.032
234.051
234.076
234.101
234.121
234.145
234.177
234.205
234.239
234.257
234.274
234.303
234.324
234.344
234.368
234.4
234.424
234.443
234.461
234.483
234.506
234.525
234.543
234.567
234.597
234.617
234.634
234.661
234.689
234.707
234.737
234.759
234.776
234.794
234.823
234.849
234.88
234.898
234.914
234.936
234.956
234.98
235.009
235.039
235.063
235.087
235.108
235.13
235.151
235.177
235.198
235.215
235.238
235.261
235.29
235.309
235.327
235.35
235.367
235.394
235.421
235.453
235.475
235.496
235.516
235.535
235.559
235.589
235.608
235.627
235.654
235.679
235.711
235.727
235.746
235.77
235.787
235.809
235.827
235.847
235.87
235.887
235.91
235.929
235.947
235.967
235.988
236.009
236.029
236.047
236.068
236.088
236.107
236.133
236.151
236.177
236.199
236.229
236.249
236.266
236.293
236.32
236.353
236.372
236.391
236.413
236.431
236.454
236.472
236.492
236.517
236.545
236.578
236.608
236.631
236.651
236.677
236.702
236.718
236.742
236.761
236.778
236.813
236.831
236.851
236.874
236.896
236.925
236.961
236.979
237.003
237.025
237.047
237.065
237.088
237.105
237.127
237.149
237.165
237.191
237.222
237.254
237.277
237.294
237.317
237.338
237.355
237.379
237.395
237.415
237.442
237.46
237.478
237.501
237.52
237.545
237.571
237.604
237.633
237.667
237.688
237.708
237.731
237.75
237.768
237.79
237.808
237.834
237.863
237.879
237.897
237.918
237.944
237.967
237.993
238.022
238.039
238.059
238.082
238.101
238.119
238.14
238.162
238.181
238.198
238.218
238.242
238.263
238.288
238.31
238.326
238.348
238.371
238.4
238.422
238.44
238.464
238.491
238.51
238.527
238.547
238.567
238.587
238.606
238.628
238.649
238.667
238.692
238.711
238.727
238.749
238.766
238.789
238.809
238.828
238.851
238.868
238.887
238.91
238.95
238.969
238.987
239.011
239.028
239.047
239.074
239.095
239.114
239.145
239.17
239.187
239.207
239.229
239.247
239.267
239.289
239.307
239.33
239.347
239.37
239.387
239.406
239.429
239.449
239.47
239.491
239.516
239.536
239.559
239.577
239.594
239.615
239.638
239.658
239.683
239.717
239.735
239.759
239.779
239.807
239.827
239.846
239.872
239.897
239.915
239.939
239.97
239.992
240.012
240.032
240.052
240.072
240.096
240.125
240.161
240.181
240.2
240.224
