0.0040981
0.0102803
0.00108569
0.00139162
0.00145139
0.0113897
0.00102978
0.00116327
0.000792906
0.000521329
0.00586774
0.00167128
0.00129309
0.00203907
0.00169921
0.000661902
0.000903495
0.00137006
0.000756571
0.000716054
0.00131492
0.000794669
0.00111024
0.000814285
0.00705139
0.000306985
0.000866389
0.000263133
0.0200096
0.000741412
0.0017029
0.00153842
0.00120243
0.00143766
0.00120564
0.000538419
0.000602025
0.000742859
0.000801752
0.00998536
0.00169592
0.00598671
0.0102213
0.0128484
0.000559812
0.00820051
0.00132796
0.000808908
0.000494368
0.00101327
0.00154044
0.00337565
0.0127061
0.00104811
0.00121032
0.0110076
0.000508425
0.00471744
0.000852211
0.00127784
0.001148
0.00177643
0.0038028
0.000855207
0.00111266
0.0179656
0.0167583
0.00187259
0.000581008
0.00156112
0.00399765
0.00285676
0.000936231
0.00191816
0.000722549
0.00585978
0.0254747
0.00990742
0.00537924
0.00059267
0.00118869
0.000608311
0.000703762
0.000571241
0.000729273
0.00121204
0.00461747
0.00814978
0.00924133
0.00831053
0.00672499
0.00168439
0.000925568
0.00177063
0.00103657
0.000948131
0.00858089
0.00708585
0.00997769
0.00865005
0.00659813
0.0101685
0.0108895
0.00718412
0.00961131
0.00660847
0.00661481
0.00655998
0.00862015
0.00749584
0.00740084
0.00658953
0.0108986
0.00671573
0.00955382
0.0131639
0.0101862
0.00650356
0.00665026
0.0111173
0.00649662
0.0101848
0.00738797
0.00677075
0.0116607
0.0119147
0.0126142
0.00655632
0.00661576
0.0100087
0.00733543
0.00808629
0.0108383
0.0110168
0.00955028
0.0071541
0.00657243
0.00665517
0.00842121
0.00959219
0.00690773
0.0067633
0.00889968
0.00655165
0.0116355
0.0120005
0.00676161
0.00742123
0.00679162
0.0119106
0.0109512
0.00708886
0.00673316
0.0107886
0.00678007
0.00896623
0.00668842
0.00666911
0.00855211
0.0102439
0.00682296
0.0114261
0.00996012
0.00817095
0.00838475
0.00893685
0.00710891
0.00675507
0.00656758
0.00689277
0.00879934
0.00803733
0.00675697
0.0112095
0.00675346
0.00875342
0.0134993
0.00659127
0.00658761
0.00890467
0.00668679
0.00746237
0.0112528
0.00993853
0.00785348
0.0106825
0.00959841
0.0110045
0.00690451
0.00692147
0.00829458
0.0102756
0.00687431
0.00720563
0.0138393
0.0105648
0.00731477
0.0101752
0.00746786
0.00676689
0.00895763
0.00674551
0.00903555
0.00894433
0.00932821
0.00932497
0.00852846
0.00781567
0.0112357
0.0141029
0.00655126
0.00678306
0.0140171
0.00804925
0.00685012
0.0111287
0.00672393
0.00984236
0.00883382
0.013367
0.00667646
0.00749188
0.00703436
0.00660144
0.00656576
0.00732874
0.00722868
0.0109037
0.00781606
0.0119698
0.00677138
0.00893318
0.00759716
0.00666982
0.00974535
0.00700048
0.00726958
0.00938147
0.00672764
0.0111781
0.0070711
0.010327
0.0079275
0.00745665
0.00962342
0.00653182
0.00860451
0.0132391
0.0138517
0.0138512
0.00676834
0.00666741
0.0141603
0.00866381
0.00676817
0.0102854
0.0125556
0.00670054
0.0117245
0.00659146
0.00656886
0.0108268
0.00711432
0.00664168
0.0111163
0.00749317
0.00713629
0.0124174
0.00933219
0.00677487
0.00665977
0.00757745
0.0123797
0.00868059
0.00970104
0.0132214
0.0139738
0.0129313
0.0140345
0.00674634
0.00663853
0.0145507
0.00792813
0.00782331
0.0121896
0.0126691
0.00864017
0.00690365
0.00667218
0.00724403
0.00726012
0.00939547
0.00665734
0.0111436
0.00954961
0.00954643
0.00651142
0.0129945
0.00705258
0.00933712
0.00951282
0.0105851
0.00747887
0.00666395
0.0146851
0.0131831
0.0116061
0.00657821
0.00674717
0.00767598
0.00828719
0.0121087
0.0132466
0.0111168
0.00720011
0.0106636
0.00678438
0.0100462
0.0114646
0.00923739
0.00965858
0.00679182
0.010515
0.0136831
0.00916719
0.00673735
0.00688177
0.00952883
0.00734177
0.0143165
0.0132833
0.0136071
0.00759925
0.00891563
0.00670065
0.00706349
0.0113035
0.00898916
0.00848751
0.00670802
0.0136808
0.0111205
0.0107433
0.00658799
0.00670549
0.00941756
0.00666087
0.00856921
0.00703858
0.00711063
0.0104193
0.0070603
0.0103928
0.00856251
0.00669692
0.00667727
0.00771715
0.00921553
0.00903059
0.00683138
0.00794826
0.00823471
0.00675202
0.0124419
0.00664402
0.00814518
0.0108651
0.00864222
0.00936587
0.00677751
0.0129639
0.0118613
0.0132889
0.0068753
0.00692835
0.00904951
0.00692285
0.0102481
0.00760523
0.00801945
0.0132631
0.013522
0.0134622
0.00678013
0.00750695
0.00671441
0.0124602
0.00977533
0.0066218
0.00987995
0.00886202
0.00662248
0.00679165
0.00666506
0.00777176
0.009316
0.0114386
0.012522
0.0170645
0.00689782
0.0100405
0.00696044
0.00889622
0.006941
0.0105574
0.0068904
0.00879654
0.0106187
0.00664679
0.011848
0.014721
0.00688832
0.00830434
0.00682765
0.0100008
0.0103267
0.00706876
0.011244
0.00667932
0.00773143
0.0135495
0.00659466
0.00671936
0.00907043
0.00828432
0.0123691
0.0110263
0.0122184
0.0130027
0.00690721
0.008322
0.00665811
0.0100493
0.0104453
0.0078492
0.0106334
0.00862755
0.0137236
0.0108544
0.00741448
0.00665074
0.00664338
0.0121649
0.00677722
0.0129176
0.00987679
0.00782246
0.00658618
0.010452
0.00659189
0.00664181
0.0081751
0.0100495
0.00969115
0.00655288
0.00671041
0.00999603
0.0114908
0.00813818
0.00683998
0.00667183
0.0074381
0.0115217
0.00859947
0.00926684
0.00768919
0.0120568
0.0105841
0.00667423
0.00683483
0.0071109
0.00674586
0.00696178
0.00670791
0.00879591
0.00882967
0.00681866
0.0124332
0.00654969
0.00677983
0.00862291
0.00680991
0.00963355
0.00896774
0.00814419
0.0109899
0.00769137
0.00765918
0.0105329
0.00990169
0.00838758
0.00660381
0.0106841
0.00734547
0.00728035
0.0138136
0.00736102
0.00681961
0.00682193
0.00994446
0.00709861
0.00712825
0.00912064
0.00674129
0.00730091
0.00897977
0.00697798
0.0100284
0.0068816
0.00676028
0.00661894
0.00683257
0.0089508
0.00853531
0.0103395
0.0112459
0.00806313
0.00709468
0.0110431
0.00663628
0.00662733
0.00755672
0.00993605
0.0101896
0.0150405
0.0172843
0.00691096
0.0106292
0.0114089
0.006999
0.00739522
0.00649791
0.0120472
0.00934925
0.00668868
0.0111509
0.0102199
0.0113324
0.00674703
0.00847748
0.00740718
0.00744113
0.012116
0.0122861
0.0169169
0.00923315
0.0083838
0.0112164
