0.00282149
0.00465001
0.000879529
0.000514458
0.00474559
0.00245351
0.00467873
0.0157095
0.00663005
0.0160419
0.00926164
0.00130454
0.00132893
0.00960849
0.0145951
0.00438803
0.00845564
0.00317961
0.00381803
0.0107243
0.00867956
0.00423841
0.00194863
0.00228634
0.00359827
0.00212526
0.00807455
0.00886646
0.00481266
0.00599366
0.00339645
0.00533571
0.0108443
0.00101059
0.0018633
0.00226072
0.0110855
0.00209433
0.00169998
0.00170697
0.001664
0.00178476
0.00235254
0.00272576
0.00522412
0.00189699
0.00114181
0.00139767
0.0144678
0.0041484
0.00145941
0.00508328
0.00113877
0.00167262
0.00193244
0.00170941
0.00596356
0.010999
0.00551592
0.00696119
0.00652136
0.00583311
0.0040975
0.00123118
0.00493763
0.00227847
0.0106226
0.0075098
0.00339672
0.00301816
0.00267056
0.00101744
0.00371889
0.00284627
0.00335413
0.0106982
0.00957577
0.00191096
0.00100273
0.00236903
0.00253037
0.001597
0.00363536
0.00365122
0.00121625
0.0158825
0.00891564
0.00290497
0.00457921
0.00683873
0.0164461
0.00148421
0.00264561
0.005064
0.00122715
0.00308357
0.00272845
0.00478788
0.00114188
0.00212327
0.00109558
0.0180838
0.0159007
0.0045319
0.00202041
0.0020749
0.00193951
0.0101689
0.00357926
0.00322677
0.0185694
0.00293406
0.0016548
0.00546373
0.00227646
0.0028057
0.00189814
0.0110984
0.00370373
0.00559122
0.00804205
0.0017173
0.0120396
0.0106743
0.0181609
0.00430344
0.022961
0.00358122
0.0160681
0.0119891
0.00172566
0.0122073
0.00816682
0.0147749
0.00768513
0.00466285
0.00814473
0.0080332
0.00460209
0.0138683
0.0138168
0.00144974
0.00190979
0.0020248
0.00231763
0.00405544
0.00273295
0.00710892
0.0114299
0.00555823
0.00552755
0.00731796
0.00790435
0.0129822
0.0120582
0.00853572
0.00605644
0.0147256
0.00613245
0.0036486
0.0102306
0.00579049
0.0107038
0.0173784
0.00977574
0.00870459
0.0156858
0.00940427
0.0131815
0.00898436
0.00733123
0.0126499
0.0112578
0.00759332
0.00246822
0.0077271
0.00250792
0.0139998
0.00607576
0.0181224
0.004629
0.0178823
0.00536823
0.00215492
0.0017042
0.00896624
0.00228316
0.00300133
0.00222294
0.0027932
