7.88724
9.55527
10.4182
12.1806
12.9207
13.0064
14.1602
15.2797
16.146
16.8516
17.9445
19.6737
21.3732
21.8454
22.9789
23.4085
23.8481
24.0825
24.9546
25.1671
26.9129
27.4605
28.55
29.3029
29.5279
30.6026
32.3844
34.1408
34.6488
35.2646
35.4714
36.5969
38.0789
39.8287
40.314
40.5178
42.023
43.6585
45.3654
45.8039
47.0892
47.2858
47.5267
49.0549
49.2768
49.7622
51.5773
51.9774
52.2624
53.9807
55.758
57.2375
58.1045
59.9052
60.3223
60.9887
62.7138
63.1466
63.9738
65.0547
65.2346
65.5291
67.0866
67.5006
67.6447
69.3024
71.0703
72.1726
72.4076
72.7214
72.8456
74.5121
76.2839
77.2193
78.9431
80.6546
81.5741
83.0748
84.8409
85.9819
86.202
87.2851
89.1228
89.9638
91.0127
92.7674
94.5255
95.8271
96.6644
98.4406
99.3401
101.009
102.798
104.489
104.689
106.205
107.975
109.72
110.829
111.061
111.489
111.71
112.108
112.297
113.175
114.854
116.198
117.963
119.664
120.559
121.903
123.663
125.382
127.07
127.378
127.707
128.378
129.027
130.756
132.05
133.78
134.222
134.456
134.686
135.55
135.765
137.511
139.224
140.104
141.04
141.23
143.009
144.608
145.479
146.607
148.293
150.068
151.808
153.54
155.29
156.978
157.622
158.478
158.694
159.558
160.224
161.987
163.011
164.856
166.62
168.398
170.147
171.92
173.677
175.364
177.168
178.883
180.658
182.37
184.095
185.762
186.606
187.942
189.73
191.498
193.221
194.916
196.645
198.417
200.153
201.863
203.608
205.371
207.127
208.871
210.64
211.259
211.711
213.39
215.098
215.497
217.207
218.877
220.566
222.261
224.077
225.782
226.831
228.098
229.823
