2.63275
2.84098
3.06959
3.27871
3.47867
3.71034
3.91171
4.1111
4.3146
4.5501
4.7528
4.94671
5.17905
5.38428
5.5913
5.82566
6.05771
6.26312
6.46783
6.69278
6.92556
7.13196
7.33782
7.53726
7.76917
7.97071
8.207
8.43387
8.6435
8.87864
9.09821
9.32739
9.54064
9.74074
9.97831
10.1793
10.376
10.5783
10.8071
11.0362
11.2761
11.5056
11.7317
11.9306
12.1683
12.3908
12.5997
12.7903
12.993
13.2211
13.4612
13.691
13.8989
14.1287
14.3768
14.5839
14.8117
15.0433
15.2515
15.4492
15.6895
15.8899
16.1289
16.3599
16.5944
16.8237
17.0259
17.2546
17.4585
17.6925
17.9251
18.1288
18.3224
18.5521
18.7921
18.991
19.2223
19.4494
19.66
19.8597
20.0894
20.2912
20.5223
20.7175
20.9552
21.1596
21.3617
21.5932
21.8254
22.0549
22.2989
22.519
22.7238
22.9546
23.1642
23.3917
23.5949
23.8298
24.0487
24.2509
24.4816
24.6868
24.9112
25.1468
25.3892
25.6121
25.8104
26.0205
26.2193
26.4613
26.684
26.8944
27.1245
27.3637
27.5512
27.7845
28.0208
28.2179
28.4591
28.6765
28.8792
29.0784
29.289
29.512
29.7598
29.9524
30.1461
30.3843
30.5875
30.7854
30.9962
31.1947
31.4314
31.6607
31.8976
32.1282
32.3652
32.5871
32.7958
33.0197
33.2249
33.4525
33.6559
33.8924
34.1219
34.3544
34.5926
34.7859
35.0256
35.2323
35.4526
35.6546
35.9035
36.1265
36.3228
36.5595
36.7609
36.951
37.1489
37.3925
37.5916
37.8236
38.0577
38.2893
38.4958
38.6937
38.9274
39.1297
39.3696
39.5647
39.7973
40.0094
40.243
40.4853
40.7179
40.9442
41.1369
41.3389
41.5372
41.7726
42.0021
42.1937
42.4017
42.6114
42.826
43.0352
43.2378
43.4323
43.6436
43.834
44.0421
44.2709
44.471
44.6662
44.9097
45.1343
45.347
45.5724
45.7853
46.0142
46.2425
46.4467
46.6496
46.8719
47.0724
47.269
47.5115
47.7411
47.9329
48.1352
48.369
48.5718
48.772
49.0078
49.2064
49.4019
49.608
49.8329
50.0655
50.2688
50.4647
50.6961
50.901
51.1285
51.3387
51.5646
51.7564
51.9601
52.2014
52.4003
52.6348
52.8786
53.1221
53.3174
53.5237
53.7253
53.9568
54.1613
54.3618
54.5978
54.8586
55.049
55.2837
55.5138
55.7459
55.9625
56.1445
56.3487
56.5455
56.7767
56.9872
57.2214
57.447
57.6494
57.8487
58.0524
58.2908
58.5233
58.7244
58.92
59.1561
59.3913
59.6347
59.8644
60.0714
60.3026
60.4953
60.7364
60.9706
61.1669
61.3635
61.5988
61.8332
62.0627
62.2835
62.494
62.6953
62.896
63.1257
63.3316
63.5507
63.7521
63.9554
64.1858
64.389
64.5849
64.8255
65.0178
65.216
65.4534
65.6549
65.8497
66.0844
66.3174
66.5177
66.7575
66.9891
67.1887
67.4295
67.628
67.8321
68.0266
68.2507
68.456
68.6572
68.8616
69.0656
69.2898
69.5383
69.7439
69.9678
70.1733
70.3813
70.6111
70.8389
71.0391
71.2392
71.4406
71.7011
71.9281
72.1552
72.3593
72.5859
72.7869
73.0257
73.2556
73.4522
73.654
73.8613
74.0871
74.2924
74.4949
74.6933
74.936
75.1653
75.4014
75.6379
75.8351
76.0663
76.2691
76.4962
76.7317
76.9724
77.1987
77.3775
77.5783
77.7826
78.026
78.2206
78.451
78.6972
78.897
79.1285
79.3311
79.5622
79.7641
80.0025
80.2339
80.4291
80.6263
80.8602
81.0976
81.3183
81.5457
81.7488
82.0029
82.1946
82.4281
82.6325
82.8628
83.0628
83.2964
83.5366
83.769
83.9982
84.1983
84.4363
84.6303
84.8299
85.066
85.2696
85.4955
85.6958
85.9325
86.1651
86.3972
86.5971
86.8378
87.066
87.2696
87.504
87.7417
87.9703
88.1781
88.4116
88.6082
88.8436
89.0795
89.2827
89.5141
89.7321
89.9473
90.1447
90.347
90.5828
90.7715
90.9992
91.1956
91.4319
91.6352
91.8616
92.0907
92.3304
92.5303
92.7384
92.963
93.1725
93.4061
93.6033
93.8479
94.0696
94.2738
94.5033
94.7057
94.9318
95.1713
95.3709
95.5699
95.7709
96.0038
96.2037
96.4106
96.6492
96.8696
97.0773
97.315
97.5464
97.7497
97.9483
98.1844
98.4235
98.6199
98.8224
99.0261
99.2634
99.4614
99.6957
99.9015
100.137
100.336
100.562
100.761
100.997
101.197
101.421
101.618
101.855
102.057
102.289
102.522
102.724
102.961
103.162
103.386
103.584
103.817
104.025
104.237
104.473
104.671
104.881
105.11
105.318
105.516
105.754
105.985
106.183
106.411
106.614
106.852
107.048
107.282
107.506
107.708
107.941
108.155
108.384
108.606
108.838
109.031
109.261
109.462
109.701
109.941
110.138
110.335
110.57
110.808
111.006
111.238
111.476
111.675
111.88
112.081
112.282
112.482
112.717
112.913
113.147
113.34
113.579
113.81
114.006
114.207
114.408
114.639
114.841
115.083
115.279
115.487
115.715
115.945
116.184
116.381
116.609
116.842
117.079
117.274
117.51
117.74
117.937
118.172
118.37
118.575
118.773
119.003
119.238
119.444
119.65
119.892
120.096
120.316
120.524
120.753
120.984
121.219
121.453
121.652
121.87
122.077
122.31
122.509
122.73
122.964
123.198
123.395
123.628
123.826
124.023
124.223
124.465
124.664
124.894
125.138
125.369
125.593
125.795
125.989
126.183
126.41
126.613
126.819
127.053
127.265
127.491
127.693
127.918
128.124
128.361
128.56
128.789
128.994
129.201
129.426
129.665
129.903
130.107
130.304
130.505
130.74
130.944
131.141
131.357
131.587
131.819
132.033
132.228
132.456
132.658
132.89
133.118
133.324
133.532
133.76
133.957
134.188
134.433
134.659
134.852
135.082
135.29
135.516
135.75
135.981
136.185
136.384
136.617
136.854
137.056
137.289
137.476
137.71
137.903
138.133
138.331
138.574
138.793
138.995
139.195
139.431
139.658
139.866
140.076
140.265
140.503
140.762
140.991
141.216
141.421
141.654
141.853
142.086
142.284
142.527
142.751
142.984
143.21
143.417
143.646
143.88
144.115
144.352
144.588
144.822
145.023
145.225
145.449
145.651
145.858
146.089
146.298
146.53
146.74
146.97
147.199
147.404
147.635
147.847
148.07
148.278
148.479
148.711
148.91
149.141
149.348
149.58
149.812
150.05
150.251
150.459
150.684
150.909
151.142
151.356
151.579
151.783
152.021
152.249
152.448
152.675
152.878
153.115
153.315
153.526
153.753
153.951
154.164
154.394
154.596
154.823
155.031
155.264
155.47
155.674
155.878
156.08
156.288
156.484
156.724
156.954
157.184
157.383
157.611
157.813
158.036
158.237
158.462
158.672
158.872
159.106
159.308
159.545
159.742
159.973
160.208
160.447
160.669
160.907
161.131
161.333
161.539
161.738
161.97
162.198
162.438
162.67
162.895
163.121
163.329
163.56
163.76
163.963
164.19
164.396
164.602
164.825
165.064
165.262
165.492
165.699
165.927
166.127
166.373
166.605
166.821
167.034
167.251
167.481
167.713
167.957
168.183
168.383
168.611
168.82
169.055
169.293
169.5
169.737
169.93
170.131
170.338
170.571
170.77
171.003
171.224
171.459
171.655
171.878
172.114
172.343
172.572
172.787
172.985
173.207
173.413
173.652
173.861
174.096
174.301
174.497
174.73
174.935
175.136
175.34
175.576
175.808
176.042
176.244
176.469
176.715
176.927
177.143
177.341
177.565
177.806
178.035
178.236
178.431
178.632
178.865
179.1
179.333
179.565
179.768
179.972
180.172
180.403
180.628
180.855
181.061
181.255
181.491
181.691
181.916
182.121
182.352
182.556
182.79
182.99
183.223
183.429
183.661
183.884
184.08
184.285
184.485
184.686
184.917
185.121
185.312
185.54
185.742
185.942
186.155
186.389
186.584
186.812
187.044
187.255
187.45
187.685
187.92
188.129
188.361
188.558
188.787
188.999
189.228
189.46
189.691
189.939
190.139
190.341
190.576
190.815
191.041
191.253
191.478
191.678
191.903
192.107
192.342
192.572
192.8
193.004
193.203
193.401
193.594
193.794
194.025
194.259
194.459
194.691
194.885
195.115
195.321
195.566
195.762
195.988
196.225
196.427
196.625
196.858
197.091
197.322
197.523
197.748
197.958
198.186
198.39
198.624
198.827
199.053
199.259
199.502
199.695
199.903
200.133
200.362
200.59
200.789
201.027
201.235
201.446
201.646
201.843
202.05
202.278
202.507
202.741
202.956
203.184
203.387
203.584
203.818
204.051
204.283
204.491
204.713
204.919
205.141
205.345
205.575
205.774
206.007
206.212
206.448
206.647
206.884
207.104
207.303
207.503
207.709
207.944
208.191
208.42
208.657
208.857
209.082
209.29
209.518
209.717
209.919
210.15
210.385
210.614
210.818
211.023
211.233
211.464
211.668
211.899
212.098
212.3
212.505
212.736
212.937
213.14
213.371
213.571
213.769
213.98
214.213
214.413
214.61
214.815
215.071
215.265
215.481
215.695
215.897
216.099
216.303
216.534
216.772
216.969
217.175
217.411
217.631
217.837
218.04
218.264
218.476
218.671
218.858
219.081
219.28
219.483
219.684
219.916
220.11
220.346
220.554
220.795
220.989
221.228
221.4
221.608
221.808
222.007
222.24
222.458
222.693
222.9
223.125
223.327
223.559
223.797
224.056
224.251
224.484
224.726
224.933
225.13
225.33
225.537
225.77
225.975
226.174
226.386
226.584
226.815
227.01
227.247
227.48
227.68
227.88
228.079
228.309
228.504
228.736
228.938
229.18
229.404
229.609
229.806
230.033
230.236
230.433
230.669
230.898
231.1
231.325
231.545
231.777
231.988
232.219
232.449
232.688
232.902
233.125
233.35
233.583
233.784
234.025
234.251
234.454
234.682
234.892
235.102
235.302
235.508
235.739
235.941
236.145
236.365
236.601
236.807
237.018
237.247
237.454
237.66
237.891
238.094
238.303
238.504
238.704
238.94
239.138
239.364
239.571
239.8
240.005
240.237
