1.79087
1.79102
2.32374
2.86876
3.32794
3.82789
4.3281
4.82806
5.3274
5.8282
6.32764
6.82785
7.33787
7.83161
8.33166
8.83239
9.33317
9.83588
10.3356
10.8357
11.3354
11.8364
12.3356
12.8374
13.3356
13.836
14.3357
14.8358
15.3354
15.8376
16.3602
16.8517
17.3402
17.8397
18.3395
18.8397
19.3403
19.8599
20.3396
20.8434
21.3619
21.8455
22.3443
22.8439
23.3434
23.8481
24.3437
24.8437
25.3446
25.8468
26.3481
26.8481
27.364
27.8479
28.348
28.8479
29.3481
29.8485
30.3481
30.8504
31.3517
31.8518
32.3654
32.8517
33.3517
33.8518
34.3547
34.852
35.354
35.8564
36.3563
36.8557
37.3565
37.8555
38.3565
38.8559
39.3699
39.8557
40.3556
40.8557
41.3599
41.8602
42.3601
42.8596
43.3601
43.8598
44.3601
44.86
45.3605
45.8641
46.3642
46.8721
47.3637
47.8642
48.3692
48.8635
49.3636
49.8643
50.3639
50.8646
51.3681
51.8678
52.3682
52.879
53.3676
53.8682
54.3676
54.8683
55.3684
55.8678
56.3714
56.8722
57.3717
57.8718
58.3723
58.8722
59.3917
59.8717
60.372
60.8721
61.3746
61.8758
62.3757
62.8962
63.3762
63.8764
64.3892
64.8757
65.3763
65.8761
66.3763
66.8757
67.3796
67.88
68.3802
68.8841
69.3797
69.8803
70.3816
70.8802
71.3805
71.8795
72.3829
72.8829
73.3835
73.8845
74.3842
74.8842
75.4017
75.8839
76.384
76.8845
77.3842
77.8884
78.3879
78.8973
79.3875
79.8874
80.3881
80.8874
81.3877
81.888
82.3884
82.8878
83.3917
83.8915
84.3921
84.8916
85.3921
85.8913
86.3973
86.8925
87.3917
87.8926
88.4118
88.892
89.3961
89.8955
90.3964
90.8958
91.3959
91.8963
92.3954
92.8956
93.4063
93.9002
94.3994
94.8999
95.4007
95.8997
96.4108
96.8995
97.3999
97.8997
98.4238
98.9039
99.4046
99.904
100.404
100.904
101.422
101.904
102.403
102.904
103.404
103.905
104.408
104.908
105.408
105.91
106.411
106.908
107.408
107.907
108.408
108.908
109.408
109.941
110.412
110.912
111.411
111.912
112.412
112.914
113.412
113.912
114.412
114.912
115.416
115.945
116.416
116.916
117.416
117.937
118.424
118.915
119.416
119.916
120.42
120.92
121.42
121.92
122.419
122.92
123.42
123.92
124.42
124.92
125.42
125.924
126.424
126.923
127.424
127.924
128.424
128.925
129.426
129.923
130.423
130.945
131.427
131.928
132.456
132.928
133.428
133.957
134.433
134.928
135.428
135.928
136.428
136.928
137.431
137.932
138.432
138.932
139.432
139.932
140.432
140.932
141.432
141.932
142.432
142.932
143.432
143.936
144.436
144.936
145.449
145.936
146.435
146.936
147.436
147.936
148.436
148.937
149.438
149.94
150.459
150.94
151.44
151.94
152.448
152.94
153.44
153.952
154.44
154.94
155.47
155.944
156.485
156.954
157.444
157.944
158.462
158.944
159.445
159.973
160.448
160.947
161.448
161.97
162.448
162.948
163.448
163.948
164.448
164.948
165.448
165.948
166.449
166.952
167.481
167.957
168.452
168.952
169.451
169.952
170.452
170.952
171.46
171.952
172.452
172.955
173.456
173.956
174.455
174.955
175.456
175.956
176.469
176.957
177.456
177.956
178.459
178.96
179.459
179.972
180.46
180.96
181.46
181.96
182.46
182.96
183.46
183.96
184.485
184.963
185.464
185.964
186.464
186.964
187.464
187.964
188.464
188.964
189.465
189.965
190.468
190.968
191.479
191.968
192.467
192.967
193.468
193.968
194.468
194.968
195.468
195.968
196.471
196.972
197.472
197.972
198.472
198.972
199.472
199.972
200.472
200.971
201.472
201.972
202.475
202.975
203.476
203.976
204.491
204.976
205.476
205.976
206.476
206.976
207.48
207.98
208.48
208.98
209.48
209.98
210.48
210.98
211.48
211.98
212.479
212.98
213.481
213.984
214.484
214.984
215.483
215.984
216.484
216.984
217.484
217.984
218.484
218.987
219.488
219.987
220.488
220.99
221.488
221.987
222.488
222.988
223.488
223.988
224.492
224.992
225.491
225.992
226.492
227.01
227.491
227.992
228.504
228.993
229.492
229.991
230.5
230.992
231.495
231.996
232.496
232.996
233.502
233.996
234.496
234.996
235.508
235.995
236.496
237.003
237.501
237.999
238.51
239.011
239.5
240.012
