0.000000
0.000000
0.000000
41.714001
41.745998
41.804001
42.043999
42.056000
43.330002
49.175999
50.769001
51.358002
67.574997
73.169998
76.586998
82.111000
87.765999
96.667999
113.014000
135.796005
140.080994
141.289001
142.278000
143.684006
143.843994
144.677994
147.429001
156.716003
164.598007
173.895996
190.932999
202.085999
212.110001
224.505997
241.184998
247.434006
249.524994
249.921997
250.442993
250.639008
251.179993
253.873001
258.213013
263.454010
271.091003
286.859009
289.239990
291.846985
294.774994
297.214996
298.812012
299.717987
306.635010
308.324005
310.013000
313.367004
318.023987
322.071991
325.475006
332.868988
339.622986
349.352997
353.946014
355.875000
358.428986
362.602997
369.519012
372.290009
374.876007
378.355011
383.125000
386.906006
389.414001
393.446014
397.346008
399.415009
404.178009
411.316010
424.212006
436.054993
445.737000
450.389008
454.769012
459.205994
459.345001
459.345001
459.636993
461.821991
467.381989
470.941986
477.424011
482.716003
485.346985
488.803986
493.770996
497.640015
500.084991
502.348999
503.627991
505.191010
507.471985
510.652008
515.294983
525.250977
526.650024
526.789978
527.390991
527.476990
527.476990
527.479980
527.588989
527.598022
528.763000
532.635010
536.586975
542.916016
551.335022
564.578979
576.864014
586.898987
597.742981
599.963013
602.588989
606.361023
609.588013
615.247009
623.609009
624.328979
625.913025
628.807983
630.281982
634.882996
644.143005
655.166992
656.010986
656.650024
656.903015
657.193970
657.406982
657.406982
657.406982
657.844971
663.669983
665.677979
666.505981
668.995972
672.723999
676.445007
679.940002
681.205017
681.893005
685.520996
701.900024
702.383972
702.971008
703.280029
703.377991
703.833984
706.713989
712.898987
723.351013
728.544983
731.931030
732.057983
732.114990
733.398010
733.823975
733.851990
734.067993
734.414978
740.864014
744.085022
747.208008
750.252991
752.132019
752.703979
753.193970
753.622009
755.044983
756.528015
756.820984
756.820984
756.827026
756.830017
756.981995
757.650024
757.900024
758.025024
760.487976
771.577026
774.872009
777.640015
779.911011
782.864990
787.968994
791.083008
802.343994
808.398010
808.666016
808.823975
808.849976
808.849976
813.338013
820.440979
823.541016
825.020996
827.044983
837.429993
843.494995
850.333984
854.997986
856.197998
856.557983
856.557983
856.559021
865.453003
867.117981
867.122009
869.026978
873.763000
880.706970
895.492004
901.692993
909.280029
914.328979
917.706970
919.614014
922.632019
926.872986
939.966980
948.044983
948.466003
949.262024
951.672974
954.111023
956.435974
958.830994
970.085999
975.156982
978.953979
980.255005
986.533020
989.190002
990.911987
991.731018
991.742981
991.742981
991.742981
991.742981
991.747986
991.750977
991.750977
992.976990
993.030029
993.031982
993.034973
993.161011
995.557983
997.398010
998.344971
999.218018
1000.603027
1003.132996
1004.906982
1006.015991
1009.200012
1016.078003
1018.466980
1020.432983
1022.892029
1026.923950
1028.854980
1030.447021
1030.468018
1030.566040
1030.614014
1030.941040
1033.532959
1035.491943
1041.604004
1045.885010
1046.864014
1047.034058
1047.178955
1047.312012
1047.324951
1047.324951
1047.324951
1047.616943
1048.218994
1048.567993
1049.338989
1050.642944
1050.858032
1050.927979
1050.956055
1050.958984
1050.970947
1051.670044
1052.063965
1052.064941
1052.067017
1052.067017
1052.067017
1052.067017
1052.067017
1052.067017
1052.067017
1052.089966
1052.732056
1056.589966
1060.484985
1064.727051
1068.621948
1073.115967
1078.004028
1085.557007
1093.640015
1096.979004
1097.824951
1100.239990
1104.240967
1107.409058
1108.319946
1108.711060
1108.824951
1108.937012
1108.944946
1109.089966
1109.409058
1109.973022
1110.000000
1110.001953
1110.005005
1110.005981
1110.005981
1110.063965
1110.546997
1110.594971
1110.594971
1112.269043
1113.922974
1114.332031
1114.334961
1114.334961
1114.334961
1114.334961
1114.337036
1114.337036
1114.337036
1114.337036
1114.338013
1114.342041
1114.348022
1114.376953
1114.588013
1114.925049
1115.011963
1115.088013
1115.347046
1115.512939
1115.573975
1115.589966
1115.629028
1115.766968
1116.314941
1116.793945
1117.121948
1117.616943
1119.339966
1122.433960
1124.171997
1125.180054
1126.640991
1126.938965
1127.011963
1127.208008
1127.220947
1127.511963
1127.823975
1127.852051
1127.853027
1127.853027
1127.854004
1127.854004
1127.854004
1127.857056
1127.857056
1127.857056
1127.857056
1127.857056
1127.857056
1127.857056
1127.857056
1127.857056
1127.857056
1127.857056
1128.104004
1128.142944
1128.203003
1128.354980
1128.421997
1128.583984
1128.911011
1128.932983
1128.932983
1128.994019
1129.010986
1129.019043
1129.026001
1131.577026
1131.578979
1131.593018
1131.970947
1131.983032
1131.988037
1131.988037
1131.988037
1133.254028
1135.541992
1137.119995
1138.081055
1139.259033
1139.847046
1139.958984
1139.958984
1139.958984
1139.989014
1147.171021
1147.224976
1147.230957
1147.230957
1147.232056
1147.232056
1147.641968
1147.702026
1147.702026
1147.713989
1147.713989
1147.904053
1148.421021
1148.421021
1148.435059
1148.435059
1148.435059
1148.573975
1151.256958
1153.191040
1157.447998
1159.496948
1161.652954
1165.668945
1167.171997
1168.404053
1173.109009
1176.823975
1179.672974
1182.500977
1184.630005
1184.868042
1184.895020
1184.896973
1184.896973
1184.897949
1184.897949
1184.897949
1184.897949
1184.897949
1184.897949
1184.897949
1184.897949
1184.897949
1184.897949
1184.897949
1184.897949
1184.897949
1184.897949
1184.897949
