0.0137031
0.00903783
0.0127911
0.0050316
0.00950776
0.000481065
0.00170767
0.00125353
0.0160878
0.000995231
0.00489051
0.00734555
0.00713304
0.0017842
0.00608378
0.000573743
0.000874855
0.00145607
0.00109292
0.00184662
0.000709447
0.00111786
0.00130916
0.000451965
0.0026465
0.00141398
0.00694717
0.00670956
0.00429773
0.00282229
0.00446516
0.000591795
0.00280664
0.00187376
0.000590162
0.0019429
0.000475657
0.00153136
0.00251383
0.00187172
0.00143693
0.00289236
0.00104449
0.00228093
0.00353988
0.00141543
0.00121597
0.00116436
0.00200819
0.00081281
0.00101238
0.00174976
0.000532716
0.000516874
0.00234145
0.00152972
0.000740824
0.0101347
0.000473482
0.00441536
0.00105891
0.00227007
0.000926814
0.00417621
0.000631433
0.000853184
0.004204
0.00610845
0.0057139
0.00133112
0.00770452
0.00292105
0.00121135
0.000600052
0.012702
0.00156805
0.00103176
0.003013
0.000451932
0.0014634
0.000543404
0.000745324
0.00226558
0.000570732
0.00124873
0.00133443
0.000652355
0.00169185
0.00101714
0.000327088
0.00225411
0.00104662
0.00269118
0.000607072
0.000503583
0.00203761
0.00102496
0.000604188
0.000453994
0.000463886
0.00217862
0.00981993
0.00318345
0.00913446
0.00218706
0.000559282
0.00649148
0.000542028
0.00403651
0.0013795
0.000719851
0.00451567
0.00599343
0.00440834
0.00910147
0.00958618
0.00570472
0.0111757
0.00565001
0.00470654
0.00431324
0.00490233
0.00431913
0.00630186
0.00687247
0.00456343
0.00939422
0.00479322
0.00941314
0.00666956
0.00496151
0.00432903
0.00442523
0.00467988
0.00889264
0.00441656
0.00603089
0.00690688
0.00476204
0.00756797
0.00458021
0.00428909
0.00467065
0.0054571
0.00708093
0.00745405
0.00433887
0.00839178
0.00442346
0.00456365
0.00689737
0.00464636
0.00530973
0.00444876
0.00454558
0.00791309
0.00488047
0.00445797
0.0069999
0.00449233
0.00484119
0.00893252
0.00438011
0.00707473
0.00554
0.00596325
0.00457951
0.0106765
0.00533217
0.00431673
0.00693799
0.00613559
0.00474428
0.0094046
0.00501214
0.00431965
0.00871749
0.00699511
0.00439844
0.00579476
0.00924036
0.00666463
0.00879884
0.00731347
0.00493369
0.00435566
0.0053067
0.00913309
0.00440412
0.00424796
0.0074031
0.00450588
0.00465678
0.0114311
0.00424011
0.0080917
0.00506506
0.00443698
0.00429626
0.00431809
0.00430912
0.0066262
0.00728279
0.0048152
0.00983503
0.00426402
0.00432165
0.00543023
0.00420434
0.00952683
0.00519306
0.00447039
0.00875903
0.00586183
0.0098379
0.0091241
0.00426961
0.00494245
0.00817966
0.00449313
0.00956583
0.0043302
0.0049725
0.0112318
0.00563969
0.00590951
0.00602235
0.00421702
0.00426559
0.00537249
0.00679284
0.00681602
0.00536499
0.00897247
0.00457743
0.00426298
0.0128447
0.00499463
0.00509601
0.00682844
0.00595896
0.00431045
0.00619262
0.0050869
0.00517845
0.00925872
0.00428427
0.00498118
0.00454363
0.00533884
0.00423778
0.00900435
0.00443002
0.00541698
0.00872251
0.00432809
0.00603244
0.00599224
0.00428408
0.0096374
0.00433702
0.00601751
0.00715394
0.00483776
0.00706521
0.00465759
0.00818219
0.00866869
0.00422218
0.00424001
0.00610888
0.00491625
0.00723884
0.00489442
0.00896872
0.0102063
0.00882531
0.00817607
0.00420001
0.00687214
0.00435588
0.00903947
0.00448316
0.00472122
0.00811927
0.00430964
0.00523589
0.00809758
0.00428857
0.00422241
0.00584488
0.00603462
0.00434003
0.00800778
0.0042588
0.00616981
0.00956892
0.00428449
0.00825728
0.00420373
0.00428304
0.00901011
0.00421426
0.00539139
0.00754309
0.00727807
0.00901804
0.00548041
0.00458601
0.0104175
0.00429223
0.00448134
0.0082462
0.0049374
0.00444641
0.00822513
0.00454797
0.00571993
0.0118298
0.0117178
0.00422513
0.00649456
0.00686352
0.00490101
0.00706484
0.00946969
0.00437349
0.00435212
0.00804434
0.00432305
0.0076647
0.00420686
0.00445051
0.00724343
0.00502903
0.00616001
0.00802376
0.00430143
0.00710554
0.00423871
0.00443534
0.0042741
0.00499524
0.00636104
0.00476029
0.00975296
0.00437783
0.00578719
0.00733267
0.00422015
0.00767735
0.00440831
0.0043807
0.00804267
0.00437631
0.0107441
0.00799023
0.0060513
0.00432069
0.00519118
0.00423816
0.0045699
0.00430687
0.0060341
0.00511767
0.00610582
0.0120094
0.0043531
0.00434399
0.00609565
0.00452403
0.00430958
0.00440428
0.00593781
0.0043854
0.0047243
0.00433566
0.0043681
0.00767461
0.0042689
0.00498674
0.00430725
0.00425839
0.00873836
0.00443826
0.0044317
0.00839305
0.00576789
0.00451435
0.00423685
0.00455593
0.00741344
0.00428638
0.00425242
0.00526096
0.0068581
0.0118498
0.00484145
0.00524897
0.00576169
0.00812127
0.00453276
0.00477131
0.0100106
0.0046844
0.00571889
0.00665762
0.00442857
0.00439209
0.0140749
0.00711369
0.00446052
0.00747073
0.00568411
0.00620067
0.00432632
0.00427031
0.00440847
0.00802586
0.00468376
0.00877545
0.00435168
0.00926596
0.0077401
0.00437375
0.0044688
0.00431333
0.00425371
0.00567411
0.00629388
0.00427922
0.00938638
0.00540633
0.00437729
0.0090055
0.00452365
0.00522846
0.00643205
0.00432146
0.00437049
0.00816979
0.00423541
0.00819013
0.00474961
0.00429983
0.0106992
0.00456
0.0057414
0.00423056
0.004289
0.00437742
0.00425221
0.00459281
0.00966647
0.00557507
0.00452877
0.00463134
0.00445138
0.0101838
0.00433076
0.00435064
0.00451607
0.00623194
0.00729577
0.00643348
0.0044244
0.00433112
0.00878563
0.00431983
0.00458609
0.00429314
0.00551829
0.00429659
0.0078349
0.00773979
0.00434949
0.0109248
0.00746899
0.007038
0.00431088
0.00440244
0.00481303
0.00533925
0.00735026
0.00434973
0.00442576
0.00426125
0.00686762
0.00424651
0.00434479
0.00432129
0.00763861
0.00739403
0.0086241
0.00838059
0.00434125
0.00442302
0.0112813
0.0102316
0.0043222
0.00417812
0.00421179
0.00516276
0.00724861
0.00541299
0.00429719
0.00914572
0.00508615
0.00835474
0.00660102
0.00441852
0.00437354
0.00981918
0.00441947
0.00730799
0.00667616
0.0043087
0.00568108
0.00422256
0.00628574
0.00427747
0.00426971
0.0043861
0.0050851
0.00447185
0.0044412
0.00432916
0.00533631
0.00971363
0.00436004
0.00449514
0.00427241
0.00989939
0.00824384
0.0056158
0.00703855
0.011844
0.0045332
0.00449165
0.0103408
0.00430339
0.00424954
0.00620601
0.00698567
0.00695378
0.0105476
0.00453973
0.00728457
0.00530126
0.00448833
0.0096787
0.00423252
0.00421393
0.00440721
0.00442888
0.00460058
0.00554327
0.00432128
0.00844272
0.00430481
0.00432663
0.0100414
0.00429366
0.00422424
0.00646553
0.00717084
0.00477622
0.00933124
0.0052117
0.00769128
0.00730551
0.00466782
0.0043776
0.00453652
0.00671033
0.00467384
0.0100253
0.00777458
0.00695617
0.00834827
0.00432457
0.00745808
0.00423889
0.00439096
0.00759883
0.00462217
0.00697389
0.00658874
0.00435323
0.00532117
0.0042831
0.00452275
0.007001
