9.2077
12.0393
16.0438
17.9467
22.5115
22.5231
22.5441
22.5634
22.7583
23.2029
25.9668
25.9904
26.0093
27.6687
29.6118
34.7911
40.3235
40.3435
40.3634
40.3844
40.4023
40.4228
40.4437
40.9949
41.009
41.0274
41.8651
46.4245
54.0865
55.8644
55.8786
56.0749
56.0969
56.1163
57.801
57.8197
59.1311
59.152
59.1728
59.1921
59.211
59.2328
59.2509
59.2725
59.3254
59.3431
59.3552
59.3759
59.3962
59.4148
59.435
59.4556
60.419
61.0827
61.104
61.124
61.1432
68.3403
68.351
68.375
72.3911
72.4121
72.4239
72.4465
74.3028
74.3155
74.3379
76.1085
82.4157
82.4319
91.4299
91.4446
94.8711
94.8825
97.6751
97.6923
97.703
97.7256
97.7427
97.7638
97.7832
97.8026
97.8243
97.843
97.864
97.8832
97.9029
97.9235
97.943
114.586
125.196
125.215
126.54
126.559
129.383
131.08
131.099
131.753
133.687
133.699
136.348
146.608
147.066
147.479
147.492
149.671
152.48
230.619
230.634
235.499
235.511
235.723
235.744
235.762
235.787
235.808
235.823
235.849
235.864
235.883
235.915
235.935
235.955
235.976
235.997
236.015
236.04
236.055
236.08
236.097
236.115
236.14
236.154
236.175
236.199
236.215
236.236
236.257
236.275
236.298
236.315
236.34
236.355
236.376
236.397
236.418
236.434
236.458
236.475
236.495
236.517
236.535
236.556
236.57
236.595
236.618
236.635
236.655
236.677
236.695
236.715
236.739
236.755
236.778
236.808
236.828
236.846
236.873
236.896
236.914
236.937
236.957
236.975
236.999
237.015
237.044
237.071
237.089
237.106
237.128
237.152
237.169
237.191
237.209
237.227
237.242
237.268
237.291
237.306
237.326
237.35
237.367
237.386
237.413
237.427
237.45
237.477
237.494
237.514
237.535
237.554
237.577
237.598
237.616
237.64
237.655
237.678
237.695
237.714
237.74
237.755
237.775
237.799
237.816
237.84
237.859
237.88
237.895
237.918
237.934
237.96
237.974
237.995
238.021
238.036
238.056
238.077
238.101
238.114
238.136
238.157
238.177
238.195
238.219
238.235
238.254
238.283
238.31
238.328
238.349
238.368
238.386
238.408
238.427
238.448
238.471
238.486
238.507
238.538
238.555
238.575
238.599
238.614
238.636
238.659
238.675
238.697
238.716
238.74
238.76
238.774
238.796
238.818
238.835
238.857
238.875
238.898
238.919
238.94
238.955
238.976
238.995
239.018
239.035
239.059
239.08
239.1
239.119
239.145
239.17
239.187
239.211
239.227
239.248
239.27
239.287
239.308
239.33
239.346
239.383
239.4
239.42
239.439
239.462
239.479
239.5
239.523
239.538
239.562
239.584
239.599
239.624
239.638
239.66
239.682
239.701
239.723
239.74
239.759
239.784
239.809
239.827
239.85
239.867
239.887
239.91
239.927
239.948
239.974
240.006
240.029
240.053
240.073
240.091
240.113
240.136
240.15
240.171
240.195
240.21
240.234
240.257
240.271
240.294
240.312
240.333
240.354
240.372
240.394
240.411
240.432
240.467
240.485
240.507
240.526
240.55
240.566
240.587
240.608
240.626
240.65
240.673
240.69
240.714
240.73
240.757
240.782
240.8
240.819
240.84
240.858
240.896
240.91
240.932
240.951
240.972
240.998
241.019
241.039
241.06
241.097
241.111
241.131
241.153
241.17
241.191
241.21
241.231
241.253
241.27
241.291
241.314
241.331
241.355
241.371
241.391
241.415
241.432
241.451
241.47
241.491
241.513
241.53
241.553
241.571
241.593
241.618
241.639
241.659
241.68
241.702
241.718
241.739
241.764
241.789
241.804
241.835
241.85
241.87
241.9
241.921
241.938
241.961
241.98
242
242.024
242.038
242.059
242.082
242.099
242.122
242.138
242.164
242.182
242.199
242.219
242.249
242.263
242.284
242.305
242.323
242.348
242.364
242.383
242.407
242.423
242.443
242.465
242.49
242.507
242.53
242.546
242.571
242.587
242.606
242.633
242.647
242.668
242.691
242.707
242.727
242.746
242.766
242.791
242.808
242.827
242.846
242.867
242.892
242.919
242.935
242.954
242.977
242.997
243.016
243.035
243.054
243.079
243.094
243.114
243.148
243.168
243.186
243.211
243.23
243.247
243.273
243.297
243.317
243.353
243.366
243.387
243.407
243.429
243.447
243.467
243.486
243.509
243.527
243.561
243.575
243.598
243.617
243.639
243.659
243.675
243.694
243.722
243.753
243.766
243.793
243.806
243.828
243.85
243.868
243.887
243.911
243.928
243.951
243.969
243.993
244.015
244.04
244.055
244.077
244.097
244.115
244.136
244.155
244.176
244.201
244.215
244.234
244.255
244.275
244.295
244.314
244.336
244.36
244.375
244.394
244.433
244.46
244.478
244.496
244.518
244.543
244.567
244.587
244.613
244.638
244.655
244.676
244.698
244.718
244.741
244.755
244.777
244.795
244.814
244.84
244.864
244.879
244.898
244.919
244.939
244.96
244.979
245.004
245.019
245.038
245.065
245.093
245.107
245.129
245.15
245.166
245.192
245.208
245.23
245.249
245.267
245.303
245.319
245.341
245.359
245.384
245.402
245.422
245.442
245.459
245.481
245.505
245.519
245.542
245.559
245.581
245.601
245.619
245.64
245.658
245.679
245.701
