0.0053896
0.000296465
0.00495351
0.00348256
0.0343141
0.0239301
0.00113881
0.0355299
0.00171057
0.00151556
0.0172777
0.00381135
0.00267212
0.00291655
0.00119597
0.004111
0.00108845
0.0040675
0.0129339
0.00358323
0.00297721
0.00734657
0.0127433
0.00483613
0.0053556
0.00718878
0.00116662
0.00446686
0.00297486
0.00172517
0.0017475
0.000960808
0.00687664
0.00382783
0.00648719
0.00124845
0.00264128
0.00562026
0.0189756
0.00137233
0.00535796
0.00348156
0.0185347
0.00335834
0.00516962
0.00211257
0.00577073
0.00427136
0.00243072
0.00564279
0.00498363
0.00119806
0.00541253
0.00464329
0.0142327
0.00105363
0.00593894
0.00038447
0.00338536
0.00420105
0.00553087
0.00733394
0.0149239
0.00192787
0.00474012
0.00547837
0.00254374
0.00126153
0.00550306
0.00462219
0.00652526
0.000908949
0.00411849
0.00465308
0.00753538
0.00333628
0.00343178
0.00628132
0.00139219
0.00228869
0.00522448
0.0300189
0.0235826
0.00430775
0.00314257
0.00303866
0.00625766
0.00193391
0.00427942
0.00528207
0.00764966
0.000800909
0.00170109
0.00366126
0.0015741
0.0019574
0.00129306
0.00621192
0.00585515
0.00409891
0.00313928
0.00196017
0.000907225
0.00144722
0.00410606
0.00429119
0.00372465
0.00619331
0.00150597
0.00173315
0.00161034
0.00133946
0.000910199
0.00309193
0.000822112
0.00103623
0.00514354
0.000851136
0.00974533
0.00248304
0.00142956
0.0108685
0.001039
0.0017382
0.000780741
0.000771666
0.0070815
0.00294188
0.000903194
0.00365688
0.00203997
0.0101401
0.00169803
0.00796219
0.00438604
0.00453488
0.00553992
0.00464688
0.005435
0.00578995
0.00428822
0.0154747
0.00363929
0.00351898
0.0113909
0.0106638
0.0162186
0.0103885
0.00759857
0.0105114
0.0137405
0.00949494
0.00656445
0.00457777
0.00825702
0.00866275
0.00637861
0.00786818
0.00970117
0.00376277
0.00647707
0.00572317
0.0220733
0.0224096
0.00206101
0.00150358
0.0010293
0.00466171
0.00926753
0.00131865
0.00604302
0.00584311
0.00311534
0.00428233
0.00200618
0.00131024
0.00260171
0.00676115
0.00130431
0.00113361
0.00146882
0.0014844
0.00500939
0.00185793
0.00166469
