7.66311
9.22281
10.9714
12.054
13.8528
14.7543
16.0591
17.7298
17.9645
18.85
20.319
21.1864
21.8449
22.5856
22.7715
23.227
23.6036
25.3062
25.7427
26.0258
27.6898
27.9012
29.6388
31.3415
33.0478
34.8179
36.4914
36.9271
37.3486
37.564
37.9841
39.6958
40.4687
41.0496
41.8852
43.6031
45.2973
46.4436
47.9778
49.5231
51.2387
51.7053
52.1249
53.8612
54.1076
55.8966
56.1393
57.834
58.2208
59.4794
60.4432
61.164
61.3165
62.2077
63.9684
64.3878
65.6637
67.3766
67.5732
68.3947
68.476
70.2057
71.7774
72.4633
74.3587
76.128
77.7805
79.3074
81.0516
81.2909
82.4495
84.1189
85.9263
87.2591
88.4096
89.6651
91.4578
92.0327
93.7728
94.9047
96.5876
97.9926
99.7896
101.59
103.312
105.065
106.821
108.6
110.314
110.752
112.018
113.714
114.608
115.422
117.264
117.496
119.259
119.473
121.232
122.994
124.097
125.23
126.58
127.2
127.402
127.631
128.266
129.408
131.119
131.768
133.459
133.72
134.803
136.369
137.247
138.115
139.831
140.693
140.944
141.853
143.64
145.346
146.619
147.083
147.503
149.257
149.689
151.377
152.495
153.099
154.376
155.888
157.548
157.782
159.555
161.283
163.056
164.81
166.543
168.28
170.033
171.854
173.614
175.318
177.026
178.737
180.462
182.264
184.033
185.717
187.359
189.015
190.797
192.527
194.27
196.002
198.377
200.142
201.891
203.698
205.393
207.16
208.968
210.665
212.384
214.087
214.963
215.199
216.895
218.695
220.213
221.952
223.653
225.415
227.125
228.862
229.916
230.657
231.052
231.952
232.184
232.656
232.887
234.646
235.532
