0.202243
0.202306
0.202362
0.202419
0.202477
0.202541
0.202596
0.202652
0.202712
0.202771
0.225225
0.336089
0.508607
0.651574
0.772681
0.884633
0.956305
0.982574
1.048144
1.343039
1.740270
1.989384
2.154823
2.238970
2.295138
2.350842
2.427690
2.549032
2.708187
2.852593
2.996008
3.088124
3.136379
3.215940
3.310144
3.428237
3.535409
3.630886
3.706522
3.778258
3.847936
3.916748
4.001180
4.078346
4.173270
4.281242
4.382159
4.468978
4.504022
4.563839
4.671378
4.795863
4.977205
5.161177
5.400627
5.664848
5.891726
6.105407
6.326380
6.507894
6.721776
6.940731
7.157218
7.376717
7.563965
7.741500
7.907152
8.063441
8.214512
8.362694
8.533551
8.694959
8.844237
9.040815
9.241752
9.402608
9.568646
9.735713
9.889628
10.080181
10.270973
10.504474
10.741865
10.941536
11.167885
11.355281
11.569868
11.760786
11.996227
12.237685
12.452793
12.704114
12.961238
13.194016
13.415300
13.598015
13.777510
13.991710
14.172244
14.377878
14.557376
14.777302
14.984751
15.203564
15.426326
15.646022
15.892415
16.112713
16.278946
16.412907
16.511830
16.606314
16.752581
16.921650
17.154694
17.392686
17.618966
17.792858
17.964091
18.077104
18.167834
18.228112
18.303757
18.427638
18.564931
18.757230
18.968198
19.148344
19.304539
19.423720
19.518317
19.586682
19.686769
19.819360
19.978713
20.106485
20.197448
20.270082
20.337228
20.417649
20.515775
20.659810
20.835967
20.996910
21.148135
21.299571
21.403418
21.493499
21.599943
21.725215
21.852194
22.026026
22.198435
22.388424
22.580304
22.791663
22.973123
23.198902
23.405451
23.643224
23.828763
24.002959
24.164282
24.375016
24.590515
24.839068
25.031981
25.217126
25.391553
25.609038
25.841439
26.039811
26.237213
26.433196
26.658344
26.882299
27.076823
27.309850
27.507510
27.736772
27.936803
28.169815
28.368648
28.599866
28.787012
28.978907
29.117674
29.255744
29.369245
29.512871
29.652433
29.839464
30.010172
30.161656
30.276422
30.367446
30.442486
30.565280
30.732573
30.910487
31.110646
31.357801
31.614730
31.831018
32.076068
32.280722
32.511029
32.703133
32.923072
33.139457
33.363882
33.601717
33.842001
34.079485
34.301053
34.455096
34.582450
34.649103
34.683343
34.707256
34.787570
34.925322
35.116417
35.338759
35.610634
35.905395
36.157488
36.367494
36.582382
36.799016
37.041519
37.269233
37.478547
37.642536
37.828911
37.993495
38.193910
38.378313
38.610781
38.814846
39.052120
39.253395
39.458907
39.708171
39.962148
40.200491
40.425398
40.648225
40.864791
41.057343
41.219475
41.408414
41.634729
41.859421
42.071846
42.295375
42.475636
42.692143
42.888300
43.125394
43.360839
43.560267
43.796422
44.001808
44.247725
44.467194
44.725701
44.981874
45.219027
45.413113
45.646174
45.857157
46.100685
46.320103
46.511547
46.749323
46.997151
47.229448
47.420044
47.627282
47.811448
47.943541
48.061014
48.177813
48.329381
48.479529
48.684225
48.931645
49.149014
49.358618
49.557956
49.778810
49.966680
50.157912
50.354025
50.590416
50.798958
51.030416
51.204216
51.368110
51.542496
51.670940
51.723888
51.757097
51.852453
51.992315
52.181364
52.381423
52.589681
52.797898
52.979638
53.162551
53.375228
53.591185
53.765613
53.943712
54.073966
54.203910
54.320750
54.414625
54.526227
54.642119
54.805042
55.012875
55.257586
55.404475
55.505364
55.625182
55.802019
55.959751
56.139919
56.318293
56.482943
56.582401
56.609459
56.739820
56.947651
57.130632
57.307405
57.441404
57.581510
57.741835
57.888128
58.091944
58.271046
58.441387
58.639229
58.913178
59.153004
59.410911
59.640530
59.826360
60.027955
60.184477
60.318724
60.424726
60.524456
60.636980
60.790517
60.961993
61.166845
61.346822
61.553513
61.741519
61.905668
62.071592
62.244213
62.481571
62.688360
62.904937
63.051367
63.163667
63.275100
63.420157
63.571407
63.712521
63.869147
64.071208
64.240885
64.306874
64.415469
64.632645
64.931726
65.226253
65.473264
65.710939
65.920721
66.134893
66.382089
66.634386
66.900941
67.162076
67.395231
67.552237
67.674712
67.731531
67.738334
67.768591
67.822710
67.955665
68.135853
68.330006
68.563908
68.766455
68.999791
69.229477
69.448458
69.635569
69.854846
70.048104
70.246249
70.447976
70.684864
70.915880
71.110909
71.322855
71.504311
71.701969
71.880784
72.070105
72.301491
72.507023
72.752116
72.960728
73.197326
73.418010
73.587540
73.753231
73.876963
73.966964
74.065132
74.188085
74.416949
74.606683
74.779558
74.982251
75.191223
75.378011
75.595125
75.778022
75.980011
76.103512
76.176514
76.207786
76.226583
76.269104
76.340789
76.464388
76.623584
76.813312
77.032924
77.236520
77.486060
77.706290
77.960754
78.213076
78.419326
78.649229
78.839734
79.024322
79.206117
79.389531
79.609451
79.844293
80.086055
80.300693
80.553071
80.809313
81.056569
81.271319
81.468606
81.687910
81.892089
82.091163
82.295882
82.476499
82.691605
82.875626
83.053523
83.251880
83.452816
83.653993
83.829565
84.004236
84.201397
84.398576
84.594440
84.764785
84.941552
85.110873
85.278838
85.471370
85.627911
85.804490
85.957814
86.143480
86.313947
86.528954
86.755968
86.959868
87.168268
87.363601
87.528969
87.691678
87.829783
87.981307
88.182777
88.368323
88.593950
88.824815
89.027438
89.221642
89.408742
89.616210
89.785602
89.976661
90.170861
90.353059
90.546217
90.749649
90.979794
91.190575
91.405384
91.580328
91.700886
91.763242
91.788095
91.835370
91.915555
92.001747
92.100517
92.173333
92.256265
92.365367
92.510439
92.662838
92.871275
93.066439
93.304138
93.506905
93.676205
93.756766
93.813861
93.905648
94.056526
94.223730
94.452636
94.664234
94.880646
95.121943
95.342819
95.542774
95.696061
95.867916
96.025197
96.228067
96.433470
96.567181
96.658934
96.714013
96.809827
96.884971
96.959737
97.114694
97.277807
97.467376
97.653476
97.845746
98.023303
98.228903
98.392924
98.561735
98.695344
98.794622
98.901573
98.994318
99.107111
99.266357
99.434795
99.572462
99.724643
99.874306
100.078095
100.268845
100.458568
100.625218
100.790762
100.971743
101.139788
101.341782
101.533119
101.723795
101.955800
102.181689
102.372257
102.510403
102.614586
102.730777
102.875155
103.076192
103.274628
103.470958
103.694915
103.907587
104.091707
104.259007
104.417135
104.586333
104.800994
104.985520
105.190615
105.365237
105.504470
105.668996
105.816893
105.998711
106.188431
106.351503
106.527298
106.665991
106.843348
107.022447
107.243302
107.435697
107.665943
107.868368
108.078513
108.269380
108.482585
108.663396
108.882871
109.112191
109.350795
109.554748
109.747348
109.954806
110.140359
110.304457
110.444686
110.645046
110.867812
111.087899
111.282971
111.443477
111.662552
111.909966
112.129274
112.378943
112.572847
112.767540
112.908387
113.056843
113.192600
113.375518
113.549652
113.737268
113.965126
114.165222
114.366009
114.562616
114.770242
114.914937
115.029410
115.080691
115.126973
115.220123
115.398059
115.627550
115.822639
116.023686
116.184098
116.377218
116.554563
116.768269
116.971822
117.132732
117.280931
117.424884
117.571011
117.763608
117.958837
118.195555
118.397329
118.614497
118.801719
118.930433
119.018688
119.073943
119.128119
119.206857
119.315699
119.445235
119.536284
119.613927
119.714041
119.835306
120.006250
120.176245
120.387486
120.567178
120.757057
120.899823
121.036924
121.174805
121.337561
121.482779
121.634046
121.786798
121.952262
122.106951
122.278531
122.498233
122.691617
122.918462
123.114117
123.328122
123.469155
123.552684
123.634415
123.771931
123.955518
124.101748
124.226398
124.359264
124.498053
124.545860
124.615838
124.756145
124.952025
125.120150
125.266658
125.407392
125.584773
125.758085
125.974584
126.184577
126.358504
126.556900
126.731894
126.949146
127.144894
127.352974
127.608765
127.841794
128.116226
128.384838
128.609462
128.857796
129.098278
129.325656
129.520533
129.750648
129.951491
130.160527
130.397881
130.632706
130.824454
130.984534
131.100397
131.178565
131.208024
131.250678
131.322229
131.447690
131.586652
131.747850
131.961442
132.204374
132.458632
132.718464
132.982521
133.203525
133.451126
133.699551
133.957257
134.205917
134.414998
134.655482
134.900861
135.113235
135.324480
135.563476
135.769297
136.008009
136.247167
136.491604
136.699151
136.906367
137.114515
137.358511
137.571609
137.823631
138.044031
138.302625
138.553846
138.769999
138.985936
139.233406
139.442072
139.645790
139.880617
140.076654
140.271716
140.431474
140.517795
140.608026
140.797434
141.089025
141.563142
141.986588
142.182238
142.351748
142.640369
142.935683
143.105679
143.209842
143.294222
143.397323
143.529041
143.666793
143.778154
143.823133
143.907040
144.045614
144.215036
144.411144
144.605724
144.856185
145.123490
145.351049
145.618854
145.854238
146.126005
146.387432
146.592668
146.788046
147.010664
147.206521
147.409108
147.645700
147.857079
148.078547
148.295948
148.516236
148.706825
148.964026
149.185028
149.425818
149.640482
149.849506
150.052311
150.285891
150.445377
150.541324
150.598045
150.637549
150.683442
150.750244
150.867831
151.026279
151.145860
151.232742
151.389099
151.559078
151.737609
151.947943
152.152852
152.324229
152.500023
152.632014
152.719055
152.806328
152.940123
153.083274
153.250466
153.470434
153.683498
153.947270
154.218370
154.493336
154.727161
154.954495
155.213490
155.328843
155.447365
155.595035
155.937646
156.417997
156.933435
157.238997
157.430400
157.607959
157.841620
158.056387
158.305942
158.506198
158.716043
158.823503
158.943960
159.203958
159.542998
159.891289
160.022949
160.169617
160.431031
160.720066
161.018643
161.247267
161.518267
161.764586
162.057833
162.309129
162.597976
162.871948
163.100114
163.355047
163.566028
163.805565
164.033935
164.258411
164.423138
164.642529
164.861844
165.090198
165.336185
165.548727
165.788872
165.960427
166.187081
166.409220
166.594867
166.773872
166.974804
167.175733
167.372681
167.542137
167.736604
167.902713
168.099831
168.298884
168.476917
168.690083
168.878697
169.065732
169.183818
169.320790
169.482839
169.671290
169.782792
169.833169
169.861551
169.932503
170.024524
170.142492
170.308511
170.500841
170.682649
170.909573
171.138448
171.335362
171.563299
171.761248
171.967936
172.196767
172.389781
172.578417
172.764878
172.951131
173.174173
173.372285
173.600805
173.802211
174.048202
174.263543
174.494695
174.673053
174.791727
174.925839
175.064261
175.172159
175.263622
175.364726
175.517707
175.684791
175.913558
176.118480
176.355782
176.561958
176.808326
177.064019
177.318505
177.575558
177.795048
178.045752
178.249861
178.447664
178.672278
178.864410
179.088125
179.280310
179.497341
179.663649
179.826399
179.943688
180.081190
180.222231
180.418364
180.633267
180.828011
181.057500
181.252763
181.473996
181.659180
181.857721
182.056314
182.260200
182.500832
182.748541
182.959002
183.201160
183.406055
183.636982
183.830317
184.054888
184.276301
184.470099
184.699128
184.899314
185.138095
185.342178
185.580174
185.785654
185.994198
186.227859
186.424685
186.652255
186.842042
187.029011
187.243902
187.460408
187.650879
187.845910
188.081829
188.284678
188.518929
188.718792
188.949770
189.186356
189.418759
189.617200
189.847692
190.048478
190.258958
190.456326
190.666030
190.895636
191.109483
191.289598
191.450188
191.613889
191.791501
191.939850
192.102446
192.308393
192.504744
192.693625
192.861790
193.048144
193.237428
193.464992
193.663930
193.899924
194.102402
194.342331
194.549183
194.784567
195.019604
195.220191
195.446373
195.677204
195.879675
196.081012
196.301322
196.494746
196.680311
196.794974
196.875609
196.948645
197.047871
197.123234
197.182861
197.215527
197.239458
197.254298
197.270681
197.282734
197.289918
197.295307
197.299763
197.302652
197.305402
197.307070
197.308260
197.308998
197.309640
197.310107
197.310404
197.310630
197.310821
197.310942
197.311035
197.311115
197.311164
197.311207
197.311237
197.311257
197.311272
197.311284
