2.70655
2.90268
3.11463
3.31359
3.5229
3.75757
3.95459
4.15254
4.38832
4.59166
4.82405
5.02898
5.26993
5.47713
5.66702
5.90682
6.10785
6.30659
6.52526
6.74251
6.9629
7.17777
7.41113
7.63903
7.83906
8.04345
8.28946
8.52926
8.75423
8.94851
9.18267
9.42151
9.6436
9.87227
10.0684
10.289
10.5258
10.749
10.957
11.1614
11.3615
11.583
11.8063
12.0191
12.246
12.4812
12.6914
12.8896
13.1302
13.3684
13.614
13.8051
14.0514
14.255
14.4872
14.7206
14.9258
15.127
15.3543
15.544
15.7799
16.0205
16.2452
16.4768
16.6823
16.8739
17.0782
17.2821
17.4847
17.6833
17.9251
18.1595
18.3634
18.5852
18.8314
19.0301
19.2287
19.4265
19.6285
19.8457
20.0576
20.2912
20.525
20.7269
20.9579
21.1694
21.3886
21.5893
21.8297
22.059
22.26
22.4924
22.7268
22.9573
23.1926
23.389
23.5865
23.8283
24.0273
24.2512
24.4453
24.6892
24.8865
25.0876
25.2895
25.4841
25.7193
25.9521
26.1498
26.3466
26.5522
26.75
26.9834
27.1861
27.4225
27.6518
27.8842
28.0872
28.3274
28.5234
28.752
28.954
29.1563
29.3827
29.5915
29.8232
30.0696
30.268
30.4635
30.6576
30.9003
31.0973
31.3251
31.5622
31.7943
31.9891
32.1957
32.4329
32.6319
32.8299
33.0289
33.2724
33.4926
33.6916
33.8981
34.1327
34.3338
34.5367
34.7799
34.9939
35.1993
35.4354
35.6367
35.843
36.0389
36.2771
36.4776
36.7161
36.9111
37.1347
37.334
37.5508
37.7569
37.9706
38.1699
38.4035
38.6008
38.8152
39.0202
39.2505
39.4858
39.6828
39.8895
40.0908
40.3128
40.5559
40.7507
40.9838
41.1885
41.419
41.6306
41.8461
42.0523
42.2876
42.4904
42.7161
42.9153
43.1506
43.3505
43.5849
43.7968
44.0171
44.2152
44.4141
44.6119
44.8303
45.0359
45.2829
45.5109
45.7268
45.9129
46.1454
46.3978
46.5878
46.8233
47.0336
47.259
47.4684
47.7208
47.9281
48.1611
48.4008
48.6307
48.8495
49.0882
49.2873
49.5095
49.711
49.9132
50.1146
50.3393
50.5416
50.7523
50.9456
51.2218
51.4525
51.6878
51.8962
52.0968
52.2981
52.5349
52.7788
53.0065
53.2031
53.4362
53.6394
53.8469
54.0655
54.2953
54.4989
54.7297
54.9317
55.1351
55.361
55.6056
55.8444
56.0628
56.3006
56.5339
56.7652
56.9677
57.1692
57.3812
57.5775
57.7812
58.0087
58.2091
58.4493
58.6508
58.8868
59.1187
59.3217
59.5446
59.7491
59.9813
60.1839
60.406
60.6388
60.8718
61.0697
61.3016
61.5101
61.743
61.9728
62.1785
62.4049
62.6479
62.8736
63.0763
63.3084
63.5455
63.7446
63.9429
64.1427
64.3757
64.5756
64.807
65.0431
65.2455
65.4545
65.6476
65.8838
66.0801
66.2837
66.4853
66.7163
66.9171
67.1602
67.3621
67.5589
67.7856
68.0141
68.2206
68.4581
68.6564
68.8677
69.0954
69.3276
69.5698
69.7908
69.9896
70.1881
70.4198
70.6641
70.8442
71.0728
71.2807
71.511
71.7512
71.9465
72.1786
72.3782
72.5785
72.7772
73.011
73.2108
73.4239
73.6204
73.8498
74.0525
74.2888
74.5208
74.75
74.9806
75.1846
75.4193
75.6491
75.86
76.0909
76.2849
76.4886
76.7156
76.9252
77.1626
77.3585
77.5686
77.7612
77.9925
78.1901
78.4356
78.6643
78.8613
79.0926
79.2934
79.5036
79.6953
79.9331
80.1675
80.3889
80.6053
80.8448
81.0338
81.2721
81.5039
81.7343
81.9716
82.1719
82.3993
82.6016
82.8348
83.0329
83.2369
83.4439
83.6855
83.9102
84.1063
84.2991
84.5346
84.7732
84.9801
85.2078
85.438
85.6788
85.9111
86.1411
86.3769
86.582
86.7847
87.0167
87.2427
87.4807
87.717
87.9492
88.1554
88.3894
88.6184
88.8215
89.0534
89.2511
89.4563
89.6516
89.8582
90.0913
90.2856
90.5202
90.7514
90.9799
91.1849
91.4128
91.6144
91.8114
92.0131
92.2478
92.4819
92.6876
92.9124
93.1261
93.3613
93.5713
93.7532
93.9889
94.184
94.4213
94.6196
94.854
95.0785
95.2719
95.5039
95.7364
95.9374
96.1381
96.3409
96.5667
96.7707
96.9714
97.2081
97.4343
97.6377
97.8661
98.0685
98.3025
98.5049
98.7069
98.9105
99.1119
99.3123
99.5127
99.748
99.981
100.215
100.447
100.654
100.889
101.096
101.349
101.575
101.78
102.016
102.213
102.408
102.608
102.816
103.042
103.289
103.513
103.714
103.947
104.18
104.411
104.618
104.817
105.05
105.285
105.513
105.745
105.941
106.166
106.372
106.581
106.797
107.035
107.265
107.47
107.669
107.907
108.161
108.386
108.579
108.793
108.991
109.196
109.428
109.626
109.859
110.068
110.298
110.498
110.734
110.967
111.168
111.365
111.577
111.77
112
112.188
112.396
112.634
112.835
113.067
113.294
113.499
113.701
113.907
114.139
114.333
114.575
114.802
114.997
115.194
115.397
115.63
115.848
116.075
116.311
116.545
116.776
117.008
117.251
117.483
117.691
117.923
118.121
118.354
118.583
118.811
119.013
119.246
119.449
119.676
119.887
120.116
120.352
120.576
120.782
121.012
121.21
121.445
121.652
121.835
122.07
122.319
122.55
122.746
122.974
123.177
123.416
123.647
123.854
124.082
124.285
124.506
124.716
124.963
125.18
125.384
125.616
125.848
126.079
126.289
126.517
126.712
126.952
127.181
127.382
127.609
127.821
128.021
128.248
128.478
128.697
128.927
129.132
129.372
129.57
129.766
129.967
130.203
130.432
130.633
130.868
131.068
131.271
131.507
131.736
131.966
132.206
132.407
132.604
132.807
133.037
133.239
133.446
133.673
133.907
134.14
134.366
134.58
134.79
135.02
135.218
135.462
135.694
135.893
136.119
136.326
136.568
136.802
136.998
137.236
137.433
137.66
137.863
138.101
138.308
138.535
138.737
138.948
139.147
139.376
139.576
139.815
140.04
140.27
140.47
140.68
140.919
141.145
141.372
141.583
141.839
142.063
142.295
142.534
142.734
142.966
143.197
143.397
143.622
143.821
144.045
144.242
144.47
144.675
144.909
145.109
145.318
145.545
145.743
145.941
146.145
146.382
146.582
146.824
147.051
147.246
147.458
147.687
147.926
148.125
148.353
148.555
148.789
148.989
149.233
149.456
149.656
149.855
150.053
150.259
150.484
150.688
150.923
151.123
151.351
151.584
151.789
151.991
152.234
152.461
152.662
152.856
153.085
153.327
153.525
153.721
153.935
154.16
154.36
154.597
154.794
155.03
155.234
155.441
155.637
155.861
156.066
156.269
156.476
156.701
156.911
157.105
157.332
157.536
157.763
157.963
158.198
158.405
158.641
158.869
159.072
159.3
159.54
159.765
159.96
160.189
160.393
160.599
160.795
161.035
161.264
161.498
161.716
161.936
162.145
162.37
162.596
162.79
163.02
163.225
163.459
163.659
163.866
164.105
164.329
164.565
164.796
164.998
165.229
165.462
165.686
165.885
166.111
166.32
166.524
166.77
166.989
167.195
167.401
167.599
167.832
168.03
168.262
168.459
168.694
168.891
169.102
169.322
169.561
169.789
170.019
170.248
170.448
170.683
170.913
171.151
171.381
171.583
171.823
172.054
172.264
172.472
172.696
172.91
173.138
173.367
173.598
173.8
174.003
174.2
174.43
174.635
174.867
175.061
175.301
175.536
175.74
175.94
176.168
176.376
176.574
176.795
177.003
177.203
177.42
177.62
177.843
178.045
178.247
178.481
178.716
178.912
179.151
179.373
179.611
179.81
180.008
180.205
180.436
180.671
180.878
181.122
181.351
181.558
181.779
182.023
182.244
182.451
182.68
182.906
183.111
183.341
183.539
183.782
184.015
184.21
184.408
184.647
184.845
185.045
185.281
185.485
185.69
185.897
186.097
186.297
186.503
186.715
186.937
187.125
187.325
187.528
187.758
187.955
188.16
188.386
188.59
188.789
188.988
189.219
189.458
189.685
189.897
190.123
190.323
190.537
190.771
190.999
191.203
191.431
191.67
191.874
192.077
192.312
192.507
192.711
192.944
193.143
193.38
193.615
193.832
194.034
194.234
194.466
194.711
194.899
195.136
195.312
195.515
195.748
195.981
196.221
196.423
196.659
196.85
197.076
197.284
197.516
197.719
197.926
198.153
198.361
198.602
198.832
199.063
199.259
199.468
199.704
199.896
200.123
200.333
200.556
200.759
201.002
201.233
201.435
201.661
201.871
202.112
202.354
202.588
202.788
202.98
203.218
203.446
203.684
203.883
204.109
204.319
204.519
204.745
204.949
205.144
205.375
205.61
205.84
206.041
206.261
206.465
206.706
206.94
207.136
207.373
207.573
207.82
208.056
208.288
208.485
208.726
208.936
209.129
209.331
209.567
209.767
209.971
210.203
210.42
210.625
210.859
211.095
211.301
211.526
211.721
211.934
212.162
212.37
212.572
212.77
212.972
213.209
213.407
213.639
213.844
214.076
214.276
214.519
214.739
214.95
215.184
215.417
215.608
215.806
216.013
216.229
216.432
216.664
216.863
217.098
217.294
217.524
217.773
218.003
218.241
218.447
218.684
218.885
219.093
219.322
219.527
219.755
219.962
220.195
220.394
220.625
220.831
221.066
221.266
221.504
221.737
221.936
222.164
222.368
222.603
222.799
223.004
223.202
223.403
223.638
223.869
224.069
224.292
224.5
224.733
224.937
225.175
225.4
225.605
225.833
226.037
226.273
226.472
226.699
226.904
227.11
227.347
227.543
227.785
227.983
228.184
228.416
228.649
228.845
229.041
229.274
229.483
229.701
229.902
230.139
230.367
230.605
230.808
231.039
231.243
231.479
231.713
231.937
232.172
232.412
232.644
232.872
233.102
233.332
233.532
233.737
233.972
234.204
234.427
234.632
234.839
235.043
235.271
235.481
235.707
235.91
236.136
236.335
236.566
236.803
237.039
237.238
237.472
237.673
237.876
238.097
238.305
238.534
238.735
238.936
239.14
239.379
239.58
239.804
240.023
240.252
240.463
240.669
240.891
241.092
241.31
241.549
241.784
242.02
242.245
242.486
242.687
242.915
243.144
243.348
243.557
243.788
243.989
244.197
244.427
244.634
244.86
245.088
245.299
245.501
245.73
