0.000000
0.000000
0.000000
0.000000
41.726002
41.785999
41.997002
42.060001
43.132000
48.182999
50.833000
51.835999
63.375000
73.786003
76.893997
85.318001
89.446999
96.647003
98.148003
100.224998
114.666000
138.703995
153.789993
160.690994
164.072006
166.190994
170.552994
180.645004
193.388000
198.306000
203.369003
207.688995
213.509003
222.276001
242.007004
254.878998
261.690002
265.437988
270.760986
278.282990
288.291992
294.332001
302.108002
306.148010
307.880005
309.959015
311.531006
313.631012
314.903015
316.095001
320.282013
320.339996
320.381012
325.260010
329.261993
331.894012
332.401001
332.403992
332.407013
332.416992
332.420990
332.480988
332.518005
332.915985
332.915985
332.915985
332.924988
332.950012
333.032990
333.156006
337.458008
341.562012
356.546997
370.192993
373.529999
376.369995
378.920990
383.036011
388.635986
391.368988
394.230011
398.977997
401.937012
404.636993
406.834015
408.213989
408.803986
408.839996
408.839996
409.045013
413.084015
419.817993
425.114014
436.494995
452.341003
457.329987
463.526001
469.812012
472.871002
473.082001
474.367004
480.954010
493.631989
497.591003
501.131012
506.476013
511.993011
516.202026
524.679993
529.763977
534.525024
540.059998
549.064026
558.635010
566.627014
570.870972
572.849976
575.059998
580.187012
583.812988
587.004028
590.109985
594.979004
599.211975
603.325989
607.450989
611.718018
614.877014
621.130981
633.458008
645.010986
651.828003
659.406006
670.424988
684.413025
704.888000
710.666016
711.648010
712.276978
712.310974
712.323975
720.033020
726.421021
726.890991
727.174011
727.208984
727.223999
727.406006
729.288025
729.302002
729.310974
729.414978
729.453003
729.463989
729.489990
729.491028
729.614014
731.632019
731.635010
731.653992
731.684998
737.098999
743.408020
746.573975
750.697998
754.471008
756.093994
756.419983
756.593018
756.705017
758.476990
766.754028
778.236023
792.539978
801.377991
805.237000
805.958984
810.067017
815.080994
819.914001
826.921997
830.734009
831.987000
832.379028
832.401978
832.406006
832.408997
832.409973
832.409973
832.409973
832.409973
832.409973
832.409973
832.409973
832.409973
832.409973
832.409973
832.409973
832.409973
832.409973
832.409973
845.422974
845.440002
845.447021
845.447021
845.447021
845.447021
845.447021
845.447021
845.447021
845.447021
845.447021
845.447021
845.447021
846.322021
846.327026
846.500977
847.557007
849.862000
854.870972
858.543030
859.708984
861.043030
861.745972
863.252014
869.200989
873.398010
876.843994
881.916016
886.502991
888.625000
889.370972
891.880005
902.877991
903.716980
903.806030
905.132019
907.546997
907.591003
907.606995
908.242004
908.244995
917.943970
921.153015
922.479980
925.674988
928.426025
929.888977
930.760010
931.484009
933.049988
935.127991
936.283997
936.942993
937.895996
941.401001
946.521973
953.242004
959.181030
960.375000
960.737000
960.890015
962.448975
966.648010
972.400024
977.960999
980.971985
983.431030
986.929993
990.456970
993.627014
998.908997
1005.926025
1007.716980
1009.198975
1011.812012
1014.460022
1017.827026
1023.010010
1031.791016
1038.353027
1041.421997
1057.207031
1058.427002
1059.947021
1061.526978
1062.718018
1062.725952
1062.734009
1062.737061
1062.909058
1073.812988
1081.659058
1090.134033
1093.942993
1093.947998
1096.433960
1100.572998
1100.753052
1100.765015
1100.802979
1100.810059
1100.900024
1102.833984
1103.677979
1103.839966
1104.401978
1106.119019
1110.110962
1113.192017
1117.188965
1118.165039
1119.691040
1122.250977
1123.017944
1123.189941
1123.229980
1123.235962
1123.240967
1123.240967
1123.243042
1123.265015
1123.265991
1123.265991
1123.265991
1123.265991
1124.400024
1125.358032
1125.635986
1125.718018
1125.719971
1125.720947
1125.722046
1125.722046
1125.722046
1125.723022
1125.723022
1125.723022
1125.723022
1125.723022
1125.723022
1125.723022
1125.723022
1125.723999
1125.724976
1125.724976
1125.724976
1125.733032
1125.791992
1126.276001
1126.729004
1126.729004
1126.734009
1126.734009
1127.038940
1127.625977
1127.796997
1127.989014
1127.989014
1127.989014
1127.989014
1127.989014
1127.989014
1127.989014
1128.149048
1128.517944
1128.520996
1128.525024
1128.525024
1128.530029
1128.542969
1128.587036
1128.587036
1128.587036
1128.587036
1128.587036
1128.587036
1128.587036
1128.587036
1128.587036
1128.587036
1128.587036
1128.587036
1128.587036
1128.587036
1128.587036
1128.587036
1128.758057
1128.758057
1128.758057
1128.760986
1128.943970
1129.092041
1129.173950
1129.192017
1129.197021
1129.197021
1129.197021
1129.197021
1129.197021
1129.197021
1129.199951
1129.199951
1129.199951
1129.199951
1129.199951
1129.201050
1129.212036
1129.212036
1129.212036
1129.276001
1129.394043
1129.467041
1129.467041
1129.468018
1129.468018
1129.468018
1129.468994
1129.479004
1129.479004
1129.479004
1129.483032
1129.500000
1129.563965
1129.602051
1129.615967
1129.619019
1129.619019
1129.619019
1130.048950
1130.072021
1130.072021
1130.072021
1130.072021
1130.234985
1130.817993
1130.875977
1130.879028
1130.977051
1131.848999
1132.098999
1132.098999
1132.118042
1132.170044
1132.176025
1132.177002
1132.177002
1132.177002
1132.192993
1132.192993
1132.192993
1132.192993
1132.192993
1132.193970
1132.203003
1132.318970
1136.630005
1141.947021
1146.557007
1152.229980
1157.344971
1163.984985
1167.651001
1172.109009
1174.880005
1177.319946
1180.744019
1183.525024
1185.895996
1186.727051
1186.858032
1187.017944
1187.056030
1187.078003
1187.083008
1187.095947
1187.098999
1187.098999
1187.098999
1187.099976
1187.104980
1187.104980
1187.104980
1187.104980
1187.104980
1187.104980
1187.104980
1187.104980
1187.104980
