0.87519
0.875382
2.12233
2.622
3.12339
3.62661
4.12628
4.62667
5.12596
5.62605
6.12618
6.62642
7.13038
7.63909
8.13047
8.63069
9.12997
9.64365
10.1302
10.6298
11.1308
11.6333
12.1343
12.634
13.1341
13.6338
14.1338
14.634
15.1338
15.6346
16.1339
16.6345
17.138
17.6379
18.1596
18.6375
19.1382
19.6386
20.1467
20.6377
21.1694
21.6386
22.1388
22.6425
23.1424
23.6422
24.1423
24.6424
25.1418
25.6422
26.1503
26.6462
27.1455
27.6523
28.1467
28.6459
29.1569
29.6459
30.1458
30.6582
31.1469
31.6503
32.1497
32.6498
33.1495
33.6503
34.1497
34.6504
35.1505
35.653
36.154
36.6536
37.1543
37.6538
38.17
38.6538
39.1545
39.6544
40.1543
40.6544
41.1549
41.6538
42.1545
42.6578
43.1578
43.6577
44.1578
44.6577
45.1578
45.6609
46.1625
46.6623
47.162
47.6624
48.1626
48.662
49.1624
49.6622
50.162
50.6655
51.1665
51.6657
52.166
52.6664
53.1662
53.6666
54.1657
54.6658
55.1662
55.6674
56.1701
56.6706
57.1695
57.6695
58.1706
58.6702
59.1729
59.6706
60.1841
60.67
61.1698
61.6738
62.1786
62.6742
63.1735
63.6745
64.1747
64.6738
65.1739
65.6746
66.1745
66.6778
67.1778
67.6783
68.1785
68.6781
69.1787
69.6785
70.1883
70.6779
71.1779
71.6826
72.1824
72.6816
73.1818
73.6816
74.1821
74.6825
75.1848
75.6818
76.1817
76.6826
77.1846
77.6861
78.1905
78.6858
79.1858
79.6954
80.1858
80.6856
81.1857
81.6857
82.1858
82.6867
83.19
83.6897
84.1899
84.6898
85.2081
85.6904
86.1905
86.6908
87.1902
87.7174
88.194
88.6945
89.1941
89.6939
90.1933
90.6941
91.1946
91.6942
92.1943
92.6939
93.1943
93.6987
94.1985
94.6978
95.1986
95.6978
96.1986
96.6982
97.1984
97.6981
98.1978
98.7012
99.2027
99.7025
100.202
100.702
101.202
101.702
102.213
102.704
103.206
103.714
104.206
104.706
105.207
105.706
106.207
106.706
107.206
107.708
108.21
108.71
109.21
109.71
110.21
110.734
111.21
111.71
112.21
112.71
113.21
113.714
114.215
114.714
115.214
115.714
116.214
116.714
117.214
117.714
118.214
118.714
119.218
119.719
120.218
120.718
121.218
121.718
122.218
122.719
123.219
123.721
124.222
124.722
125.223
125.722
126.222
126.722
127.222
127.722
128.222
128.722
129.222
129.726
130.226
130.727
131.226
131.736
132.226
132.726
133.239
133.726
134.226
134.729
135.23
135.73
136.23
136.73
137.236
137.73
138.23
138.737
139.23
139.73
140.231
140.733
141.234
141.734
142.234
142.734
143.234
143.734
144.242
144.734
145.234
145.743
146.234
146.739
147.246
147.738
148.239
148.738
149.238
149.739
150.259
150.738
151.238
151.739
152.242
152.742
153.242
153.742
154.242
154.742
155.242
155.742
156.269
156.747
157.246
157.763
158.247
158.746
159.246
159.765
160.246
160.746
161.264
161.746
162.246
162.746
163.248
163.75
164.251
164.75
165.25
165.751
166.25
166.77
167.25
167.75
168.263
168.75
169.25
169.754
170.253
170.754
171.254
171.754
172.264
172.754
173.254
173.754
174.254
174.755
175.254
175.758
176.258
176.758
177.258
177.759
178.258
178.758
179.258
179.758
180.261
180.762
181.262
181.78
182.264
182.762
183.262
183.782
184.266
184.767
185.266
185.766
186.266
186.766
187.267
187.766
188.267
188.766
189.266
189.766
190.266
190.771
191.27
191.77
192.27
192.77
193.27
193.771
194.27
194.773
195.274
195.774
196.274
196.774
197.274
197.774
198.274
198.774
199.274
199.774
200.275
200.774
201.275
201.776
202.279
202.788
203.278
203.778
204.279
204.778
205.278
205.778
206.278
206.778
207.282
207.782
208.289
208.782
209.282
209.783
210.282
210.782
211.302
211.781
212.285
212.786
213.286
213.786
214.286
214.786
215.286
215.787
216.286
216.786
217.295
217.786
218.29
218.791
219.322
219.79
220.29
220.831
221.29
221.79
222.29
222.799
223.293
223.794
224.294
224.795
225.294
225.795
226.294
226.794
227.295
227.794
228.294
228.795
229.295
229.798
230.298
230.808
231.298
231.798
232.298
232.798
233.298
233.798
234.298
234.802
235.302
235.808
236.302
236.81
237.306
237.802
238.31
238.803
239.308
239.809
240.303
240.806
241.314
241.807
242.306
242.808
243.306
243.806
244.306
244.806
245.306
