2.62254
2.82416
3.05219
3.25393
3.48615
3.71623
3.92609
4.13425
4.35889
4.59754
4.82235
5.03276
5.26139
5.4772
5.67827
5.91211
6.16125
6.37617
6.57397
6.80935
7.0427
7.2491
7.4797
7.71715
7.91399
8.11653
8.35327
8.58992
8.79053
9.02409
9.24373
9.45684
9.68725
9.88428
10.1062
10.3134
10.5348
10.7541
10.9979
11.2053
11.4143
11.6372
11.8465
12.0818
12.3182
12.5584
12.7829
13.0247
13.2371
13.4741
13.7285
13.949
14.1415
14.3908
14.6291
14.831
15.0796
15.289
15.5285
15.7363
15.9553
16.1928
16.4254
16.6187
16.8555
17.0523
17.2863
17.4908
17.7269
17.9768
18.173
18.4107
18.6016
18.835
19.0398
19.2691
19.4698
19.6716
19.9106
20.1247
20.3372
20.5693
20.7993
20.9959
21.2338
21.4352
21.6702
21.864
22.0711
22.2876
22.4971
22.6962
22.8903
23.1207
23.3293
23.5633
23.7901
24.0289
24.2272
24.4255
24.6332
24.8617
25.0573
25.282
25.5206
25.7215
25.9191
26.1259
26.3562
26.5576
26.758
26.9899
27.1954
27.3965
27.6316
27.861
28.0588
28.2566
28.4965
28.6972
28.9231
29.1315
29.3689
29.5676
29.8007
30.0077
30.2384
30.4375
30.6377
30.867
31.1111
31.3343
31.5671
31.7967
32.0322
32.2381
32.4637
32.6617
32.8688
33.0693
33.3076
33.5089
33.7132
33.9449
34.1724
34.3767
34.5733
34.8075
35.0156
35.2124
35.4173
35.6459
35.8556
36.0939
36.3118
36.5096
36.7591
36.9552
