0.000000
0.000000
0.000000
41.583000
41.616001
41.993999
42.035000
42.056999
43.374001
48.270000
50.625000
53.863998
66.399002
73.258003
78.709999
85.680000
87.825996
92.865997
94.799004
96.625999
111.291000
135.462997
150.080994
156.709000
160.796997
161.811996
164.906998
179.358002
189.843994
194.393005
199.770004
206.173004
210.988007
221.589005
235.216995
255.102997
264.747986
271.095001
280.829010
288.694000
295.446991
302.399994
307.265991
308.753998
310.843994
313.260010
314.859985
315.091003
317.692993
319.855011
319.996002
321.191010
324.497986
328.807007
331.993011
332.221008
332.713013
333.714996
333.875000
333.893005
333.983002
336.098999
336.109985
336.109985
336.109985
336.112000
336.125000
336.160004
336.162994
336.171997
341.299011
358.949005
