1.78303
1.78337
2.30858
2.85256
3.31221
3.81882
4.31298
4.82252
5.31213
5.81206
6.31333
6.81233
7.31285
7.81644
8.35332
8.81663
9.31721
9.81656
10.3164
10.8168
11.317
11.8467
12.3187
12.8207
13.3208
13.8212
14.3203
14.8313
15.3204
15.8203
16.3212
16.8555
17.3247
17.8248
18.3249
18.8351
19.3246
19.8252
20.3397
20.825
21.325
21.8255
22.3293
22.8286
23.3295
23.8281
24.3282
24.8282
25.3285
25.8281
26.3284
26.8325
27.3324
27.8325
28.3322
28.8332
29.3329
29.833
30.3322
30.8323
31.3346
31.8328
32.3361
32.8364
33.3369
33.8367
34.3364
34.837
35.3363
35.8559
36.3365
36.8391
