0.00364674
0.00103141
8.4655e-05
0.00093987
0.0165076
0.000580063
0.00183145
0.00117875
0.00200928
0.0023483
0.00203386
0.00615222
0.00165942
0.00315843
0.00129662
0.00354803
0.00107249
0.00368473
0.00094708
0.0013261
0.00127248
0.000578409
0.00103783
0.00494494
0.0139559
0.000658861
0.00130375
0.00051426
0.000415488
0.00077793
0.00370331
0.00536722
0.00131208
0.00111147
0.00931645
0.00831832
0.000892969
0.000431414
0.000870092
0.00998074
0.000607779
0.000674826
0.00484949
0.000683771
0.0112873
0.00116712
0.00150115
0.00642538
0.00706089
0.000738706
0.00335855
0.000929907
0.000481451
0.000510627
0.000981876
0.00113981
0.00284486
0.0070296
0.00422859
0.00211619
0.00033559
0.00832993
0.000966557
0.00094573
0.00367318
0.00117756
0.00070853
0.0051566
0.000347666
0.0106561
0.00026843
0.00569581
0.0115641
0.000581301
0.00861253
0.00203717
0.00305055
0.000961645
0.00112819
0.000989493
0.000916217
0.000966628
