7.89149
7.90863
9.45707
9.47713
21.9286
21.9402
21.9546
21.9665
21.9825
22.0025
22.0142
24.7463
24.7614
26.4711
26.4897
26.6716
28.7411
29.3399
29.3572
29.3707
29.3891
37.5406
37.5605
38.1616
39.6507
39.8405
39.8526
48.1522
51.1648
51.1866
51.2078
53.2221
53.2375
53.2569
56.7176
61.3597
61.3733
61.3926
67.0815
70.9745
72.2651
72.2769
77.8897
77.905
82.6955
82.7077
82.7256
82.9026
82.9228
83.3166
83.3394
83.3575
85.1003
93.9608
93.9735
93.9939
98.7546
100.107
100.126
100.143
100.153
100.545
100.557
100.577
104.812
104.829
108.284
110.434
110.448
111.979
111.989
112.014
112.412
116.802
117.241
118.731
122.159
124.601
124.621
126.369
161.484
164.269
