7.92042
9.49709
11.2001
12.2526
12.9494
14.6466
14.8716
16.4847
17.3961
18.2697
19.7128
20.5933
21.022
21.6814
22.0366
22.617
22.8128
24.5754
24.7829
26.5038
26.693
26.913
28.7568
29.4114
31.049
32.1565
33.4945
33.6851
33.9246
34.5568
35.0121
36.6473
37.5784
38.1785
39.6651
39.8782
41.5129
43.2306
43.8453
46.2051
46.4572
48.1712
48.3886
49.6652
51.2263
51.3926
53.2785
55.0083
56.7297
58.4871
59.5781
61.4147
63.0543
63.698
65.3729
67.1008
67.5443
69.0573
69.2616
70.9863
72.2985
73.1439
73.3682
75.1113
75.5052
77.2363
77.4526
77.9271
78.3538
80.0563
81.8472
82.0654
82.4929
82.738
82.9485
83.1222
83.3841
85.1212
86.8565
88.6222
90.3989
92.1328
92.8354
93.3029
93.7352
94.0153
95.714
95.9474
96.3412
98.0928
98.776
100.174
100.597
100.988
101.424
103.14
104.854
106.53
108.305
109.806
110.032
110.47
112.031
112.434
113.042
114.793
115.909
116.817
117.26
118.756
120.44
121.74
122.179
122.364
124.128
124.645
126.384
126.851
128.549
130.315
130.982
131.218
132.83
134.15
135.886
136.518
136.753
138.493
138.922
139.132
140.81
141.892
143.658
145.373
147.146
148.879
150.603
152.289
154.079
155.853
157.58
158.874
160.166
160.393
161.498
162.73
164.292
164.47
166.137
166.999
168.69
170.408
172.141
173.793
175.505
177.301
179.021
180.758
182.516
184.329
186.068
187.757
189.496
191.286
192.988
194.732
196.492
198.23
199.902
201.696
202.139
202.346
204.123
204.514
204.71
206.449
207.537
209.271
211.05
212.772
214.584
216.293
218.069
219.825
221.312
223.04
224.745
226.443
228.145
229.869
231.412
232.948
234.755
236.477
238.17
239.277
240.992
242.763
244.484
246.214
247.934
249.638
251.438
251.85
253.562
255.327
257.032
258.763
260.109
261.866
263.624
265.368
267.07
