0.000579495
0.000855957
0.00474076
0.000910117
0.017636
0.0152858
0.0111537
0.0128536
0.00114333
0.0176569
0.0010974
0.00549613
0.00142053
0.000942544
0.00415249
0.0125317
0.0086085
0.0318036
0.00312466
0.00334783
0.0051314
0.00531428
0.00490537
0.00377446
0.00564134
0.000804697
0.0106191
0.00108089
0.00103433
0.00131253
0.00768709
0.00270487
0.00205825
0.00201471
0.00187477
0.00692026
0.000940621
0.00627495
0.00850948
0.000666588
0.000987423
0.00746392
0.0041264
0.00918678
0.00233321
0.000956008
0.00217471
0.0156441
0.00183629
0.00334905
0.013813
0.00310307
0.00267525
0.00176081
0.0126213
0.00046854
0.0237589
0.00151982
0.00605062
0.00248431
0.00225763
0.0118189
0.00372126
0.0108776
0.00310051
0.0124583
0.0207111
0.00222103
0.00567719
0.0117703
0.00273807
0.0214075
0.00889442
0.00185364
0.0126586
0.00574169
0.00808891
0.00880019
0.00392249
0.00968713
0.00328103
0.0124175
0.00773721
0.00317807
0.00331773
0.00325195
0.00579235
0.0078568
0.00135534
0.00124769
0.0039556
0.00140033
0.000907513
0.00426423
0.00851173
0.0156006
0.0137415
0.0102069
0.00184839
0.010533
0.00844781
0.00162083
0.00268481
0.00144871
0.00603279
0.00183103
0.00156119
0.00112864
0.00730167
0.00725418
0.000703891
0.000880522
0.00249612
0.00444387
0.000839064
0.00475588
0.00445416
0.00768101
0.00849255
0.0062996
0.00139365
0.00586297
0.0131707
0.0068784
0.00601553
0.00136273
0.00565702
0.00116131
0.00210475
0.0032361
0.00204575
0.00447737
0.00158916
0.00094459
0.00580747
0.0108606
0.010542
0.00551959
0.00351794
0.00247159
0.0116711
0.00602185
0.00233999
0.00147724
0.00145262
0.00150475
0.0034123
0.00228093
0.000988715
0.0100867
0.0050961
0.00840628
0.0124589
0.0051973
0.00475185
0.00488558
0.00515745
0.00576963
0.00871958
0.00509667
0.00415
0.00503189
0.00417817
0.009768
0.00239448
0.00406637
0.0036838
0.00171958
0.00189565
0.0006664
0.00329636
0.00185238
0.0143336
0.00539371
0.0050548
0.012672
0.00424507
0.00280251
0.00225428
0.00418808
0.00404808
0.00518563
0.00841629
0.00421677
0.00411824
0.00499744
0.00871229
0.00410103
0.00508624
0.00134575
0.0119261
0.004627
0.011033
0.00514143
0.0019291
0.00856263
0.00420016
0.00595976
0.00453938
0.00212947
0.00189413
0.00216319
0.00159644
0.0138586
0.0049804
0.00659082
0.0122209
0.00257061
0.0056239
0.00239599
0.0123687
0.00400173
0.00250709
