0.202239
0.202295
0.202362
0.202421
0.202476
0.202542
0.202595
0.202654
0.202707
0.202766
0.202831
0.211152
0.303956
0.472236
0.640751
0.783343
0.891030
0.961192
0.983719
1.058155
1.423298
1.806057
2.031414
2.174842
2.243246
2.309317
2.372208
2.450218
2.553910
2.688656
2.859632
3.004312
3.087583
3.132403
3.200636
3.308244
3.411239
3.524795
3.625366
3.716978
3.789307
3.858924
3.927336
4.009607
4.085944
4.166167
4.268365
4.362979
4.392676
4.455536
4.541565
4.620198
4.703125
4.843495
5.003582
5.186764
5.410837
5.603962
5.806853
6.007806
6.163968
6.260004
6.394951
6.602498
6.817619
7.025366
7.278992
7.543474
7.799918
7.995378
8.189462
8.356749
8.524093
8.757369
8.978033
9.191512
9.387093
9.568441
9.775828
9.964643
10.204118
10.413099
10.613621
10.828604
11.041379
11.236584
11.436475
11.659969
11.876363
12.102554
12.347421
12.580061
12.790063
12.970661
13.199762
13.394633
13.578308
13.784532
13.996860
14.191956
14.396973
14.645333
14.855609
15.091238
15.282413
15.488232
15.654411
15.817288
15.984509
16.192493
16.407995
16.598708
16.821623
17.026312
17.178572
17.313315
17.399322
17.474235
17.580565
17.727580
17.908303
18.089573
18.286233
18.479402
18.657717
18.821138
18.985115
19.098296
19.208362
19.305782
19.439478
19.568490
19.722974
19.854293
20.026656
20.213565
20.470769
20.732668
20.976414
21.190461
21.362636
21.526678
21.713344
21.865669
22.014407
22.107251
22.200983
22.294231
22.438704
22.592302
22.755960
22.939823
23.110243
23.301346
23.502534
23.733117
23.926775
24.119658
24.351003
24.583267
24.787800
24.995630
25.202572
25.432421
25.616459
25.791853
26.009078
26.205833
26.390780
26.559044
26.759678
26.955209
27.170572
27.396361
27.651835
27.844590
27.999433
28.114148
28.202075
28.244166
28.279309
28.349634
28.464923
28.585246
28.704717
28.792750
28.885468
29.008917
29.157844
29.322535
29.488109
29.627707
29.727307
29.800789
29.901285
29.999158
30.119556
30.266726
30.461445
30.664053
30.848438
31.041501
31.272396
31.514996
31.760693
31.965661
32.152223
32.346850
32.517649
32.694841
32.907418
33.091197
33.312429
33.510249
33.708448
33.899292
34.119414
34.329865
34.587176
34.822295
34.997971
35.180849
35.350439
35.579426
35.786296
35.994382
36.230443
36.454917
36.636354
36.844799
37.053975
37.270960
37.498700
37.728609
37.963274
38.166501
38.365539
38.589133
38.772330
38.986273
39.206385
39.436430
39.667134
39.901284
40.140440
40.307890
40.414756
40.468239
40.485075
40.518487
40.581492
40.698928
40.858084
40.977069
41.010774
41.058600
41.135086
41.247030
41.378194
41.509881
41.682243
41.845113
42.053071
42.240777
42.466904
42.696222
42.901398
43.044187
43.150865
43.253248
43.340829
43.434476
43.543044
43.695081
43.838923
43.975340
44.041434
44.078917
44.148381
44.281512
44.456037
44.632551
44.834007
45.056933
45.283985
45.530402
45.754756
45.932113
46.108843
46.292425
46.486336
46.724602
46.939575
47.195889
47.319837
47.470994
47.522055
47.713522
47.831848
48.137577
48.307735
48.649860
48.934656
49.039957
49.060828
49.090917
49.242721
49.324778
49.448041
49.563207
49.635861
49.828093
50.101720
50.268952
50.553953
50.988719
51.410925
52.019875
52.472018
52.749781
52.844902
52.968199
53.114441
53.318874
53.565543
53.783224
53.896607
53.950033
53.973339
54.015284
54.075159
54.162982
54.289475
54.484306
54.719842
54.966149
55.174874
55.369706
55.544060
55.718321
55.867526
56.090097
56.345427
56.547371
56.741806
56.896721
57.072790
57.258638
57.471817
57.651967
57.805686
57.939724
58.123160
58.279504
58.368661
58.452988
58.543482
58.632369
58.746548
58.884568
59.042327
59.216128
59.405112
59.573854
59.777940
59.959252
60.173552
60.359773
60.544804
60.764286
60.955222
61.125697
61.266312
61.391135
61.606806
61.807545
62.010717
62.184520
62.349752
62.579775
62.838591
63.035344
63.207800
63.332458
63.468072
63.566486
63.662897
63.757864
63.853318
63.986266
64.144894
64.294813
64.408671
64.569955
64.736506
64.920037
65.060809
65.235651
65.437277
65.666949
65.908236
66.120851
66.331709
66.568651
66.765948
66.994913
67.190468
67.391310
67.599193
67.849276
68.108878
68.378823
68.603770
68.843511
69.039660
69.181555
69.264923
69.337938
69.463215
69.593340
69.739541
69.858638
69.959775
70.055742
70.133240
70.194100
70.243999
70.317160
70.404147
70.534056
70.685889
70.833004
70.991509
71.183641
71.389206
71.598174
71.781233
71.966463
72.184818
72.413803
72.617431
72.868436
73.096945
73.363508
73.589300
73.832613
74.012269
74.206771
74.391907
74.549317
74.657465
74.733353
74.820693
74.907334
75.042373
75.195884
75.370740
75.494307
75.598466
75.652747
75.694154
75.749724
75.836284
75.951116
76.088351
76.262688
76.409105
76.547709
76.702269
76.833330
76.978414
77.176995
77.371175
77.598886
77.748955
77.834216
77.871741
77.953118
78.088559
78.243097
78.454003
78.688170
78.924139
79.120939
79.335724
79.511530
79.681101
79.872290
80.024550
80.186049
80.322730
80.511741
80.708720
80.978474
81.230634
81.514821
81.737691
81.942332
82.157541
82.366775
82.547124
82.733409
82.928266
83.167797
83.418291
83.672387
83.874379
84.052725
84.202882
84.346082
84.472441
84.650487
84.804782
84.953004
85.043893
85.132465
85.237171
85.378014
85.556699
85.739918
85.975293
86.195423
86.470218
86.733380
86.973927
87.165872
87.389611
87.619820
87.824558
88.026561
88.221463
88.437582
88.614815
88.816358
89.006812
89.159638
89.297731
89.422835
89.552812
89.654362
89.803234
90.004146
90.213079
90.439432
90.707520
90.937327
91.204588
91.423372
91.629684
91.846944
92.010756
92.173918
92.284864
92.352918
92.422181
92.473170
92.563317
92.659084
92.793341
92.968628
93.177913
93.408462
93.628296
93.794851
93.899878
93.948709
94.004667
94.136505
94.313357
94.577772
94.828732
95.116501
95.380692
95.604093
95.864594
96.083244
96.328525
96.527833
96.755701
96.953881
97.154457
97.387692
97.586692
97.818549
98.046667
98.277817
98.479723
98.683214
98.923786
99.126942
99.360929
99.593565
99.828936
100.023451
100.241354
100.465621
100.706263
100.948040
101.178589
101.402065
101.594169
101.828088
102.033622
102.271053
102.509258
102.758254
103.012193
103.218459
103.417367
103.647671
103.849056
104.084708
104.286930
104.521846
104.717732
104.943975
105.144012
105.377185
105.569806
105.790169
106.001803
106.198070
106.345978
106.470049
106.585884
106.658822
106.708117
106.743709
106.791234
106.875384
106.993843
107.165789
107.338156
107.528612
107.731201
107.977401
108.189360
108.412418
108.662525
108.877661
109.131145
109.376210
109.577807
109.799315
109.989988
110.226412
110.434371
110.677045
110.912963
111.139057
111.344068
111.507547
111.684688
111.829333
111.970681
112.112969
112.265007
112.441973
112.617767
112.792884
112.921454
113.008016
113.073653
113.130347
113.185718
113.232636
113.290647
113.346989
113.387916
113.431166
113.526094
113.672329
113.793112
113.905681
114.005998
114.131393
114.268179
114.430699
114.616776
114.823274
115.087000
115.358897
115.597215
115.835725
116.109779
116.346391
116.576166
116.806303
117.078822
117.308637
117.569737
117.821446
118.029842
118.266760
118.497151
118.717240
118.946062
119.142334
119.373841
119.577534
119.819341
120.033245
120.290974
120.547116
120.768704
121.025779
121.255163
121.472766
121.718421
121.922384
122.118863
122.343687
122.532008
122.752037
122.944492
123.170383
123.400978
123.595773
123.792096
124.024439
124.228684
124.468763
124.670155
124.881874
125.056159
125.183085
125.308073
125.415344
125.498028
125.590536
125.714011
125.923928
126.122983
126.323571
126.505185
126.687755
126.906955
127.094075
127.313073
127.505299
127.704544
127.937225
128.166152
128.360659
128.589463
128.784497
128.981454
129.209689
129.394330
129.580280
129.707618
129.811789
129.901889
129.991892
130.113715
130.241242
130.393134
130.594364
130.768515
130.921635
131.105010
131.301932
131.567951
131.814289
132.048723
132.262779
132.490289
132.675877
132.884628
133.050485
133.233241
133.390051
133.552705
133.752888
133.936318
134.129143
134.329609
134.575870
134.794540
135.057817
135.298962
135.570422
135.804084
136.034599
136.257747
136.470193
136.675958
136.912656
137.114686
137.347769
137.538824
137.750070
137.919478
138.075374
138.245837
138.416442
138.562081
138.712465
138.897789
139.069065
139.279021
139.503999
139.737745
139.984561
140.248756
140.519482
140.759168
141.041191
141.284991
141.569811
141.806129
142.035853
142.291372
142.500379
142.699281
142.889919
143.104211
143.287365
143.505599
143.691874
143.906169
144.117209
144.330506
144.539910
144.686148
144.813346
144.974098
145.090295
145.174758
145.463200
145.592976
145.712005
146.012054
146.235980
146.390835
146.531325
146.834402
147.372765
148.020973
148.898444
149.417744
149.886772
150.241698
150.588212
150.801693
150.994542
151.150302
151.365226
151.606741
151.813925
152.013852
152.211095
152.442003
152.643828
152.850936
153.053817
153.256231
153.493396
153.736120
153.972550
154.162050
154.382048
154.572294
154.800834
155.029645
155.228993
155.461947
155.675990
155.910701
156.148881
156.350086
156.551646
156.778570
156.961085
157.174913
157.372658
157.603699
157.769177
157.901505
157.964757
157.992396
158.043408
158.124458
158.225281
158.367322
158.510252
158.698599
158.878705
159.108311
159.344815
159.548690
159.775022
159.956968
160.160246
160.332410
160.538905
160.748057
160.953156
161.121126
161.294166
161.508369
161.698928
161.918344
162.106041
162.330657
162.525327
162.730890
162.930282
163.130540
163.331083
163.567214
163.797520
164.028972
164.232051
164.471342
164.700920
164.894784
165.118632
165.313438
165.548581
165.742066
165.903828
166.051626
166.197146
166.387114
166.585129
166.836043
167.053612
167.293435
167.483347
167.657289
167.821121
168.018343
168.186261
168.349624
168.555496
168.751922
168.990856
169.197884
169.436769
169.632134
169.852330
170.041264
170.267129
170.493719
170.692844
170.927888
171.123794
171.317229
171.434804
171.522395
171.579005
171.659945
171.758615
171.912283
172.101078
172.290411
172.532677
172.752909
173.017721
173.275984
173.492644
173.734167
173.932510
174.155006
174.365609
174.545857
174.759175
174.950167
175.186679
175.430673
175.682816
175.908898
176.167959
176.390728
176.650441
176.901142
177.113010
177.353924
177.559194
177.763731
177.965817
178.198300
178.423056
178.617681
178.814252
179.043737
179.278966
179.512210
179.745198
179.944566
180.179642
180.413815
180.627794
180.836688
181.052277
181.299383
181.551194
181.798607
182.046458
182.260770
182.475328
182.727533
182.938954
183.180503
183.393869
183.596875
183.798612
184.031958
184.264717
184.467940
184.680351
184.934764
185.140929
185.365839
185.554089
185.752425
185.981141
186.221839
186.429956
186.640179
186.850163
187.090859
187.295876
187.535655
187.747496
187.996498
188.196784
188.410355
188.584841
188.767392
188.970714
189.054659
189.181899
189.348197
189.459932
189.566096
189.767550
190.005406
190.275775
190.526044
190.570276
190.646598
190.659729
190.707138
190.710515
190.740429
190.752815
190.770845
190.801446
190.812033
190.821472
190.837781
190.846221
190.852615
190.938988
191.274252
191.901708
191.959722
192.104496
192.155064
192.211057
192.298315
192.342390
192.373990
192.466688
192.593450
192.679205
192.814040
192.876113
192.893755
192.965937
192.994627
193.028028
193.084786
193.101610
193.119885
193.134146
193.141495
193.156309
193.169369
193.173529
193.182735
193.197535
193.206324
193.219786
193.227822
193.234936
193.238506
193.239602
193.241241
193.274520
193.354571
193.418908
193.461093
193.553397
193.748216
194.006189
194.265418
194.513654
194.752185
194.973486
195.221913
195.455683
195.682572
195.883228
196.119578
196.324187
196.570422
196.825385
196.961824
197.058563
197.213694
197.431491
197.674418
197.929222
198.173185
198.410239
198.723182
198.993548
199.141143
199.174915
199.222901
199.243083
199.250137
199.274437
199.293759
199.303424
199.310820
199.315583
199.322704
199.331223
199.340450
199.345706
199.351902
199.353579
199.357632
199.364435
199.370220
199.375810
199.379170
199.382540
199.387382
199.390664
199.393414
199.398077
199.400510
199.405805
199.411025
199.484066
199.793848
199.973930
199.991500
199.998040
200.010733
200.043958
200.088051
200.103336
200.161724
200.353750
200.541335
200.621065
200.788980
200.947748
201.022891
201.054475
201.101396
201.132627
201.137056
201.159007
201.182435
201.228414
201.279482
201.304801
201.317131
201.352876
201.388707
201.411474
201.416324
201.430492
201.453920
201.457585
201.469099
201.472998
201.480791
201.483364
201.488948
201.521415
201.538887
201.550571
201.556269
201.651275
201.827710
202.033110
202.337972
202.660613
202.960437
203.275230
203.515832
203.774697
204.022773
204.232160
204.451670
204.692875
204.937815
205.057038
205.094843
205.255521
205.466033
205.625707
205.838778
205.987202
206.002149
206.100186
206.138183
206.149631
206.177868
206.205339
206.230245
206.239966
206.242209
206.242676
206.243520
206.246176
