2.64761
2.8449
3.06831
3.27968
3.4862
3.71867
3.91934
4.11229
4.32187
4.51591
4.7497
4.98098
5.19679
5.41881
5.66322
5.8976
6.13156
6.33188
6.53404
6.76507
7.00003
7.23992
7.43698
7.66097
7.86949
8.11072
8.33862
8.57117
8.77573
8.98075
9.21408
9.44318
9.6453
9.83924
10.0806
10.3038
10.4938
10.7165
10.9445
11.1811
11.3984
11.5949
11.798
12.0335
12.2405
12.4486
12.6754
12.9202
13.1152
13.3303
13.569
13.7585
13.959
14.2148
14.4162
14.6149
14.8489
15.0507
15.2421
15.4502
15.6648
15.8658
16.0559
16.2608
16.4617
16.6576
16.8933
17.1218
17.3771
17.5769
17.8105
18.029
18.2395
18.4768
18.6739
18.8742
19.0618
19.2739
19.5009
19.6949
19.937
20.1357
20.3418
20.5784
20.8013
21.001
21.1988
21.4348
21.6675
21.901
22.1392
22.3563
22.5935
22.7901
23.0197
23.2214
23.4214
23.6522
23.8938
24.0979
24.292
24.5321
24.7271
24.9565
25.1527
25.3852
25.5857
25.7873
25.9821
26.2239
26.4541
26.6533
26.892
27.1271
27.3244
27.56
27.7949
28.0231
28.2563
28.4942
28.7267
28.9329
29.1314
29.3256
29.5342
29.7439
29.9624
30.1688
30.401
30.6041
30.8287
31.0297
31.2586
31.463
31.6997
31.9035
32.1449
32.3708
32.6044
32.8467
33.0411
33.2439
33.4691
33.672
33.9089
34.1107
34.3447
34.5437
34.7808
34.9879
35.185
35.4198
35.6182
35.8253
36.0244
36.2294
36.4325
36.63
36.8611
37.0935
37.3143
37.529
37.7191
37.9397
38.1455
38.3426
38.5857
38.7855
38.9882
39.1887
39.4124
39.6248
39.8228
40.0248
40.2447
40.451
40.6541
40.8597
41.0821
41.2857
41.5
41.7162
41.9537
42.1532
42.3944
42.6225
42.8237
43.0251
43.2132
43.4184
43.6205
43.8263
44.0566
44.2702
44.4959
44.6984
44.9006
45.0957
45.3287
45.5559
45.7559
45.9622
46.1942
46.4438
46.674
46.8765
47.0817
47.3106
47.5048
47.7125
47.943
48.1411
48.3706
48.5726
48.7681
48.9774
49.2104
49.4114
49.644
49.8696
50.0768
50.307
50.507
50.7422
50.9448
51.1544
51.3748
51.6063
51.8147
52.0518
52.2686
52.5057
52.7361
52.9613
53.2034
53.4215
53.6101
53.8484
54.0481
54.2891
54.509
54.7532
54.9764
55.2102
55.4494
55.6494
55.8462
56.0503
56.2656
56.4954
56.6938
56.9313
57.1616
57.3637
57.5609
57.7964
58.003
58.233
58.4602
58.6808
58.9212
59.1099
59.3456
59.5491
59.7798
60.0061
60.2457
60.4799
60.7099
60.9442
61.144
61.3318
61.5339
61.757
61.9668
62.1898
62.3901
62.5919
62.7943
63.0303
63.2585
63.4678
63.6859
63.8792
64.0829
64.3052
64.5381
64.7363
64.9391
65.1366
65.339
65.5793
65.7681
65.9941
66.1982
66.431
66.6332
66.8641
67.0656
67.2946
67.4965
67.7366
67.968
68.1748
68.4044
68.6051
68.8342
69.034
69.2342
69.4653
69.6664
69.8668
70.0981
70.3054
70.5106
70.7423
70.9506
71.1791
71.3957
71.6249
71.8101
72.0483
72.25
72.4575
72.6531
72.8855
73.1174
73.3528
73.5827
73.791
73.9846
74.1942
74.3902
74.6211
74.8531
75.084
75.2913
75.4912
75.6875
75.9157
76.1155
76.3505
76.5752
76.7815
77.0123
77.213
77.4209
77.624
77.8735
78.1081
78.3331
78.5367
78.7681
78.9952
79.1933
79.398
79.6056
79.8111
80.0347
80.2742
80.5066
80.7326
80.9665
81.1706
81.3933
81.5977
81.8337
82.0332
82.2312
82.4717
82.6725
82.8744
83.1046
83.3033
83.5372
83.7339
83.9759
84.2049
84.4085
84.6444
84.8802
85.0814
85.3193
85.5085
85.7438
85.94
86.1877
86.41
86.6139
86.8414
87.0783
87.3116
87.51
87.7356
87.9365
88.1728
88.3733
88.6021
88.8452
89.0832
89.3191
89.5199
89.7205
89.9525
90.1548
90.3834
90.5878
90.7808
90.9852
91.2144
91.4423
91.679
91.88
92.1104
92.3414
92.58
92.8132
93.0419
93.2789
93.4804
93.7201
93.9502
94.1936
94.4168
94.6243
94.8246
95.0312
95.2598
95.4632
95.6979
95.9291
96.1283
96.329
96.5542
96.7893
97.0195
97.211
97.4145
97.6487
97.8759
98.0784
98.3106
98.5109
98.7398
98.9464
99.1882
99.3875
99.6174
99.8517
100.09
100.315
100.522
100.73
100.968
101.208
101.404
101.633
101.843
102.068
102.269
102.499
102.7
102.905
103.114
103.313
103.537
103.737
103.935
104.17
104.37
104.57
104.795
105.001
105.231
105.442
105.636
105.843
106.075
106.305
106.508
106.74
106.984
107.209
107.408
107.637
107.835
108.043
108.272
108.468
108.696
108.893
109.122
109.324
109.569
109.783
110.013
110.216
110.408
110.635
110.873
111.077
111.286
111.485
111.715
111.956
112.192
112.389
112.592
112.797
113.026
113.226
113.457
113.658
113.878
114.079
114.304
114.543
114.78
115.01
115.211
115.451
115.651
115.896
116.126
116.353
116.552
116.787
117.017
117.222
117.423
117.624
117.859
118.059
118.291
118.523
118.717
118.92
119.115
119.348
119.553
119.792
120.016
120.222
120.42
120.639
120.84
121.075
121.278
121.482
121.715
121.922
122.143
122.349
122.551
122.78
122.983
123.219
123.416
123.647
123.89
124.117
124.346
124.584
124.819
125.056
125.281
125.489
125.714
125.914
126.15
126.356
126.592
126.823
127.027
127.262
127.461
127.694
127.897
128.134
128.331
128.53
128.76
128.958
129.197
129.426
129.659
129.855
130.057
130.296
130.497
130.729
130.962
131.201
131.396
131.625
131.861
132.098
132.33
132.56
132.799
132.996
133.229
133.436
133.677
133.903
134.134
134.366
134.563
134.767
135.001
135.201
135.427
135.628
135.869
136.067
136.296
136.506
136.736
136.942
137.171
137.413
137.643
137.838
138.039
138.275
138.481
138.685
138.91
139.117
139.318
139.526
139.754
139.946
140.147
140.344
140.586
140.793
140.996
141.226
141.416
141.646
141.876
142.084
142.317
142.515
142.754
142.949
143.189
143.414
143.646
143.874
144.077
144.311
144.508
144.707
144.909
145.119
145.36
145.59
145.816
146.016
146.219
146.456
146.652
146.887
147.13
147.362
147.572
147.764
147.99
148.186
148.416
148.625
148.855
149.086
149.318
149.527
149.729
149.924
150.132
150.351
150.576
150.772
150.971
151.202
151.405
151.611
151.816
152.049
152.267
152.501
152.727
152.93
153.17
153.403
153.633
153.86
154.065
154.293
154.49
154.718
154.92
155.162
155.397
155.603
155.84
156.042
156.25
156.481
156.691
156.889
157.121
157.326
157.558
157.758
157.997
158.225
158.425
158.634
158.856
159.049
159.281
159.48
159.708
159.94
160.144
160.381
160.612
160.82
161.052
161.246
161.473
161.681
161.884
162.079
162.282
162.512
162.718
162.947
163.157
163.36
163.583
163.814
164.02
164.259
164.449
164.653
164.879
165.084
165.314
165.512
165.715
165.917
166.123
166.34
166.542
166.745
166.968
167.18
167.384
167.614
167.829
168.058
168.25
168.475
168.672
168.892
169.093
169.328
169.529
169.752
169.947
170.152
170.382
170.583
170.785
170.989
171.226
171.435
171.66
171.873
172.116
172.319
172.521
172.713
172.908
173.109
173.343
173.547
173.778
173.983
174.209
174.411
174.615
174.835
175.076
175.287
175.491
175.716
175.909
176.149
176.398
176.592
176.829
177.053
177.278
177.491
177.729
177.932
178.17
178.373
178.579
178.814
179.004
179.201
179.406
179.637
179.836
180.07
180.275
180.511
180.741
180.97
181.203
181.403
181.63
181.828
182.065
182.259
182.496
182.718
182.921
183.155
183.36
183.589
183.817
184.052
184.313
184.517
184.748
184.964
185.205
185.397
185.633
185.825
186.053
186.25
186.498
186.716
186.917
187.111
187.308
187.543
187.742
187.941
188.15
188.347
188.577
188.821
189.05
189.249
189.477
189.683
189.916
190.151
190.349
190.579
190.797
191.022
191.265
191.468
191.662
191.894
192.101
192.325
192.529
192.767
192.975
193.188
193.419
193.653
193.851
194.088
194.281
194.508
194.716
194.943
195.139
195.379
195.614
195.81
196.044
196.243
196.477
196.679
196.918
197.126
197.363
197.588
197.789
198.019
198.215
198.442
198.652
198.881
199.087
199.292
199.493
199.695
199.888
200.127
200.361
200.583
200.783
201.024
201.248
201.448
201.682
201.887
202.125
202.326
202.53
202.757
202.984
203.228
203.431
203.656
203.864
204.096
204.287
204.491
204.695
204.928
205.133
205.334
205.563
205.761
205.985
206.199
206.423
206.626
206.851
207.058
207.295
207.516
207.722
207.958
208.155
208.388
208.592
208.822
209.022
209.257
209.462
209.691
209.92
210.122
210.36
210.561
210.802
211.039
211.232
211.461
211.661
211.895
212.126
212.328
212.554
212.756
212.981
213.224
213.453
213.659
213.891
214.1
214.338
214.568
214.771
215.007
215.209
215.408
215.609
215.84
216.067
216.275
216.469
216.698
216.93
217.166
217.39
217.589
217.825
218.051
218.258
218.467
218.666
218.898
219.134
219.376
219.603
219.805
220.012
220.247
220.448
220.673
220.89
221.089
221.298
221.528
221.756
221.953
222.157
222.393
222.591
222.824
223.022
223.23
223.465
223.704
223.905
224.088
224.302
224.525
224.724
224.951
225.154
225.388
225.587
225.809
226.008
226.21
226.412
226.615
226.841
227.045
227.282
227.482
227.683
227.889
228.116
228.346
228.589
228.817
229.021
229.25
229.452
229.651
229.855
230.057
230.29
230.493
230.717
230.954
231.15
231.39
231.621
231.824
232.052
232.257
232.49
232.719
232.924
233.148
233.353
233.553
233.788
234.029
234.253
234.488
234.721
234.921
235.153
235.357
235.586
235.791
236.016
236.22
236.457
236.688
236.893
237.118
237.322
237.522
237.726
237.957
238.157
238.393
238.598
238.825
239.055
239.257
239.492
239.692
239.897
240.101
240.323
240.528
240.732
240.972
241.174
241.401
241.607
241.843
242.069
242.302
242.51
242.739
242.938
243.186
243.397
243.601
243.827
244.033
244.267
244.465
244.664
244.895
245.097
245.326
245.529
245.763
245.991
246.192
246.393
246.601
246.835
247.067
247.276
247.476
247.705
247.909
248.109
248.314
248.516
248.747
248.952
249.183
249.385
249.614
249.816
250.053
250.284
250.514
250.749
250.953
251.184
251.413
251.616
251.817
252.05
252.251
252.489
252.694
252.92
253.123
253.324
253.527
253.752
253.956
254.158
254.361
254.601
254.828
255.06
255.296
255.499
255.728
255.934
256.161
256.362
256.564
256.797
256.999
257.23
257.432
257.642
257.869
258.072
258.275
258.507
258.745
258.977
259.205
259.416
259.645
259.849
260.083
260.317
260.55
260.778
260.978
261.208
261.412
261.614
261.849
262.068
262.264
262.502
262.712
262.952
263.176
263.383
263.602
263.83
264.042
264.273
264.475
264.705
264.908
265.142
265.344
265.574
265.775
265.977
266.207
266.41
266.608
266.81
267.049
267.248
267.453
267.676
267.885
268.117
