1.80664
1.80675
2.3399
2.87345
3.33984
3.8438
4.34469
4.84345
5.34387
5.84415
6.34393
6.84398
7.34372
7.86954
8.3437
8.84834
9.34797
9.84821
10.3479
10.8484
11.3475
11.848
12.3483
12.8483
13.3477
13.8507
14.3515
14.8515
15.3523
15.8661
16.3521
16.8522
17.3773
17.8515
18.3519
18.8744
19.3684
19.8553
20.3557
20.8559
21.3564
21.8564
22.3566
22.8563
23.3553
23.8564
24.3603
24.8597
25.3596
25.8598
26.3598
26.8598
27.3603
27.86
28.3608
28.8602
29.3641
29.864
30.3644
30.8639
31.364
31.8641
32.3711
32.8644
33.3669
33.8678
34.3678
34.8681
35.368
35.8724
36.3675
36.8679
37.3681
37.8678
38.3679
38.8679
39.3704
39.8783
40.3722
40.8719
41.3717
41.8715
42.3946
42.8719
43.3717
43.8762
44.376
44.9006
45.3763
45.8755
46.3762
46.8768
47.3757
47.8762
48.3764
48.8777
49.3797
49.8802
50.3802
50.88
51.3794
51.8805
52.3805
52.8803
53.3816
53.8844
54.3844
54.8845
55.3839
55.8842
56.3844
56.884
57.3846
57.8875
58.3875
58.9213
59.3876
59.8876
60.3875
60.8876
61.388
61.8883
62.3873
62.8882
63.3879
63.8897
64.3929
64.8919
65.3922
65.8925
66.3917
66.8923
67.3917
67.8954
68.4046
68.8965
69.3951
69.8959
70.3959
70.8956
71.3962
71.8964
72.3955
72.8956
73.396
73.8969
74.4
74.8996
75.4
75.9157
76.3999
76.9005
77.4002
77.9006
78.4037
78.9041
79.4044
79.904
80.4046
80.9041
81.4041
81.9037
82.4035
82.9038
83.4036
83.9037
84.4088
84.9075
85.4116
85.908
86.4103
86.9083
87.4071
87.9079
88.4082
88.9078
89.4122
89.9113
90.4118
90.9121
91.4121
91.912
92.4123
92.9123
93.4121
93.9125
94.4172
94.912
95.4162
95.9294
96.4152
96.9157
97.4158
97.9156
98.4156
98.9162
99.4161
99.9155
100.42
100.92
101.424
101.92
102.42
102.92
103.42
103.935
104.42
104.921
105.443
105.924
106.424
106.923
107.424
107.923
108.424
108.924
109.424
109.924
110.425
110.926
111.427
111.957
112.428
112.928
113.457
113.928
114.428
114.928
115.451
115.928
116.428
116.928
117.428
117.932
118.437
118.932
119.432
119.932
120.44
120.933
121.434
121.936
122.436
122.936
123.436
123.936
124.436
124.937
125.436
125.936
126.436
126.936
127.461
127.936
128.44
128.958
129.44
129.94
130.44
130.962
131.44
131.94
132.44
132.939
133.44
133.945
134.443
134.944
135.444
135.944
136.445
136.944
137.444
137.945
138.481
138.948
139.448
139.947
140.448
140.948
141.447
141.948
142.448
142.95
143.448
143.948
144.448
144.952
145.452
145.952
146.456
146.952
147.452
147.952
148.453
148.952
149.455
149.956
150.455
150.956
151.456
151.956
152.456
152.956
153.456
153.956
154.455
154.956
155.456
155.958
156.481
156.96
157.461
157.997
158.46
158.96
159.48
159.961
160.46
160.964
161.474
161.965
162.464
162.964
163.464
163.964
164.464
164.964
165.464
165.964
166.464
166.968
167.468
167.968
168.476
168.968
169.468
169.968
170.468
170.968
171.468
171.968
172.471
172.971
173.472
173.983
174.472
174.972
175.491
175.972
176.472
176.972
177.472
177.973
178.476
178.975
179.476
179.977
180.476
180.976
181.476
181.978
182.48
182.98
183.479
183.98
184.479
184.979
185.48
185.98
186.498
186.98
187.481
187.981
188.48
188.98
189.484
189.984
190.483
190.984
191.484
191.984
192.485
192.988
193.486
193.987
194.508
194.988
195.488
195.988
196.492
196.988
197.487
198.019
198.488
198.991
199.493
199.992
200.492
200.992
201.492
201.992
202.492
202.992
203.492
203.992
204.492
204.992
205.496
205.996
206.496
206.996
207.496
207.996
208.496
208.996
209.496
209.996
210.5
211
211.5
212
212.499
213
213.5
214
214.5
215.007
215.504
216.004
216.503
217.004
217.504
218.003
218.504
219.004
219.504
220.012
220.504
221.008
221.528
222.007
222.507
223.022
223.508
224.007
224.525
225.008
225.508
226.01
226.512
227.013
227.512
228.012
228.512
229.012
229.512
230.012
230.512
231.012
231.512
232.016
232.516
233.015
233.516
234.016
234.516
235.016
235.517
236.016
236.517
237.016
237.522
238.02
238.52
239.02
239.52
240.02
240.52
241.02
241.52
242.021
242.52
243.02
243.524
244.025
244.524
245.024
245.524
246.024
246.524
247.023
247.524
248.024
248.528
249.028
249.528
250.028
250.528
251.028
251.528
252.027
252.528
253.028
253.528
254.028
254.532
255.032
255.532
256.032
256.532
257.033
257.532
258.032
258.532
259.032
259.532
260.033
260.536
261.036
261.536
262.035
262.536
263.036
263.536
264.035
264.536
265.036
265.537
266.038
266.54
267.039
267.54
268.039
