0.000000
0.000000
0.000000
41.714001
41.745998
41.759998
42.026001
42.055000
43.651001
48.055000
50.818001
51.875999
64.693001
73.870003
77.616997
85.248001
89.162003
96.292999
97.843002
99.588997
113.140999
136.865005
152.404999
159.093994
163.848999
164.108002
174.500000
186.410004
193.320999
199.121994
200.886002
204.149002
221.761993
235.134995
245.623993
258.595001
264.708008
270.907990
281.333008
288.828003
295.278992
299.716003
302.967987
305.102997
306.721008
308.561005
310.765991
313.139008
313.695007
313.709991
313.786011
316.423004
323.109009
324.691986
324.694000
324.704010
324.713989
324.740997
324.848999
324.851990
324.855011
325.848999
338.557007
338.587006
338.720001
341.704010
358.437988
361.835999
364.774994
369.636993
373.143005
378.118011
381.980988
385.411987
391.928986
395.204010
396.342010
401.140015
405.321991
411.612000
412.528992
412.609985
412.886993
412.925995
413.002014
417.695007
420.446014
421.114014
422.385010
429.279999
438.976990
451.342010
458.804993
462.751007
468.988007
471.227997
473.753998
478.946991
481.406006
484.816010
490.584991
493.737000
496.091003
498.315002
500.565002
517.276978
523.205017
530.224976
536.744019
544.234985
545.393005
545.393005
545.393005
545.395020
545.395020
550.763977
555.226990
557.773010
557.776001
557.778015
559.096985
560.023987
560.025024
560.046021
560.103027
571.088013
571.401978
571.401978
572.460999
578.974976
578.974976
578.974976
578.974976
578.974976
578.974976
578.974976
578.974976
578.974976
579.140015
581.856018
595.758972
597.666016
610.390015
618.982971
622.294983
623.646973
623.739014
623.741028
624.020020
628.023010
628.585999
630.197021
637.775024
657.218018
657.494995
657.518982
657.523010
657.533020
657.557007
657.617004
658.155029
659.903992
661.343994
663.911987
664.890991
666.612976
673.603027
682.692017
690.327026
692.456970
692.645996
692.682983
692.698975
692.765991
693.023987
693.148987
695.185974
697.580017
697.687012
697.687988
697.687988
697.778015
699.208008
701.536011
704.750977
713.840027
722.624023
723.695007
723.796997
725.232971
727.958008
728.030029
728.039978
728.247986
728.255005
728.510986
739.208008
744.460022
748.362000
753.218994
765.278015
771.929993
772.419983
772.573975
772.637024
772.906006
772.991028
773.059998
773.081970
774.604004
785.708008
797.750000
801.825989
805.205994
805.750000
805.984009
806.020996
830.590027
858.289001
861.935974
864.945007
872.536011
886.382019
899.551025
907.302979
909.174988
909.601990
910.315979
914.841003
922.083984
934.594971
944.664001
953.156006
956.463013
960.481995
966.752991
978.075012
982.468018
982.706970
982.812988
983.713013
994.573975
996.586975
997.484985
997.877991
997.978027
998.018982
998.111023
999.692017
999.822021
999.892029
1002.476990
1003.195007
1003.370972
1003.489990
1004.190979
1005.526001
1006.666016
1008.161011
1011.562988
1015.828979
1021.005005
1026.277954
1029.248047
1030.953979
1031.802002
1032.962036
1034.333984
1037.642944
1039.845947
1041.317993
1042.858032
1042.958984
1043.034058
1043.198975
1044.098999
1045.409058
1045.432007
1045.432007
1045.457031
1046.213989
1049.029053
1051.250977
1051.748047
1051.946045
1052.171997
1052.175049
1052.175049
1052.175049
1052.175049
1052.177979
1052.379028
1053.437988
1053.556030
1053.557007
1053.557007
1053.557007
1053.557007
1053.672974
1053.672974
1053.672974
1053.672974
1053.707031
1053.711060
1053.780029
1053.812012
1053.812012
1053.812012
1053.812012
1053.812012
1053.828003
1054.156982
1055.161011
1059.527954
1063.625977
1067.229980
1072.661987
1076.641968
1081.348999
1084.477051
1089.031982
1093.624023
1097.614014
1103.363037
1106.776001
1108.260986
1109.449951
1109.764038
1109.868042
1109.885010
1110.316040
1112.770020
1114.095947
1114.107056
1114.125000
1114.125977
1114.136963
1114.142944
1114.145996
1114.151001
1114.151978
1114.229004
1114.229004
1114.229980
1114.229980
1114.229980
1114.229980
1114.232056
1114.238037
1114.238037
1114.238037
1114.238037
1114.238037
1114.239014
1114.240967
1114.244019
1114.547974
1114.552002
1114.571045
1114.593994
1115.272949
1115.359009
1115.359009
1115.359009
1115.363037
1115.363037
1115.494019
1115.494019
1115.494019
1115.494019
1115.494019
1115.494019
1115.522949
1115.661987
1115.739990
1115.848999
1115.974976
1116.022949
1116.040039
1116.041992
1116.041992
1116.041992
1116.041992
1116.041992
1116.041992
1116.041992
1116.041992
1116.074951
1116.213989
1116.387939
1116.854980
1118.552979
1118.552979
1118.586060
1118.604980
1118.608032
1118.657959
1119.058960
1119.436035
1119.515991
1122.222046
1125.430054
1131.250977
1134.573975
1138.883057
1144.227051
1151.063965
1155.171021
1158.965942
1164.713013
1168.418945
1172.303955
1175.074951
1176.431030
1176.599976
1176.609009
1176.613037
1177.338013
1177.973999
1177.973999
1177.973999
1177.973999
1177.973999
1177.973999
1177.973999
1177.973999
1177.973999
1177.973999
1177.973999
1178.015015
1178.552002
1178.552979
1178.552979
1178.552979
1178.552979
1178.635986
1178.651978
1179.317993
1179.807007
1180.682983
1181.947998
1182.689941
1183.286011
1183.831055
1184.014038
1184.042969
1184.113037
1184.116943
1184.130005
1184.141968
1184.141968
1184.214966
1184.337036
1184.337036
1184.337036
1184.337036
1184.337036
1184.337036
1184.337036
1184.337036
1184.337036
1184.337036
1184.338989
1184.338989
1184.338989
1184.338989
1184.338989
1184.342041
1184.342041
1184.342041
1184.342041
1184.342041
1184.342041
1184.342041
1184.342041
1184.342041
1184.342041
1184.342041
1184.342041
1184.342041
1184.343994
1184.343994
1184.343994
1184.343994
1184.343994
1184.343994
1184.343994
1184.343994
1184.343994
1184.343994
1184.343994
1184.343994
1184.343994
1184.343994
1184.343994
1184.343994
1184.343994
1184.343994
1184.343994
1184.343994
1184.343994
1184.343994
1184.343994
1184.343994
1184.343994
1184.343994
1184.343994
1184.343994
1184.343994
1184.343994
1184.343994
1184.343994
1184.343994
1184.343994
1184.343994
1184.343994
1184.343994
1184.343994
1184.343994
1184.343994
1184.344971
1184.344971
1184.353027
1184.353027
1184.353027
1184.571045
1184.571045
1184.620972
1184.620972
1184.620972
1184.620972
1184.620972
1184.620972
1184.620972
