7.76079
9.31437
11.0041
12.1273
13.8769
14.9278
15.9893
17.6876
17.8761
18.0998
18.5373
18.7653
20.0869
20.9294
21.5828
22.0017
22.902
23.1336
24.8653
25.5617
27.3784
28.173
28.4099
30.1097
31.0053
31.6739
31.8845
32.2926
32.5085
34.1815
35.0276
36.3816
36.9292
37.3017
38.9811
40.6745
42.4044
42.6677
44.4285
46.1194
47.8914
49.6209
51.3546
53.053
54.7951
56.488
58.1486
59.9296
61.6284
63.3469
65.086
66.8396
67.2257
68.8482
71.4176
72.969
74.6609
76.1567
77.7488
79.9414
81.9124
83.8703
85.4104
86.7462
88.4823
89.5281
91.2087
92.3097
93.8283
95.8142
