0.00795404
0.00205826
0.0200137
0.00337433
0.00841766
0.0198712
0.0173048
0.0354954
0.0238229
0.00817909
0.0175045
0.0146154
0.0232686
0.00573331
0.015081
0.0016267
0.0137393
0.00157509
0.00965332
0.00214804
0.00220902
0.00887005
0.0129237
0.00556665
0.00108746
0.0023153
0.00246242
0.00492398
0.00429418
0.00611705
0.00308417
0.00158845
0.012407
0.00948203
0.00299088
0.0100634
0.000713091
0.0116006
0.0214159
0.0110152
0.010941
0.0089789
0.0104932
0.00916876
0.00742146
0.00389659
0.00850238
0.00542504
0.00405621
0.0028099
0.00152542
0.00706113
0.00145633
0.0281914
0.00378921
0.00942294
0.00143026
0.00579274
0.0177367
0.0172231
0.000719229
0.00682594
0.00242523
0.00630875
0.00211295
0.0277524
0.00539801
0.00624541
0.00419631
0.00605172
