2.71208
2.91254
3.13933
3.34021
3.5781
3.77895
3.98937
4.21839
4.45027
4.67335
4.89754
5.10051
5.33934
5.54383
5.78241
6.01233
6.2125
6.43928
6.63486
6.84514
7.09323
7.32849
7.51855
7.75275
7.9855
8.18898
8.42481
8.63707
8.86718
9.05524
9.28029
9.47329
9.68601
9.88824
10.0813
10.3124
10.5405
10.7342
10.9697
11.2118
11.4231
11.6583
11.8826
12.0922
12.3213
12.5605
12.7869
12.9734
13.2127
13.4328
13.6367
13.8585
14.047
14.2655
14.4686
14.7017
14.8977
15.0968
15.3007
15.5367
15.7291
15.9604
16.1641
16.3648
16.5704
16.8003
17.0053
17.2374
17.4413
17.642
17.8412
18.0806
18.3092
18.5083
18.7398
18.9497
19.1615
19.3809
19.5836
19.8189
20.0122
20.249
20.4753
20.6861
20.9125
21.1407
21.3401
21.5558
21.7551
21.988
22.1762
22.4191
22.6434
22.8736
23.083
23.3069
23.5418
23.7378
23.969
24.2095
24.4095
24.6099
24.846
25.0777
25.2745
25.5085
25.743
25.9562
26.1803
26.3922
26.5844
26.7886
27.0223
27.2491
27.485
27.7162
27.953
28.1491
28.3787
28.5927
28.82
29.0196
29.2458
29.4579
29.6578
29.8626
30.0931
30.2969
30.5377
30.7632
30.9945
31.196
31.422
31.6579
31.8722
32.079
32.275
32.494
32.7064
32.8924
33.1327
33.3306
33.5363
33.7304
33.9671
34.1648
34.3959
34.6284
34.8652
35.0688
35.2984
35.5302
35.7372
35.9379
36.1357
36.3403
36.5652
36.7668
37.0079
37.2404
37.4433
37.6341
37.878
38.098
38.2981
38.5359
38.7664
38.9682
39.1729
39.4086
39.6147
39.852
40.0391
40.2339
40.4623
40.6549
40.8937
41.0926
41.2899
41.52
41.725
41.9513
42.1554
42.3863
42.6249
42.8556
43.061
43.2992
43.5292
43.7319
43.9342
44.1652
44.3974
44.6333
44.8302
45.0611
45.2562
45.4589
45.6952
45.892
46.0942
46.2957
46.5311
46.7674
47.0046
47.1999
47.4292
47.6344
47.8626
48.0659
48.2977
48.5039
48.7068
48.8985
49.1281
49.3565
49.5949
49.7934
50.0273
50.2238
50.4563
50.6703
50.8905
51.0901
51.3035
51.5013
51.7324
51.9387
52.1594
52.3611
52.5623
52.8
53.0267
53.2314
53.4377
53.6763
53.9051
54.1107
54.3353
54.5391
54.7693
54.9688
55.2048
55.4105
55.6508
55.8816
56.0769
56.2727
56.474
56.7024
56.9062
57.1045
57.3061
57.5132
57.7012
57.9003
58.1244
58.3326
58.5626
58.7997
59.0433
59.2401
59.4651
59.698
59.8983
60.1019
60.3058
60.5303
60.7361
60.9575
61.1665
61.3982
61.5979
61.8274
62.0298
62.2566
62.4596
62.6626
62.8684
63.0987
63.331
63.5352
63.7612
63.9661
64.1715
64.399
64.6346
64.8367
65.0749
65.3033
65.5047
65.735
65.9403
66.1659
66.3712
66.5739
66.8188
67.0057
67.2082
67.4458
67.6787
67.8995
68.108
68.3404
68.5769
68.8076
69.0079
69.244
69.4458
69.6474
69.8499
70.0813
70.3148
70.5434
70.7737
70.9857
71.1996
71.4138
71.6442
71.8474
72.087
72.2782
72.5328
72.7375
72.9395
73.1675
73.3696
73.5719
73.7739
74.0078
74.209
74.44
74.6425
74.841
75.0722
75.2714
75.4721
75.7071
75.9396
76.1397
76.3428
76.5758
76.8166
77.0474
77.2788
77.5146
77.7164
77.9404
78.1725
78.374
78.6061
78.8085
79.0094
79.2144
79.4545
79.6825
79.9149
80.1445
80.3539
80.5833
80.7943
80.9898
81.2238
81.4225
81.6499
81.8824
82.114
82.3183
82.5464
82.7543
82.9795
83.182
83.3833
83.6143
83.8468
84.0794
84.2844
84.5168
84.717
84.948
85.1484
85.382
85.5839
85.8211
86.0506
86.2555
86.4843
86.7178
86.9188
87.1511
87.379
87.5827
87.7851
88.0164
88.2178
88.4501
88.6562
88.882
89.0826
89.283
89.4859
89.7175
89.9185
90.1241
90.3507
90.5539
90.7547
90.956
91.1847
91.386
91.6204
91.8535
92.0855
92.286
92.5236
92.7522
92.9692
93.171
93.4102
93.605
93.8087
94.011
94.239
94.4426
94.6427
94.8715
95.1077
95.3073
95.5067
95.7355
95.9388
96.1728
