0.202239
0.202286
0.202359
0.202419
0.202484
0.202541
0.202599
0.202664
0.202726
0.202787
0.224710
0.334982
0.507392
0.650552
0.789018
0.896882
0.965631
0.981711
1.078840
1.405232
1.792340
2.054344
2.174443
2.253326
2.317900
2.373488
2.457443
2.565961
2.726690
2.870715
3.011631
3.090442
3.133403
3.192139
3.278609
3.395683
3.505980
3.591496
3.681716
3.767329
3.837346
3.917687
4.001950
4.078220
4.170552
4.272519
4.370265
4.450530
4.486786
4.536633
4.619747
4.753771
4.900946
5.074753
5.270723
5.519501
5.742475
5.959942
6.157429
6.359940
6.528243
6.736898
6.923688
7.113036
7.315752
7.540141
7.735165
7.958945
8.146160
8.324674
8.491195
8.668304
8.835465
8.963621
9.099566
9.266437
9.481854
9.735823
9.927676
10.137766
10.331032
10.572431
10.820209
11.018975
11.234600
11.454007
11.658863
11.884146
12.087413
12.298615
12.464912
12.662935
12.880810
13.121542
13.329649
13.558260
13.763452
13.937098
14.145703
14.371039
14.575974
14.791043
15.046706
15.302360
15.516793
15.758585
15.975168
16.137641
16.289415
16.427820
16.592739
16.781891
17.020000
17.252588
17.468937
17.658444
17.806655
17.915950
18.048344
18.172188
18.310101
18.412300
18.530532
18.644615
18.771922
18.913311
19.096516
19.271258
19.493096
19.721621
19.955740
20.146463
20.340005
20.515664
20.672068
20.843449
21.029410
21.238072
21.391722
21.527197
21.687317
21.848607
22.040717
22.248479
22.487682
22.685600
22.908223
23.135637
23.351019
23.543065
23.757818
23.981208
24.164490
24.339836
24.514788
24.696962
24.919138
25.115890
25.343411
25.562909
25.753332
25.891941
25.969277
26.012622
26.051523
26.105380
26.177376
26.258823
26.357693
26.494140
26.618934
26.748745
26.838321
26.921232
27.022963
27.127627
27.273317
27.416777
27.576189
27.777450
27.962619
28.187464
28.385263
28.616609
28.833052
29.028231
29.173810
29.305639
29.376867
29.389680
29.425200
29.516063
29.653583
29.822591
29.987263
30.192496
30.379505
30.576253
30.821586
31.039641
31.265326
31.496591
31.768853
32.039228
32.304119
32.517180
32.751736
32.946821
33.170466
33.364344
33.596258
33.793094
33.984387
34.168889
34.378613
34.588974
34.806662
34.995599
35.219745
35.414055
35.635117
35.819089
36.032294
36.217357
36.408554
36.604434
36.835323
37.037669
37.280688
37.499938
37.727030
38.001449
38.273665
38.506854
38.736141
38.995736
39.252272
39.465248
39.708324
39.913906
40.147566
40.346448
40.581357
40.782828
41.020376
41.258386
41.458807
41.653363
41.845494
42.076153
42.278415
42.468934
42.638639
42.802910
42.957902
43.074780
43.137294
43.172198
43.258981
43.392964
43.564782
43.737719
43.954715
44.183345
44.378824
44.573470
44.766316
44.960138
45.073681
45.151177
45.263084
45.443696
45.639923
45.881661
46.085868
46.268222
46.386405
46.538670
46.680691
46.852101
47.038561
47.213753
47.430333
47.625650
47.824752
47.962966
48.123945
48.285204
48.366263
48.422265
48.560801
48.807435
49.107653
49.600790
49.763156
49.961773
50.363430
50.946949
51.379573
51.474066
51.497217
51.549023
51.561775
51.582073
51.640017
51.663287
51.710442
51.754440
51.866393
51.923812
51.937123
51.999223
52.137257
52.289009
52.421626
52.490552
52.505573
52.566030
52.688128
52.734937
52.840332
52.972700
53.167740
53.285679
53.452490
53.707431
53.926602
54.111432
54.266400
54.453648
54.628006
54.758936
54.866683
54.985052
55.045905
55.171415
55.360199
55.571213
55.958535
56.060779
56.145275
56.171748
56.251614
56.305659
56.316171
56.403354
56.512306
56.673901
56.720712
56.793170
56.803723
56.817388
56.828121
56.904126
56.983620
57.070958
57.102783
57.199355
57.342234
57.391078
57.522829
57.650597
57.725277
57.777461
57.892390
57.989171
58.057212
58.078056
58.094723
58.126949
58.180219
58.201107
58.234827
58.247326
58.282441
58.328450
58.446319
58.742446
58.981461
59.062598
59.180068
59.313492
59.367565
59.392415
59.423175
59.429723
59.454486
59.476747
59.486763
59.503168
59.522955
59.530241
59.535117
59.558048
59.562373
59.607762
59.631157
59.641165
59.667007
59.754469
59.778811
59.787647
59.822320
59.831854
59.846360
59.872155
59.896036
59.923368
59.959199
59.971492
59.979553
59.987202
59.996070
60.002803
60.014505
60.144686
60.313532
60.503338
60.779303
60.982631
61.109016
61.147206
61.215861
61.302168
61.504534
61.555642
61.666518
61.752584
61.783021
61.811624
61.839691
61.870426
