1.08411
1.08477
2.30814
2.84108
3.30762
3.81695
4.31135
4.81155
5.33937
5.81194
6.31159
6.81179
7.32854
7.8114
8.31239
8.81581
9.31563
9.81649
10.3164
10.8159
11.3153
11.8165
12.3216
12.8158
13.3158
13.8197
14.3201
14.8192
15.3204
15.8195
16.3203
16.8199
17.3199
17.8413
18.3194
18.8228
19.3286
19.824
20.3323
20.8243
21.3403
21.8235
22.3241
22.8241
23.3244
23.8236
24.3266
24.8463
25.3282
25.8274
26.3278
26.8278
27.3287
27.8284
28.3281
28.8284
29.3318
29.8319
30.3322
30.8326
31.3321
31.8722
32.3316
32.8334
33.3359
33.8357
34.3357
34.8652
35.3359
35.8486
36.3405
36.8375
37.3361
37.8782
38.3364
38.8382
39.3398
39.8523
40.3402
40.8396
41.3393
41.8402
42.3399
42.8557
43.3401
43.8433
44.3439
44.844
45.344
45.8433
46.3437
46.8434
47.3438
47.8436
48.3441
48.8479
49.3566
49.8478
50.3473
50.8484
51.3546
51.8476
52.3477
52.8478
53.3514
53.8514
54.3525
54.8514
55.352
55.8524
56.3514
56.8514
57.356
57.8557
58.3561
58.8557
59.3553
59.8557
60.3555
60.8558
61.3557
61.8563
62.3565
62.86
63.3601
63.8598
64.3602
64.8602
65.3605
65.86
66.3602
66.8635
67.3643
67.8634
68.3642
68.8636
69.3636
69.8642
70.3643
70.8683
71.3675
71.8681
72.3676
72.8679
73.3697
73.8675
74.3678
74.8682
75.3686
75.8685
76.3728
76.8721
77.3722
77.8714
78.3715
78.8717
79.3725
79.8724
80.3721
80.8743
81.3754
81.8759
82.3762
82.8758
83.3765
83.8752
84.3759
84.8759
85.3759
85.8765
86.3888
86.8801
87.3798
87.8805
88.3794
88.8799
89.3796
89.8796
90.3825
90.8836
91.3839
91.8834
92.384
92.8841
93.3842
93.884
94.3841
94.8838
95.3882
95.8872
