0.000000
0.000000
0.000000
41.557999
41.730999
41.759998
42.007999
42.023998
46.379002
49.653999
50.949001
52.132999
69.672997
74.059998
77.662003
85.132004
86.803001
87.181000
89.434998
93.797997
111.945999
129.106995
145.925995
154.156006
155.098007
157.608002
166.046005
175.231003
186.955994
191.567993
196.035995
202.190994
208.998001
226.199997
243.811005
255.048004
262.222992
271.488007
278.003998
284.514008
293.686005
301.885010
304.746002
305.906006
307.789001
309.178009
311.588989
312.808014
316.377014
318.481995
318.553986
319.453003
323.816986
328.427002
330.729004
332.936005
334.360992
336.178986
339.941986
343.516998
348.828003
367.542999
368.536987
370.570007
374.674011
378.679993
383.128998
387.973999
389.947998
392.539001
399.002014
405.157990
409.020996
411.985992
412.078003
412.156006
412.372009
412.420990
412.420990
412.420990
412.420990
412.420990
412.420990
415.618988
425.161011
427.140991
427.800995
427.808990
427.815002
427.815002
427.815002
427.815002
427.859985
428.010010
428.016998
428.016998
428.016998
428.016998
428.016998
428.067993
428.114014
428.135986
428.136993
428.735992
428.971985
429.289001
429.421997
429.614014
430.049011
430.281006
430.320007
430.320007
430.350006
431.473999
431.473999
431.473999
431.483002
431.483002
431.483002
431.483002
431.483002
431.496002
431.496002
431.496002
431.496002
431.496002
431.496002
431.496002
431.496002
431.496002
431.496002
431.496002
431.496002
431.496002
431.496002
431.496002
431.496002
431.496002
431.496002
431.496002
431.496002
431.496002
431.496002
431.496002
431.496002
431.496002
431.496002
431.496002
431.496002
431.496002
431.496002
431.496002
431.496002
431.496002
431.496002
431.496002
431.496002
431.496002
431.496002
431.506012
431.506012
431.506012
431.506012
431.506012
431.506012
431.506012
431.506012
431.506012
431.506012
431.506012
431.506012
431.506012
431.506012
431.506012
431.506012
431.506012
431.506012
431.506012
431.506012
431.506012
431.506012
431.506012
431.506012
431.506012
431.506012
431.506012
431.506012
431.506012
431.506012
431.506012
