7.92642
9.65539
11.3774
11.3907
11.402
11.422
11.4416
11.462
11.4812
11.5179
11.5305
11.9825
13.5378
18.6999
19.1477
19.168
19.1884
19.2027
19.2181
22.4308
29.5766
29.5905
29.6126
29.6306
29.6505
46.9257
46.9478
46.9668
46.9863
50.1253
50.1452
50.1675
51.6057
51.826
51.8481
51.8664
52.0289
53.0976
53.1192
59.6971
59.7091
60.1409
60.164
60.3739
60.5699
60.9855
60.9985
64.0522
70.5434
70.9773
70.9986
71.1845
71.1982
71.2183
71.2388
71.2583
71.291
71.3068
75.7135
75.729
75.7474
75.7708
75.7858
75.8064
75.8256
75.8455
75.8653
75.8849
77.7337
80.2614
81.976
81.9953
93.3779
93.39
93.4102
93.4314
93.4496
93.4695
95.5756
95.5941
95.6061
95.6252
95.6451
97.3583
99.5475
100.807
101.029
101.698
103.254
103.671
103.691
103.71
103.731
103.753
106.056
106.071
110.786
110.802
110.822
110.842
110.863
110.882
110.902
112.953
112.976
112.995
113.015
113.033
113.054
118.228
123.466
123.486
124.605
124.627
124.645
126.614
127.059
127.07
127.909
129.693
132.071
134.256
149.247
193.779
193.798
193.818
193.838
193.856
193.878
193.895
193.919
193.936
193.96
193.985
194.014
194.045
194.075
194.106
194.131
194.147
194.173
194.201
194.219
194.24
194.263
194.279
194.302
194.32
194.343
194.364
194.394
194.439
194.456
194.477
194.498
194.517
194.536
194.56
194.591
194.624
194.67
194.688
194.709
194.727
194.749
194.769
194.788
194.812
194.839
194.873
194.892
194.914
194.934
194.951
194.975
194.994
195.012
195.035
195.052
195.076
195.111
195.128
195.148
195.169
195.19
195.207
195.23
195.249
195.267
195.293
195.322
195.339
195.36
195.383
195.4
195.422
195.442
195.459
195.485
195.513
195.552
195.583
195.6
195.62
195.645
195.67
195.688
195.71
195.731
195.771
195.788
195.809
195.833
195.861
195.878
195.903
195.936
195.97
195.987
196.007
196.03
196.051
196.067
196.093
196.116
196.136
196.18
196.199
196.221
196.242
196.259
196.285
196.309
196.334
196.374
196.391
196.414
196.434
196.453
196.477
196.501
196.521
196.542
196.562
196.58
196.605
196.624
196.644
196.67
196.698
196.728
196.743
196.766
196.789
196.812
196.841
196.863
196.88
196.9
196.927
196.953
196.982
196.999
197.021
197.046
197.072
197.093
197.116
197.148
197.178
197.201
197.22
197.245
197.271
197.293
197.313
197.336
197.361
197.38
197.402
197.42
197.439
197.465
197.504
197.519
197.542
197.561
197.581
197.601
197.62
197.64
197.663
197.679
197.703
197.72
197.744
197.772
197.799
197.821
197.844
197.872
197.905
197.924
197.944
197.964
197.985
198.009
198.039
198.068
198.114
198.132
198.151
198.174
198.199
198.221
198.241
198.263
198.284
198.318
198.335
198.358
198.377
198.399
198.417
198.436
198.459
198.476
198.497
198.522
198.54
198.561
198.587
198.607
198.628
198.652
198.67
198.69
198.709
198.727
198.751
198.767
198.787
198.814
198.843
198.861
198.881
198.9
198.92
198.96
198.984
199.007
199.025
199.044
199.068
199.102
199.13
199.163
199.191
199.207
199.229
199.247
199.268
199.294
199.318
199.336
199.361
199.39
199.43
199.447
199.469
199.489
199.508
199.532
199.553
199.581
199.63
199.648
199.676
199.699
199.715
199.74
199.757
199.778
199.803
199.827
199.843
199.865
199.888
199.913
199.934
199.953
199.972
199.996
200.029
200.057
200.077
200.097
200.118
200.135
200.159
200.176
200.198
200.22
200.261
200.279
200.305
200.328
200.351
200.37
200.388
200.412
200.428
200.449
200.474
200.499
200.517
200.545
200.571
200.601
200.625
200.643
200.668
200.702
200.726
200.743
200.767
200.786
200.804
200.824
200.844
200.865
200.886
200.903
200.927
200.944
200.964
200.984
201.003
201.024
201.051
201.074
201.094
201.118
201.163
201.179
201.202
201.219
201.246
201.271
201.287
201.312
201.328
201.359
201.38
201.407
201.432
201.448
201.472
201.493
201.509
201.532
201.561
201.584
201.604
201.628
201.644
201.665
201.69
201.714
201.732
201.771
201.788
201.811
201.83
201.854
201.879
201.895
201.919
201.936
201.956
201.981
202.005
202.025
202.048
202.066
202.089
202.115
202.133
202.152
202.177
202.207
202.231
202.248
202.268
202.29
202.308
202.334
202.362
202.392
202.408
202.431
202.447
202.469
202.493
202.519
202.536
202.559
202.576
202.596
202.62
202.67
202.688
202.717
202.737
202.756
202.779
202.796
202.817
202.841
202.865
202.884
202.906
202.932
202.952
202.977
203.009
203.038
203.065
203.086
203.109
203.135
203.153
203.173
203.198
203.232
203.269
203.289
203.309
203.333
203.359
203.377
203.396
203.425
203.453
203.498
203.516
203.538
203.556
203.58
203.61
203.639
203.656
203.68
203.703
203.72
203.745
203.771
203.787
203.807
203.829
203.847
203.871
203.888
203.912
203.938
203.955
203.976
204
204.026
204.049
204.076
204.099
204.124
204.15
204.175
204.192
204.219
204.243
204.259
204.284
204.317
204.343
204.361
204.384
204.407
204.424
204.446
204.464
204.484
204.507
204.524
204.544
204.567
204.583
204.607
204.63
204.648
204.668
204.687
204.708
204.732
204.757
204.776
204.799
204.819
204.835
204.868
204.888
204.913
204.937
204.959
204.978
204.996
205.02
205.036
205.063
205.081
205.104
205.128
205.151
205.169
205.188
205.213
205.248
205.272
205.298
205.315
205.341
205.373
205.403
205.429
205.448
205.474
205.497
205.515
205.537
205.556
205.576
205.601
205.627
205.644
205.667
205.691
205.724
205.747
205.764
205.786
205.804
205.825
205.849
205.879
205.897
205.927
205.95
205.98
206.011
206.04
206.057
206.079
206.098
206.115
206.14
206.164
206.18
206.2
206.221
206.24
206.262
206.28
206.304
206.321
206.339
206.365
206.39
206.411
206.431
206.448
206.468
206.493
206.522
206.541
206.571
206.587
206.61
206.627
206.654
206.684
206.701
206.721
206.746
206.769
206.788
206.809
206.83
206.848
206.871
206.889
206.915
206.937
206.956
206.977
207.001
207.02
207.04
207.061
207.08
207.104
207.121
207.143
207.166
207.188
207.213
207.232
207.252
207.274
207.297
207.327
207.355
207.373
207.394
207.418
207.434
207.454
207.476
207.495
207.519
207.536
207.555
207.579
207.612
207.651
207.672
207.706
207.733
207.757
207.777
207.797
207.817
207.838
207.858
207.881
207.9
207.926
207.953
207.98
208
208.021
208.042
208.064
208.087
208.103
208.125
208.144
208.164
208.189
208.219
208.245
208.268
208.298
208.319
208.336
208.356
208.38
208.408
208.438
208.455
208.479
208.5
208.525
208.545
208.567
208.583
208.607
208.638
208.668
208.685
208.706
208.73
208.747
208.769
208.79
208.809
208.834
208.86
208.897
208.921
