0.00552033
0.0102687
0.016288
0.000407336
0.000824613
0.000494782
0.000998872
0.000739215
0.000590691
0.0168363
0.00155573
0.00537269
0.00501954
0.0143988
0.00128729
0.00114485
0.00135195
0.0017448
0.00282689
0.0101869
0.0193861
0.00116947
0.00241998
0.00148589
0.00173664
0.000540225
0.00262321
0.00184913
0.00106926
0.000679601
0.000830282
0.00219606
0.00670977
0.000716106
0.00262598
0.00206219
0.00372546
0.000782411
0.0031669
0.00065172
0.000558121
0.00925956
0.00304308
0.000949642
0.000620642
0.0172598
0.00121984
0.00727314
0.00233117
0.00093589
0.00175
0.00741171
0.0011703
0.000981141
0.00130255
0.000755893
0.0134514
0.00120691
0.000231696
0.00404795
0.00230163
0.00601013
0.00133828
0.00135677
0.000709446
0.000279034
0.000735524
0.000441576
0.00121242
0.00394759
0.00305933
0.00219254
0.000554797
0.00145669
0.0013713
0.00238707
0.00107756
0.00115455
0.0025608
0.00133258
0.00165895
0.000703598
0.000637348
0.000691027
0.0104296
0.00980937
0.000457159
0.00043729
0.0168602
0.000714145
0.00123465
0.00101113
0.00131141
0.0033341
0.00796911
0.000949024
0.00525779
0.00118061
0.00054682
0.000652662
0.00151849
0.00114885
0.00137567
0.00059678
0.0026509
0.00140228
0.00278989
0.000511383
0.00048579
0.00684073
0.000616358
0.00106815
0.0121536
0.00100522
0.000390329
0.0134186
0.0100736
0.000592723
0.0129057
0.0116856
0.00161679
0.00699318
0.00595685
0.0106979
0.00882003
0.0092534
0.00722452
0.00668538
0.00874899
0.00657609
0.00956893
0.00755423
0.00665544
0.0115751
0.0127243
0.0116931
0.0142803
0.0128644
0.0100961
0.00703928
0.0116774
0.0067516
0.00660029
0.00690723
0.00955026
0.00671835
0.00917768
0.00699898
0.0104723
0.0107675
0.0129755
0.00681559
0.00670878
0.00827122
0.00841741
0.00815219
0.00674134
0.0115088
0.014601
0.0154123
0.00689531
0.00673994
0.00850042
0.0068793
0.00804499
0.00801873
0.00675011
0.0109704
0.0105504
0.0068741
0.00684124
0.00909194
0.00943739
0.00664116
0.0101353
0.00924394
0.00675796
0.00989164
0.00700029
0.0112218
0.00675261
0.00673799
0.00688214
0.00753734
0.00941308
0.00663859
0.00953108
0.00823318
0.00671042
0.0120919
0.00691859
0.00670648
0.00708556
0.0102701
0.00668426
0.00914386
0.00884159
0.00672371
0.011648
0.0118275
0.00682597
0.00890682
0.00727718
0.0071012
0.0117096
0.00972545
0.00693689
0.00941458
0.00965713
0.00704588
0.00676705
0.00685717
0.0107607
0.0108768
0.0070387
0.0113969
0.012467
0.00685888
0.0068099
0.00667713
0.00890714
0.010308
0.00673973
0.012047
0.00769559
0.00722778
0.00672419
0.00664978
0.00854379
0.00864682
0.00673331
0.0122494
0.00822315
0.0130414
0.00694333
0.00677276
0.00879957
0.00939689
0.00795661
0.0117492
0.00766625
0.00706684
0.00939493
0.00886581
0.00683069
0.0068007
0.00685919
0.00664833
0.0127753
0.013312
0.0101656
0.00666553
0.00898318
0.0131108
0.00723821
0.00702737
0.0101704
0.0076073
0.00665723
0.0138301
0.0120624
0.00966753
0.00672491
0.00811648
0.0127113
0.00669081
0.00787475
0.010752
0.010877
0.0130386
0.00773753
0.00677313
0.0125325
0.00688188
0.00740642
0.0087441
0.0110977
0.00883219
0.00666765
0.00961146
0.00679198
0.00669544
0.0123048
0.00675833
0.00669051
0.00682281
0.00816206
0.00920918
0.0082344
0.00683619
0.00679907
0.0100373
0.00658565
0.00661755
0.00665575
0.00877296
0.00686095
0.0132702
0.00763006
0.0110263
0.00722406
0.00671249
0.0071066
0.00717076
0.00739801
0.00830048
0.0124875
0.0151245
0.0118277
0.00681881
0.00702317
0.00709905
0.00949461
0.0149701
0.00823142
0.00874
0.00940774
0.0108977
0.00677664
0.00683535
0.00937274
0.00788984
0.0104239
0.00875994
0.00683824
0.0108708
0.00715636
0.008834
0.00702663
0.00696405
0.00837265
0.0134182
0.00692691
0.00688933
0.0107077
0.00851938
0.0093211
0.00877372
0.00667468
0.00677798
0.00660544
0.0068729
0.0127107
0.00946243
0.0080113
0.00793062
0.00711524
0.00673146
0.00663062
0.00732138
0.0095976
0.00885676
0.00674317
0.011108
0.0130142
0.0121601
0.0142925
0.00673211
0.00664938
0.00866657
0.0068816
0.00660214
0.0131976
0.00970684
0.00671528
0.0116901
0.00925806
0.00689294
0.00667915
0.00767186
0.00745083
0.00664258
0.0105626
0.0113518
0.0124135
0.00690392
0.00674822
0.0146201
0.00993089
0.00670769
0.0104611
0.0078502
0.00845017
0.0138234
0.00678727
0.0067365
0.00783835
0.0111129
0.00796379
0.0100031
0.0083386
0.00662856
0.0115612
0.0124759
0.00673633
0.00738412
0.00872559
0.00947926
0.00664059
0.00992921
0.0069211
0.0081974
0.0110446
0.00668221
0.00663248
0.0119123
0.00698568
0.00913769
0.0092243
0.00661207
0.0109067
0.00719115
0.00773353
0.0138941
0.00669157
0.007186
0.0159913
0.0142708
0.0120007
0.0078013
0.00676267
0.0115117
0.0133551
0.00682018
0.00676223
0.00980492
0.00893268
0.00687923
0.00719168
0.00735656
0.00807982
0.00979323
0.00667381
0.00675502
0.00666948
0.00675636
0.00687121
0.00663075
0.00706712
0.0139571
0.00820558
0.00938681
0.0124413
0.0065987
0.00671888
0.00885683
0.00670965
0.012705
0.0096916
0.00670958
0.0109369
0.00684832
0.00670295
0.0066195
0.0130509
0.0107026
0.00660053
0.00916646
0.0108575
0.00675835
0.00947738
0.0067503
0.00764874
0.00680044
0.0115198
0.00714225
0.00848277
0.0129399
0.00883782
0.00664945
0.00687934
0.00690744
0.00970548
0.00960455
0.0105434
0.0100927
0.00668522
0.0103407
0.00715713
0.00788644
0.0126848
0.00682529
0.00901153
0.0106462
0.00896863
0.0119921
0.0104486
0.00754986
0.00714182
0.012001
0.0109528
0.00672387
0.00669714
0.00744877
0.00913752
0.00690995
0.0132208
0.0130103
0.0114301
0.00674086
0.00668438
0.00659892
0.00802137
0.0122809
0.0102658
0.00656283
0.00974078
0.00700576
0.00664378
0.011853
0.00689508
0.00677887
0.0162143
0.00847951
0.00732485
0.0102965
0.00752313
0.00835333
0.0118023
0.0067016
0.00675735
0.00946806
0.0153607
0.00680288
0.0128674
0.0113749
0.0135093
0.0068258
0.00883406
0.0123122
0.0108061
0.00776833
0.00816251
0.012846
0.0151957
0.00682176
0.00736919
0.00729584
0.011627
0.00960938
0.00839619
0.0067974
0.0156391
0.0128721
0.00673666
0.00678839
0.00892567
0.0067038
0.0122061
0.0129692
0.0106742
0.00721747
0.0107244
0.0066921
0.00738388
0.0121483
0.0105149
0.00697641
0.00691136
0.0075707
0.00703629
0.00965441
0.00776627
0.010846
0.00688204
0.00653465
0.00760725
0.0112631
0.00931043
0.0119319
0.00705338
0.0109274
0.0153883
0.0131465
0.00682027
0.00708309
0.0136357
0.00988392
0.006663
0.01089
0.0122213
0.0101315
0.00804837
0.0104612
0.00666302
0.00668865
0.00933345
0.00717966
0.0066677
0.0106149
0.00699715
0.00715068
0.0101446
0.00698959
0.0104974
0.00673118
0.00673597
0.00696617
0.00690294
0.00671346
0.011386
0.00782393
0.00667516
0.0103502
0.00963267
0.00664045
0.00680868
0.00750615
0.0119097
0.00785644
0.0102385
0.00972999
0.00672847
0.0113678
0.00696193
0.00660961
0.00826577
0.0109363
0.00672424
0.0083762
0.00769147
0.00670435
0.0121361
0.0156042
0.00667765
0.00899439
0.00673587
0.011439
0.0121002
0.0134669
0.00769084
0.00682896
0.0123554
0.00678504
0.00666732
0.00791121
0.00678753
0.00663718
0.0112032
0.0100224
0.00689953
0.0106563
0.014535
0.00667796
0.00670793
0.00664564
0.00907592
0.00677248
0.00774906
0.0124929
0.0101113
0.00813299
0.00661552
0.00949632
0.0109111
0.0140374
0.0104806
0.00843953
0.0098574
0.00893639
0.00687861
0.0111574
0.00649973
0.00660792
0.00810605
0.00857521
0.0071043
0.00842509
0.00691769
0.010992
0.00784454
0.00683775
0.00679001
0.0092729
0.0102417
0.0107329
0.00742883
0.00667328
0.0121041
0.00961999
0.0076671
0.00664471
0.00672175
0.00889468
0.00691715
0.0120303
0.0108378
0.00758542
0.00779351
0.0125488
0.00663228
0.00670006
0.00876844
0.00865864
0.00725042
0.0107933
0.00765509
0.0139741
0.00831063
0.00770614
0.0078509
0.00678499
0.00671129
0.00757293
0.00763373
0.00685644
0.0104314
0.00741755
0.0102341
0.0135914
0.00673788
0.00684727
0.00684484
0.00696016
0.00901255
0.0116921
0.0131229
0.00952424
0.0067472
0.00716528
0.00682766
0.0067997
0.00703047
0.00833317
0.00697923
0.012169
0.0071029
0.00667741
0.0111523
0.0157014
0.00683425
0.0108142
0.0167684
0.0123944
0.0077059
0.0084153
0.00792005
0.00810441
0.00926745
0.0095893
0.00668943
0.00756353
0.0132231
0.00919155
0.00691664
0.00685599
0.00817588
0.00845915
0.010527
0.00677941
0.0069524
0.00823837
0.00747284
0.00675815
0.0122992
0.013775
0.00734733
0.0118721
0.00714149
0.0102848
0.00733963
0.0067518
0.0110536
0.0111312
0.00857326
0.00672624
0.0103932
0.011458
0.00672127
0.00780196
0.0104825
0.00659872
0.0109167
0.012951
0.011564
0.00771747
0.00976455
0.00680091
0.00703666
0.00794921
0.00962753
0.00801933
0.0128182
0.0116848
0.0163457
0.0121298
