7.94325
9.66579
9.88782
11.1414
11.5566
12.0014
13.5561
14.8017
16.0768
17.4004
18.7166
18.93
19.2309
20.9813
22.4503
23.9646
25.6832
27.3524
29.1285
29.6736
31.3545
31.8346
33.5653
35.3428
37.0879
38.8956
40.6367
42.1968
43.4672
44.3823
45.2361
46.2926
46.7423
47.0077
47.9766
49.6965
50.1874
51.6227
51.8901
52.0527
53.138
54.3715
55.7098
57.3925
59.0712
59.7333
60.1906
60.3992
60.5939
61.0163
62.7067
64.0671
65.3572
65.5855
67.3171
68.2173
69.5139
69.7179
70.5664
70.7798
71.0257
71.3229
73.1121
73.9837
75.9069
77.7576
79.0146
80.28
82.0111
82.4132
84.133
85.8408
87.3064
89.0509
90.5634
92.3121
93.1401
93.493
95.1359
95.3535
95.6744
97.3792
97.8206
99.5592
100.82
101.056
101.713
103.27
103.783
105.452
106.104
108.583
110.355
110.933
111.232
113.078
114.696
116.42
118.245
120.051
121.743
123.508
124.667
125.243
126.63
127.091
127.701
127.931
128.156
129.71
131.419
132.086
133.612
134.272
135.952
136.363
137.911
138.101
139.927
140.57
142.297
144.047
145.732
147.522
149.263
149.442
150.979
152.75
152.987
154.294
156.054
157.137
158.861
160.63
162.356
164.117
165.879
166.518
168.338
169.85
170.308
171.874
173.635
173.843
174.053
174.493
174.721
176.458
176.676
178.438
180.169
181.927
183.667
185.311
187.005
188.714
190.446
192.198
