0.00210683
0.00118069
0.00259004
0.000510664
0.00372743
0.00438989
0.00334212
0.00153725
0.0276504
0.0110056
0.00379889
0.00511007
0.00341017
0.0168327
0.00976865
0.0194461
0.00258348
0.00318118
0.00363612
0.00473954
0.00522091
0.00978167
0.0045201
0.0135234
0.00678795
0.0229514
0.003426
0.00222823
0.0017637
0.0172333
0.010872
0.00322593
0.0182027
0.00328246
0.00366178
0.00366287
0.00259683
0.00401984
0.00480385
0.00821047
0.00822134
0.00262181
0.00878671
0.0038347
0.00204748
0.00442412
0.00941609
0.00598702
0.00427968
0.00741282
0.00575424
0.0016318
0.00386877
0.00846764
0.00379046
0.00496368
0.00842917
0.00523038
0.00567835
0.00263878
0.0086893
0.00592654
0.00253206
0.0021196
0.00149145
0.0129432
0.0134652
0.00267912
0.0056838
0.00856922
0.0203445
0.00367274
0.00888714
0.0101103
0.0183069
0.00343041
0.00468225
0.00445497
0.00298828
0.00904986
0.00979237
0.00249365
0.00715004
0.00251876
0.00373439
0.0067836
0.00324959
0.00129528
0.0130378
0.00757101
0.0155085
0.00229809
0.00536144
0.0120303
0.002245
0.00483288
0.00231963
0.00775745
0.00331212
0.0260694
0.0184642
0.00256047
0.00103105
0.0175621
0.00142404
0.00201654
0.00422911
0.00210842
0.00690719
0.00175243
0.00168333
0.00509045
0.0110574
0.00292702
0.0187878
0.00211369
0.00594259
0.00380919
0.00250726
0.0045307
0.0048406
0.00646401
0.00312438
0.00198911
0.00285634
0.00528608
0.00217099
0.00505478
0.00165468
0.00133759
0.00510278
0.00220187
0.00446364
0.00847369
0.00704797
0.00853586
0.005714
0.00910646
0.00188167
0.00947078
0.00302395
0.00445079
0.0021876
0.00617601
0.00767135
0.0035985
0.00380111
0.00564828
0.013747
0.0126703
0.0118257
0.0102759
0.0155777
0.0101215
0.00493253
0.00530342
0.00474304
0.0170861
