0.202240
0.202307
0.202373
0.202441
0.202492
0.202558
0.202620
0.202673
0.202731
0.202790
0.202845
0.224700
0.335028
0.510469
0.653253
0.791127
0.884077
0.955898
0.983625
1.045017
1.336960
1.741045
2.019526
2.168020
2.238230
2.294747
2.359868
2.418259
2.500998
2.590192
2.662322
2.748000
2.867468
3.012727
3.125921
3.227244
3.317821
3.442304
3.620763
3.827158
4.047233
4.199655
4.296814
4.345232
4.455085
4.613383
4.847509
5.016684
5.179756
5.404357
5.634606
5.881546
6.057404
6.213475
6.389590
6.597455
6.858649
7.084270
7.298222
7.492967
7.707091
7.885733
8.095824
8.310529
8.497854
8.681275
8.859855
9.080166
9.349142
9.598170
9.838289
10.039470
10.243719
10.455520
10.695787
10.908929
11.068731
11.213532
11.396512
11.582860
11.748504
11.882631
12.053171
12.217002
12.437417
12.646201
12.920187
13.202985
13.414780
13.581468
13.699313
13.784862
13.835532
13.873580
13.926495
14.007933
14.151736
14.311898
14.527024
14.752086
14.929877
15.111512
15.269377
15.473383
15.656149
15.870567
16.069442
16.292216
16.540005
16.854733
17.127250
17.390945
17.634512
17.884987
18.075621
18.279852
18.454204
18.651979
18.818113
18.957754
19.076545
19.116578
19.182549
19.305771
19.482412
19.644496
19.798407
19.945989
20.043705
20.147751
20.297869
20.502326
20.715762
20.990259
21.278296
21.514519
21.736764
21.970498
22.154228
22.287036
22.394383
22.544358
22.696044
22.863313
23.036482
23.230996
23.414710
23.589265
23.773206
23.980136
24.172856
24.413659
24.668126
24.894999
25.124425
25.349922
25.605294
25.815344
26.054829
26.289426
26.524867
26.723805
26.954131
27.183596
27.388232
27.613915
27.804943
28.026663
28.242834
28.398198
28.473123
28.552780
28.732952
28.897964
29.014905
29.069762
29.176023
29.294830
29.455528
29.649641
29.842748
30.046327
30.279105
30.502476
30.686785
30.871450
31.056717
31.278578
31.479489
31.718171
31.951409
32.163670
32.345269
32.570419
32.815962
33.027930
33.238420
33.479677
33.686653
33.889902
34.122054
34.362951
34.573799
34.780274
34.986881
35.120311
35.217160
35.325750
35.503909
35.683884
35.855909
36.001758
36.140141
36.260017
36.396133
36.589506
36.783315
36.967645
37.158451
37.288431
37.421553
37.515608
37.627072
37.760463
37.925002
38.099647
38.295661
38.457614
38.639405
38.787633
38.899995
39.038177
39.211028
39.433154
39.628187
39.819711
40.005054
40.219803
40.404000
40.623294
40.848006
41.042302
41.231474
41.444094
41.644893
41.844530
42.019898
42.196288
42.407918
42.598779
42.798276
43.001757
43.191506
43.409003
43.594795
43.807373
43.997950
44.208271
44.463033
44.667955
44.861509
45.050704
45.241614
45.463105
45.650644
45.873410
46.110305
46.311738
46.512233
46.712924
46.945950
47.138515
47.322301
47.535331
47.726188
47.960001
48.160905
48.392644
48.590579
48.813497
49.031839
49.229848
49.476043
49.720284
49.918694
50.140395
50.310594
50.460450
50.599462
50.749460
50.949564
51.117695
51.270368
51.437488
51.607603
51.798984
51.979455
52.203811
52.405138
52.648017
52.909168
53.141950
53.418455
53.651487
53.896282
54.081777
54.295304
54.487159
54.707564
54.875384
55.010306
55.114404
55.261187
55.429988
55.670167
55.871022
56.033483
56.197537
56.351678
56.541771
56.708751
56.918341
57.113138
57.321034
57.571408
57.792159
58.016407
58.281383
58.555112
58.786435
59.039800
59.235031
59.445421
59.626699
59.828581
60.065212
60.269342
60.402299
60.517239
60.630074
60.743481
60.848134
60.924848
61.003356
61.107702
61.252876
61.384008
61.471448
61.550421
61.628693
61.727488
61.867369
62.016436
62.207437
62.366879
62.516086
62.670007
62.867352
63.041291
63.212595
63.398267
63.550615
63.697109
63.886774
64.082451
64.320137
64.505057
64.687128
64.819785
64.932220
65.012978
65.069809
65.186308
65.382995
65.621792
65.836723
66.086178
66.301004
66.549292
66.743179
66.907032
67.050363
67.145000
67.195592
67.239532
67.315172
67.416637
67.537871
67.634615
67.697249
67.754575
67.836245
67.959679
68.115999
68.256991
68.376452
68.474269
68.536790
68.616709
68.711158
68.860767
69.020242
69.236150
69.474499
69.683948
69.882383
70.063118
70.256178
70.407264
70.581335
70.776386
70.972990
71.178387
71.410765
71.643530
71.863269
72.103184
72.357265
72.655623
72.941086
73.145062
73.313238
73.404378
73.523226
73.733970
73.998364
74.245925
74.417539
74.548069
74.657052
74.729987
74.772312
74.824529
74.905524
74.988726
75.081368
75.224778
75.401543
75.609204
75.833625
76.033442
76.230783
76.448833
76.646979
76.795149
76.932138
77.088821
77.253111
77.404688
77.595214
77.787806
77.953326
78.118309
78.284765
78.481661
78.654073
78.855093
79.043171
79.241126
79.478685
79.686695
79.917434
80.108359
80.285143
80.473327
80.643255
80.759583
80.851885
80.965706
81.091241
81.254178
81.429027
81.617487
81.795290
82.013734
82.207557
82.402712
82.596231
82.782619
82.981024
83.122013
83.228044
83.301765
83.425025
83.594905
83.841760
84.055559
84.308492
84.554005
84.808432
85.087542
85.341205
85.542597
85.771773
85.997144
86.200069
86.411424
86.647680
86.875545
87.053431
87.215298
87.403054
87.600143
87.792608
87.954729
88.165455
88.358900
88.552699
88.741054
88.953118
89.129864
89.323575
89.489734
89.626903
89.812238
89.992066
90.209649
90.394313
90.602583
90.813049
90.986533
91.158542
91.341435
91.568415
91.771129
92.011029
92.215625
92.444147
92.657153
92.840373
93.041771
93.244545
93.434041
93.604656
93.746060
93.844578
93.907135
93.994355
94.103434
94.274703
94.480955
94.709895
94.908637
95.090297
95.272060
95.413890
95.565141
95.765747
95.965875
96.123173
96.293438
96.423007
96.529596
96.595759
96.726448
96.933877
97.153817
97.391790
97.667844
97.930519
98.154770
98.434065
98.707232
98.912570
99.092430
99.206767
99.340269
99.488997
99.701934
99.932662
100.172229
100.411109
100.650101
100.854162
101.070720
101.244135
101.440933
101.608381
101.826659
102.053650
102.265651
102.444934
102.647397
102.917141
103.148177
103.394842
103.586279
103.763625
103.953122
104.109172
104.261829
104.425723
104.557671
104.660631
104.771814
104.889154
105.064616
105.248260
105.476344
105.661655
105.847056
105.984665
106.152165
106.346712
106.533914
106.730565
106.957841
107.132769
107.300629
107.422179
107.514356
107.588838
107.687137
107.810344
107.977979
108.142912
108.359078
108.551993
108.775318
108.968651
109.165836
109.399175
109.639152
109.874834
110.077298
110.311205
110.547199
110.777529
111.005112
111.234836
111.461062
111.657690
111.888490
112.126003
112.328222
112.529070
112.759273
112.989594
113.175490
113.342314
113.426392
113.467768
113.505172
113.560429
113.658052
113.779968
113.933293
114.164569
114.395756
114.684068
114.934022
115.207518
115.417493
115.631554
115.792307
115.972825
116.137145
116.317010
116.549144
116.769304
117.048324
117.293107
117.573392
117.803123
118.050940
118.250226
118.476159
118.698002
118.893442
119.093254
119.295932
119.531831
119.774513
120.003133
120.202989
120.435125
120.636027
120.874336
121.105737
121.296401
121.485327
121.687648
121.946045
122.225525
122.476761
122.695290
122.897902
123.116560
123.313513
123.490202
123.645665
123.744465
123.858018
123.970127
124.103450
124.212463
124.303168
124.467011
124.650189
124.886749
125.095450
125.321795
125.502866
125.616816
125.670475
125.712864
125.786344
125.872886
125.989006
126.079298
126.146123
126.230833
126.341351
126.485010
126.672609
126.833225
126.948459
127.053455
127.175314
127.332198
127.488576
127.709974
127.971758
128.272292
128.604615
128.894522
129.176948
129.475477
129.696437
129.911618
130.061369
130.181899
130.265343
130.369288
130.470555
130.581705
130.742142
130.899469
131.099950
131.301589
131.572354
131.816749
132.089069
132.300786
132.531276
132.720902
132.931736
133.111017
133.332287
133.565207
133.773131
134.016314
134.225850
134.472985
134.684622
134.938157
135.199442
135.452529
135.679163
135.861424
136.072409
136.298898
136.524471
136.721251
136.921704
137.150934
137.353388
137.549715
137.777420
137.984603
138.188930
138.412968
138.615922
138.819912
139.043756
139.255979
139.481163
139.728480
139.983100
140.189989
140.387007
140.607538
140.836067
141.043545
141.285454
141.510660
141.728249
141.917929
142.122360
142.353507
142.553629
142.788333
142.986396
143.218110
143.417004
143.649447
143.901108
144.120456
144.362920
144.561500
144.742946
144.940855
145.120594
145.334016
145.508140
145.624299
145.683446
145.731118
145.812964
145.917387
146.057496
146.268631
146.535495
146.798461
147.116573
147.406633
147.627775
147.856651
148.043041
148.261946
148.482799
148.713773
148.922926
149.180931
149.406997
149.637400
149.905784
150.132985
150.386954
150.598593
150.843658
151.081889
151.285331
151.486687
151.685855
151.887735
152.085891
152.321238
152.521834
152.722925
152.924033
153.156839
153.356520
153.554848
153.756570
153.955517
154.193288
154.429932
154.634868
154.838860
155.041279
155.274838
155.511023
155.709306
155.909907
156.151448
156.365941
156.613660
156.857808
157.064865
157.309664
157.514922
157.709426
157.929091
158.122862
158.323583
158.529565
158.773863
158.975928
159.203062
159.430492
159.654189
159.847623
160.076610
160.303929
160.503821
160.748309
160.999815
161.256739
161.510105
161.720482
161.957141
162.181187
162.403368
162.597607
162.831227
163.042788
163.278232
163.477552
163.641844
163.775923
163.871203
163.957932
164.053013
164.141683
164.194472
164.233052
164.254591
164.272098
164.286685
164.297840
164.306067
164.312627
164.316712
164.320306
164.322935
164.324604
164.325845
164.326899
164.327577
164.328176
164.328604
164.328875
164.329108
164.329252
164.329360
164.329442
164.329509
164.329558
164.329589
164.329616
164.329634
164.329648
164.329660
164.329671
164.329679
164.329687
164.329693
164.329697
164.329701
164.329704
164.329706
164.329707
164.329708
164.329709
164.329709
164.329709
164.329709
164.329710
164.329710
164.329710
164.329710
164.329710
164.329710
164.329710
164.329710
164.329710
164.329710
164.329711
164.329711
