2.70069
2.92221
3.16451
3.39354
3.59498
3.82876
4.04731
4.24481
4.44655
4.64483
4.84242
5.08342
5.28413
5.5276
5.73017
5.95266
6.16318
6.36222
6.56603
6.78516
6.99027
7.22549
7.46193
7.69986
7.90182
8.10637
8.32724
8.54046
8.78001
9.0153
9.23018
9.4348
9.63544
9.87503
10.0653
10.259
10.522
10.7453
10.9394
11.1295
11.3447
11.5528
11.7574
11.9671
12.1959
12.4017
12.6428
12.851
13.0769
13.3091
13.5165
13.7417
13.9459
14.1441
14.3471
14.5537
14.7806
14.9937
15.1874
15.3829
15.6139
15.8101
16.0381
16.2701
16.4634
16.6709
16.8736
17.1268
17.3721
17.6025
17.8303
18.03
18.2368
18.4335
18.6721
18.9135
19.1355
19.3723
19.604
19.8378
20.0753
20.2804
20.5167
20.718
20.9538
21.1579
21.3857
21.6083
21.8199
21.9947
22.1806
22.4104
22.6427
22.8456
23.0467
23.2483
23.4831
23.688
23.9167
24.1507
24.3603
24.5827
24.7844
25.0182
25.2284
25.4639
25.6688
25.8742
26.0782
26.3186
26.5144
26.7111
26.9091
27.1361
27.338
27.5672
27.7688
28.0076
28.2374
28.4718
28.7035
28.9086
29.1075
29.3074
29.5442
29.7722
30.0067
30.2347
30.4445
30.6743
30.9008
31.1361
31.3391
31.5709
31.8135
32.0072
32.2103
32.4458
32.6815
32.9173
33.1098
33.3479
33.5487
33.7608
33.9578
34.1894
34.4227
34.6605
34.8864
35.1194
35.3179
35.5505
35.788
35.9806
36.1953
36.3904
36.6349
36.8351
37.0695
37.2972
37.5328
37.7303
37.968
38.1969
38.4129
38.6564
38.8622
39.0951
39.3155
39.5184
39.7545
39.9574
40.1851
40.385
40.623
40.8514
41.0866
41.292
41.521
41.7614
41.9584
42.1649
42.3852
42.6227
42.8196
43.0149
43.2235
43.4542
43.6642
43.8814
44.1198
44.3479
44.5525
44.7818
45.0181
45.2133
45.4176
45.6394
45.8457
46.0461
46.2788
46.5155
46.7139
46.9151
47.147
47.3404
47.5332
47.7406
47.96
48.1675
48.3686
48.5791
48.8132
49.039
49.2418
49.4638
49.6774
49.8793
50.1071
50.3076
50.5433
50.7516
50.981
51.1812
51.3835
51.5858
51.8142
52.0145
52.2529
52.4826
52.6901
52.8842
53.0834
53.3157
53.5143
53.712
53.9144
54.1533
54.357
54.5814
54.8158
55.0218
55.213
55.4589
55.6885
55.9201
56.1266
56.3312
56.5624
56.7659
56.9602
57.1662
57.3721
57.5907
57.7868
58.018
58.2185
58.4211
58.6631
58.8565
59.0574
59.2506
59.4559
59.6836
59.8888
60.1186
60.3594
60.558
60.7587
60.9529
61.1918
61.3939
61.5911
61.8302
62.0261
62.2569
62.4624
62.6886
62.8903
63.1297
63.3518
63.5682
63.8009
64.035
64.2345
64.4785
64.6856
64.9218
65.146
65.3411
65.5651
65.7683
65.978
66.2002
66.4212
66.6556
66.8561
67.084
67.2889
67.5213
67.7558
67.9611
68.1917
68.3972
68.6259
68.8203
69.0613
69.2629
69.4934
69.6953
69.8997
70.0955
70.3251
70.5288
70.7643
70.962
71.1652
71.3955
71.6051
71.8342
72.0242
72.261
72.4586
72.6631
72.8865
73.0915
73.2992
73.5274
73.7688
73.9628
74.2047
74.4001
74.6385
74.8437
75.0392
75.2745
75.4912
75.6967
75.9271
76.1692
76.3689
76.5691
76.8127
77.0411
77.249
77.4818
77.7157
77.9128
78.1437
78.3514
78.5567
78.7866
78.9898
79.2226
79.4202
79.627
79.8222
80.0458
80.2447
80.4537
80.6738
80.872
81.0732
81.3035
81.521
81.748
81.9563
82.1881
82.3946
82.5819
82.791
82.9869
83.2174
83.4573
83.6832
83.8837
84.1034
84.324
84.5613
84.7547
84.961
85.1856
85.4158
85.612
85.8154
86.052
86.2493
86.4483
86.6536
86.8875
87.0832
87.2812
87.5223
87.7544
87.9579
88.1591
88.3852
88.5863
88.8169
89.0241
89.2551
89.4548
89.6853
89.9415
90.1295
90.3272
90.5353
90.7659
90.9636
91.1979
91.4274
91.6298
91.8273
92.057
92.299
92.4938
92.6946
92.8906
93.1259
93.3616
93.5641
93.793
93.9906
94.2204
94.4494
94.6863
94.9141
95.1187
95.3247
95.5606
95.7974
95.9981
96.1979
96.428
96.6642
96.8792
97.1117
97.346
97.5763
97.8031
97.9945
98.1925
98.426
98.6608
98.8584
99.0578
99.2903
99.524
99.7213
99.9552
100.191
100.389
100.584
100.785
101.016
101.218
101.457
101.687
101.925
102.151
102.357
102.588
102.787
102.989
103.223
103.461
103.658
103.861
104.102
104.303
104.539
104.779
105.004
105.205
105.434
105.635
105.836
106.039
106.22
106.449
106.656
106.855
107.063
107.294
107.515
107.743
107.921
108.152
108.368
108.567
108.799
109.031
109.24
109.479
109.712
109.911
110.111
110.336
110.57
110.768
110.968
111.213
111.44
111.67
111.869
112.104
112.313
112.51
112.708
112.942
113.14
113.377
113.609
113.815
114.043
114.246
114.486
114.682
114.911
115.145
115.35
115.549
115.75
115.976
116.184
116.401
116.611
116.848
117.074
117.282
117.511
117.74
117.974
118.208
118.442
118.671
118.877
119.102
119.313
119.548
119.78
120.014
120.211
120.409
120.646
120.848
121.054
121.286
121.512
121.712
121.942
122.144
122.378
122.578
122.819
123.052
123.251
123.448
123.673
123.905
124.108
124.349
124.579
124.777
125.01
125.212
125.446
125.658
125.891
126.118
126.353
126.59
126.823
127.039
127.242
127.449
127.681
127.885
128.136
128.359
128.599
128.797
129.011
129.237
129.441
129.669
129.865
130.068
130.299
130.496
130.701
130.939
131.166
131.399
131.629
131.832
132.058
132.259
132.484
132.686
132.93
133.13
133.358
133.585
133.792
134
134.237
134.442
134.678
134.87
135.082
135.285
135.484
135.692
135.916
136.121
136.351
136.559
136.795
136.99
137.193
137.415
137.662
137.888
138.088
138.325
138.55
138.781
139.017
139.252
139.485
139.679
139.913
140.144
140.344
140.553
140.783
141.012
141.214
141.449
141.65
141.854
142.084
142.282
142.517
142.723
142.924
143.153
143.355
143.593
143.803
144.023
144.226
144.458
144.657
144.875
145.08
145.282
145.509
145.711
145.953
146.159
146.39
146.598
146.836
147.039
147.278
147.509
147.71
147.903
148.114
148.342
148.569
148.8
149.01
149.231
149.425
149.666
149.895
150.094
150.289
150.496
150.732
150.967
151.196
151.432
151.666
151.894
152.098
152.303
152.531
152.735
152.975
153.175
153.411
153.639
153.844
154.072
154.284
154.503
154.706
154.957
155.174
155.408
155.607
155.811
156.039
156.248
156.473
156.687
156.891
157.125
157.327
157.534
157.753
157.987
158.212
158.41
158.619
158.846
159.048
159.289
159.53
159.757
159.985
160.168
160.372
160.608
160.814
161.039
161.244
161.473
161.713
161.933
162.136
162.338
162.565
162.772
163.007
163.217
163.454
163.66
163.887
164.097
164.327
164.535
164.767
164.965
165.208
165.433
165.633
165.863
166.07
166.3
166.496
166.712
166.955
167.19
167.414
167.62
167.862
168.095
168.316
168.52
168.725
168.953
169.159
169.356
169.591
169.83
170.061
170.296
170.495
170.696
170.925
171.164
171.395
171.624
171.857
172.051
172.252
172.485
172.714
172.919
173.161
173.39
173.618
173.827
174.035
174.263
174.477
174.706
174.906
175.132
175.345
175.573
175.801
176.015
176.241
176.44
176.651
176.871
177.078
177.307
177.542
177.779
177.981
178.183
178.414
178.618
178.828
179.061
179.275
179.475
179.73
179.929
180.146
180.367
180.571
180.808
181.034
181.259
181.465
181.702
181.898
182.103
182.339
182.547
182.77
182.974
183.204
183.437
183.637
183.843
184.044
184.241
184.449
184.684
184.879
185.083
185.284
185.517
185.718
185.917
186.128
186.327
186.559
186.79
186.991
187.191
187.396
187.634
187.87
188.073
188.277
188.502
188.697
188.93
189.161
189.364
189.591
189.795
189.996
190.228
190.428
190.629
190.827
191.058
191.254
191.495
191.729
191.957
192.16
192.393
192.621
192.826
193.057
193.292
193.525
193.758
193.954
194.195
194.433
194.663
194.866
195.104
195.315
195.543
195.764
195.963
196.173
196.367
196.598
196.834
197.066
197.264
197.497
197.696
197.898
198.107
198.311
198.514
198.745
198.953
199.185
199.423
199.623
199.821
200.047
200.252
200.492
200.719
200.92
201.157
201.353
201.554
201.764
201.998
202.224
202.425
202.661
202.858
203.058
203.262
203.492
203.696
203.931
204.168
204.4
204.623
204.861
205.057
205.265
205.49
205.718
205.92
206.157
206.358
206.565
206.762
206.994
207.206
207.411
207.644
207.874
208.08
208.291
208.519
208.723
208.953
