0.000000
0.000000
0.000000
41.646000
41.750000
41.993000
42.033001
42.055000
43.116001
48.167999
50.830002
51.769001
63.355000
73.782997
77.422997
82.573997
88.027000
117.154999
132.438004
148.065994
149.005997
150.473007
156.328003
164.520004
171.334000
180.959000
191.153000
204.725006
223.919998
232.235992
236.565002
241.537994
246.106003
250.449005
256.230011
263.829987
266.308014
268.734985
269.589996
269.609985
269.617004
270.010986
270.010986
270.050995
270.117004
270.126007
270.131989
270.131989
270.131989
270.131989
270.131989
273.054993
274.585999
275.390991
276.213013
276.350006
276.351013
279.561005
279.610992
279.612000
279.612000
279.614990
279.628998
279.959991
280.897003
281.605011
281.709991
281.709991
281.721008
281.727997
286.856995
286.858002
286.860992
287.242004
290.524994
294.148010
300.330994
304.313995
304.343994
304.343994
304.343994
307.989014
316.662994
323.671997
333.270996
340.303986
346.845001
351.774994
360.993988
365.309998
368.278992
372.626007
375.042999
377.276001
381.865997
382.566986
382.597992
382.658997
383.898987
384.208008
386.337006
388.734985
390.128998
391.800995
393.613007
396.795013
400.716003
404.423004
407.760010
416.407990
424.097992
431.899994
435.764008
437.825012
442.372009
446.954010
450.990997
454.884003
458.080994
461.203003
465.742004
467.934998
470.442993
472.489990
474.001007
480.709991
489.179993
506.434998
516.906982
522.533997
523.617981
523.757019
523.935974
523.995972
535.788025
541.596008
548.210022
555.469971
558.551025
561.862976
565.229004
566.931030
568.570984
570.911011
572.596985
582.575989
599.888977
603.513000
603.846008
608.781982
621.806030
634.237976
639.375000
641.091980
641.643982
643.961975
650.942993
655.421997
661.835999
662.585022
662.734985
668.900024
671.645996
672.539978
674.007019
679.049011
686.924011
687.268005
687.538025
687.780029
687.989014
688.026978
689.929016
690.267029
690.268005
690.278015
690.419983
691.224976
691.468994
693.604004
693.924011
693.984985
694.007019
696.648987
701.533997
705.481995
705.507019
705.594971
706.973999
718.752991
720.338989
721.302002
724.349976
726.357971
727.633972
728.723022
731.427002
734.460999
736.568970
738.505981
741.021973
742.406006
744.520020
747.293030
753.731018
756.075989
758.164001
760.232971
761.338013
766.791992
777.474976
780.721985
784.133972
789.572998
795.153992
801.015015
804.523010
804.793030
807.648010
810.557007
812.497986
814.223999
814.859985
818.336975
821.059021
824.135986
828.416016
830.223022
831.583984
832.846008
834.013000
839.903992
851.181030
861.528015
864.091003
865.000977
866.390015
867.958984
870.226990
873.007019
876.531006
891.255005
894.366028
894.403992
894.648987
894.651001
900.984985
908.447021
912.468994
917.088013
922.323975
932.247986
951.434998
960.007996
969.318970
974.963013
984.150024
990.151001
994.815002
997.864990
998.181030
998.208984
1004.096008
1004.528992
1006.583984
1023.135986
1031.269043
1032.187012
1032.807007
1034.656006
1038.787964
1044.357056
1047.157959
1050.550049
1053.672974
1061.234985
1066.625000
1071.605957
1074.475952
1075.576050
1075.663940
1075.666992
1075.670044
1075.670044
1075.670044
1075.702026
1075.702026
1075.702026
1075.702026
1075.702026
1075.702026
1076.363037
1076.947998
1077.209961
1077.618042
1079.633057
1080.621948
1081.037964
1082.416992
1087.489014
1095.844971
1097.185059
1099.206055
1111.953003
1113.560059
1114.590942
1120.675049
1121.560059
1122.274048
1122.724976
1122.793945
1123.272949
1131.665039
1132.874023
1132.918945
1132.927979
1132.964966
1132.972046
1133.866943
1137.427979
1137.508057
1137.521973
1137.522949
1137.663940
1137.937012
1137.944946
1137.946045
1137.946045
1137.946045
1138.098999
1142.453979
1144.437988
1145.863037
1146.975952
1149.724976
1152.857056
1155.933960
1159.516968
1162.504028
1163.411011
1164.260010
1165.288940
1166.890015
1168.407959
1170.265991
1173.081055
1175.412964
1176.744019
1176.810059
1177.037964
1178.453003
1179.831055
1180.237061
1180.276978
1180.307983
1181.156006
1181.274048
1182.014038
1182.380005
1182.526978
1182.566040
1182.593994
1182.737061
1182.790039
1182.801025
1182.802979
1182.802979
1182.803955
1182.803955
1182.805054
1182.814941
1182.817993
1182.818970
1182.818970
1182.818970
1182.818970
1182.818970
1182.824951
1183.208008
1183.855957
1184.199951
1184.204956
1184.206055
1184.208984
1184.838989
1185.655029
1186.340942
1186.748047
1187.048950
1187.092041
1187.109985
1187.110962
1187.114990
1187.114990
1187.114990
1187.114990
1187.114990
1187.114990
1187.114990
1187.114990
1187.114990
1187.114990
1187.114990
1187.114990
1187.114990
1187.114990
1187.114990
1187.114990
1187.114990
1187.114990
1187.114990
1187.114990
1187.114990
1187.114990
1187.114990
