1.85388
1.8541
2.3796
2.90976
3.39371
3.8814
4.38478
4.88486
5.38515
5.88515
6.38437
6.88492
7.38455
7.90187
8.38509
8.8863
9.38894
9.88899
10.3885
10.8882
11.3892
11.8893
12.4019
12.8887
13.3894
13.8922
14.3928
14.8919
15.3928
15.893
16.3927
16.8929
17.4004
17.8934
18.3932
18.9137
19.396
19.8962
20.396
20.8971
21.3966
21.8962
22.3969
22.8983
23.4013
23.9004
24.4008
24.901
25.4006
25.9012
26.4008
26.9093
27.4006
27.9047
28.4046
28.9089
29.4049
29.9047
30.4049
30.9049
31.4053
31.9046
32.4079
32.9174
33.4086
33.9096
34.4228
34.9094
35.409
35.9088
36.4101
36.9132
37.4132
37.9128
38.4132
38.9127
39.4129
39.9575
40.413
40.9122
41.4126
41.9586
42.4168
42.917
43.4543
43.9173
44.4164
44.917
45.4179
45.9169
46.4176
46.9211
47.4207
47.9202
48.4208
48.9206
49.4204
49.921
50.4216
50.921
51.4213
51.9246
52.425
52.9242
53.4247
53.9245
54.4251
54.9247
55.4243
55.9245
56.4249
56.928
57.4291
57.929
58.4284
58.9292
59.4288
59.9292
60.4294
60.9283
61.4312
61.9331
62.4327
62.9325
63.4325
63.9327
64.4324
64.9331
65.4324
65.9334
66.4331
66.935
67.4371
67.9366
68.4369
68.9416
69.4379
69.9396
70.437
70.9369
71.4368
71.9384
72.441
72.9408
73.4406
73.9409
74.441
74.941
75.442
75.9411
76.4414
76.9415
77.4433
77.945
78.4446
78.9444
79.4454
79.9444
80.4541
80.9448
81.445
81.9565
82.4453
82.9483
83.4575
83.9492
84.4487
84.9612
85.4494
85.9489
86.4584
86.9491
87.4491
87.9581
88.4525
88.9526
89.455
89.9524
90.4529
90.9637
91.4525
91.9524
92.4528
92.9542
93.4572
93.9566
94.4564
94.9568
95.4572
95.9571
96.4572
96.9566
97.4574
97.9584
98.4605
98.9605
99.4611
99.9603
100.461
100.961
101.461
101.961
102.461
102.961
103.461
103.964
104.465
104.965
105.464
105.965
106.465
106.965
107.465
107.965
108.465
108.965
109.479
109.966
110.468
110.969
111.468
111.969
112.468
112.968
113.469
113.969
114.487
114.972
115.473
115.976
116.472
116.973
117.473
117.974
118.475
118.972
119.477
119.977
120.477
120.977
121.477
121.977
122.477
122.977
123.477
123.976
124.476
124.977
125.479
125.981
126.48
126.981
127.481
127.981
128.48
129.011
129.481
129.981
130.497
130.985
131.484
131.985
132.485
132.985
133.484
134
134.485
134.986
135.489
135.989
136.489
136.997
137.488
137.989
138.488
139.017
139.489
139.989
140.489
141.012
141.493
141.993
142.517
142.992
143.493
143.993
144.493
144.993
145.493
145.993
146.493
146.997
147.509
147.997
148.497
149.011
149.497
149.996
150.497
150.997
151.501
151.998
152.501
153.001
153.501
154.001
154.503
155.001
155.501
156.001
156.501
157.001
157.534
158.005
158.505
159.004
159.53
160.006
160.508
161.009
161.508
162.008
162.509
163.009
163.509
164.009
164.535
165.009
165.509
166.008
166.518
167.009
167.509
168.012
168.52
169.012
169.513
170.013
170.513
171.013
171.513
172.013
172.513
173.013
173.516
174.035
174.516
175.016
175.517
176.017
176.517
177.017
177.542
178.017
178.52
179.061
179.521
180.021
180.521
181.034
181.521
182.021
182.548
183.021
183.522
184.044
184.524
185.025
185.525
186.025
186.525
187.025
187.525
188.025
188.525
189.025
189.525
190.025
190.525
191.029
191.529
192.029
192.529
193.029
193.529
194.029
194.536
195.035
195.543
196.033
196.533
197.046
197.532
198.039
198.54
199.032
199.533
200.047
200.545
201.033
201.536
202.048
202.537
203.038
203.538
204.037
204.544
205.037
205.537
206.04
206.541
207.04
207.54
208.042
208.545
