0.00524794
0.00637302
0.0139547
0.00086958
0.00331256
0.00180035
0.00312779
0.000862715
0.00104494
0.00157221
0.00123423
0.00119987
0.000980016
0.00301884
0.00132506
0.000999556
0.0020601
0.00119054
0.00160499
0.00121849
0.00168269
0.00043301
0.00121338
0.000426592
0.00296174
0.00323885
0.00932483
0.000313383
0.00240352
0.00152231
0.0100948
0.00351889
0.00266314
0.00129286
0.00123619
0.00292297
0.00274302
0.00145274
0.0009536
0.0027436
0.00551272
0.00195577
0.0018301
0.00173893
0.000839159
0.0012237
0.00187799
0.0013804
0.00125944
