0.00365074
0.00106594
0.0133667
0.00103374
0.0035731
0.00131611
0.0281642
0.0053114
0.00389401
0.00561335
0.00389106
0.00146667
0.0176456
0.0146924
0.00189257
0.00212857
0.0192094
0.00193817
0.00875664
0.0018076
0.00304112
0.0108512
0.00432509
0.00158108
0.00341797
0.00489718
0.00149971
0.00153174
0.000559182
0.00945941
0.0102132
0.00969455
0.00241297
0.00512436
0.0118374
0.00408754
0.00297781
0.00127742
0.00988356
0.0119687
0.0101451
0.00676377
0.0101522
0.00302601
0.00143284
0.00669206
0.00506057
0.00289144
0.0121366
0.0022488
0.00746988
0.0116292
0.00172567
0.0156299
0.00652871
0.00528697
0.00155441
0.00246532
0.00116365
0.00148142
0.00696985
0.00945848
0.00746586
0.00655345
