7.92294
10.1404
10.3129
11.8363
12.8986
14.6408
16.0034
17.304
19.1192
19.3527
19.7869
20.2437
21.5646
22.4538
22.897
23.7648
24.6187
24.8852
26.5362
27.4491
29.1703
30.8542
32.5148
34.2444
35.9902
37.6724
39.1964
40.9358
41.1633
41.376
43.0729
44.1414
44.6055
45.7966
47.4427
49.1316
50.8368
52.5516
54.3762
56.0753
57.8937
59.5741
61.309
63.0577
64.7367
65.6651
67.3925
69.122
70.8832
71.9408
72.1704
72.8066
74.553
74.7822
75.4332
75.7839
75.8802
76.9771
78.6353
79.2881
79.8545
81.6441
83.3431
85.0978
