0.202239
0.202308
0.202370
0.202427
0.202482
0.202553
0.202615
0.202673
0.202737
0.202808
0.202863
0.235664
0.354813
0.528596
0.689717
0.803651
0.907803
0.982802
1.000868
1.137215
1.524428
1.845013
2.063861
2.188462
2.270399
2.326400
2.383668
2.448576
2.562649
2.695652
2.866331
2.995467
3.100082
3.146675
3.211126
3.324581
3.462792
3.639299
3.797045
3.941762
4.142116
4.350487
4.519571
4.698379
4.862508
4.984881
5.098886
5.235820
5.410520
5.535059
5.636281
5.739430
5.825698
5.877038
5.913907
5.946720
6.004574
6.074485
6.163025
6.290220
6.435293
6.592853
6.756326
6.888775
7.013920
7.167066
7.347869
7.557133
7.776076
8.000433
8.226093
8.408925
8.609395
8.799286
8.984300
9.134672
9.299716
9.450443
9.570049
9.726497
9.949340
10.171177
10.408050
10.614506
10.775513
10.941662
11.137431
11.373911
11.610438
11.834868
12.022057
12.239852
12.435007
12.675974
12.921947
13.135807
13.346718
13.552207
13.783491
13.976374
14.198782
14.389802
14.611295
14.785723
14.934576
15.089888
15.279094
15.476642
15.695073
15.957438
16.180227
16.391219
16.581090
16.762890
16.891100
17.008058
17.124890
17.281095
17.470126
17.660277
17.896281
18.130549
18.309186
18.481611
18.610132
18.684435
18.723262
18.752206
18.810320
18.919385
19.045317
19.219626
19.374867
19.511528
19.637647
19.734433
19.840826
19.966302
20.115498
20.272814
20.451880
20.592845
20.673417
20.735505
20.810103
20.905271
21.010986
21.139709
21.317949
21.486779
21.666776
21.882843
22.074452
22.273136
22.508358
22.733733
22.890218
23.000154
23.083147
23.179081
23.268538
23.391859
23.524923
23.715903
23.903685
24.109088
24.356421
24.599073
24.836953
25.036546
25.237264
25.470633
25.703104
25.902344
26.133194
26.350702
26.524316
26.701805
26.833027
26.946828
27.045815
27.159814
27.260192
27.395421
27.583538
27.776275
27.941220
28.113075
28.331067
28.524963
28.721552
28.950753
29.183027
29.386719
29.625706
29.853299
30.077293
30.307402
30.540381
30.777576
30.981396
31.178625
31.354845
31.517544
31.613827
31.682614
31.760032
31.849929
31.968815
32.115272
32.315224
32.510668
32.723036
32.986850
33.249738
33.472330
33.721536
33.920097
34.088187
34.216213
34.318959
34.396345
34.476771
34.583944
34.745433
34.911976
35.095689
35.292352
35.538622
35.794046
36.021633
36.288628
36.557458
36.814363
37.027910
37.266481
37.466316
37.698627
37.926132
38.121931
38.345819
38.514079
38.628445
38.688771
38.771985
38.895567
39.088702
39.313059
39.560479
39.816878
40.080749
40.312080
40.588339
40.861573
41.132425
41.401062
41.656292
41.868529
42.074198
42.275638
42.507102
42.706875
42.907472
43.108113
43.341547
43.535870
43.764024
43.999105
44.242127
44.449234
44.658249
44.906209
45.126055
45.350256
45.576540
45.839178
46.106380
46.369868
46.596373
46.820178
47.074232
47.288103
47.535200
47.740549
47.950348
48.149037
48.346152
48.543499
48.774013
49.009172
49.207330
49.404731
49.634627
49.833868
50.063957
50.295368
50.521043
50.746783
50.977838
51.207141
51.406523
51.639898
51.842379
52.045339
52.284904
52.487544
52.722002
52.955722
53.156120
53.355760
53.590491
53.788629
54.017969
54.215745
54.446641
54.648151
54.888231
55.124050
55.325016
55.522217
55.745942
55.970227
56.157794
56.331975
56.498676
56.710339
56.912793
57.150221
57.383208
57.577025
57.772021
58.000536
58.227697
58.419411
58.640220
58.829972
58.950906
59.041696
59.101864
59.166188
59.244714
59.315594
59.383941
59.458387
59.559383
59.679517
59.840168
59.996256
60.203615
60.435891
60.649838
60.907376
61.120619
61.328387
61.563597
61.752870
61.949121
62.135264
62.287174
62.394696
62.466188
62.574395
62.724857
62.878662
63.040432
63.185027
63.348460
63.530897
63.769479
63.992693
64.266418
64.540762
64.773042
65.003684
65.277176
65.550628
65.773805
65.943466
66.124397
66.352864
66.510132
66.698821
66.991390
67.142282
67.208713
67.296171
67.368940
67.475439
67.531920
67.577383
67.598936
67.624798
67.643666
67.683802
67.724384
67.778410
67.834914
67.886079
67.924209
67.958028
67.970103
67.987036
67.999750
68.009799
68.027938
68.049606
68.062122
68.075068
68.090177
68.103770
