2.68608
2.91223
3.15312
3.34692
3.55372
3.79234
4.01944
4.22059
4.46067
4.69115
4.89176
5.09109
5.29869
5.53629
5.7665
5.9706
6.22487
6.4429
6.63223
6.83249
7.06934
7.27032
7.47531
7.67387
7.90469
8.10469
8.3153
8.53403
8.75204
8.95645
9.19294
9.37577
9.6248
9.8172
10.0471
10.2882
10.4787
10.7046
10.9287
11.1378
11.3616
11.6005
11.8153
12.0359
12.2807
12.4841
12.6916
12.8858
13.1221
13.3232
13.5334
13.7664
13.9977
14.1952
14.4216
14.6294
14.8558
15.0582
15.2584
15.502
15.7356
15.9651
16.2018
16.3929
16.6007
16.8248
17.0522
17.2894
17.527
17.7578
17.9889
18.1954
18.4279
18.6543
18.8914
19.1046
19.3354
19.557
19.762
20.0013
20.2331
20.4341
20.6655
20.9044
21.1294
21.3404
21.537
21.7645
21.9999
22.2273
22.4284
22.6594
22.8626
23.0998
23.331
23.5291
23.7235
23.921
24.1467
24.364
24.5873
24.7816
25.0188
25.2226
25.4184
25.6546
25.8846
26.0843
26.2847
26.5142
26.7113
26.9142
27.1114
27.3437
27.5448
27.7442
27.9415
28.1822
28.4154
28.6183
28.8439
29.0765
29.2828
29.5156
29.747
29.9477
30.1555
30.3847
30.59
30.8209
31.0232
31.2533
31.4549
31.6649
31.887
32.096
32.2949
32.4981
32.7013
32.9034
33.1348
33.3725
33.5704
33.7752
33.9965
34.2319
34.431
34.6294
34.8692
35.0683
35.2703
35.5119
35.7154
35.9148
36.139
36.3767
36.5792
36.773
36.9836
37.2115
37.4084
37.6351
37.8435
38.0758
38.2754
38.4799
38.7082
38.9324
39.1833
39.3844
39.5866
39.8154
40.0479
40.251
40.4846
40.7197
40.9209
41.153
41.3553
41.5543
41.7565
41.9888
42.1872
42.3954
42.6186
42.855
43.0506
43.2626
43.4912
43.6891
43.8965
44.1191
44.3461
44.5515
44.7891
45.0191
45.2555
45.4881
45.7198
45.9494
46.1553
46.3476
46.5515
46.7882
46.991
47.1891
47.4187
47.6177
47.8152
48.0199
48.2504
48.455
48.6454
48.8804
49.1125
49.3118
49.5528
49.7484
49.9508
50.1566
50.3934
50.6151
50.819
51.0235
51.2488
51.4534
51.6448
51.8378
52.0754
52.323
52.5335
52.7635
52.9994
53.2244
53.434
53.659
53.8769
54.1004
54.3359
54.5352
54.7513
54.9495
55.1703
55.3664
55.6056
55.7959
56.0337
56.256
56.4841
56.7113
56.9471
57.1511
57.388
57.6197
57.8658
58.0919
58.3165
58.5254
58.7255
58.9268
59.1515
59.3563
59.5546
59.7497
59.9877
60.1836
60.4128
60.6458
60.8813
61.0809
61.2785
61.5077
61.7087
61.9089
62.1172
62.3435
62.5831
62.84
63.0378
63.2351
63.4764
63.6699
63.9068
64.1125
64.315
64.5253
64.7229
64.9227
65.153
65.3871
65.5878
65.7925
66.0165
66.2176
66.4456
66.6808
66.9177
67.1437
67.3775
67.6074
67.8162
68.0427
68.2405
68.4463
68.6732
68.877
69.1049
69.3421
69.5512
69.7458
69.9783
70.1827
70.4101
70.6166
70.8577
71.0565
71.287
71.5152
71.7244
71.9271
72.1528
72.3809
72.5824
72.7808
72.9893
73.2175
73.4222
73.6488
73.8885
74.092
74.2955
74.5335
74.7571
74.9567
75.181
75.4157
75.6282
75.8622
76.0919
76.301
76.4922
76.694
76.9232
77.1282
77.3328
77.5277
77.7658
77.9674
78.1925
78.4199
78.6218
78.8558
79.0515
79.2556
79.4847
79.6843
79.9167
80.1483
80.354
80.5498
80.7869
80.9862
81.1839
81.3873
81.6193
81.8201
82.0156
82.2217
82.4599
82.665
82.8947
83.1155
83.3259
83.5179
83.7507
83.978
84.1942
84.425
84.6642
84.8756
85.078
85.2756
85.5072
85.7093
85.95
86.1769
86.4081
86.6195
86.852
87.0873
87.2842
87.5153
87.7188
87.9512
88.1519
88.3523
88.5783
88.8151
89.0198
89.2515
89.4883
89.6837
89.8887
90.1275
90.3596
90.5535
90.785
91.0096
91.2252
91.4522
