0.000000
0.000000
0.000000
41.557999
41.749001
41.978001
42.019001
42.035000
43.176998
48.643002
50.622002
53.145000
65.476997
74.391998
77.880997
85.702003
89.560997
93.382004
94.514000
95.536003
96.752998
105.483002
120.209999
138.712997
147.149994
151.143005
151.343002
153.929001
158.552994
166.259003
175.427994
178.912994
183.529999
187.927994
191.927002
207.960007
221.240005
234.781006
244.789001
251.632996
255.612000
262.403015
269.860992
278.703003
287.035004
290.333008
293.127014
295.053009
296.807007
299.954987
300.838989
300.842987
304.578003
304.955994
305.341003
309.165009
313.548004
316.329010
317.359009
317.364014
317.367004
317.372009
317.390015
318.393005
321.428986
321.441010
321.441986
321.444000
321.447998
321.450012
321.480988
322.675995
322.795013
322.795990
322.799011
322.800995
338.803986
339.485992
342.023987
350.998993
355.621002
357.109985
359.566986
362.845001
366.147003
372.407990
375.609009
379.044006
382.118988
384.997009
388.235992
389.743988
391.138000
391.990997
392.562012
393.024994
393.739990
393.768005
393.768005
393.768005
393.768005
393.832001
393.858002
398.058014
403.304993
406.272003
410.681000
422.454987
434.523987
434.709991
434.845001
434.846008
434.846985
434.863007
434.863007
434.863007
434.863007
434.863007
434.863007
434.863007
434.863007
434.863007
434.915009
434.985992
435.066986
435.098999
435.112000
435.252991
435.286987
435.286987
435.286987
435.286987
435.286987
435.286987
435.286987
435.286987
435.286987
435.286987
435.286987
439.351990
443.395996
448.157990
451.938995
455.566986
461.196014
467.066010
469.273010
476.497986
480.890015
484.699005
488.290009
488.537994
489.429993
490.423004
490.493011
490.493011
491.217987
492.404999
492.524994
492.645996
492.687012
492.877991
492.967987
493.070007
493.071991
493.110992
493.117004
493.265015
493.265015
493.265015
493.265015
493.265015
493.265015
493.265015
493.268005
493.268005
493.268005
493.268005
493.268005
493.268005
493.269012
