1.84176
1.84188
2.36755
2.90012
3.36758
3.87196
4.36671
4.86724
5.36721
5.87162
6.37033
6.87079
7.37101
7.90473
8.37074
8.87105
9.37619
9.87091
10.3731
10.8746
11.3747
11.8755
12.3753
12.8859
13.3751
13.8748
14.3755
14.8757
15.3788
15.8786
16.3931
16.8793
17.3791
17.8786
18.3786
18.8915
19.379
19.8796
20.3825
20.9046
21.3833
21.8825
22.3827
22.8831
23.383
23.8827
24.383
24.8852
25.3868
25.8875
26.3867
26.8874
27.389
27.8875
28.3866
28.8868
29.3877
29.8884
30.391
30.8907
31.3914
31.891
32.391
32.9039
33.3913
33.8911
34.3904
34.8937
35.3949
35.9178
36.3944
36.8947
37.4086
37.8951
38.3948
38.895
39.395
39.895
40.3986
40.9209
41.3993
41.899
42.3993
42.8994
43.3987
43.899
44.3993
44.8995
45.4027
45.9033
46.4027
46.9027
47.4189
47.9032
48.4029
48.9033
49.4028
49.9064
50.4073
50.9106
51.4104
51.911
52.4113
52.911
53.434
53.9106
54.4112
54.9115
55.4114
55.9115
56.4109
56.9104
57.4112
57.9109
58.4127
58.9269
59.4145
59.9145
60.4143
60.9152
61.4148
61.9151
62.4156
62.9151
63.4149
63.9188
64.4197
64.923
65.4194
65.9191
66.4191
66.9191
67.4187
67.9192
68.4189
68.9283
69.4226
69.9225
70.423
70.9233
71.4225
71.9275
72.423
72.9231
73.4226
73.9231
74.4276
74.9569
75.4332
75.9272
76.4267
76.9271
77.4263
77.9276
78.4266
78.9271
79.4312
79.9309
80.4308
80.9311
81.4314
81.9311
82.4306
82.9306
83.4309
83.9316
84.4354
84.9346
85.4354
85.9352
86.4351
86.9347
87.4348
87.9348
88.4353
88.9358
89.4389
89.9385
90.4393
90.9387
91.4394
