0.00831127
0.00814412
0.00604396
0.00081668
0.00421141
0.0181034
0.000646688
0.00139872
0.00538652
0.00141873
0.0012896
0.00216052
0.000822381
0.00181361
0.00088341
0.00117688
0.00210416
0.00116817
0.00507084
0.000510401
0.022448
0.00053619
0.000736144
0.00296717
0.00474336
0.0141968
0.000435029
0.0020375
0.00148275
0.00153724
0.00178265
0.000852671
0.00193502
0.000418604
0.00131819
0.00140938
0.00100535
0.000672852
0.00137567
0.00225428
0.00171714
0.000703287
0.00209045
0.0014633
0.00159447
0.00121114
0.000704147
