0.00405407
0.00101209
0.0156762
0.00242104
0.00065872
0.0158738
0.0118347
0.000946974
0.0166532
0.00708842
0.0110391
0.0235703
0.0244149
0.0077052
0.00396834
0.00316794
0.00267411
0.00128618
0.00427593
0.00220575
0.00515672
0.00465083
0.00100507
0.00527036
0.00268487
0.00441114
0.00466009
0.00145656
0.00723673
0.00727651
0.00128323
0.000921949
0.00282783
0.0017406
0.000627016
0.00886487
0.0110633
0.0142428
0.00368573
0.0119909
0.0131231
0.00319715
0.00153959
0.0124103
0.00628428
0.0261535
0.0107745
0.013014
0.00502651
0.000513178
0.0047142
0.00168212
0.00561704
0.00571252
0.00342549
0.00576713
0.00920124
0.0055278
0.0083514
