2.73582
2.95764
3.16263
3.35965
3.56521
3.76802
3.9966
4.20467
4.40354
4.63777
4.86896
5.07662
5.30053
5.52061
5.74977
5.95177
6.15678
6.38321
6.60658
6.80572
7.05383
7.2892
7.52234
7.75197
7.98535
8.18725
8.3951
8.60006
8.79151
9.03063
9.25002
9.49092
9.7243
9.92789
10.1573
10.3709
10.5733
10.7951
11.0034
11.2419
11.4544
11.6803
11.917
12.13
12.3227
12.5296
12.7646
13.0085
13.2161
13.4451
13.6465
13.8611
14.0525
14.2821
14.5285
14.7351
14.9732
15.1655
15.392
15.6298
15.8683
16.0698
16.2972
16.5193
16.7238
16.966
17.1923
17.3957
17.6024
17.802
17.9986
18.2368
18.4394
18.67
18.8658
19.0742
19.2996
19.4991
19.7286
19.9315
20.1683
20.403
20.6305
20.8282
21.054
21.2674
21.4974
21.7306
21.93
22.1427
22.3763
22.5677
22.7689
22.9966
23.2363
23.4411
23.6611
23.8637
24.103
24.2945
24.5281
24.7332
24.9578
25.1638
25.3982
25.6252
25.8595
26.0523
26.259
26.4956
26.6999
26.9375
27.1618
27.4073
27.6401
27.8343
28.0411
28.2646
28.5056
28.6948
28.9336
29.1664
29.3636
29.561
29.7729
30.0101
30.2058
30.4133
30.6408
30.84
31.0442
31.2381
31.4743
31.7104
31.9427
32.1457
32.3682
32.5805
32.8046
33.0065
33.2148
33.4088
33.6474
33.8723
34.1112
34.3378
34.5681
34.7743
34.9827
35.178
35.3813
35.5964
35.8209
36.0296
36.222
36.4218
36.651
36.8495
37.082
37.3164
37.5141
37.7596
37.9557
38.1801
38.4146
38.6142
38.8149
39.0439
39.2462
39.4485
39.6468
39.8733
40.0832
40.2827
40.5249
40.7209
40.9502
41.153
41.3903
41.585
41.7917
41.9884
42.2369
42.4609
42.6729
42.8898
43.0898
43.2998
43.5299
43.7558
43.9509
44.1538
44.3757
44.6054
44.8041
45.0391
45.268
45.4763
45.7103
45.9387
46.1429
46.3474
46.5756
46.7711
46.9818
47.2244
47.4277
47.6534
47.8526
48.0842
48.3218
48.5195
48.7129
48.9144
49.1492
49.3508
49.5846
49.7884
49.9909
50.1924
50.3899
50.6177
50.8567
51.0499
51.2583
51.4645
51.6875
51.9238
52.122
52.3528
52.5866
52.8229
53.0488
53.2774
53.4832
53.7177
53.9511
54.1491
54.372
54.5712
54.8194
55.0091
55.2492
55.4988
55.7031
55.9366
56.1736
56.4037
56.6096
56.807
57.0038
57.2406
57.4471
57.644
57.8565
58.077
58.2729
58.4705
58.701
58.9064
59.1037
59.3407
59.5396
59.74
59.9463
60.1709
60.3728
60.5739
60.801
61.04
61.2407
61.4719
61.6721
61.9003
62.1029
62.3032
62.542
62.7371
62.9403
63.1713
63.379
63.6272
63.8506
64.0776
64.2769
64.507
64.7075
64.9455
65.178
65.4029
65.641
65.8451
66.0709
66.2858
66.51
66.7164
66.919
67.1404
67.3726
67.6025
67.8001
68.046
68.25
68.4723
68.6807
68.9046
69.1516
69.3459
69.5771
69.8114
70.0423
70.2552
70.4793
70.6868
70.9144
71.1228
71.3516
71.5576
71.7509
71.9743
72.1814
72.4096
72.6016
72.8013
73.0041
73.2022
73.3996
73.6053
73.8065
74.0034
74.2351
74.4377
74.6684
74.8778
75.1007
75.3053
75.5063
75.706
75.9409
76.1436
76.3425
76.5723
76.7722
76.9789
77.1761
77.4091
77.6078
77.8075
78.0078
78.2543
78.463
78.6681
78.8952
79.0987
79.2985
79.5013
79.7256
79.9299
80.1294
80.3337
80.5593
80.7682
80.9716
81.2046
81.4078
81.6119
81.8426
82.0473
82.2781
82.4761
82.7147
82.9459
83.147
83.3798
83.6159
83.8464
84.0534
84.2754
84.4786
84.6811
84.9115
85.1132
85.3135
85.5145
85.7188
85.9205
86.148
86.3501
86.5837
86.7889
86.9897
87.2242
87.457
87.697
87.9203
88.1198
88.3225
88.5268
88.7505
88.9538
89.1889
89.3887
89.6229
89.8547
90.0671
90.2897
90.4898
90.7212
90.9241
91.1564
91.3919
91.5965
91.8227
92.025
92.2286
92.4284
92.6579
92.8649
93.0974
93.3293
93.5585
93.7933
93.9958
94.2281
94.4664
94.6957
94.8936
95.1003
95.2987
95.5241
95.7268
95.9577
96.195
96.3977
96.6287
96.8291
97.0584
97.2607
97.4609
97.6622
97.9028
98.1279
98.3288
98.5297
98.7283
98.9608
99.1618
99.3961
99.5975
99.8301
100.031
100.261
100.463
100.699
100.899
101.103
101.335
101.571
101.804
102.029
102.233
102.47
102.67
102.902
103.103
103.301
103.531
103.733
103.967
104.206
104.432
104.635
104.866
105.07
105.304
105.532
105.763
105.963
106.164
106.402
106.604
106.836
107.067
107.314
107.535
107.768
108.002
108.236
108.467
108.704
108.939
109.167
109.368
109.57
109.802
110.005
110.207
110.437
110.666
110.871
111.074
111.308
111.538
111.739
111.941
112.173
112.411
112.639
112.839
113.069
113.27
113.506
113.71
113.936
114.14
114.371
114.571
114.771
115.007
115.209
115.441
