1.08619
1.08639
2.30359
2.83226
3.30444
3.81149
4.30797
4.80818
5.30719
5.80845
6.30849
6.80808
7.3078
7.80851
8.31143
8.81143
9.31187
9.8121
10.312
10.8125
11.3139
11.816
12.3228
12.8163
13.3162
13.8159
14.3157
14.8153
15.316
15.8164
16.321
16.82
17.3191
17.8194
18.3196
18.8199
19.3194
19.8201
20.3197
20.8283
21.3196
21.8215
22.3235
22.8234
23.3237
23.8235
24.324
24.8236
25.3236
25.8235
26.3246
26.8274
27.3271
27.8346
28.3274
28.8276
29.3285
29.8278
30.3278
30.8404
31.3314
31.8312
32.3314
32.8321
33.3324
33.832
34.338
34.8324
35.3355
35.8354
36.3363
36.8497
37.3357
37.8363
38.3362
38.8356
39.3357
39.8362
40.3395
40.84
41.3397
41.84
42.3394
42.8398
43.3404
43.84
44.3399
44.8397
45.3434
45.8437
46.3476
46.8443
47.3434
47.8528
48.3436
48.8442
49.351
49.8474
50.3477
50.8569
51.3473
51.8484
52.353
52.8483
53.3477
53.8477
54.352
54.8515
55.3523
55.8522
56.3514
56.8522
57.3516
57.8569
58.3524
58.8519
59.3517
59.856
60.373
60.8562
61.3562
61.8554
62.3561
62.8602
63.3792
63.8602
64.3601
64.86
65.3594
65.8594
66.3601
66.8596
67.3728
67.8597
68.3641
68.8638
69.3641
69.864
70.3644
70.8643
71.3699
71.8636
72.3641
72.864
73.368
73.8675
74.3676
74.8782
75.3674
75.8675
76.3676
76.8679
77.368
77.8713
78.3719
78.872
79.3718
79.8719
80.3721
80.872
81.372
81.8749
82.3756
82.8759
83.3798
83.8762
84.3755
84.8761
85.3828
85.876
86.3755
86.879
87.3796
87.8793
88.3798
88.8802
89.3797
89.8797
90.3797
90.8799
91.3836
91.8839
92.384
92.8845
93.3838
93.8836
94.3834
94.8834
95.3835
95.8841
96.3873
96.888
97.3876
97.8878
98.3881
98.8877
99.3885
99.8879
100.387
100.888
101.391
101.892
102.392
102.892
103.392
103.891
104.392
104.892
105.392
105.892
106.392
106.896
107.395
107.896
108.396
108.896
109.396
109.896
110.396
110.9
111.4
111.9
112.399
112.9
113.399
113.899
114.4
114.9
115.4
