0.000000
0.000000
0.000000
41.646000
41.726002
41.757000
41.987999
42.028999
43.650002
48.839001
50.620998
53.966000
67.158997
73.653999
77.067001
86.666000
88.855003
93.246002
94.463997
97.221001
111.759003
127.810997
149.481995
156.035004
159.559006
159.929001
164.509995
175.233002
185.774994
191.669006
198.524002
202.692993
207.046005
219.649994
232.522003
247.567001
264.259003
270.083008
275.598999
286.980988
294.096008
301.294006
305.285004
307.821991
309.424988
311.451996
313.877991
314.433014
314.433014
318.665009
319.502014
319.795990
321.255005
327.037994
330.523010
332.019989
332.022003
332.035004
332.040009
332.048004
332.108002
332.316986
332.346008
332.346008
334.463013
343.635986
343.681000
343.765015
346.283997
363.174011
368.312012
373.234009
377.190002
380.929993
383.688995
384.131012
384.131989
384.131989
384.131989
384.994995
391.016998
400.459015
403.944000
407.700989
408.497009
408.782990
408.785004
408.794006
408.794006
408.794006
408.794006
410.242004
422.386993
424.597992
424.606995
424.621002
424.622986
424.625000
425.308014
425.584015
425.584015
425.584015
425.584015
425.584015
425.584015
425.584015
425.584015
425.613007
425.613007
425.720001
425.796997
425.803009
425.871002
425.941986
425.949005
425.955994
425.955994
425.955994
425.958008
425.959015
425.960999
425.960999
425.963013
425.967987
426.907990
433.162994
436.692993
440.506989
444.980011
448.802002
451.278015
454.312988
455.414001
455.846008
459.872986
465.395996
473.536011
477.446991
477.507996
477.528992
478.834015
480.605988
480.609009
480.609009
480.609009
482.721985
482.786987
482.852997
482.888000
482.894012
483.065002
483.277008
483.278015
483.281006
483.282013
483.282013
483.282013
483.282013
483.282013
483.282013
483.282013
483.282013
483.282013
483.282013
483.282013
483.282013
483.282013
483.282013
483.282013
483.282013
483.282013
483.282013
483.282013
483.282013
483.282013
483.282013
483.282013
483.282013
483.282013
483.282013
483.282013
483.282013
483.282013
483.282013
483.282013
483.282013
483.282013
483.282013
483.282013
483.282013
483.282013
483.282013
483.282013
483.282013
483.282013
483.282013
483.282013
483.282013
483.282013
483.282013
483.282013
483.282013
483.282013
483.282013
483.282013
483.282013
483.282013
483.282013
483.282013
483.282013
483.282013
483.282013
483.282013
483.282013
483.282013
483.282013
483.282013
483.282013
483.282013
483.282013
483.282013
483.282013
483.282013
483.282013
483.282013
483.282013
483.282013
483.282013
483.282013
