2.65327
2.88446
3.11925
3.32244
3.52737
3.75741
3.96182
4.15992
4.35706
4.59278
4.82579
5.0173
5.22085
5.43885
5.64567
5.8524
6.07586
6.26612
6.47616
6.69979
6.94218
7.14603
7.33974
7.57267
7.81566
8.00788
8.24085
8.47807
8.72404
8.91952
9.12569
9.33594
9.54938
9.75012
9.97368
10.171
10.3702
10.5648
10.7598
10.9925
11.1962
11.4377
11.6633
11.8748
12.1085
12.3555
12.5506
12.8088
13.0236
13.1962
13.4021
13.6014
13.853
14.0597
14.2802
14.4887
14.6841
14.9307
15.1561
15.387
15.5866
15.8213
16.0567
16.2625
16.4561
16.6916
16.9223
17.1225
17.3661
17.561
17.7645
18.0009
18.2447
18.4811
18.6976
18.8992
19.134
19.3654
19.5934
19.8204
20.0279
20.2316
20.4699
20.6977
20.9069
21.101
21.3036
21.5346
21.7324
21.9736
22.2025
22.4041
22.6293
22.8406
23.0313
23.2655
23.4729
23.6935
23.8931
24.094
24.2981
24.5287
24.7331
24.9293
25.1589
25.3679
25.5949
25.8276
26.0228
26.2605
26.4913
26.7245
26.9605
27.1632
27.3653
27.5893
27.7945
27.9897
28.1932
28.4261
28.6243
28.8288
29.0579
