0.202239
0.202303
0.202365
0.202427
0.202482
0.202548
0.202601
0.202659
0.202712
0.202785
0.202851
0.221951
0.329567
0.477256
0.623491
0.749624
0.865557
0.941730
0.988475
1.015521
1.325741
1.675079
1.947675
2.133666
2.229533
2.286860
2.351313
2.427452
2.546809
2.681806
2.827070
2.977087
3.068290
3.117569
3.178438
3.268706
3.386864
3.513820
3.631117
3.747905
3.831503
3.916680
3.994001
4.058223
4.140035
4.232386
4.320496
4.429883
4.544491
4.620129
4.661483
4.697885
4.777364
4.897628
5.032388
5.194021
5.379043
5.621217
5.871845
6.116768
6.308181
6.506146
6.697846
6.888712
7.076813
7.297834
7.520321
7.713842
7.943197
8.134842
8.320649
8.524564
8.711285
8.879954
9.052532
9.236549
9.493505
9.747441
9.947590
10.114745
10.259591
10.451122
10.717322
10.976814
11.180961
11.368515
11.555669
11.776746
11.975097
12.214762
12.454091
12.663621
12.897624
13.094900
13.289241
13.516976
13.712740
13.937111
14.115935
14.282839
14.455139
14.679200
14.890139
15.108009
15.364176
15.573624
15.801387
16.003386
16.150845
16.318389
16.509982
16.727298
16.954270
17.147705
17.341526
17.557251
17.719734
17.851678
17.956853
18.048056
18.143958
18.248070
18.381812
