0.000000
0.000000
0.000000
41.557999
41.747002
41.994999
42.043999
42.056999
43.096001
49.179001
50.764000
51.342999
67.563004
73.547997
76.753998
85.189003
88.912003
93.213997
95.123001
96.639000
108.566002
125.588997
148.716003
155.138000
159.354996
160.679993
163.106995
174.061005
188.766998
193.095001
198.087006
202.270996
209.225998
218.783997
232.960007
249.067001
265.428986
269.261993
274.105011
282.566986
292.342987
299.132996
304.613007
307.644012
309.851013
311.713013
314.264008
314.729004
316.768005
318.721008
318.821014
318.962006
324.317993
328.566010
330.855011
332.269989
