0.00373048
0.015275
0.000514462
0.0111998
0.00140298
0.00211991
0.00135507
0.000495497
0.0138679
0.000707886
0.000999118
0.000977852
0.000684346
0.000422757
0.0109949
0.00339881
0.00260967
0.00093107
0.00149555
0.000917983
0.00153753
0.00182512
0.00160519
0.001496
0.00162202
0.000894433
0.0143535
0.0140106
0.00411059
0.000777629
0.00118738
0.000804053
0.00164716
0.00134021
0.00144359
0.00151422
0.00242143
0.00162082
0.000814275
0.00166387
0.00060515
0.00264202
0.00522373
0.0102484
0.000791673
0.000967338
0.00970124
0.000856178
0.0177311
0.0018908
0.00266113
0.0013481
0.00208178
0.00399864
0.000507321
0.000991745
0.00847278
0.000330324
0.00136251
0.00112874
0.00129799
0.00145933
0.00123773
0.000435789
0.000956214
0.000560478
0.00324892
0.000587946
0.000975637
0.0103533
0.00140904
0.00140178
0.00436363
0.00189929
0.0030188
0.000575333
0.00129761
0.0019861
0.00148715
0.00445767
0.00976011
0.00112666
0.00138336
0.00150739
0.00323765
0.0027212
0.00128556
0.00306425
0.00133419
0.001686
0.0033139
0.00579223
0.00307149
0.000660648
0.00188568
0.000761994
0.00413889
0.00200584
0.000930886
0.00578655
0.000878518
0.000561606
0.000765597
0.0012741
0.000639738
0.000898558
0.00107463
0.000691327
0.00127537
0.00172711
0.0018755
0.00403937
0.000743229
0.00055708
0.00110981
0.000288376
0.00427302
0.00407744
0.000270164
0.00276445
0.00162361
0.000900664
0.000159084
0.000658318
0.00119721
0.00294719
0.00132818
0.00491975
0.00233781
0.00341524
0.00254863
0.00103463
0.00297937
0.00202894
0.00210079
0.00052745
0.000341333
0.001043
0.00078194
0.00206916
0.00906009
0.00177521
0.00467294
0.00472472
0.000950316
0.000579869
0.00607968
0.00296481
0.000711888
0.011706
0.00364461
0.00158489
0.00253343
0.000613683
0.000610522
0.000630231
0.00396658
0.000739799
0.00283743
0.00701011
0.000686784
0.0100347
0.00278069
0.00484266
0.000752882
0.000975302
0.00332204
0.00451804
0.00669842
0.0061933
0.00449151
0.00585103
0.00497392
0.00429257
0.00790202
0.00624559
0.00474714
0.00440549
0.00499968
0.00415045
0.00926142
0.00418398
0.00478978
0.00805257
0.00407155
0.00755353
0.00692216
0.00430879
0.00502955
0.00658667
0.00439364
0.00927998
0.00435237
0.00523749
0.00965782
0.00651938
0.00855917
0.00445493
0.00402809
0.00908923
0.00426564
0.00439716
0.00894783
0.00411651
0.00513843
0.0101138
0.0064781
0.00638873
0.00484611
0.00398969
0.00648676
0.00695943
0.00439906
0.00691805
0.00534893
0.00566561
0.00818687
0.0041281
0.00405065
0.00420659
0.00489348
0.00853773
0.004127
0.00408957
0.00872204
0.00465839
0.00584026
0.00917815
0.00415269
0.00488776
0.00728567
0.00722221
0.00438518
0.00734349
0.00672745
0.00461975
0.0101191
0.00419364
0.00519408
0.00416289
0.00415108
0.00723616
0.00828195
0.00448501
0.00927061
0.00431517
0.00428947
0.00885441
0.00414342
0.00413959
0.00443138
0.00432606
0.00748234
0.00471252
0.00473715
0.0121738
0.00582293
0.00418158
0.006065
0.00933342
0.00409869
0.00417617
0.00694492
0.0041698
0.00707036
0.00482852
0.00415307
0.0106837
0.00410319
0.00544288
0.00927514
0.00418335
0.00434744
0.00842145
0.00426915
0.00570125
0.00798995
0.0044094
0.00924846
0.00497325
0.00727639
0.00412165
0.00435907
0.00408638
0.00988293
0.00571714
0.00421603
0.00773406
0.00554288
0.00526166
0.00572465
0.004162
0.00502378
0.00953749
0.00619398
0.00781455
0.00880195
0.00418376
0.00706682
0.00462416
0.00431445
0.00405556
0.00452854
0.00423864
0.00585598
0.00471334
0.00415257
0.00803392
0.00414072
0.00420991
0.010248
0.00401151
0.00429366
0.00837061
0.00469081
0.0110644
0.00788697
0.00599555
0.00804089
0.0043566
0.0043014
0.00703714
0.00416895
0.00414365
0.00630817
0.00440636
0.00658
0.00748109
0.00422808
0.00585966
0.00892776
0.00428954
0.00825761
0.00411464
0.00408705
0.00465382
0.00963525
0.00507648
0.00650083
0.00649789
0.00482611
0.0101257
0.00611284
0.00427262
0.00477614
0.00653007
0.00428766
0.00815447
0.00651455
0.00425187
0.009971
0.0059458
0.00571348
0.00412065
0.00411511
0.00525238
0.00942187
0.00907399
0.00427797
0.00796094
0.00753776
0.00558657
0.00791731
0.0121258
0.00431322
0.00460521
0.00909001
0.00444008
0.00989997
0.00413524
0.00654608
0.0117965
0.00947144
0.00431129
0.0104941
0.00428896
0.00702249
0.00687011
0.00641981
0.00444143
0.00914241
0.00436839
0.00913584
0.00787008
0.00481105
0.00637703
0.00416972
0.00556731
0.00939301
0.00714333
0.00574391
0.00867801
0.0051413
0.00415373
0.00863528
0.00476143
0.00431496
0.00559159
0.00450694
0.0059764
0.00730853
0.00407101
0.00441246
0.0089836
0.00417194
0.00953054
0.00400554
0.00418096
0.0107794
0.00435099
0.00648823
0.00895989
0.0080089
0.00983704
0.00407234
0.00579783
0.00924984
0.00513459
0.00578476
0.0103185
0.00893577
0.00491374
0.0113084
0.00548665
0.0040846
0.00722718
0.00794091
0.00774415
0.00403567
0.00406786
0.0111628
0.00965197
0.00665472
0.00407417
0.00702264
0.00955853
0.00507006
0.00843263
0.0041123
0.00428817
0.00966985
0.00399558
0.00624463
0.0096959
0.0041507
0.00938974
0.00574522
0.00445277
0.010294
0.00411107
0.00416236
0.00759841
0.00816363
0.00551209
0.0102157
0.00457569
0.00672188
0.00686217
0.00529764
0.00636105
0.00419678
0.00575062
0.00765672
0.00658168
0.0118546
0.00429223
0.0040526
0.00878882
0.00469364
0.00407258
0.00441875
0.00904474
0.0041173
0.00741989
0.00828027
0.00457761
0.0114177
0.00633072
0.00463172
0.00758298
0.00411372
0.00412089
0.00815583
0.00439547
0.00527031
0.00884574
0.00419328
0.00682806
0.00631078
0.00694127
0.0041358
0.00405667
0.00441733
0.00950413
0.00420015
0.00440977
0.00848572
0.00479739
0.0057082
0.010913
0.00418462
0.00422473
0.00786174
0.00436598
0.00814509
0.00433677
0.00553806
0.0101006
0.00432917
0.00861919
0.00403414
0.00416012
0.0104904
0.00416242
0.00640382
0.0059961
