9.6203
10.4803
10.4973
17.724
17.7348
17.7548
17.7744
24.3609
24.802
24.8137
24.8298
24.8421
24.8622
26.1008
26.1275
28.5017
28.5208
28.5316
28.5519
28.5726
28.5933
28.6139
28.6332
28.6524
28.6723
28.6905
28.7249
28.7538
44.9125
44.9306
44.9506
45.113
45.1341
45.1536
45.1746
45.1947
45.5354
45.5544
45.5739
45.594
45.6135
45.6348
45.6575
47.4549
47.4652
47.4778
47.6859
47.6973
51.247
53.3791
53.3994
53.4183
53.4407
53.5842
56.4661
56.4789
56.6892
62.2607
62.2824
62.3018
62.3213
62.3419
62.3626
62.9049
62.9264
63.7728
68.6962
74.6051
75.2583
78.7067
78.7182
78.7297
78.7531
78.7702
78.7913
80.5076
80.5218
80.5431
80.5625
80.7414
80.769
80.7862
80.7984
82.2138
82.2356
82.2558
82.2747
82.2956
82.3145
82.3356
82.3564
83.0423
83.0593
83.7128
83.7349
83.7538
83.7769
83.795
83.8133
90.6984
90.7137
95.0941
95.1132
95.1338
95.1532
95.1735
95.1939
99.8257
102.688
104.422
104.443
106.829
106.846
106.865
106.878
108.571
108.587
108.607
109.241
112.719
112.738
112.758
116.529
116.549
120.154
120.175
120.195
120.218
120.236
120.256
120.275
120.293
120.315
120.335
122.591
122.609
122.63
122.65
122.797
123.239
123.473
128.447
133.041
133.481
133.497
135.174
135.199
135.215
135.853
137.164
137.184
138.917
140.583
140.593
140.606
140.621
146.049
146.065
150.78
150.804
150.977
151.006
151.019
159.222
179.949
181.678
181.692
196.005
196.028
196.055
196.078
196.099
196.119
196.137
196.161
196.179
196.197
196.226
196.242
196.261
196.286
196.301
196.322
196.345
196.361
196.385
196.404
196.429
196.446
196.467
196.485
196.51
196.525
196.546
196.57
196.587
196.61
196.634
196.649
196.674
196.689
196.709
196.734
196.749
196.77
196.795
196.811
196.831
196.857
196.872
196.895
196.916
196.933
196.956
196.974
196.994
197.017
197.033
197.06
197.077
197.097
197.122
197.137
197.157
197.182
197.198
197.218
197.243
197.272
197.293
197.316
197.336
197.353
197.377
197.396
197.413
197.439
197.453
197.475
197.499
197.513
197.537
197.558
197.575
197.6
197.615
197.635
197.659
197.675
197.7
197.715
197.736
197.76
197.776
197.796
197.824
197.85
197.868
197.889
197.913
197.939
197.953
197.975
197.993
198.015
198.034
198.052
198.079
198.092
198.114
198.138
198.164
198.181
198.206
198.221
198.243
198.264
198.281
198.306
198.322
198.345
198.369
198.385
198.405
198.431
198.447
198.465
198.488
198.506
198.526
198.546
198.581
198.598
198.623
198.639
198.661
198.681
198.697
198.72
198.737
198.757
198.79
198.805
198.825
198.847
198.865
198.884
198.909
198.925
198.944
198.971
198.993
199.009
199.033
199.049
199.075
199.093
199.111
199.133
199.149
199.169
199.191
199.225
199.241
199.263
199.28
199.303
199.324
199.341
199.362
199.386
199.401
199.425
199.455
199.469
199.489
199.515
199.53
199.551
199.571
199.589
199.616
199.642
199.664
199.681
199.703
199.721
199.744
199.763
199.781
199.807
199.822
199.842
199.871
199.889
199.91
199.934
199.957
199.982
200.004
200.025
200.043
200.064
200.089
200.114
200.129
200.153
200.168
200.195
200.209
200.232
200.256
200.282
200.297
200.323
200.345
200.364
200.384
200.403
200.421
200.446
200.461
200.486
200.504
200.521
200.543
200.572
200.59
200.614
200.632
200.653
200.674
200.69
200.709
200.734
200.75
200.776
200.794
200.814
200.835
200.856
200.873
200.893
200.918
200.933
200.958
200.978
200.992
201.019
201.033
201.056
201.078
201.096
201.118
201.133
201.155
201.178
201.208
201.227
201.251
201.27
201.286
201.312
201.334
201.353
201.376
201.397
201.417
201.438
201.454
201.481
201.512
201.528
201.546
201.569
201.592
201.608
201.631
201.651
201.668
201.693
201.707
201.73
201.753
201.769
201.793
201.811
201.83
201.855
201.879
201.897
201.92
201.941
201.958
201.983
201.997
202.02
202.039
202.058
202.08
202.12
202.139
202.161
202.18
202.204
202.225
202.245
202.27
202.285
202.322
202.337
202.362
202.377
202.401
202.421
202.437
202.465
202.487
202.505
202.529
202.548
202.564
202.588
202.606
202.626
202.65
202.665
202.687
202.707
202.728
202.753
202.769
202.79
202.814
202.829
202.849
202.873
202.89
202.91
202.936
202.958
202.972
202.996
203.012
203.035
203.053
203.074
203.098
203.113
203.137
203.157
203.173
203.2
203.213
203.235
203.255
