0.00310779
0.00647266
0.00390348
0.00285745
0.000733814
0.000990181
0.0122867
0.0147972
0.00815209
0.0180354
0.00460627
0.0190882
0.0127984
0.00270215
0.000874686
0.000781924
0.00175918
0.00294365
0.000937014
0.0102971
0.0127141
0.00794035
0.0130672
0.0177996
0.00684411
0.00216584
0.00443349
0.0104859
0.00303805
0.00400536
0.0060323
0.00152099
0.00292074
0.00801985
0.0184955
0.000952156
0.0156412
0.00272498
0.00165563
0.000860935
0.00226075
0.0130202
0.00119906
0.000990738
0.00119613
0.00172309
0.0191095
0.00302504
0.00413532
0.0107034
0.00344002
0.00129863
0.00636173
0.00421077
0.00741807
0.0272316
0.00617662
0.00264638
0.00276755
0.00227847
0.00861427
0.00320682
0.00286013
0.00364635
0.0033897
0.00244396
0.003928
0.00419677
0.00358954
0.00535037
0.00562033
0.00977941
0.00223597
0.00251805
0.00776276
0.00148606
0.00498593
0.00541446
0.00358955
0.00109259
0.00256302
0.000995057
0.00138648
0.00213303
0.00316814
0.00399515
0.00308765
0.00214234
0.00126702
0.00502077
0.00411893
0.00473337
0.00974671
0.00409152
0.00862658
0.0104386
0.00294397
0.00237278
0.00461409
0.000998638
0.00247715
0.0043287
0.000961546
0.00848514
0.00222021
0.00503084
0.00316471
0.00188135
0.00742195
0.00326221
0.00270926
0.00180667
0.000555342
0.00124227
0.00195371
0.00591914
0.00269586
0.000997754
0.00171332
0.00558583
0.00609376
0.00143149
0.00555142
0.00336226
0.00114855
0.000800863
0.00222278
0.00295551
0.00409686
0.0102095
0.00915073
0.00719239
0.00106204
0.0111652
0.0105429
0.00988092
0.00990582
0.00724212
0.011899
0.00767897
0.00687415
0.010402
0.00740809
0.0107622
0.00295211
0.00459209
0.00436681
0.00435721
0.00883018
0.00359187
0.0050429
0.00137659
0.0161851
0.0108777
0.000909815
0.00112092
0.00100758
0.00535374
0.0079172
