7.91332
10.1471
10.5211
12.2043
13.1555
14.8414
15.2934
16.604
17.2572
17.4993
17.7974
19.5278
21.2942
21.7788
23.4769
24.3821
24.8831
26.1438
27.8297
28.2798
28.7842
30.4806
32.2053
33.9031
35.5754
40.6431
42.2693
44.0357
44.9719
45.2167
45.6787
47.4987
47.7198
48.3802
50.1235
51.2576
52.9607
53.459
53.602
55.3773
56.4997
56.7135
58.3817
58.8298
59.0345
59.8582
61.6154
62.3835
62.9501
63.8029
63.972
65.735
67.3896
68.7168
70.4724
72.228
73.9708
74.6194
75.2794
76.7233
78.4536
78.8117
80.5838
80.8202
82.4026
83.0791
83.8366
84.5847
86.32
86.9865
87.8982
89.6024
90.4628
90.7353
91.3402
93.0106
94.6622
95.2186
97.0317
98.7252
99.8474
101.606
102.701
104.462
105.74
106.896
108.627
109.263
110.558
112.282
112.781
114.626
115.463
116.573
118.27
119.964
120.366
120.839
121.701
122.67
122.811
123.261
123.488
125.21
125.871
127.577
128.468
130.21
131.956
133.06
133.512
135.234
135.873
137.195
138.937
140.379
140.636
141.27
143.042
144.779
145.838
146.086
146.746
148.012
148.222
149.912
150.819
151.04
152.761
154.451
154.91
155.364
157.058
157.5
159.247
160.962
162.695
164.452
166.192
167.9
169.664
171.411
173.049
174.811
176.547
178.281
179.974
181.713
183.39
185.085
186.825
188.542
188.997
189.483
191.23
192.967
193.398
193.862
195.569
