0.000000
0.000000
0.000000
41.646000
41.747002
41.993999
42.035000
42.056999
43.173000
48.085999
50.820000
51.669998
68.178001
73.579002
76.758003
85.189003
88.925003
93.005997
94.082001
95.362999
95.634003
96.824997
116.666000
133.106003
142.442001
152.067993
153.352005
154.975006
166.751999
189.828995
202.080002
215.550995
227.195007
231.684998
231.716995
231.888000
232.235001
232.582001
237.457001
244.320999
248.880005
254.962006
256.769989
257.201996
257.212006
258.018005
266.806000
272.553986
277.290009
284.273987
285.169006
285.221008
285.278992
285.278992
285.421997
286.342010
286.407013
286.464996
286.511993
286.804993
286.804993
286.807007
286.808014
286.808990
286.946991
287.009003
287.010986
287.023010
287.244995
287.302002
288.078003
297.981995
298.942993
299.049988
299.049988
299.126007
299.151001
299.256989
299.595001
301.247986
307.420990
307.464996
307.498993
308.035004
308.171997
308.394012
308.394989
317.747009
320.713013
322.153015
323.394012
323.406006
325.601013
336.792999
340.605988
343.528015
345.368988
347.561005
349.536987
351.431000
354.362000
355.282013
355.916992
358.076996
360.570007
362.884003
362.960999
362.968994
362.970001
362.970001
366.045013
376.166992
376.670990
382.778015
393.826996
407.014008
411.399994
413.062012
415.393005
419.851990
423.901001
427.971008
432.556000
435.617004
438.778992
443.459015
446.079987
449.091003
451.507996
453.447998
453.485992
453.584015
453.588989
453.615997
456.882996
464.678986
470.785004
493.717987
500.502991
505.951996
511.045990
523.026001
525.427979
527.114990
527.182983
528.622009
534.658020
543.315979
554.312012
559.823975
565.181030
570.320007
573.718018
577.859985
584.208008
589.515015
595.648987
603.703979
614.203979
620.742004
622.559998
624.072021
630.106995
633.697021
636.809998
641.702026
644.390991
647.461975
653.666992
657.432983
661.114014
666.559998
672.492981
681.698975
691.369019
704.953979
713.431030
724.237976
742.481995
754.637024
763.570007
765.299011
765.450989
765.551025
765.564026
765.564026
765.564026
770.398010
779.091003
780.219971
780.351013
780.395996
780.463989
780.463989
780.463989
780.463989
780.476990
780.914001
782.546997
782.552979
782.552979
782.552979
783.395020
791.379028
791.601990
791.640991
794.536987
796.666016
807.596008
827.830017
829.658997
832.125000
836.046021
842.374023
847.330017
857.448975
861.770996
865.739990
871.247009
879.796997
881.541016
882.200989
883.518005
885.651978
885.757996
885.765015
885.781982
886.070007
886.151001
886.151978
890.260986
896.117981
897.494019
897.494019
897.581970
897.614014
897.794983
904.142029
915.739014
916.741028
918.284973
928.294006
930.973022
945.499023
955.963013
956.025024
956.083008
956.103027
956.530029
962.523010
968.356995
968.515991
968.679016
968.729980
968.729980
968.745972
971.362976
974.283020
974.283020
974.283020
974.283020
974.283020
975.330017
976.267029
977.905029
977.905029
977.905029
977.905029
977.905029
984.015015
988.614990
990.867981
994.687012
997.507019
998.530029
999.731018
1009.072998
1022.028015
1025.853027
1033.732056
1046.654053
1047.452026
1047.939941
1049.428955
1051.166992
1053.946045
1058.729004
1060.873047
1062.010986
1063.012939
1071.168945
1079.917969
1086.678955
1092.474976
1094.066040
1094.254028
1094.291992
1094.395020
1094.437988
1094.437988
1095.444946
1095.792969
1095.792969
1095.792969
1095.792969
1095.792969
1096.535034
1103.510986
1111.386963
1113.339966
1113.362061
1113.506958
1114.369995
1114.984985
1115.141968
1115.144043
1115.144043
1115.145020
1115.177979
1115.345947
1115.345947
1115.392944
1115.392944
1115.725952
1115.733032
1115.734009
1116.762939
1116.801025
1116.807007
1116.807007
1116.807983
1116.807983
1116.823975
1116.823975
1117.073975
1117.073975
1117.073975
1117.073975
1117.177002
1117.339966
1117.352051
1117.442017
1117.590942
1117.595947
1117.595947
1118.149048
1118.189941
1118.458984
1118.779053
1118.832031
1118.984009
1118.984985
1118.984985
1118.984985
1118.987061
1119.015015
1119.015015
1119.015015
1119.015015
1119.034058
1119.034058
1119.034058
1123.262939
1123.437012
1125.677002
1127.927002
1128.411987
1128.489990
1128.962036
1129.738037
1129.738037
1129.738037
1129.738037
1129.739990
1133.762939
1138.703979
1144.509033
1144.598999
1144.599976
1144.619019
1144.801025
1145.859985
1148.762939
1151.135986
1154.223022
1160.366943
1165.010010
1169.892944
1176.892944
1179.484985
1180.272949
1180.411011
1180.422974
1180.425049
1180.425049
1180.425049
1180.425049
1180.425049
1180.425049
1180.426025
1180.426025
1180.426025
1180.426025
1180.426025
