0.000566274
0.00531962
0.00172335
0.00242038
0.00187267
0.000446693
0.000709075
0.00066158
0.00155619
0.000973554
0.00784523
0.0300582
0.000713294
0.00172528
0.00123057
0.00105961
0.00291686
0.00366647
0.00183063
0.00267111
0.00144188
0.0134489
0.0010136
0.0121936
0.00163356
0.00150103
0.00715275
0.000486096
0.00234391
0.00107501
0.00743595
0.00221133
0.00228672
0.00200159
0.000693462
0.000426045
0.000935685
0.00535343
0.0172929
0.000659069
0.000986809
0.000633392
0.0161877
0.00654774
0.000971
0.00163607
0.000655911
0.00126515
0.0151552
0.000428519
0.000798189
0.00147235
0.00145411
0.0161261
0.0101938
0.0181913
0.00086172
0.0278311
0.0367566
0.000602083
0.0193317
0.0105165
0.00500469
0.0093948
0.0199683
0.0107995
0.00848623
0.000229092
0.0267982
0.000427097
0.000280102
0.000659095
0.00157874
0.00106902
0.0156136
0.000491317
0.00150945
0.000752903
0.000946547
0.00929032
0.000760608
0.000666885
0.00129762
0.000544185
0.00967528
0.000622102
0.000528262
0.00123831
0.00215862
0.00658301
0.000800662
0.0168535
0.00717249
0.00351568
0.00924797
0.0138762
0.0130975
0.0169255
0.0111595
0.00191398
0.00602972
0.005844
0.00602768
0.00271912
0.000724004
0.000929411
0.00313747
0.000441915
0.000659101
0.00264181
0.00035585
0.000819842
0.000870109
0.00111628
0.00207282
0.000736412
0.00792888
0.00293616
0.00206736
0.00864549
0.000606116
0.000936096
0.00703372
0.00837546
0.00309999
0.000646961
0.000722468
0.00105728
0.0104089
0.0006346
0.000856327
0.00107335
0.00408906
0.000794009
0.0131369
0.00104742
0.00073415
0.012695
0.000560229
0.000602682
0.0007967
0.00213191
0.00239908
0.00106973
0.00182298
0.00828914
0.00558686
0.000974799
0.00096316
0.00121802
0.00235196
0.00136776
0.00210914
0.00102319
0.000710978
0.0009472
0.000667307
0.000399101
0.000433623
0.00481211
0.00253949
0.00116427
0.00926986
0.00380321
0.00183458
0.000897075
0.0012358
0.00256064
0.000556467
0.0025118
0.00359946
0.000970399
0.000974879
0.00483636
0.00094155
0.00137641
0.000963702
0.00439147
0.0010995
0.00238211
0.00211685
0.00138375
0.00101519
0.00170727
0.00114057
0.00184174
0.0014663
0.00459936
0.00447325
0.00389715
0.00284628
0.00322939
0.00265827
0.0027015
0.00525035
0.00547346
0.0077771
0.00437693
0.00283378
0.000495336
0.00087748
0.0013328
0.000732451
0.00107764
0.00087604
0.000820236
0.00072165
0.00091611
0.00535748
0.00162517
0.000908137
0.000827779
0.00334911
0.00826793
0.00333011
0.0119982
0.0125786
0.000896582
0.00117221
0.00114694
0.00157304
0.000858809
0.000762567
0.000684405
0.000821954
0.00112162
0.000836657
0.0209716
0.00107097
0.0009175
0.0175719
0.000931555
0.000983039
0.00145848
0.00108283
0.000909382
0.00142053
0.000761941
0.00117042
0.000999714
0.00106987
0.000754899
0.000878195
0.000786479
0.00128959
0.000905045
0.00111923
0.000692165
0.000730962
0.00141638
0.0031298
0.000227755
0.000387331
0.00041867
0.00186941
0.000581736
0.00184704
0.000915037
0.000929227
0.000864333
0.000790626
0.000837554
0.000946452
0.0220026
0.0206052
0.0222298
0.0207081
0.0204966
0.0200578
0.0201739
0.0203204
0.0205635
0.0208877
0.0236443
0.0206975
0.0204194
0.0203919
0.0202083
0.0205265
0.0232917
0.0247238
0.0205073
0.0202296
0.0205169
0.0226063
0.0208344
0.0206876
0.0204714
0.0253002
0.0205467
0.0211735
0.0339314
0.0279292
0.0223183
0.0203109
0.0206788
0.0243404
0.0215663
0.0207365
0.0207037
0.0203465
0.020825
0.0216761
0.0207378
0.0204219
0.0217326
0.0203594
0.0204191
0.0216283
0.0241944
0.0211547
0.0206083
0.0205125
0.0206364
0.020648
0.0207766
0.0259057
0.0209452
0.0202751
0.0212592
0.020526
0.0209898
0.0206233
0.0205229
0.0205447
0.0206185
0.0206057
0.0239563
0.0204011
0.0204784
0.0203886
0.0244091
0.0220952
0.020609
0.0204109
0.0202615
0.02298
0.0203324
0.0220907
0.0206739
0.0216145
0.0221796
0.0222273
0.0205085
0.0252596
0.0207608
0.0246953
0.0205405
0.0205557
0.0204589
0.0205489
0.0212135
0.0217959
0.0205424
0.0206626
0.0205805
0.0210918
0.0201954
0.0250117
0.0205118
0.0203908
0.0204416
0.02057
0.020355
0.0203891
0.0204152
0.0202388
0.0200996
0.0202968
0.0203812
0.0208093
0.0203788
0.0202211
0.0204203
0.0203233
0.0203874
0.0201787
0.0201766
0.0206099
0.0209335
0.0214043
0.0207234
0.0204188
0.020352
0.0206905
0.0204908
0.0211488
0.0213899
0.0241836
0.0233751
0.0205999
0.0208295
0.0207674
0.0207569
0.0203169
0.020454
0.0209867
0.02054
0.0203577
0.0202664
0.0202786
0.0206138
0.0202931
0.0203727
0.020642
0.0204578
0.0205966
0.0286149
0.0251204
0.0201349
0.0203922
0.0204079
0.0205335
0.020715
0.0204967
0.0203473
0.0203554
0.0201821
0.0216734
0.0218139
0.0205608
0.0204299
0.0206458
0.0205911
0.0206724
0.0207685
0.0211014
0.0211934
0.0212748
0.0204409
0.0226757
0.0220239
0.021222
0.0204399
0.0200775
0.0202815
0.0203922
0.0199822
0.0200179
0.0202622
0.0200787
0.0203678
0.0204374
0.0204137
0.0203383
0.0203184
0.0208996
0.0204052
0.0229288
0.0229935
0.0211471
0.0205019
0.0205523
0.0204348
0.0202524
0.0215238
0.0205471
0.0206785
0.0202439
0.0203632
0.0203641
0.0202857
0.0213787
0.020415
0.020306
0.0213084
0.0205693
0.0204252
0.0203631
0.020217
0.0202824
0.0203432
0.0204931
0.0204518
0.0203028
0.0205895
0.0207709
0.020472
0.0202486
0.0242933
0.0208329
0.0207946
0.0204275
0.0212578
0.021051
0.0231444
0.0209699
0.0205862
0.020923
0.0257301
0.0215901
0.0209294
0.0206452
0.0204708
0.0217329
0.0218884
0.0208518
0.0206404
0.0275218
0.020611
0.0205397
0.0203832
0.0205454
0.0205447
0.0205743
0.0205021
0.023346
0.0207924
0.0204775
0.0205137
0.0205718
0.0202832
0.0201599
0.0202544
0.0210498
0.0230294
0.0205076
0.0207959
0.0203472
0.0202272
0.0205704
0.0206353
0.0204154
0.0219984
0.0203759
0.0221951
0.0199426
0.0205252
0.0203689
0.0203705
0.0204069
0.020422
0.0207236
0.0207678
0.0233184
0.0206447
0.0218474
0.0237555
0.0203176
0.0204063
0.0205325
0.0205568
0.024166
0.0235142
0.0203033
0.0203988
0.020854
0.0232625
0.0232399
0.020286
0.0203087
0.0205889
0.0208137
0.0203307
0.0202589
0.0226636
0.0204283
0.0207945
0.0204988
0.0222917
0.0210219
0.0207166
0.0206416
0.0209906
0.0206176
0.0206054
0.0205999
0.0204905
0.0225703
0.020387
0.0205929
0.0213884
0.0205546
0.0236366
0.020938
0.0203695
0.0234924
0.0207558
0.0204504
0.0205394
0.0207425
0.020593
0.020748
0.0216189
0.0233216
0.0204489
0.0206638
0.0202338
0.0202523
0.0205097
0.0204582
0.0210569
0.0207809
0.0214701
0.0205441
0.0203084
0.020191
0.0202193
0.0202278
0.0206323
0.0201209
0.0202971
0.0201426
0.0202385
0.0202012
0.0201522
0.020241
0.0249666
0.0202997
0.0202261
0.0203794
0.0205478
0.0206574
0.0203004
0.020259
0.0239259
0.0205257
0.0231796
0.0208084
0.0202838
0.0203164
0.0202192
0.0208847
0.0202019
0.0206781
0.0207894
0.0203778
0.0202602
0.0216576
0.0205049
0.0235946
0.0223018
0.0205887
0.020287
0.0202892
0.0202635
0.0201731
0.0201483
0.0204217
0.0201977
0.0237243
0.0211546
0.0203501
0.0205766
0.020436
0.0257933
0.0205561
0.0202698
0.0201545
0.0219843
0.0229681
0.0205743
0.0204347
0.0222122
0.0215519
0.0210998
0.0216588
0.0214716
0.0204229
0.0209182
0.020154
0.0202502
0.0208104
0.0206681
0.0246116
0.0269769
0.0204533
0.0252173
0.0203848
0.0203102
0.0225064
0.0206909
0.0206616
0.0251928
0.0205302
0.020445
0.0201969
0.0204334
0.0215881
0.0246647
0.0208123
0.0249289
0.0212088
0.0215587
0.0202367
0.0236057
0.0207826
0.0202781
0.0204638
0.0205123
0.0205302
0.0204214
0.0205908
0.0205388
0.0201006
0.0203995
0.0201206
0.0201474
0.0203566
0.0206435
0.0207938
0.0204952
0.0202773
0.0226255
0.0227685
0.0208243
0.0213141
0.0294718
0.0232613
0.0203666
0.0201119
0.0201614
0.0207706
0.0199959
0.019882
0.0200886
0.0202164
0.0203821
0.0204012
0.0203238
0.020476
0.0203359
0.0203341
0.0205162
0.0201292
0.0209245
0.0218532
0.023179
0.0213586
0.0215891
0.0207092
0.0232342
0.021386
0.0203144
0.0210829
0.0206128
0.0201932
0.0204443
0.0226694
0.0228531
0.0216507
0.020867
0.0202633
0.0202682
0.0204775
0.0206262
0.0204604
0.0214484
0.0205465
0.0219135
0.0215931
0.0229313
0.020421
0.0208612
0.0207056
0.0202826
0.0203109
0.0203799
0.020599
0.0202357
0.0204973
0.020841
0.0207875
0.0204626
0.0208692
0.0243369
0.0233349
0.024968
0.0208592
0.0204552
0.0205028
0.0205396
0.0210395
0.0224627
0.0204857
0.0217514
0.0215266
0.0211455
0.0209556
0.0221795
0.0207749
0.0207634
0.0209171
0.02336
0.0212398
0.020954
0.0238833
0.0206974
0.0221416
0.0221987
0.0201931
0.0203139
0.0204548
0.023389
0.0205594
0.0204515
0.0208071
0.0204613
0.020858
0.0218449
0.0205862
0.0205031
0.0206392
0.0204895
0.0206134
0.021536
0.0205417
0.0207899
0.0231953
0.0237661
0.0209075
0.0245552
0.0232277
0.0205708
0.0206756
0.0227394
0.0207616
0.0205467
0.0207433
0.020553
0.0204142
0.0203611
0.0301736
0.0204352
0.0203433
0.0205981
0.0207578
0.022148
0.0225165
0.0227748
0.0208036
0.0205206
0.0204897
0.020365
0.0205325
0.0209346
0.0204006
0.0203708
0.0203401
0.0207516
0.0204185
0.0205425
0.0208198
0.0205962
0.020245
0.0206663
0.0229943
0.020566
0.0206165
0.0204504
0.0225988
0.0238167
0.0243408
0.0205186
0.0231447
0.0203677
0.0204944
0.0204864
0.0230447
0.0217669
0.0205667
0.0200839
0.0206625
0.0202598
0.0203117
0.0202179
0.0203458
0.0243113
0.0205907
0.0207228
0.0221517
0.0218139
0.0208224
0.0232911
0.0222231
0.0204439
0.0209444
0.0205049
0.0207057
0.0225668
0.0215014
0.0207368
0.0202993
0.0202852
0.0205546
0.020821
0.0232661
0.0216155
0.0204775
0.022427
0.022241
0.0217645
0.0203917
0.0205182
0.0208138
0.0216662
0.025038
0.0220244
0.0207305
0.0205942
0.0269084
0.0235705
0.0213496
0.0224498
0.0244252
0.0206691
0.0202498
0.020863
0.0204195
0.0203995
0.0238656
0.0220355
0.0208898
0.0269725
0.0209963
0.0207572
0.0208744
0.0203461
0.020792
0.0294117
0.0233869
0.0208327
0.0204233
0.0242295
0.0263444
0.0240854
0.0206877
0.0225109
0.0209744
0.0270135
0.0252365
0.0208595
0.0202245
0.0203182
0.0205244
0.0205432
0.0205078
0.0205696
0.0211006
0.0203762
0.020538
0.0205198
0.0204429
0.0204112
0.0202741
0.0205925
0.0203615
0.0209763
0.020518
0.0202458
0.0202526
0.0206403
0.021397
0.0208059
0.0204327
0.0204673
0.0205276
0.0206463
0.0209402
0.0210998
0.0209144
0.0203206
0.0205939
0.026815
0.0204381
0.0205212
0.0202475
0.0207746
0.0204366
0.0204577
0.0203745
0.0202357
0.0203037
0.0204149
0.0206366
0.0205609
0.0202843
0.0204533
0.020783
0.0205665
0.0271288
0.0203541
0.0206603
0.0202654
0.0201362
0.020321
0.0204101
0.0205659
0.0205441
0.0206741
0.0204236
0.0205717
0.0238318
0.0207982
0.0228692
0.0202755
0.0221114
0.0203657
0.020388
0.0201544
0.020091
0.0202985
0.020286
0.0207083
0.0205974
0.0205976
0.0208944
0.0203373
0.0203353
0.0204226
0.0205558
0.020591
0.0206677
0.0203979
0.0204432
0.0203099
0.0204527
0.0203342
0.0204268
0.0202351
0.0203012
0.0208639
0.0204646
0.0202573
0.0220403
0.0246323
0.0204761
0.0210977
0.0202928
0.0202858
0.0203196
0.023413
0.0276267
0.0205863
0.020191
0.0203203
0.0203361
0.0200679
0.0201945
0.0203889
0.0204021
0.0202135
0.0216483
0.0202757
0.0201061
0.0201541
0.0204929
0.020229
0.0200094
0.0203269
0.0202944
0.0202611
0.0202921
0.0204207
0.0203567
0.0204759
0.0204451
0.0203804
0.0206853
0.0205093
0.0205272
0.0248555
0.0207083
0.0212569
0.0206804
0.0206797
0.0217159
0.0240968
0.0205167
0.0205985
0.0205688
0.0206173
0.0204855
0.0205573
0.0205331
0.0205484
0.0216182
0.0204935
0.0208517
0.0238709
0.02402
0.022444
0.0209655
0.023225
0.0205338
0.0216791
0.0204692
0.020347
0.0202384
0.0202732
0.0200302
0.020544
0.0204767
0.0233308
0.0211913
0.0205291
0.0204193
0.0202455
0.0205269
0.0204247
0.0204145
0.0204574
0.0207493
0.0206952
0.0209106
0.020664
0.0204845
0.0206274
0.0206568
0.0205922
0.0204303
0.0203947
0.0204712
0.0208658
0.0202539
0.0201666
0.0201292
0.0220496
0.0202531
0.021744
0.0235491
0.0205645
0.0203795
0.0204672
0.0204228
0.0203535
0.0202982
0.0205681
0.0202464
0.0208123
0.0200789
0.0202362
0.0210382
0.0216567
0.0225895
0.0224842
0.0225271
0.0209124
0.0205635
0.0206151
0.020435
0.026497
0.0209031
0.0230508
0.0225459
0.0203976
0.0203875
0.0204382
0.0203487
0.0203244
0.0203267
0.0214464
0.0211985
0.0202099
0.020273
0.0204228
0.0209454
0.0223824
0.0238652
0.0237596
0.0206929
0.0252479
0.0285207
0.0206316
0.0201319
0.025011
0.0207496
0.0238327
0.0216397
0.0230958
0.0209585
0.0204813
0.0204577
0.0204998
0.023571
0.0210339
0.0245873
0.0228176
0.0234067
0.0203255
0.0206648
0.0207025
0.0226152
0.0215886
0.0215674
0.0232845
0.02418
0.0242005
0.0233898
0.0208248
0.0208107
0.0202331
0.0207003
0.0203696
0.0201501
0.021648
0.0204504
0.0203001
0.0203722
0.0202793
0.0203862
0.0202815
0.020546
0.0207969
0.0220378
0.0206626
0.0203701
0.0207586
0.0202556
0.02044
0.0203074
0.0203169
0.0205662
0.025175
0.0207088
0.0204807
0.0204059
0.0203163
0.020559
0.0207321
0.0222937
0.0204683
0.021616
0.0288322
0.0204939
0.0201676
0.0201845
0.0201709
0.0226811
0.0203975
0.0200908
0.0206111
0.0201465
0.020133
0.0202968
0.0203671
0.0204677
0.0252274
0.0205815
0.0205295
0.0203079
0.0203697
0.0204042
0.0202709
0.0204081
0.0200164
0.0200791
0.0202397
0.0201795
0.0203871
0.0203015
0.0202677
0.0204024
0.0203751
0.0207197
0.0205449
0.0204966
0.0202806
0.0204241
0.0203493
0.0263708
0.0204777
0.0204467
0.021575
0.0218473
0.0219244
0.0206381
0.0208116
0.0205998
0.020523
0.0203735
0.0203064
0.0204085
0.0201025
0.020129
0.0204635
0.0204607
0.0206723
0.0214684
0.0235014
0.020471
0.0204659
0.0204649
0.0261568
0.0217996
0.0221233
0.0208951
0.0223807
0.0238761
0.0206896
0.0203356
0.0208045
0.0206046
0.0206981
0.0211083
0.0209164
0.022316
0.0274403
0.0204823
0.0212896
0.0291581
0.0205266
0.0283705
0.0214081
0.0237692
0.02102
0.0203889
0.0206691
0.0217392
0.0203261
0.0255962
0.0205954
0.0209873
0.0223866
0.0216283
0.0240499
0.0208703
0.0229164
0.0220337
0.0207732
0.0238373
0.020184
0.0207339
0.0206899
0.0203968
0.0204034
0.0202907
0.0206179
0.020416
0.0200058
0.020258
0.0204304
0.0203188
0.0203465
0.0204243
0.020226
0.0201627
0.0204631
0.0229386
0.0206108
0.0205398
0.0203959
0.0203158
0.0205556
0.020585
0.0204769
0.0209291
0.0206524
0.0268734
0.0223673
0.0205031
0.0206298
0.0203243
0.0205311
0.0204406
0.0204766
0.0204958
0.0205071
0.02049
0.0303136
0.0204211
0.0220345
0.0223789
0.0212276
0.0207557
0.0207015
0.0203898
0.0206066
0.0218611
0.0235608
0.0223909
0.0203024
0.0203986
0.0203302
0.0217276
0.0216144
0.0206624
0.0204553
0.0207932
0.0246747
0.0211256
0.0206078
0.0266139
0.0212227
0.0204607
0.0203979
0.0206728
0.0205666
0.0205106
0.0204206
0.0203717
0.0206998
0.0206417
0.0203171
0.0207796
0.0205574
0.0204457
0.0208086
0.0226083
0.022532
0.0214453
0.0205804
0.0204602
0.0203725
0.0204809
0.0204007
0.0207097
0.0287409
0.0227703
0.0265495
0.0285287
0.0215251
0.0212588
0.0207732
0.0206782
0.0210887
0.0204092
0.0204803
0.020966
0.0205006
0.0207058
0.0204814
0.0220284
0.0215155
0.0205468
0.0211106
0.0207422
0.020434
0.0206128
0.0205348
0.0206241
0.0207069
0.0203051
0.0204462
0.0202868
0.0207738
0.0214728
0.0213195
0.0202659
0.0205867
0.0204245
0.0202415
0.0204917
0.0205901
0.0204751
0.020478
0.020537
0.0264793
0.0207219
0.0213861
0.0207383
0.0203414
0.0205296
0.0206543
0.022173
0.0203245
0.020224
0.0202758
0.0201486
0.0202844
0.0205418
0.0205271
0.0215702
0.0204938
0.021107
0.021034
0.0265323
0.0206557
0.0234954
0.0204269
0.020373
0.020573
0.0206149
0.0203461
0.0201358
0.0203697
0.0225011
0.0211994
0.0207379
0.0204044
0.0206945
0.020411
0.0203456
0.0208949
0.0212898
0.0202057
0.0202402
0.0203103
0.0204641
0.0206575
0.020273
0.0225828
0.022798
0.0206642
0.0199863
0.0204227
0.020349
0.0256137
0.0234529
0.0249944
0.0203826
0.0203934
0.0253181
0.0205952
0.0203497
0.0206413
0.02067
0.021196
0.0215376
0.0214477
0.0221404
0.0204337
0.0206604
0.0221114
0.0221643
0.0203095
0.0208637
0.0209108
0.0208294
0.0205088
0.0206869
0.0207685
0.0206704
0.0207318
0.0239966
0.0211956
0.0241603
0.0225743
0.0250024
0.0203904
0.0203474
0.0203638
0.0203996
0.0204075
0.0206878
0.0204536
0.0204177
0.0202524
0.0202772
0.0203477
0.0265272
0.021806
0.020765
0.0205126
0.0208554
0.0207838
0.0203229
0.0206123
0.0237282
0.0233288
0.0220284
0.0205628
0.0206436
0.0204021
0.0205297
0.0202028
0.0205612
0.0200948
0.0201369
0.0200102
0.0203754
0.0202779
0.0218268
0.0211809
0.0224806
0.0260272
0.0231901
0.0230718
0.0207089
0.020454
0.0203289
0.0206452
0.0202649
0.0201843
0.0204309
0.0207859
0.0210458
0.0204754
0.0207926
0.0203987
0.0209325
0.0207047
0.0205719
0.0207868
0.0203917
0.0203481
0.0204296
0.0203205
0.020564
0.0205465
0.020402
0.0202379
0.0207174
0.0212304
0.0203677
0.0203759
0.020735
0.0204121
0.0277534
0.0231482
0.0210909
0.0205314
0.0202661
0.0204081
0.0206812
0.0228606
0.020642
0.0217596
0.0218093
0.0219062
0.0211785
0.0203489
0.0256724
0.0203105
0.0203579
0.0202927
0.020302
0.0212402
0.0227086
0.020428
0.02021
0.0211823
0.0255
0.020649
0.0307396
0.0207843
0.0202632
0.0204149
0.0204013
0.0208877
0.0203081
0.0277319
0.020713
0.0204789
0.0205755
0.0205195
0.0237451
0.021833
0.0219238
0.0295079
0.0204619
0.0205172
0.0204605
0.0203985
0.0204457
0.0229544
0.020537
0.0204976
0.0205375
0.02022
0.0203116
0.0246329
0.0203792
0.0240433
0.0206937
0.022105
0.0220735
0.0250914
0.0203339
0.0237609
0.023421
0.0211355
0.023609
0.0239151
0.020504
0.0207328
0.023205
0.0207595
0.0206493
0.0205521
0.0204684
0.0209488
0.0204637
0.0209267
0.0230991
0.0241055
0.0206834
0.0203545
0.0202133
0.0220356
0.02031
0.0229938
0.0207072
0.0203138
0.0201001
0.0203035
0.0210576
0.0216715
0.0299432
0.0204628
0.0212598
0.0208082
0.0224784
0.021188
0.0230126
0.0210875
0.0208266
0.0207753
0.0226685
0.0235189
0.0221044
0.0213194
0.0203048
0.0202696
0.0206522
0.0215025
0.0203529
0.0204341
0.020836
0.0207384
0.0204543
0.0225989
0.021829
0.0220305
0.0229271
0.0204179
0.0207127
0.0207901
0.0211425
0.0201325
0.0206751
0.0207227
0.0202828
0.0202846
0.0201831
0.0203462
0.0203578
0.0208393
0.0201516
0.0204347
0.02045
0.0204847
0.0203453
0.0204601
0.0204707
0.02035
0.0330855
0.0210579
0.0210697
0.026779
0.0263491
0.02071
0.0207246
0.0235617
0.0204532
0.0203712
0.0203485
0.0201954
0.0200762
0.0270276
0.0257001
0.0221735
0.0209968
0.0222939
0.0218248
0.0239165
0.0212065
0.0202449
0.0202053
0.0203259
0.0203702
0.0203492
0.0203679
0.0201105
0.0206048
0.0203364
0.0202589
0.020503
0.0206031
0.0203161
0.0217267
0.0207383
0.0206677
0.0204415
0.0205942
0.0203317
0.020256
0.0203782
0.0203308
0.0206521
0.0202311
0.021242
0.0204237
0.0207323
0.0256258
0.0206348
0.0204674
0.0204182
0.0206303
0.0205615
0.02025
0.0204518
0.0211607
0.020636
0.0203806
0.0202952
0.0202134
0.0202706
0.020622
0.0222908
0.0206371
0.0204749
0.0203619
0.0203178
0.0211046
0.0255638
0.0205589
0.0202378
0.0215521
0.024701
0.0203571
0.0204672
0.0203151
0.0216576
0.0214323
0.0205992
0.0207143
0.0203472
0.0204108
0.0205479
0.0218559
0.0229744
0.0205084
0.0205233
0.0205985
0.0204559
0.0207055
0.0215313
0.0244778
0.0205251
0.0208438
0.0231108
0.0212992
0.0204636
0.0202443
0.0204486
0.0212159
0.0211013
0.0253195
0.0225651
0.0209739
0.0207809
0.0202972
0.0203029
0.0215499
0.0204748
0.0206483
0.0204201
0.0202523
0.020438
0.0224413
0.026675
0.0243527
0.0204125
0.0204015
0.0207912
0.0255772
0.0203854
0.0203587
0.020042
0.0202281
0.0202605
0.0221993
0.0229785
0.0216951
0.0204537
0.0202434
0.0203578
0.0202118
0.0201186
0.0205084
0.0205099
0.0213727
0.0219438
0.0225416
0.0212764
0.0218841
0.0208387
0.0205785
0.0224478
0.0209846
0.0203609
0.0204584
0.0201871
0.0203316
0.0205213
0.020563
0.0230553
0.0211588
0.0203648
0.0206173
0.0224385
0.0211347
0.0230548
0.0206298
0.0202623
0.0201005
0.0203355
0.0204113
0.0201954
0.0206097
0.0204347
0.0204161
0.0202675
0.0204328
0.0203687
0.0202216
0.0211222
0.0231918
0.0202903
0.0204057
0.0205617
0.0274242
0.0207605
0.0263843
0.0204593
0.0203335
0.0214085
0.0206562
0.0204522
0.0205399
0.0206729
0.0203412
0.0200854
0.0202414
0.0202365
0.020364
0.0204133
0.0202901
0.0203487
0.0203457
0.0204848
0.0203596
0.0206115
0.023691
0.0242745
0.02035
0.0201395
0.0204145
0.0205283
0.0203482
0.0208767
0.0204122
0.0201565
0.0203816
0.0204868
0.0203707
0.02037
0.0220601
0.0206542
0.0203998
0.0207133
0.0271651
0.02529
0.0204432
0.020513
0.0206686
0.020838
0.0204754
0.0261473
0.022165
0.0238663
0.0211444
0.0222272
0.0205249
0.0205599
0.0203237
0.0204036
0.0205065
0.0204436
0.0205697
0.0207479
0.0204107
0.0205256
0.0207906
0.0203927
0.0205735
0.0223708
0.0208671
0.0203903
0.0201629
0.020782
0.0202184
0.0202203
0.0208593
0.0210157
0.0202464
0.020349
0.0215863
0.0211622
0.0225784
0.0211574
0.0207382
0.020231
0.0201635
0.0204919
0.0203289
0.026004
0.02419
0.0255907
0.0273953
0.0207466
0.0204414
0.0211782
0.0203591
0.0214491
0.0296814
0.0240804
0.0223924
0.0211089
0.0203631
0.0203744
0.0207016
0.022657
0.0206419
0.0206675
0.0202377
0.0206297
0.0214755
0.0220504
0.0207047
0.0205202
0.0202267
0.0207096
0.020478
0.0230324
0.0239051
0.0215561
0.020876
0.0204671
0.0201463
0.0204204
0.0204015
0.0247876
0.0248925
0.0223943
0.0282579
0.0211089
0.0223331
0.0209864
0.020562
0.0202263
0.0205811
0.020708
0.0227216
0.0207622
0.0206196
0.0201132
0.0208145
0.0204938
0.0204664
0.0202193
0.0223143
0.0220249
0.0205885
0.0222117
0.0205149
0.0205902
0.0207144
0.0206514
0.0205457
0.0202969
0.0203573
0.0202446
0.0203347
0.0217135
0.0243144
0.0210685
0.0204127
0.0202428
0.0203005
0.0233444
0.0204247
0.0219246
0.0227095
0.0220234
0.0205636
0.0204252
0.0203763
0.0202506
0.0205953
0.0205191
0.0205112
0.020603
0.0210543
0.0223464
0.0213296
0.0227106
0.0215497
0.020958
0.0206565
0.0210502
0.0204585
0.0205713
0.0204877
0.0208679
0.0202316
0.0205218
0.0205663
0.0205191
0.0204856
0.0241989
0.0205909
0.0205856
0.0222647
0.0227454
0.0215896
0.0207131
0.0238239
0.0209528
0.02092
0.0203578
0.0203877
0.0205631
0.0205802
0.0204593
0.0223153
0.0205966
0.0205558
0.0205767
0.0204382
0.0203084
0.0204565
0.020358
0.0205301
0.0204544
0.0202543
0.0203855
0.0208283
0.0207507
0.020638
0.0205981
0.020377
0.020336
0.0206992
0.02155
0.0229793
0.020762
0.0206258
0.020608
0.0206147
0.0205394
0.0203676
0.0222617
0.0227949
0.0207077
0.022483
0.0248832
0.0206231
0.03251
0.030508
0.023151
0.020655
0.0203377
0.0203599
0.0205182
0.0202045
0.0203956
0.0203714
0.021626
0.0205334
0.0206029
0.0211161
0.0207721
0.021146
0.0238835
0.020807
0.0204222
0.0206361
0.0207577
0.0206275
0.0204519
0.0208335
0.0210096
0.0207066
0.0214989
0.0236047
0.0209381
0.0205977
0.0220866
0.020548
0.0267288
0.0216352
0.0212867
0.0205919
0.0204793
0.020791
0.0205158
0.0203188
0.0204337
0.0202896
0.020981
0.0207557
0.0207477
0.0201446
0.0199885
0.0202178
0.0203988
0.0204691
0.0203712
0.0206859
0.0202929
0.020295
0.0207486
0.0202384
0.0222426
0.0207934
0.0221577
0.0216796
0.0207187
0.0204909
0.022507
0.021404
0.0215475
0.0230613
0.0212804
0.0219683
0.0204374
0.0225044
0.0294904
0.0208519
0.0214146
0.0291025
0.0204915
0.0215175
0.0206738
0.0205131
0.0248576
0.0205713
0.0202887
0.0213155
0.0206013
0.0205914
0.0234999
0.0263729
0.0216227
0.0202262
0.0203627
0.0201957
0.0204667
0.0232908
0.0204053
0.0200757
0.0226253
0.0206492
0.020588
0.0204095
0.0218442
0.0262235
0.0230038
0.0223922
0.0216914
0.0231059
0.0208076
0.022122
0.0250274
0.0232914
0.0207467
0.0207391
0.0203254
0.0209213
0.0204386
0.0257727
0.0247238
0.0210169
0.0201721
0.0200525
0.0202647
0.0203814
0.020635
0.0207137
0.0206464
0.0202134
0.0204201
0.0206112
0.0203247
0.020255
0.020295
0.022098
0.0220135
0.0224928
0.0204691
0.0205319
0.0205037
0.0203015
0.0204371
0.020342
0.0202456
0.0203629
0.0205081
0.0208537
0.0200322
0.0225934
0.0268945
0.0228134
0.0203276
0.0262855
0.0209099
0.0206034
0.0213795
0.0202524
0.0206629
0.0207308
0.020278
0.0203707
0.0284542
0.0224611
0.0209925
0.0224757
0.0206445
0.0216318
0.026465
0.0205122
0.024182
0.026889
0.0234277
0.0210627
0.0203937
0.0205191
0.020547
0.0203359
0.0204077
0.0204132
0.0204296
0.0205849
0.0205615
0.0205626
0.0203582
0.0204007
0.0203947
0.025217
0.0206804
0.020385
0.0204446
0.0202966
0.0203867
0.0235549
0.0210939
0.0221309
0.0204266
0.020559
0.0204721
0.0203642
0.0203285
0.0230181
0.0207115
0.020808
0.0214187
0.028615
0.0208281
0.0213038
0.0240534
0.028958
0.0202673
0.0204321
0.0265584
0.0230665
0.0229396
0.0204048
0.0203847
0.0204048
0.0218412
0.0246787
0.0201437
0.0202871
0.0203556
0.0202338
0.0204435
0.0202237
0.0199609
0.0204422
0.0204548
0.020385
0.020529
0.0204763
0.0241233
0.022325
0.0205928
0.0241218
0.0208652
0.0203599
0.0224077
0.0226485
0.0248776
0.0207642
0.0202371
0.0203596
0.0206824
0.0210053
0.0203567
0.0202246
0.020184
0.0203728
0.020189
0.0205506
0.0202925
0.0205563
0.0205383
0.0202458
0.0201507
0.0203202
0.0200977
0.0204288
0.0202877
0.0203332
0.0236233
0.0209722
0.0240962
0.0215564
0.0221596
0.0270369
0.0203163
0.0265438
0.0206086
0.020228
0.020435
0.024916
0.0203125
0.0203756
0.0206053
0.0205991
0.0208891
0.0223349
0.0234162
0.0209455
0.0219563
0.0217098
0.0217065
0.0264244
0.0204043
0.0204197
0.0200707
0.0217527
0.0215138
0.0204948
0.0201436
0.0205757
0.0209948
0.0220342
0.0256476
0.0218161
0.0203364
0.0209347
0.0210917
0.0222381
0.0209411
0.020483
0.0208308
0.020612
0.0207764
0.0204313
0.0205153
0.0216071
0.0206501
0.0210914
0.0204391
0.0204464
0.0202725
0.0200858
0.0211679
0.0204444
0.0258098
0.0205595
0.020481
0.0226617
0.0245148
0.0204101
0.0205726
0.020481
0.0206417
0.0210249
0.0266763
0.0219414
0.0220959
0.0203577
0.0205935
0.029064
0.0205844
0.0213976
0.0207076
0.0203948
0.0206353
0.0205358
0.0203001
0.0204387
0.0207966
0.0224954
0.0220935
0.0205722
0.0206054
0.0205026
0.0203873
0.0205973
0.0207129
0.0206283
0.020447
0.0216795
0.021964
0.0204367
0.0204134
0.0204659
0.0203651
0.0202809
0.0205127
0.0203759
0.0202523
0.0207498
0.0206492
0.0203732
0.0221477
0.0235486
0.0228401
0.0214679
0.0203251
0.0205394
0.0204502
0.0205293
0.0209734
0.0203218
0.0217697
0.0204303
0.0207619
0.02201
0.0206208
0.0203617
0.0203828
0.0201951
0.0220121
0.0204348
0.0204197
0.0207389
0.0256401
0.0206674
0.0205245
0.0229797
0.0230125
0.0204085
0.0201974
0.0203393
0.0204305
0.0205083
0.0209631
0.02062
0.0210021
0.0204677
0.0204669
0.0210086
0.0236259
0.0206001
0.0239712
0.0204301
0.0203857
0.0203124
0.0205062
0.0205772
0.0207221
0.0203687
0.0275209
0.0203251
0.0244912
0.0243207
0.0204861
0.0205416
0.020535
0.020365
0.0204768
0.02065
0.0204769
0.0200765
0.0204267
0.020434
0.0203344
0.0204111
0.0274754
0.0205021
0.020385
0.020486
0.0203508
0.0204188
0.0204649
0.0206176
0.0253468
0.0212858
0.0224514
0.0208645
0.0214801
0.0207499
0.0207898
0.0262749
0.0220207
0.020882
0.0204393
0.0204234
0.0205445
0.0205039
0.0216187
0.0231193
0.0206103
0.0204739
0.0203398
0.0205097
0.0201972
0.0203534
0.0206662
0.0240798
0.0205794
0.0202985
0.0204139
0.0203789
0.0205514
0.020678
0.0219032
0.0303298
0.0206574
0.0208837
0.0201849
0.0205244
0.0217154
0.0209238
0.0208908
0.0205075
0.0214012
0.0208005
0.0209714
0.0210811
0.0227615
0.0229278
0.0232651
0.0208636
0.0207321
0.0234902
0.021078
0.0205695
0.0206389
0.0205658
0.02126
0.0226255
0.0206182
0.0204128
0.0207087
0.020448
0.0202484
0.0207834
0.023299
0.0203769
0.0207861
0.020698
0.020397
0.0230611
0.0216263
0.021037
0.0205376
0.0208562
0.0222873
0.0225552
0.0206312
0.0204485
0.0205124
0.020813
0.0208789
0.0276981
0.0205805
0.0205682
0.0211863
0.0207251
0.0237727
0.0202897
0.0207514
0.0245989
0.0202915
0.0204944
0.0203328
0.0203509
0.0202133
0.0201885
0.0200727
0.020068
0.0202393
0.0212959
0.0217976
0.0206695
0.0202816
0.0220056
0.022036
0.0226702
0.0212918
0.0239871
0.0209214
0.0210122
0.0207249
0.0228453
0.0249194
0.0208709
0.0204334
0.0201567
0.0203306
0.0210154
0.0222077
0.0204183
0.0212739
0.0219175
0.020936
0.0226589
0.0204272
0.0207183
0.0206372
0.0204796
0.020628
0.0218737
0.0250591
0.020497
0.0205706
0.0203144
0.0203582
0.0203297
0.0203052
0.0201886
0.0209973
0.0252011
0.0208523
0.0202553
0.0203445
0.0203281
0.0201965
0.0222749
0.0209344
0.0204227
0.0203875
0.0204568
0.0202516
0.0258354
0.0267945
0.022926
0.0203869
0.0204248
0.0203459
0.0204774
0.0206327
0.0205543
0.0205276
0.0203833
0.0202624
0.0212712
0.0215349
0.0205107
0.0206763
0.0220275
0.0204636
0.0237245
0.0204113
0.0204437
0.0216991
0.0225193
0.0204819
0.0204313
0.0226171
0.0207433
0.0211022
0.0215384
0.0206747
0.0205323
0.0205052
0.0207407
0.023149
0.0208898
0.020196
0.0202234
0.0207809
0.0216317
0.0216007
0.0218074
0.0213311
0.0205348
0.0209794
0.0207395
0.0256363
0.022265
0.020849
0.0203907
0.020352
0.0204483
0.0206206
0.0208795
0.0255643
0.0223787
0.0205587
0.0204708
0.020819
0.0210123
0.0209873
0.0209597
0.020447
0.0204171
0.0204499
0.0203621
0.0203558
0.0204093
0.0203572
0.0219676
0.0205536
0.0203364
0.0205453
0.0208902
0.0230587
0.02079
0.0208183
0.020522
0.0206429
0.0202493
0.0207632
0.021627
0.0209792
0.0215169
0.0204429
0.0204728
0.0202989
0.022922
0.0208257
0.0205418
0.0203858
0.0223287
0.0212548
0.0204932
0.0216793
0.0229864
0.0208367
0.020232
0.0204353
0.0215138
0.0205614
0.0203372
0.0230945
0.0205359
0.0203986
0.0206132
0.0205884
0.0205134
0.0203025
0.0204405
0.0204457
0.0212117
0.0204493
0.021826
0.0239254
0.020542
0.0208701
0.0201929
0.0206023
0.0201499
0.0204542
0.0202109
0.020268
0.0202397
0.0202821
0.0202735
0.0202169
0.0206989
0.0240869
0.0235918
0.0204683
0.0203985
0.0202941
0.0204302
0.0206191
0.0230925
0.0216866
0.022639
0.0258642
0.0201936
0.020384
0.0249478
0.0203876
0.0202866
0.020218
0.0202468
0.0234107
0.0204448
0.0202872
0.0200656
0.020364
0.0202782
0.0201419
0.0201749
0.020247
0.0204325
0.0222702
0.022161
0.0204096
0.0215116
0.0228777
0.0237825
0.020492
0.0204028
0.0205646
0.0251721
0.0216505
0.0207238
0.0204539
0.0204604
0.0221496
0.0207603
0.0205794
0.0222973
0.0205678
0.0211911
0.0316329
0.0207332
0.0224988
0.0208309
0.0248473
0.0207474
0.0207397
0.020692
0.0204218
0.0261292
0.0201623
0.020208
0.0203918
0.020254
0.0205317
0.0211487
0.0203027
0.0202918
0.0203408
0.020388
0.020289
0.020271
0.0202266
0.0203107
0.0202888
0.0204252
0.0201929
0.020352
0.0206134
0.0205783
0.0203553
0.0219874
0.0204677
0.0203209
0.0203676
0.0201938
0.0202628
0.0203958
0.0202309
0.020303
0.0206265
0.0204393
0.0202732
0.0202671
0.0203923
0.0205846
0.0208813
0.0204819
0.0204896
0.0206574
0.0205988
0.0206354
0.0205045
0.0209171
0.0206157
0.0201716
0.0204922
0.0201498
0.0202627
0.0202527
0.0229826
0.0205976
0.0205803
0.0314886
0.021499
0.0208469
0.0204869
0.0203748
0.0299375
0.0246167
0.0209432
0.0201169
0.020575
0.020415
0.020252
0.0206444
0.020295
0.0202678
0.0200825
0.0202602
0.0204798
0.0213574
0.0242026
0.0236246
0.0216403
0.0208518
0.0278226
0.0205523
0.0203985
0.0201817
0.0201329
0.0204462
0.0202681
0.0204412
0.0227513
0.0222625
0.0203486
0.0204422
0.0204048
0.0205186
0.0203408
0.0205495
0.0203948
0.020472
0.0204091
0.0206587
0.0204258
0.0287074
0.0225924
0.0205199
0.0201982
0.0215468
0.0204453
0.0206874
0.0206383
0.0208321
0.0202621
0.0203855
0.0202494
0.0212483
0.0222458
0.0228381
0.0203678
0.0204865
0.0206996
0.0210677
0.0236033
0.0208172
0.0205987
0.0220087
0.0243933
0.0205875
0.0211646
0.0207384
0.0203048
0.0204345
0.020931
0.0202114
0.0202222
0.0205145
0.0241548
0.0207237
0.0204434
0.0204829
0.0202883
0.0201496
0.0208607
0.0204087
0.0203644
0.0205449
0.0201869
0.0205665
0.0202027
0.0200605
0.0201237
0.0202228
0.0216058
0.0204435
0.0204386
0.0205273
0.0203863
0.0206889
0.0203696
0.0203328
0.0205118
0.0221815
0.0207868
0.0212889
0.0234313
0.0207114
0.0214974
0.0255934
0.0211006
0.0201175
0.0199731
0.0199775
0.020077
0.0202261
0.020912
0.022316
0.0205002
0.0231114
0.0203742
0.0207005
0.0201279
0.0202286
0.0203299
0.0207088
0.0213798
0.0204339
0.0204862
0.0204654
0.0223195
0.0295291
0.0205616
0.020692
0.0233959
0.0237924
0.0205635
0.0206152
0.0204586
0.0201946
0.0211056
0.0237665
0.020475
0.0205066
0.0237496
0.0229181
0.0217407
0.0240759
0.0203448
0.0203684
0.0201374
0.0204884
0.0243686
0.0210871
0.0205421
0.0204895
0.0230979
0.020694
0.0235837
0.0204153
0.0202917
0.0202503
0.0201781
0.0204554
0.0206254
0.0206183
0.0204575
0.0204308
0.0202863
0.0200286
0.0205328
0.0204078
0.0204861
0.0203895
0.0205419
0.0202829
0.0203613
0.0201371
0.0201097
0.0218347
0.0224321
0.0207351
0.0204842
0.0224062
0.0211377
0.0202046
0.0204039
0.0227103
0.0212709
0.0202
0.0236307
0.0226547
0.0204089
0.0204287
0.0203259
0.0207173
0.0202884
0.0204081
0.0202445
0.0203235
0.0202733
0.020062
0.0201471
0.0202038
0.0202487
0.0204152
0.0202947
0.0204352
0.0202742
0.0215923
0.0255903
0.0205122
0.0217812
0.0209337
0.0205551
0.0205307
0.0204604
0.0202101
0.0213318
0.0220495
0.0222868
0.0219533
0.0203373
0.020547
0.0275867
0.0204491
0.0221312
0.0201362
0.0206194
0.0202131
0.0203597
0.0221916
0.0232354
0.020646
0.0205779
0.0205985
0.020912
0.0202966
0.0203275
0.0201332
0.0207083
0.0204649
0.0201465
0.020296
0.0203407
0.0204852
0.0205858
0.0205166
0.0204123
0.0247509
0.0211193
0.0203255
0.0204645
0.0236406
0.020606
0.020304
0.0203397
0.0203862
0.0204084
0.0202121
0.0217711
0.0216742
0.020396
0.0222717
0.0241991
0.0268388
0.0209283
0.0299869
0.0207924
0.0246835
0.0205153
0.0203926
0.0205514
0.0206952
0.0204615
0.0204366
0.0214668
0.0205158
0.0224404
0.020816
0.0204466
0.0206433
0.0204263
0.0205274
0.0204639
0.0207853
0.0203946
0.020825
0.0206552
0.0205944
0.0206116
0.0205534
0.020643
0.021238
0.0236352
0.0236606
0.0277743
0.0206099
0.0217656
0.020633
0.0228957
0.0213168
0.0204682
0.0234698
0.0203752
0.0204386
0.0207783
0.0222785
0.020463
0.0203059
0.0203797
0.0203553
0.0222573
0.0282901
0.0208693
0.0210678
0.023062
0.0222725
0.0204218
0.0206066
0.0200025
0.0200678
0.0203445
0.0202466
0.0201481
0.020248
0.0204427
0.0204599
0.0202846
0.0204051
0.0203938
0.0205804
0.0215779
0.0211784
0.0206529
0.0208871
0.0209305
0.0218146
0.0216052
0.0206744
0.0202849
0.0230207
0.0213746
0.020634
0.0219085
0.0209675
0.0203453
0.0203372
0.0205448
0.0203784
0.0202861
0.020579
0.0206177
0.0206997
0.020242
0.0204899
0.0206474
0.0226644
0.0206627
0.0207916
0.0204306
0.0203029
0.0237717
0.0214198
0.0233171
0.0246772
0.0207381
0.0205357
0.0204675
0.0204564
0.0204916
0.0201262
0.0203009
0.0202278
0.0215264
0.022142
0.0208778
0.0203671
0.0209067
0.0212177
0.0227577
0.0208127
0.0205922
0.0205288
0.0283444
0.0208552
0.0202602
0.0205278
0.0205656
0.0203248
0.0204223
0.0206641
0.0207122
0.0204141
0.0204611
0.0202157
0.0202702
0.0201759
0.0202403
0.0202259
0.0222866
0.0206741
0.0205774
0.0249224
0.0222416
0.0226024
0.0273672
0.02473
0.0252838
0.0204058
0.0203222
0.020537
0.0203576
0.0205614
0.0222467
0.0282068
0.0215976
0.0210781
0.0217666
0.0215561
0.0202939
0.0201937
0.0203926
0.0204601
0.0204156
0.020211
0.0203424
0.0205396
0.0206823
0.0232621
0.0246144
0.0220714
0.0227074
0.0202318
0.0205254
0.0204261
0.0207948
0.0226607
0.0205816
0.0203575
0.0205271
0.0233007
0.020695
0.0207561
0.0206953
0.0202264
0.0202635
0.0201454
0.0209351
0.0204066
0.0224285
0.0205587
0.0204058
0.0203174
0.0207107
0.0207626
0.0207044
0.0230488
0.0227153
0.0204649
0.0235498
0.0265191
0.0251494
0.02174
0.020615
0.0259039
0.024017
0.0204217
0.0201835
0.0212733
0.0215983
0.0207285
0.0203754
0.020398
0.0252702
0.0211868
0.0215552
0.0254664
0.0203526
0.0204763
0.0202698
0.0202513
0.0204478
0.020408
0.0203239
0.0204876
0.0204979
0.0207292
0.0204403
0.0203193
0.0203849
0.020404
0.0206969
0.0228586
0.0206278
0.0202833
0.0203619
0.0201923
0.0201127
0.0203465
0.0206918
0.0205221
0.0203022
0.0205942
0.0205397
0.0204834
0.0208036
0.021015
0.0204707
0.020514
0.0212886
0.0207264
0.0207158
0.0203823
0.0203515
0.0202454
0.0204146
0.0205133
0.0204658
0.0202694
0.0202371
0.0207413
0.0205066
0.0205415
0.0203261
0.0203438
0.0203597
0.0202123
0.0202197
0.0204793
0.0204026
0.0209333
0.0209419
0.0215238
0.0255497
0.0204737
0.0201525
0.0265376
0.0207599
0.0202465
0.0212651
0.0214857
0.0201656
0.0201728
0.0204997
0.0202559
0.0205266
0.0232224
0.020506
0.0207164
0.0205948
0.0206035
0.0210616
0.0205354
0.0229459
0.0209189
0.0206668
0.0205248
0.0204693
0.0212958
0.0208689
0.0204487
0.0205921
0.0205077
0.020312
0.0202811
0.0203597
0.0202732
0.0211268
0.0201144
0.0202618
0.0207051
0.020286
0.0202844
0.0209413
0.0247376
0.0206035
0.0207693
0.0210758
0.0228378
0.0305029
0.0204426
0.0206471
0.0206975
0.020225
0.0204626
0.0204181
0.0202577
0.0210191
0.0202969
0.0205656
0.0204958
0.0205218
0.0206944
0.0207266
0.0205849
0.0206754
0.0214523
0.0204541
0.0203778
0.020794
0.0204914
0.0256452
0.0238469
0.0206135
0.0206448
0.0223931
0.0212516
0.0203548
0.0203657
0.0205276
0.02055
0.0210494
0.0250453
0.020352
0.0202882
0.0206429
0.0220123
0.0227326
0.0210965
0.0203302
0.0205551
0.0204257
0.0202646
0.0203543
0.0210559
0.0204015
0.021325
0.0211349
0.020936
0.020761
0.0225078
0.0262005
0.0213116
0.0204179
0.0215005
0.0219671
0.0214392
0.0208666
0.0205316
0.0203104
0.0211673
0.020336
0.0220274
0.022556
0.025136
0.0205974
0.0232815
0.0237477
0.0208956
0.0203628
0.0232862
0.020577
0.0209982
0.0213877
0.0239999
0.0206842
0.0204733
0.020411
0.0206505
0.0201993
0.0200933
0.0275731
0.0210557
0.0225114
0.023162
0.0204872
0.020425
0.0204091
0.0200907
0.0202411
0.0263684
0.0209167
0.0204194
0.0208188
0.020465
0.0204943
0.0204723
0.0205413
0.0313857
0.0222961
0.0203656
0.020422
0.0202955
0.0205642
0.0206218
0.0205776
0.0223963
0.0240086
0.0205592
0.0206177
0.0256817
0.0209598
0.0204164
0.020334
0.0205644
0.0204884
0.0215161
0.023765
0.0204092
0.0205266
0.0216861
0.0222998
0.0216454
0.0208913
0.0208228
0.0287705
0.020832
0.020857
0.0231503
0.0207074
0.0208661
0.0205848
0.0209597
0.0230631
0.0209209
0.0207554
0.0212244
0.020499
0.0308029
0.0220632
0.0219832
0.0202205
0.0202995
0.0204018
0.0204195
0.0209994
0.0229373
0.0219707
0.0209694
0.0214358
0.0229664
0.0278483
0.0217596
0.0203527
0.0202649
0.0203922
0.0202795
0.0202446
0.0205445
0.0201712
0.0203018
0.0202323
0.0204195
0.0206185
0.0202312
0.0216842
0.0209104
0.0201451
0.020038
0.0203855
0.0203216
0.0226481
0.0204037
0.0208261
0.0200532
0.0201974
0.0202649
0.0203839
0.0207327
0.0209607
0.0203513
0.0202834
0.0203003
0.0204085
0.0201421
0.0208347
0.0210915
0.0206623
0.0207395
0.0206268
0.0206089
0.0207742
0.0203802
0.0203591
0.0206456
0.0203995
0.0211085
0.0219381
0.0206489
0.0206577
0.0205016
0.0203953
0.0201649
0.0204454
0.0205699
0.020478
0.0202926
0.0203922
0.0201596
0.0205809
0.0204807
0.0207027
0.021011
0.023631
0.0220038
0.0212465
0.0209458
0.0203139
0.0207623
0.0203052
0.0204517
0.0208073
0.0203463
0.020308
0.0199744
0.0200047
0.0223569
0.0202299
0.02144
0.0210531
0.0208941
0.0205077
0.0211582
0.0204357
0.0203154
0.0203042
0.0202152
0.0205803
0.0203569
0.0202643
0.0201677
0.0201829
0.0201931
0.0201797
0.0202269
0.0202805
0.0204428
0.0200172
0.0201838
0.020616
0.0202962
0.0206031
0.0210599
0.0207654
0.0203555
0.0251797
0.0208765
0.0208309
0.0236508
0.0228944
0.020604
0.0217079
0.0225522
0.0240698
0.0206426
0.0205072
0.0207803
0.022572
0.027137
0.0290717
0.0230872
0.0206012
0.0203081
0.0202542
0.0206386
0.0221302
0.0203434
0.0204476
0.0204489
0.0205946
0.0204481
0.0203483
0.0204635
0.0203779
0.0208788
0.0204561
0.0204118
0.0204311
0.0205005
0.0202774
0.0201668
0.0202577
0.0202291
0.0202616
0.0201704
0.0202039
0.0203174
0.0203828
0.020163
0.0201515
0.0203771
0.0209724
0.0207679
0.0205254
0.0203093
0.0204242
0.0205944
0.0203531
0.0204794
0.0208075
0.0204571
0.0215024
0.0205312
0.0206444
0.0210875
0.0208877
0.0218433
0.0216797
0.023255
0.0205357
0.0204481
0.0207576
0.0203584
0.0214233
0.0206087
0.020353
0.0254731
0.0204443
0.0202134
0.0203133
0.0203853
0.0204409
0.0224341
0.0205435
0.020529
0.0204051
0.0212815
0.0273731
0.0204563
0.0213797
0.0252289
0.0204868
0.0205978
0.0203916
0.0218059
0.0206628
0.0205176
0.0204345
0.0208671
0.0268389
0.0222325
0.0215971
0.0203961
0.0203586
0.0201129
0.0200613
0.0206845
0.0205541
0.0202505
0.0205319
0.0206494
0.020352
0.0204953
0.0204264
0.0221941
0.0263684
0.0231725
0.0283941
0.0214173
0.0264126
0.0282698
0.0209508
0.0207119
0.0204444
0.0218108
0.0205288
0.0208723
0.0218499
0.0203792
0.0203702
0.0207077
0.0206024
0.0203134
0.0218011
0.0234216
0.0275987
0.0207944
0.0205908
0.0205422
0.0203551
0.0204429
0.020297
0.0204846
0.0204251
0.0202739
0.0202918
0.0207856
0.0204164
0.0210668
0.0238014
0.0219176
0.0203406
0.0205948
0.0243997
0.023451
0.0207206
0.024855
0.0212215
0.0223801
0.0209827
0.0203489
0.020659
0.0207661
0.020444
0.0203703
0.020637
0.0204815
0.0205155
0.0204397
0.0204967
0.0203939
0.0205327
0.0202851
0.0206192
0.0205307
0.0215168
0.0206642
0.0206628
0.0215035
0.0215507
0.0221898
0.0214953
0.0204712
0.0204442
0.0205735
0.0206968
0.0213837
0.0206175
0.0204777
0.0204596
0.0203364
0.020424
0.0204014
0.0205051
0.0217175
0.020329
0.0201751
0.0204093
0.0202896
0.0202298
0.0203926
0.020571
0.0206649
0.0204275
0.0205927
0.0203544
0.020449
0.0217936
0.0226677
0.0206598
0.0209173
0.0204808
0.0207713
0.0201887
0.020062
0.0202038
0.0203466
0.020088
0.0203561
0.0249529
0.0207161
0.0204251
0.0202697
0.0203159
0.0204474
0.0207182
0.0204504
0.026249
0.0202991
0.0202699
0.0201791
0.0204152
0.0222287
0.0223957
0.0219851
0.0203086
0.0200913
0.0219773
0.0207017
0.0205406
0.0208956
0.023629
0.0206822
0.0206727
0.0204327
0.0203801
0.0206192
0.0207977
0.0209033
0.0218553
0.025205
0.0204154
0.0206349
0.0205741
0.0219539
0.0205065
0.0209318
0.0205254
0.0204774
0.0202634
0.0203495
0.0202074
0.0205056
0.0201459
0.0203179
0.0204935
0.0204845
0.020203
0.0201958
0.0200673
0.0202337
0.0203486
0.0201576
0.0203345
0.0202804
0.0227542
0.020492
0.0207444
0.0225759
0.022254
0.0208102
0.0206643
0.0214819
0.0200816
0.0204173
0.0205629
0.0203942
0.0202358
0.0223747
0.0219321
0.0237129
0.020322
0.0202384
0.0218562
0.0242441
0.0243913
0.0219741
0.0207917
0.0225248
0.0206834
0.0214183
0.0254112
0.0214296
0.0204084
0.0204384
0.0221406
0.0207164
0.0208385
0.0212081
0.0213266
0.021536
0.0205477
0.0218341
0.0225448
0.020731
0.0205041
0.0202714
0.0204037
0.0202737
0.0205653
0.0270662
0.0206435
0.0204521
0.0206998
0.0215434
0.0206487
0.0245506
0.0228317
0.0226632
0.0203923
0.0205406
0.0204929
0.0205156
0.020463
0.0204501
0.0203096
0.0198709
0.0202804
0.0207427
0.0216198
0.0231807
0.0205913
0.0204396
0.0207323
0.0206351
0.0203293
0.0208067
0.0205729
0.0213038
0.0203042
0.020532
0.0202145
0.0203431
0.020192
0.0215842
0.0230078
0.0205861
0.0281598
0.0205246
0.0203386
0.0202506
0.0204184
0.021157
0.0207152
0.0204156
0.0201571
0.024537
0.0233268
0.0233287
0.0232563
0.0204238
0.0203775
0.0246445
0.0216166
0.0299953
0.0212365
0.0229773
0.0215587
0.0237382
0.0206689
0.0208916
0.0203803
0.0206474
0.0214815
0.0205723
0.0202391
0.020332
0.0203453
0.0204171
0.0204253
0.0205067
0.0203481
0.0210845
0.0204623
0.0232346
0.0204429
0.0221521
0.0218488
0.0203147
0.0204694
0.0277211
0.0262906
0.0276893
0.020953
0.0253396
0.0207028
0.0207447
0.0201868
0.0202621
0.0202644
0.0204568
0.0299319
0.020532
0.0212606
0.023773
0.020412
0.020375
0.0205352
0.0205474
0.0203816
0.0204876
0.0217435
0.0204871
0.0202047
0.0204959
0.0221543
0.0205779
0.0202876
0.0202185
0.0202493
0.0208448
0.0206136
0.0202768
0.0205147
0.020601
0.0205347
0.0204726
0.0204393
0.0204278
0.0201635
0.0209818
0.0204631
0.0204188
0.0200835
0.0201446
0.0201832
0.0207062
0.0206237
0.0210319
0.0206316
0.0213309
0.0207189
0.0219035
0.0243424
0.0205139
0.0206291
0.0209374
0.0224486
0.0222816
0.0245465
0.0207032
0.0206156
0.0203661
0.0206218
0.0204738
0.0207349
0.0209126
0.021778
0.0211173
0.0208244
0.0203917
0.020797
0.0206731
0.0212466
0.0208639
0.0204369
0.0214939
0.0209715
0.0214775
0.0204027
0.020607
0.0206628
0.0208649
0.0205537
0.0204796
0.0204986
0.0206293
0.0203239
0.020374
0.0204207
0.020459
0.0205523
0.0204775
0.0206363
0.02174
0.0251119
0.0212515
0.0220731
0.0206503
0.0255997
0.0207232
0.0226545
0.0205609
0.0205405
0.0202872
0.0201606
0.020452
0.0240719
0.0216784
0.0287218
0.0204784
0.0202748
0.0206375
0.020398
0.0234655
0.0204602
0.0205874
0.0233523
0.0247987
0.0203078
0.0202214
0.020164
0.0201444
0.0203209
0.0205947
0.021981
0.0212
0.0206149
0.0202114
0.0203677
0.0208484
0.022816
0.0208136
0.0202367
0.0202963
0.0203417
0.02027
0.0203489
0.0202354
0.020421
0.0201549
0.0202469
0.0200227
0.0201861
0.0205735
0.0202372
0.0201422
0.0201367
0.0204877
0.0224477
0.0237625
0.0228383
0.0215109
0.0204379
0.0207449
0.0203444
0.0219476
0.0222168
0.0205774
0.0204755
0.0208201
0.0203089
0.0204773
0.0205196
0.0203986
0.0203102
0.0204428
0.0202893
0.0202219
0.0207639
0.0205402
0.0201425
0.0201365
0.0201809
0.0202615
0.0206902
0.0214948
0.0205062
0.0206413
0.0205914
0.0219257
0.0209076
0.0204642
0.0208268
0.0205938
0.0205144
0.0203863
0.022766
0.0203176
0.0204688
0.0217512
0.0215287
0.0239677
0.0204622
0.0228261
0.0218401
0.0297341
0.0212346
0.0205256
0.0207666
0.0205032
0.0204961
0.0202697
0.0203837
0.0203411
0.0201781
0.0202261
0.020107
