0.202239
0.202255
0.202425
0.202595
0.202618
0.202683
0.202813
0.203021
0.203109
0.203184
0.251914
0.381112
0.532524
0.676294
0.793053
0.885746
0.967874
0.983026
1.085639
1.468045
1.796173
2.025146
2.173377
2.243233
2.308394
2.363168
2.423341
2.516922
2.641659
2.762302
2.899163
3.017756
3.091583
3.149289
3.210713
3.276578
3.345589
3.424284
3.500478
3.564843
3.638300
3.702270
3.778211
3.853583
3.928013
3.996915
4.090106
4.203929
4.329876
4.479390
4.629328
4.767871
5.015915
5.210582
5.410755
5.610588
5.826016
6.032874
6.242746
6.455385
6.641939
6.825682
7.004027
7.212760
7.400152
7.638146
7.856698
8.099898
8.316575
8.536403
8.795220
9.035188
9.237054
9.405765
9.546115
9.661630
9.799465
9.909086
10.023247
10.162962
10.354503
10.558262
10.735957
10.939991
11.125328
11.352481
11.550887
11.784540
12.009804
12.238921
12.436831
12.662707
12.847342
12.967205
13.067521
13.135858
13.207279
13.292766
13.412846
13.536528
13.655376
13.773192
13.873859
13.961085
14.026119
14.129995
14.243770
14.377434
14.556836
14.767724
14.997149
15.195020
15.416694
15.633135
15.807382
15.970213
16.144346
16.275201
16.445408
16.648579
16.917414
17.104366
17.236274
17.383930
17.632465
17.919519
18.185999
18.401778
18.565697
18.768483
18.980568
19.175298
19.377459
19.611526
19.811339
20.003750
20.189184
20.407688
20.597533
20.789092
21.014987
21.237931
21.444701
21.679908
21.882075
22.083656
22.314004
22.527168
22.717435
22.959358
23.205298
23.401590
23.584552
23.789249
24.003347
24.188971
24.367574
24.569067
24.748842
24.973889
25.184118
25.421672
25.624359
25.852834
26.069078
26.256741
26.481506
26.677574
26.891251
27.094038
27.314441
27.510400
27.708369
27.913187
28.137700
28.327666
28.519502
28.718552
28.954162
29.138475
29.298743
29.441330
29.603498
29.749694
29.912539
30.092605
30.315595
30.518657
30.762991
30.997839
31.167998
31.321504
31.449497
31.577268
31.699939
31.842630
32.015431
32.173538
32.345295
32.481334
32.629670
32.726055
32.758873
32.822939
32.925975
33.066698
33.270025
33.497054
33.744406
33.958293
34.169429
34.410324
34.608898
34.832347
35.058911
35.250869
35.467384
35.631300
35.804665
36.000972
36.187778
36.408766
36.575927
36.735638
36.851055
36.966556
37.053928
37.151980
37.240998
37.337998
37.451870
37.570332
37.687431
37.796623
37.903917
38.059014
38.212741
38.416362
38.610198
38.859599
39.086666
39.322281
39.595803
39.857562
40.075426
40.222522
40.359398
40.465016
40.578293
40.722089
40.945642
41.214347
41.484083
41.703184
41.941064
42.172612
42.372351
42.601936
42.797677
43.025628
43.223679
43.465037
43.676323
43.919244
44.163793
44.371112
44.609343
44.801687
45.017036
45.210785
45.452541
45.666360
45.914508
46.108288
46.293429
46.419139
46.524584
46.631533
46.780891
46.962538
47.138037
47.344151
47.504943
47.664313
47.783346
47.899185
48.052411
48.204776
48.382711
48.579715
48.702316
48.862236
49.095757
49.332138
49.597376
49.800249
49.970940
50.147732
50.285650
50.417268
50.545533
50.670069
50.807818
50.912202
50.973444
50.981664
51.051875
51.111523
51.183265
51.316004
51.499421
51.682922
51.914491
52.130382
52.327847
52.513888
52.689500
52.854273
53.030741
53.165769
53.311289
53.430123
53.552080
53.735976
53.950320
54.136922
54.311668
54.461620
54.598038
54.702259
54.769405
54.823791
54.872856
54.927760
54.966281
55.022532
55.143309
55.324771
55.513586
55.726710
55.930979
56.148782
56.341582
56.531576
56.713586
56.854900
56.998208
57.147890
57.293957
57.455071
57.631374
57.832446
58.045393
58.262231
58.497384
58.708735
58.913381
59.112881
59.317731
59.522747
59.721185
59.925626
60.121547
60.325099
60.514494
60.705369
60.927708
61.158927
61.393994
61.593038
61.819695
62.053369
62.286188
62.480989
62.702558
62.930184
63.127226
63.327208
63.563699
63.782622
63.939701
64.068110
64.130289
64.165213
64.211464
64.306256
64.420645
64.571630
64.690780
64.805587
64.896643
64.995204
65.129803
65.265267
65.456576
65.649194
65.901696
66.130205
66.363289
66.633260
66.843256
67.015774
67.148545
67.268594
67.374163
67.494221
67.673398
67.858749
68.083277
68.259697
68.449959
68.618363
68.798406
69.026460
69.235727
69.480786
69.725816
69.938525
70.184438
70.393217
70.629028
70.823517
71.015973
71.242805
71.474200
71.703965
71.935189
72.150705
72.338922
72.543691
72.782651
73.018360
73.215913
73.413198
73.639091
73.829425
74.022962
74.218180
74.441565
74.635001
74.829923
75.063100
75.300786
75.505059
75.707567
75.936151
76.167464
76.363506
76.559115
76.789548
76.987241
77.222214
77.424213
77.661623
77.890850
78.088974
78.315521
78.512083
78.648989
78.787944
78.914230
79.085191
79.227484
79.368621
79.496149
79.654947
79.807547
80.013171
80.234259
80.445452
80.651876
80.871552
81.071703
81.253707
81.398867
81.538337
81.695063
81.836006
81.963315
82.072072
82.170227
82.240329
82.314699
82.420225
82.537278
82.679919
82.845703
83.058233
83.261906
83.550715
83.804010
84.048857
84.247605
84.443621
84.674392
84.908616
85.099344
85.379528
85.556455
85.690294
85.763043
85.844625
85.967369
86.135267
86.361947
86.564693
86.772266
86.982240
87.224487
87.427798
87.668479
87.879990
88.120131
88.318645
88.509096
88.717466
88.892696
89.101856
89.288210
89.510885
89.701954
89.924714
90.111673
90.321779
90.529966
90.699640
90.886470
91.051343
91.203220
91.333770
91.418747
91.534789
91.678956
91.892358
92.133871
92.382158
92.638088
92.849430
93.082597
93.270697
93.460563
93.711656
93.936409
94.169311
94.368462
94.570743
94.789529
94.967223
95.129513
95.274438
95.400271
95.534414
95.662256
95.830827
96.082082
96.318077
96.560112
96.765919
96.962170
97.079863
97.183694
97.285393
97.387517
97.482924
97.616775
97.756431
97.972081
98.209585
98.405491
98.623681
98.814907
99.044358
99.223114
99.398730
99.571891
99.722398
99.862347
100.008650
100.148934
100.309322
100.470667
100.657973
100.901771
101.117201
101.331976
101.574486
101.816054
102.015600
102.224744
102.378125
102.476477
102.575721
102.666999
102.784407
102.925916
103.094255
103.286869
103.523932
103.718953
103.933003
104.150033
104.339697
104.540796
104.775280
104.987633
105.240354
105.502543
105.755789
105.947534
106.144349
106.363402
106.579614
106.838297
107.039916
107.264895
107.476809
107.740791
107.962616
108.213547
108.419354
108.619925
108.848723
109.049805
109.253425
109.455718
109.654189
109.887382
110.085942
110.319953
110.525207
110.770110
110.985890
111.227171
111.431762
111.568723
111.680964
111.795381
111.905032
112.034148
112.214499
112.390749
112.585236
112.793726
113.045176
113.285169
113.519268
113.745940
113.935297
114.115192
114.292856
114.505396
114.701611
114.941755
115.184095
115.417742
115.618071
115.816454
116.017331
116.240553
116.433340
116.625904
116.853730
117.049999
117.279117
117.477146
117.698669
117.917199
118.143987
118.374266
118.518412
118.667805
118.757199
118.824587
118.890340
118.988520
119.099316
119.248771
119.399039
119.577434
119.792499
120.020577
120.218197
120.445290
120.640632
120.833923
121.026845
121.255991
121.488997
121.721421
121.927290
122.169778
122.406894
122.634593
122.833081
123.065615
123.300741
123.545326
123.803007
124.053027
124.256661
124.485368
124.685006
124.892676
125.094401
125.242200
125.376731
125.531978
125.686430
125.851956
126.042480
126.260958
126.478224
126.663158
126.905685
127.112018
127.331650
127.548983
127.805067
128.010208
128.227121
128.434622
128.630327
128.831449
129.044339
129.232771
129.386108
129.500324
129.611671
129.760286
129.929476
130.082286
130.259433
130.407785
130.569960
130.706408
130.890055
131.093525
131.306863
131.529037
131.761353
131.979287
132.230573
132.486167
132.729860
132.919366
133.108123
133.243796
133.377892
133.504976
133.664832
133.844689
134.067313
134.293152
134.496086
134.739149
134.945270
135.151106
135.361299
135.570879
135.785669
135.920648
136.014361
136.049136
136.083509
136.140871
136.240461
136.420963
136.655079
136.871649
137.124075
137.320507
137.512513
137.650995
137.731869
137.794496
137.870327
137.988889
138.130236
138.327594
138.505001
138.717739
138.928601
139.119145
139.344274
139.542134
139.753122
139.987507
140.191639
140.397132
140.559103
140.757410
140.972624
141.178436
141.402162
141.612262
141.828775
142.059018
142.282421
142.505318
142.749478
142.978992
143.208238
143.433009
143.646989
143.872588
144.047091
144.145380
144.205480
144.257025
144.346860
144.511307
144.726870
144.998056
145.257825
145.493923
145.731331
145.974471
146.211980
146.448365
146.646620
146.843253
147.072787
147.266418
147.488443
147.669511
147.865424
148.041873
148.223488
148.410684
148.597888
148.777297
148.924562
149.071416
149.231506
149.416215
149.653784
149.903287
150.117770
150.354249
150.537592
150.675431
150.825340
150.939549
151.038332
151.123155
151.241159
151.371343
151.528243
151.710755
151.939654
152.116342
152.374683
152.606190
152.830888
153.045344
153.300243
153.454505
153.596280
153.677544
153.743395
153.826016
153.937925
154.048816
154.116213
154.181374
154.297557
154.431523
154.591671
154.776889
154.988715
155.242114
155.464707
155.681542
155.922676
156.112759
156.286749
156.465136
156.623614
156.752813
156.910404
157.118936
157.277218
157.464349
157.667991
157.903019
158.149603
158.337264
158.565839
158.809547
159.020897
159.223985
159.421007
159.651268
159.844491
160.067268
160.263663
160.470134
160.712265
160.915951
161.136900
161.330945
161.474477
161.589846
161.756607
161.915660
162.108704
162.329172
162.543219
162.735102
162.841320
162.937714
163.124898
163.361794
163.546102
163.691066
163.784928
163.875335
163.969208
164.092861
164.262118
164.457783
164.662013
164.847172
165.076756
165.283504
165.535447
165.751899
165.995419
166.208122
166.398357
166.612534
166.796143
166.995958
167.236660
167.479386
167.681300
167.881696
168.115597
168.314552
168.544766
168.750253
168.987853
169.166355
169.304621
169.416140
169.496252
169.599934
169.727260
169.838338
169.937381
170.035599
170.169195
170.346777
170.523828
170.667129
170.800943
170.927698
171.094300
171.289760
171.487097
171.704080
171.922486
172.170045
172.393517
172.532246
172.620857
172.727767
172.874843
173.084894
173.309678
173.578536
173.769072
173.917162
174.041731
174.191694
174.332294
174.498238
174.633179
174.786821
174.937547
175.094014
175.226759
175.390160
175.555525
175.722961
175.984880
176.212677
176.420558
176.611488
176.805610
176.957637
177.065491
177.156399
177.251079
177.340951
177.428483
177.515767
177.559693
177.597241
177.677190
177.779804
177.914841
178.110373
178.332156
178.559837
178.793829
178.990835
179.188825
179.407781
179.618841
179.839130
180.038320
180.252736
180.467866
180.649460
180.789956
180.875529
180.925973
180.969220
181.057069
181.174819
181.359813
181.558769
181.824756
182.061398
182.297630
182.567115
182.801416
183.035645
183.310478
183.542864
183.772136
183.998051
184.259310
184.509223
184.720271
184.925208
185.125805
185.358941
185.558861
185.762324
185.968599
186.211203
186.421905
186.615279
186.849217
187.058391
187.247543
187.411703
187.546317
187.744012
187.874056
187.978206
188.039454
188.098676
188.176457
188.301357
188.437170
188.603695
188.840394
189.056444
189.297833
189.517919
189.707657
189.934817
190.161639
190.377800
190.561172
190.773698
190.952026
191.127132
191.331014
191.506375
191.713126
191.930077
192.153141
192.349452
192.553483
192.798542
193.058764
193.322845
193.544189
193.792181
194.007286
194.246177
194.455731
194.693078
194.894909
195.043647
195.138504
195.212823
195.324354
195.452784
195.601566
195.794735
196.009532
196.235253
196.430398
196.657384
196.873658
197.089076
197.304980
197.495535
197.725930
197.942323
198.165156
198.434937
198.686682
198.929287
199.190396
199.456042
199.684012
199.864523
200.011695
200.158525
200.357212
200.581900
200.823660
201.047097
201.292448
201.528959
201.722452
201.949033
202.145839
202.376411
202.613334
202.809523
203.021285
203.209458
203.368265
203.561556
203.769669
203.989969
204.229529
204.472593
204.665481
204.852313
204.988976
205.126164
205.290987
205.480737
205.715805
205.945398
206.155725
206.365324
206.555964
206.826596
207.061576
207.258700
207.455084
207.653613
207.848872
208.053394
208.242595
208.382803
208.524386
208.681301
208.855473
209.051998
209.210534
209.366535
209.465292
209.545308
209.635378
209.778072
209.997805
210.261112
210.494196
210.747801
210.955921
211.136390
211.332828
211.555739
211.757675
211.919885
212.107083
212.300269
212.487488
212.676620
212.884926
213.105167
213.323651
213.509206
213.714635
213.899957
214.068737
214.228799
214.446325
214.683778
214.889611
215.123503
215.322473
215.517242
215.742217
215.904348
216.159440
216.351633
216.550610
216.704636
216.823013
216.955006
217.136441
217.350228
217.521867
217.695138
217.919600
218.159923
218.363656
218.590986
218.820480
219.052826
219.252806
219.452551
219.650856
219.877596
220.070930
220.293711
220.485660
220.679248
220.908162
221.136208
221.342328
221.596513
221.859269
222.112315
222.348884
222.519457
222.657908
222.771946
222.894809
223.024400
223.154269
223.331705
223.503947
223.730445
223.940184
224.187942
224.379551
224.605301
224.863197
225.125423
225.378942
225.581665
225.813786
226.041668
226.280574
226.520141
226.723397
226.982758
227.207804
227.401682
227.631961
227.833499
228.036598
228.252865
228.397368
228.605072
228.835120
229.069503
229.318535
229.513876
229.709391
229.945182
230.176595
230.408896
230.637976
230.832306
231.031564
231.259264
231.451772
231.677700
231.901051
232.132933
232.365649
232.567959
232.807942
233.012832
233.228201
233.376765
233.502448
233.566308
233.600646
233.654184
233.747452
233.896146
234.051919
234.257452
234.446786
234.646079
234.888093
235.129220
235.341343
235.592748
235.843773
236.053531
236.256651
236.479735
236.645639
236.869395
237.071740
237.311267
237.512303
237.716355
237.945332
238.144862
238.377469
238.570261
238.785664
238.970148
239.155388
239.376879
239.600563
239.789368
239.979715
240.190327
240.403489
240.613085
240.800969
241.007926
241.144756
241.284061
241.430533
241.566449
241.738038
241.899293
242.086740
242.316678
242.525149
242.780595
243.038476
243.266491
243.506443
243.770841
244.022758
244.272836
244.480683
244.685287
244.922734
245.152938
245.386055
245.582078
245.807989
245.995516
246.180177
246.392983
246.580586
246.803000
246.986015
247.177948
247.321484
247.452702
247.574908
247.707294
247.863211
248.070360
248.284895
248.537040
248.785697
249.054766
249.324133
249.583456
249.801780
250.077653
250.273414
250.434937
250.549292
250.614406
250.633355
250.687911
250.788042
250.910572
251.065616
251.223993
251.391686
251.575726
251.776505
252.009827
252.218980
252.436551
252.660692
252.930132
253.161947
253.429088
253.660587
253.930391
254.196461
254.419062
254.644006
254.888352
255.125018
255.308865
255.413064
255.474431
255.502353
255.532391
255.591896
255.687964
255.782727
255.840655
255.939570
256.043191
256.114182
256.229398
256.399722
256.596642
256.838868
257.084874
257.349900
257.625296
257.899066
258.138869
258.419502
258.653098
258.915669
259.126869
259.328079
259.550121
259.768955
259.988293
260.209749
260.441126
260.674299
260.904103
261.106199
261.311967
261.522496
261.735864
261.984958
262.231092
262.439572
262.679845
262.890142
263.101241
263.347637
263.570318
263.806679
264.011956
264.258092
264.496388
264.724408
264.937238
265.150964
265.343248
265.527233
265.705676
265.909553
266.082121
266.257768
266.437064
266.651933
266.840223
267.043517
267.282769
267.528581
267.790773
268.022246
268.246311
268.465947
268.642824
268.903502
269.108762
269.335584
269.559240
269.768111
269.975636
270.189827
270.423699
270.619704
270.832386
271.021134
271.240518
271.446392
271.628474
271.877516
272.113249
272.342070
272.582798
272.804002
273.020385
273.236512
273.447922
273.652164
273.819411
274.063498
274.283498
274.483845
274.688469
274.925559
275.132927
275.352445
275.558423
275.774612
276.015017
276.218260
276.420630
276.657730
276.889054
277.125055
277.325222
277.559176
277.757456
277.955162
278.181708
278.377794
278.607136
278.801431
279.029272
279.223865
279.419938
279.651912
279.878764
280.075277
280.272020
280.469595
280.667477
280.898188
281.118546
281.333637
281.535238
281.693025
281.875475
282.094962
282.303876
282.515583
282.754399
282.978635
283.206032
283.436661
283.633365
283.829198
284.026628
284.237301
284.425122
284.658244
284.859385
285.089904
285.310768
285.517036
285.728691
285.935313
286.172360
286.406193
286.615422
286.843217
287.043263
287.281630
287.494886
287.698508
287.902450
288.106199
288.324706
288.538991
288.749320
288.967666
289.166139
289.340324
289.559333
289.748059
289.861565
289.941105
290.017122
290.129861
290.281812
290.468941
290.667825
290.880766
291.112809
291.340583
291.577226
291.815703
292.064766
292.275704
292.490858
292.735863
292.942535
293.147536
293.386844
293.589477
293.791285
294.022736
294.222489
294.451170
294.638155
294.847923
295.044478
295.189973
295.407748
295.573392
295.740028
295.915531
296.086255
296.314890
296.496631
296.717792
296.953903
297.158542
297.393501
297.619976
297.832371
298.058558
298.280111
298.528443
298.743057
299.007574
299.197856
299.395355
299.584131
299.776659
299.965476
300.221827
300.439547
300.648043
300.845171
301.044273
301.267224
301.463480
301.664713
301.866302
302.098524
302.290858
302.479578
302.698183
302.886260
303.085141
303.325998
303.573172
303.810518
304.002871
304.218682
304.411365
304.648272
304.849748
305.079839
305.304164
305.532788
305.752377
305.944534
306.193868
306.419010
306.666110
306.858497
307.077978
307.293018
307.506676
307.689938
307.882550
308.121397
308.329716
308.566060
308.762948
308.944806
309.112541
309.260194
309.400040
309.573301
309.781310
309.957779
310.101319
310.252293
310.409809
310.626338
310.844675
311.091261
311.288700
311.478268
311.703468
311.931037
312.162160
312.364691
312.571131
312.806355
313.036307
313.219280
313.414399
313.580894
313.705065
313.757483
313.819527
313.920099
313.975978
314.097389
314.312846
314.571739
314.839638
315.063525
315.308438
315.505403
315.604441
315.669014
315.856042
316.067194
316.286351
316.490632
316.627155
316.763769
316.875397
316.993273
317.093304
317.148630
317.203868
317.300867
317.414626
317.553544
317.748024
317.959011
318.125388
318.289391
318.447531
318.611553
318.801265
319.009993
319.214737
319.391050
319.544261
319.738126
319.906574
320.078862
320.325527
320.562839
320.821491
321.031541
321.255728
321.366286
321.459388
321.494164
321.528477
321.590849
321.699723
321.786791
321.836739
321.933138
322.040521
322.146625
322.269665
322.430856
322.612659
322.813063
323.005944
323.179550
323.427730
323.653930
323.873968
324.132463
324.349747
324.547481
324.765526
324.964457
325.170058
325.363044
325.562863
325.789114
326.005466
326.227300
326.473000
326.694505
326.935808
327.155087
327.370335
327.590103
327.816474
328.032751
328.226927
328.435500
328.599142
328.794716
328.980454
329.127754
329.278627
329.477137
329.676860
329.933873
330.175501
330.336585
330.448574
330.542812
330.628843
330.717403
330.838498
330.992890
331.185494
331.393528
331.626761
331.850114
332.052172
332.271386
332.489029
332.709969
332.967908
333.228977
333.508648
333.744012
334.018075
334.248662
334.469378
334.728179
334.948929
335.172819
335.321763
335.440701
335.559876
335.685166
335.830559
336.009017
336.246801
336.474348
336.700013
336.907698
337.072038
337.198911
337.309562
337.427007
337.564936
337.747447
337.979521
338.197068
338.406944
338.631231
338.847256
339.041686
339.281381
339.532487
339.738594
339.939743
340.147204
340.399418
340.612555
340.820561
341.051918
341.282430
341.493161
341.702222
341.887798
342.052267
342.156034
342.263715
342.408730
342.584213
342.797452
342.980370
343.119733
343.260902
343.410981
343.569574
343.728541
343.885420
344.076337
344.334679
344.546914
344.763073
344.944473
345.117803
345.289730
345.463679
345.673248
345.858237
346.047856
346.265751
346.436613
346.590225
346.767333
346.956067
347.166430
347.384455
347.612247
347.846969
348.081990
348.302166
348.518281
348.737523
348.955499
349.154797
349.345318
349.470125
349.561648
349.651797
349.775144
349.936652
350.142421
350.375779
350.626680
350.900815
351.137415
351.340693
351.509165
351.646501
351.779870
351.898212
352.012146
352.110958
352.235708
352.430503
352.669555
352.886879
353.102517
353.332084
353.536097
353.753196
353.953119
354.143223
354.388085
354.561365
354.786028
354.997472
355.212139
355.451311
355.654945
355.795499
355.917689
356.038669
356.154985
356.251590
356.340454
356.420157
356.460676
356.475452
356.509332
356.578633
356.677864
356.806356
356.923578
357.033778
357.132597
357.208015
357.300725
357.396493
357.487263
357.542966
357.619478
357.739453
357.919307
358.117701
358.312754
358.516138
358.671010
358.842643
359.022142
359.192335
359.398842
359.622868
359.816860
360.035629
360.254594
360.475669
360.696426
360.889330
361.080822
361.303680
361.487587
361.593805
361.685575
361.783050
361.899673
362.045148
362.202633
362.390713
362.559611
362.811887
363.025142
363.271845
363.463150
363.664909
363.833511
364.033707
364.209501
364.422104
364.630894
364.835721
365.032367
365.238311
365.440663
365.661557
365.885118
366.131244
366.364038
366.563739
366.757370
366.950584
367.175818
367.408620
367.647279
367.852905
368.084964
368.276739
368.500710
368.698145
368.894020
369.113055
369.329897
369.541557
369.756609
369.961678
370.182792
370.408990
370.608848
370.836706
371.033503
371.265214
371.469316
371.656603
371.782929
371.865668
371.926085
371.995555
372.087808
372.183369
372.289963
372.383838
372.451066
372.549035
372.654606
372.776924
372.942464
373.110140
373.330675
373.529610
373.766460
373.997918
374.199564
374.422567
374.599152
374.846125
375.059185
375.232920
375.471207
375.682784
375.891760
376.102846
376.314100
376.512702
376.711372
376.947118
377.158696
377.389989
377.587022
377.759988
377.906226
378.030895
378.198165
378.472636
378.776388
379.069331
379.316603
379.565335
379.792984
380.018123
380.264684
380.494245
380.676981
380.874426
381.037141
381.221368
381.406470
381.566579
381.751650
381.902095
382.101671
382.284916
382.476001
382.692765
382.879661
383.068400
383.292772
383.513136
383.736597
383.927918
384.119454
384.339822
384.523422
384.706728
384.890979
385.084198
385.276112
385.484449
385.669243
385.838945
385.966879
386.051428
386.106915
386.155988
386.218703
386.307242
386.446489
386.625033
386.806520
387.034456
387.225165
387.478847
387.692342
387.891912
388.091361
388.300092
388.509947
388.728442
388.989606
389.259855
389.500055
389.752612
389.982309
390.239234
390.495482
390.709603
390.935404
391.156596
391.379464
391.605253
391.806328
392.023480
392.258400
392.455195
392.679436
392.911937
393.149400
393.346837
393.535728
393.731588
393.949543
394.163219
394.403019
394.654937
394.886138
395.103775
395.316298
395.513204
395.708273
395.935670
396.127241
396.355718
396.595075
396.800122
397.001601
397.214373
397.436044
397.618519
397.862744
398.073585
398.314524
398.549548
398.764409
399.003157
399.210138
399.451877
399.686948
399.880520
400.095098
400.277252
400.452188
400.625093
400.776633
400.914588
401.057616
401.197062
401.381809
401.584412
401.828350
402.029531
402.225729
402.454579
402.649328
402.845253
403.074031
403.298486
403.513255
403.733227
403.964440
404.099363
404.248533
404.465876
404.731947
404.948586
405.128107
405.268388
405.411663
405.636744
405.840876
406.061761
406.265960
406.488389
406.695372
406.909238
407.136110
407.335741
407.540931
407.744120
407.979004
408.185163
408.382432
408.601862
408.820688
409.038937
409.261429
409.472723
409.700276
409.920225
410.122547
410.336415
410.533792
410.765594
410.962437
411.159638
411.358254
411.583509
411.794614
412.030772
412.256633
412.487255
412.682615
412.942773
413.147685
413.347763
413.563017
413.798429
414.023629
414.223668
414.458663
414.688560
414.923261
415.122944
415.322684
415.557206
415.781262
415.994810
416.212302
416.408211
416.621619
416.776272
417.028674
417.244507
417.453016
417.658690
417.894778
418.122364
418.332288
418.548055
418.779055
418.964173
419.198679
419.402250
419.595510
419.793195
419.994565
420.214718
420.438097
420.672508
420.846680
420.953091
421.039534
421.116747
421.214733
421.346763
421.538860
421.737002
421.954399
422.144935
422.403391
422.644822
422.860215
423.083472
423.274110
423.432413
423.547912
423.641462
423.721136
423.789086
423.921864
424.103396
424.312014
424.547770
424.789693
425.009333
425.216691
425.410686
425.585774
425.764767
425.909747
426.050797
426.204812
426.409832
426.605295
426.836605
427.070336
427.293533
427.482972
427.644659
427.769012
427.854867
427.893763
427.936824
428.013034
428.189619
428.415435
428.632041
428.864367
429.067624
429.288226
429.454106
429.543007
429.596247
429.799477
430.056353
430.358430
430.605140
430.799336
430.988610
431.211541
431.390119
431.627043
431.856672
432.096539
432.305577
432.509367
432.733141
432.895663
433.041124
433.169653
433.300277
433.406005
433.536264
433.675180
433.862615
434.062695
434.274725
434.469896
434.638654
434.809648
434.990302
435.166256
435.356557
435.567074
435.767123
435.972472
436.187057
436.409724
436.612146
436.785282
437.023177
437.182784
437.320722
437.430832
437.524643
437.642348
437.792037
437.984844
438.202785
438.450152
438.729889
439.015912
439.252384
439.471311
439.641363
439.822465
440.031561
440.264870
440.486330
440.662096
440.829932
441.010599
441.213166
441.429439
441.682292
441.936377
442.164927
442.398728
442.657454
442.877209
443.091247
443.300151
443.525444
443.737223
443.967007
444.166049
444.399889
444.634144
444.838955
445.074372
445.304943
445.505794
445.706983
445.942747
446.167478
446.372152
446.602726
446.819233
447.025798
447.236928
447.442238
447.641550
447.874360
448.076446
448.302522
448.498876
448.729633
448.960804
449.157926
449.384287
449.614458
449.824239
450.019367
450.219876
450.416226
450.642940
450.874794
451.081119
451.301632
451.497928
451.709825
451.922761
452.121446
452.355037
452.553873
452.757832
452.956039
453.151417
453.379491
453.592889
453.769065
453.951671
454.110245
454.270905
454.421221
454.597242
454.817400
455.037913
455.275489
455.475646
455.737678
456.003351
456.276266
456.541051
456.787849
457.025593
457.280434
457.538339
457.751096
457.988105
458.187891
458.391722
458.580491
458.769599
458.964785
459.158242
459.337717
459.544156
459.732496
459.912369
460.121771
460.307381
460.510286
460.715731
460.938760
461.141971
461.372596
461.606710
461.803036
462.007092
462.206320
462.412941
462.603883
462.793383
462.972284
463.195166
463.415548
463.627765
463.770606
463.865282
463.935902
464.043171
464.169666
464.351336
464.550072
464.774166
464.978234
465.219431
465.425608
465.649267
465.862241
466.049311
466.255344
466.463767
466.685104
466.914419
467.111813
467.311359
467.512956
467.751588
467.954852
468.157529
468.364447
468.590407
468.825130
469.049386
469.253838
469.453411
469.658196
469.868752
470.090547
470.297819
470.535023
470.740392
470.947597
471.145994
471.340401
471.526634
471.738546
471.904485
472.142828
472.362951
472.564351
472.776429
473.017078
473.238375
473.501742
473.755951
474.009140
474.262857
474.507390
474.721138
474.929824
475.113359
475.326798
475.520692
475.711277
475.938461
476.149032
476.395094
476.654220
476.882659
477.105187
477.331753
477.589161
477.827723
478.079305
478.326311
478.563091
478.765162
478.964261
479.195449
479.390658
479.619393
479.814810
480.041084
480.276095
480.470914
480.674704
480.879025
481.085352
481.289960
481.496949
481.697926
481.906369
482.116869
482.332278
482.576748
482.781926
483.016108
483.213726
483.412148
483.645102
483.845232
484.062066
484.254842
484.487951
484.693029
484.913402
485.134598
485.341751
485.569005
485.795629
486.026742
486.238560
486.436272
486.635160
486.865174
487.065955
487.307790
487.545038
487.766950
487.973347
488.184458
488.394990
488.599508
488.783077
489.010351
489.207583
489.438713
489.663120
489.855765
490.045940
490.220248
490.453357
490.641854
490.846968
491.062587
491.250213
491.443201
491.672386
491.882467
492.089010
492.295081
492.534999
492.746968
492.954404
493.132175
493.282425
493.452524
493.655393
493.839620
494.022319
494.160298
494.308727
494.441892
494.579010
494.726510
494.868105
495.036425
495.218463
495.395505
495.632873
495.823300
496.044561
496.221633
496.492230
496.706781
496.928520
497.197933
497.431458
497.698668
497.925930
498.184477
498.408169
498.651349
498.848687
499.088302
499.292731
499.493377
499.720723
499.929497
500.160318
500.365815
500.605485
500.837091
501.070216
501.266002
501.493555
501.685467
501.876321
502.071714
502.267868
502.489123
502.697306
502.897568
503.109560
503.303372
503.508154
503.744491
503.961407
504.167679
504.378034
504.583378
504.820824
505.036169
505.247597
505.462628
505.683854
505.885395
506.084678
506.285213
506.488599
506.693401
506.895072
507.088777
507.294554
507.549914
507.765562
507.972869
508.157304
508.334837
508.524209
508.736671
508.973570
509.156957
509.393871
509.567224
509.676121
509.740139
509.806245
509.890172
509.992517
510.114928
510.271029
510.380346
510.444986
510.531695
510.692489
510.830635
510.958765
511.097428
511.272227
511.459241
511.658855
511.856450
512.059597
512.246988
512.456073
512.664845
512.895950
513.096993
513.263951
513.416589
513.602182
513.804728
514.002984
514.193721
514.390135
514.610849
514.831057
515.021300
515.244663
515.468716
515.687014
515.883720
516.042115
516.159338
516.256004
516.355382
516.465716
516.588223
516.724905
516.871756
517.014958
517.129239
517.191866
517.217047
517.301203
517.427712
517.598454
517.820054
518.069851
518.303696
518.529078
518.772539
518.996652
519.233417
519.448026
519.687542
519.867250
520.111101
520.317234
520.523021
