0.000000
0.000000
0.000000
0.000000
59.759998
60.438999
60.456001
60.660999
61.161999
68.727997
71.198997
71.994003
91.552002
100.830002
103.920998
107.871002
109.475998
114.728996
127.482002
152.845993
172.195007
190.479996
209.259003
215.701996
220.886002
222.944000
224.664001
225.024994
225.291000
226.365005
228.886993
230.507996
231.136002
231.326004
231.401993
235.117996
246.563995
248.485001
251.401001
256.466003
262.877014
266.878998
271.274994
276.433014
284.058014
285.601013
285.778992
286.902008
286.916992
286.919006
286.924011
287.062988
287.605011
290.290985
290.778015
295.105988
298.712006
300.550995
302.131012
304.533997
307.635986
313.466003
317.447998
322.196991
324.842987
327.925995
331.053986
336.308014
340.522003
345.859009
359.184998
367.207001
369.835999
375.976013
381.375000
387.278015
393.201996
402.229004
409.263000
418.364014
423.303986
428.209991
433.873993
437.566986
444.101990
449.283997
454.000000
456.337006
464.795990
473.270996
473.639008
474.229004
474.276001
474.562012
477.691010
486.441986
497.006012
520.142029
544.263977
550.057007
555.377991
559.172974
568.247009
577.883972
581.655029
585.304993
588.109009
591.820984
606.231995
619.031006
632.953979
642.934998
652.809998
661.549011
667.908020
673.877991
683.468994
690.007996
697.333008
707.093018
714.554016
722.804016
732.322998
738.556030
740.637024
743.466980
750.403992
762.601013
777.200012
780.747986
781.203003
781.382019
781.507019
781.758972
796.244995
806.085999
807.291016
808.179993
815.117004
825.541016
839.497986
848.625000
861.880981
868.528015
878.984009
886.362000
890.570007
892.314026
893.445984
894.432007
904.392029
906.916016
917.348999
924.431030
928.379028
928.379028
928.577026
932.216003
937.320007
944.536987
949.318970
954.534973
964.374023
972.314026
981.585022
991.198975
1007.491028
1016.333984
1022.836975
1024.686035
1026.958008
1029.119995
1030.562012
1032.318970
1033.827026
1034.562012
1034.871948
1035.520996
1044.250977
1054.281006
1058.817017
1062.062012
1063.584961
1064.844971
1066.135986
1072.400024
1080.052002
1096.776001
1100.917969
1107.134033
1112.682983
1117.003052
1123.685059
1128.786987
1137.151978
1143.662964
1150.593994
1161.546021
1168.363037
1174.933960
1181.427979
1190.211060
1193.848999
1197.093018
1208.083984
1210.517944
1212.008057
1214.572021
1224.104004
1231.413940
1236.235962
1237.802002
1239.562012
1244.063965
1247.873047
1254.510010
1262.556030
1275.364990
1284.025024
1291.926025
1295.666992
1301.400024
1306.279053
1314.564941
1324.858032
1337.654053
1347.592041
1351.995972
1355.453003
1358.723999
1362.930054
1373.520020
1391.137939
1394.399048
1401.743042
1409.767944
1414.149048
1418.953979
1429.678955
1437.243042
1446.291016
1457.750000
1463.796021
1470.353027
1478.447021
1481.038940
1491.030029
1501.063965
1510.583008
1522.067017
1528.722046
1533.364014
1535.831055
1536.560059
1539.479980
1552.176025
1568.380981
1574.785034
1593.532959
1607.560059
1618.067017
1625.154053
1634.400024
1637.975952
1640.380005
1650.389038
1665.541016
1680.177002
1688.198975
1693.798950
1698.584961
1708.855957
1721.702026
1729.000977
1736.729980
1747.629028
1756.339966
1769.386963
1779.168945
1779.745972
1779.746948
1784.838013
1795.641968
1802.168945
1806.156982
1810.339966
1817.045044
1833.984985
1845.063965
1855.552002
1874.421997
1884.364990
1890.583984
1893.816040
1897.713013
1902.769043
1909.452026
1914.708008
1924.390015
1931.633057
1938.729004
1952.175049
1960.734985
1969.536987
1977.666016
1987.917969
2002.189941
2010.266968
2019.557983
2027.614990
2030.687012
2035.385010
2042.168945
2050.166016
2062.083008
2079.624023
2092.008057
2100.685059
2104.085938
2108.664062
2120.808105
2122.748047
2125.058105
2127.981934
2137.249023
2149.611084
2160.903076
2164.560059
2170.273926
2175.198975
2180.592041
2192.842041
2201.428955
2212.683105
2218.266113
2219.978027
2223.227051
2228.431885
2231.153076
2231.853027
2231.853027
2232.445068
2238.148926
2245.353027
2261.834961
2282.260986
2293.892090
2303.329102
2311.384033
2315.048096
2316.947021
2332.058105
2349.600098
2362.343994
2364.301025
2367.145996
2370.608887
2374.112061
2382.249023
2388.070068
2395.718994
2410.813965
2424.275879
2433.552002
2440.478027
2445.069092
2454.580078
2474.983887
2486.790039
2497.685059
2500.183105
2502.922119
2509.043945
2515.575928
2526.437988
2533.184082
2533.309082
2533.309082
2533.309082
2533.395996
2534.040039
2534.774902
2542.364990
2555.741943
2567.700928
2571.271973
2575.221924
2578.260010
2581.420898
2584.012939
2584.974121
2586.769043
2605.959961
2608.273926
2609.716064
2610.916992
2617.053955
2619.929932
2620.020996
2620.048096
2620.056885
2620.056885
2620.056885
2621.771973
2634.118896
2641.770996
2649.833008
2655.644043
2664.541016
2678.254883
2688.364014
2699.060059
2722.354980
2739.224121
2749.902100
2756.781006
2766.083008
2767.287109
2767.519043
2775.335938
2789.569092
2801.206055
2811.309082
2823.962891
2839.437012
2844.040039
2844.051025
2848.031982
2857.364014
2869.535889
2875.206055
2877.521973
2880.697021
2887.326904
2897.085938
2902.648926
2902.732910
2903.543945
2908.035889
2914.906982
2919.332031
2923.246094
2924.144043
2924.166016
2924.169922
2924.169922
2924.169922
2924.375000
2924.381104
2924.881104
2929.193115
2930.289062
2930.522949
2930.574951
2931.541016
2937.844971
2954.606934
2958.084961
2959.082031
2959.428955
2959.545898
2959.569092
2959.594971
2959.604980
2959.604980
2959.604980
2959.607910
2959.610107
2959.663086
2959.663086
2959.663086
2960.580078
2961.695068
2963.108887
2963.565918
2964.072998
2964.885986
2965.001953
2965.001953
2965.003906
2965.003906
2965.135986
2965.839111
2965.839111
2972.309082
2973.158936
2973.158936
2973.245117
2976.441895
2979.288086
2980.644043
2985.657959
2994.906006
3004.918945
3014.577881
3019.205078
3023.105957
3026.405029
3031.759033
3039.790039
3045.600098
3050.863037
3057.402100
3061.039062
3065.252930
3072.542969
3076.892090
3077.365967
3078.604980
3081.747070
3082.458008
3085.584961
3091.064941
3097.697021
3104.573975
3110.471924
3115.841064
3117.156006
3118.778076
3120.675049
3124.331055
3130.093018
3139.978027
3149.986084
3166.038086
3174.730957
3181.142090
3189.919922
3196.279053
3202.028076
3210.333984
3212.512939
3212.927002
3215.322021
3218.849121
3219.967041
3220.120117
3220.853027
3223.850098
3225.066895
3225.607910
3225.642090
3225.642090
3225.688965
3225.779053
3225.793945
3225.806885
3225.808105
3225.809082
3225.985107
3226.497070
3227.218994
3227.822998
3228.685059
3229.683105
3230.592041
3231.970947
3232.330078
3233.254883
3233.649902
3233.698975
3233.780029
3233.845947
3233.906982
3234.269043
3234.625977
3235.041016
3236.862061
3242.154053
3244.583984
3247.489990
3253.498047
3257.863037
3261.137939
3263.092041
3263.643066
3263.644043
3263.644043
3263.979004
3263.979004
3263.979004
3264.621094
3265.301025
3265.548096
3265.625977
3265.631104
3265.631104
3265.881104
3266.657959
3266.741943
3266.756104
3266.760010
3266.761963
3266.761963
3266.766113
3266.767090
3266.775879
3266.775879
3266.775879
3266.775879
3266.775879
3266.775879
3266.775879
3266.775879
3266.775879
3266.913086
3266.914062
3266.964111
3266.964111
3266.976074
3267.186035
3267.288086
3267.308105
3267.308105
3267.308105
3267.308105
3267.308105
3267.308105
3267.308105
3267.308105
3267.313965
3267.316895
3267.320068
3267.320068
3267.320068
3267.320068
3267.320068
3267.538086
3267.935059
3268.399902
3269.039062
3269.344971
3269.527100
3270.299072
3272.302979
3272.321045
3272.322021
3272.322998
3272.666992
3273.030029
3273.037109
3273.037109
3273.037109
3273.037109
3273.524902
3273.916992
3274.102051
3274.358887
3274.530029
3274.628906
3274.741943
3274.989990
3275.038086
3275.055908
3275.062988
3275.065918
3275.071045
3275.204102
3275.677002
3276.719971
3278.071045
3279.499023
3281.548096
3284.280029
3289.621094
3292.324951
3293.802002
3294.596924
3295.001953
3295.002930
3295.012939
3295.091064
3295.217041
3295.427002
3296.042969
3297.054932
3299.912109
3301.641113
3302.500977
3302.743896
3302.821045
3302.822021
3302.825928
3302.835938
3303.332031
3303.333984
3303.333984
3303.333984
3303.333984
3303.333984
3303.333984
3303.333984
3303.334961
3305.056885
3306.614990
3306.960938
3308.663086
3313.903076
3319.559082
3325.126953
3330.659912
3336.452881
3341.385010
3346.003906
3349.570068
3352.926025
3356.861084
3359.741943
3363.721924
3371.228027
3376.625977
3383.464111
3392.500000
3406.260010
3418.232910
3431.547119
3445.207031
3455.235107
3461.118896
3466.012939
3471.180908
3474.074951
3478.271973
3484.406982
3488.708008
3493.217041
3499.760010
3505.475098
3513.804932
3526.305908
3545.693115
3556.760010
3558.511963
3560.646973
3566.892090
3579.676025
3592.123047
3612.507080
3626.241943
3629.403076
3629.510986
3629.833984
3629.916016
3633.232910
3638.667969
3645.910889
3651.625000
3654.436035
3654.644043
3666.024902
3677.220947
3686.937012
3690.318115
3691.638916
3692.062988
3692.468994
3694.600098
3695.780029
3703.010986
3711.486084
3715.516113
3722.232910
3726.447021
3731.186035
3742.274902
3750.209961
3759.313965
3768.923096
3781.024902
3788.222900
3793.070068
3803.321045
3813.404053
3823.970947
3827.939941
3832.489990
3837.405029
3843.843994
3850.541992
3862.938965
3873.912109
3884.543945
3896.225098
3910.887939
3912.316895
3912.537109
3919.154053
3931.970947
3938.824951
3953.166016
3960.212891
3963.992920
3966.543945
3970.102051
3971.851074
3972.677002
3974.760986
3976.979980
3983.489990
3988.207031
3992.443115
3993.702881
3994.775879
3998.139893
4002.302979
4007.805908
4016.262939
4024.897949
4040.260986
4047.684082
4056.072021
4069.404053
4082.363037
4095.906006
4112.418945
4120.039062
4122.321777
4122.358887
4122.358887
4126.661133
4133.386230
4137.411133
4142.855957
4146.039062
4149.282227
4153.693848
4156.937988
4160.640137
4166.809082
4167.121094
4168.842773
4175.043945
4175.295898
4175.296875
4175.304199
4175.841797
4175.846191
4186.581055
4193.042969
4194.195801
4196.079102
4199.056152
4202.784180
4207.277832
4211.770996
4218.875000
4222.746094
4224.145020
4224.287109
4224.291016
4224.291016
4224.365234
4224.837891
4225.217773
4225.868164
4227.826172
4229.849121
4231.206055
4234.729004
4237.231934
4239.455078
4243.551758
4246.099121
4248.582031
4252.279785
4254.869141
4257.207031
4260.443848
4262.382812
4264.234863
4265.665039
4265.685059
4266.190918
4266.233887
4266.237793
4267.687012
4270.386230
4273.300781
4276.090820
4280.237793
4282.924805
4285.545898
4289.092773
4290.855957
4292.019043
4292.777832
4292.791016
4292.846191
4293.222168
4293.530762
4293.630859
4294.478027
4295.053223
4295.078125
4295.482910
4295.919922
4295.919922
4295.919922
4295.919922
4295.922852
4298.395996
4298.562988
4298.667969
4298.667969
4298.674805
4298.674805
4298.674805
4298.681152
4298.681152
4298.681152
4298.892090
4298.892090
4298.912109
4299.338867
4299.448242
4300.795898
4303.863770
4306.917969
4308.583984
4312.353027
4319.116211
4323.619141
4326.291992
4328.397949
4331.028809
4332.516113
4333.689941
4337.317871
4339.440918
4340.415039
4340.524902
4340.524902
4340.526855
4340.526855
4340.800781
4340.945801
4340.945801
4340.948242
4340.948242
4340.948242
4340.952148
4340.955078
4344.008789
4346.626953
4346.902832
4347.363770
4347.639160
4347.845215
4348.111816
4348.274902
4348.840820
4349.620117
4349.770020
4349.789062
4349.791992
4349.801758
4349.801758
4349.855957
4349.876953
4350.182129
4350.298828
4350.371094
4350.372070
4350.372070
4350.382812
4352.505859
4357.403809
4363.083984
4374.776855
4383.238770
4392.071777
4402.000000
4416.488770
4424.036133
4436.108887
4443.428223
4447.039062
4448.326172
4452.187012
4458.776855
4476.309082
4487.471191
4494.584961
4499.183105
4502.458984
4504.778809
4511.211914
4519.686035
4530.645020
4536.536133
4540.150879
4543.169922
4546.325195
4547.117188
4547.716797
4551.516113
4552.684082
4552.981934
4552.991211
4552.994141
4553.432129
4556.171875
4559.137207
4559.375977
4563.425781
4571.796875
4574.765137
4581.732910
4589.559082
4596.205078
4601.687988
4609.708008
4613.516113
4614.983887
4615.074219
4615.074219
4616.041992
4616.325195
4616.366211
4616.366211
4616.366211
4616.366211
4616.366211
4616.366211
4616.366211
4616.386230
4616.562012
4616.694824
4616.728027
4616.762207
4616.810059
4616.933105
4617.706055
4618.389160
4618.773926
4618.894043
4619.208984
4620.059082
4620.762207
4620.966797
4620.972168
4620.974121
4620.975098
4620.976074
4620.976074
4620.976074
4620.976074
4621.121094
4621.121094
4621.121094
4621.121094
4621.121094
4621.121094
4621.123047
4621.125977
4621.130859
4621.131836
4621.131836
4621.131836
4621.131836
4621.131836
4621.131836
4621.131836
4621.131836
4621.149902
4621.158203
4621.166016
4621.208984
4621.209961
4621.210938
4621.212891
4621.212891
4621.277832
4621.602051
4622.360840
4623.223145
4623.414062
4623.464844
4623.465820
4623.465820
4623.465820
4623.465820
4623.465820
4623.465820
4623.576172
4623.604980
4623.607910
4623.607910
4623.607910
4623.607910
4623.607910
4623.607910
4623.607910
4623.623047
4623.838867
4624.027832
4624.092773
4624.102051
4624.102051
4624.102051
4624.102051
4624.102051
4624.102051
4624.102051
4624.102051
4624.102051
4624.107910
4624.113770
4624.167969
4624.300781
4624.384766
4624.430176
4624.434082
4624.496094
4624.562988
4624.569824
4624.583008
4624.608887
4624.633789
4624.812988
4624.876953
4624.876953
4625.582031
4629.304199
4634.371094
4640.183105
4643.079102
4645.075195
4646.779785
4647.509766
4648.359863
4648.369141
4648.379883
4648.392090
4648.408203
4648.464844
4648.481934
4648.481934
4648.481934
4649.601074
4649.792969
4649.821777
4649.833008
4649.846191
4649.884766
4649.981934
4651.254883
4651.770020
4651.770020
4651.770020
4651.770020
4651.770020
4651.770020
4651.770020
4651.770020
4652.134766
4653.547852
4654.975098
4656.429199
4657.115234
4660.532227
4663.740234
4667.311035
4672.944824
4676.728027
4676.945801
4677.937012
4678.338867
4680.181152
4681.653809
4691.415039
4703.926758
4706.770996
4710.443848
4715.576172
4719.711914
4723.308105
4723.930176
4723.930176
4724.644043
4724.990234
4725.117188
4725.132812
4725.330078
4725.888184
4725.903809
4725.903809
4725.903809
4726.820801
4727.740234
4727.865234
4727.866211
4727.866211
