0.981681
0.981881
2.20489
2.70663
3.20723
3.71063
4.21027
4.71891
5.21085
5.71941
6.21234
6.71267
7.21324
7.71355
8.21367
8.71406
9.21307
9.71473
10.2142
10.7147
11.2164
11.7148
12.2324
12.7168
13.2175
13.7175
14.2178
14.7187
15.2187
15.7194
16.2188
16.7195
17.2212
17.7213
18.2216
18.7218
19.2299
19.723
20.2228
20.7241
21.2429
21.7236
22.2246
22.7244
23.2454
23.7256
24.2261
24.7373
25.2266
25.7273
26.2275
26.727
27.2284
27.7281
28.2288
28.7292
29.2284
29.7302
30.2298
30.7296
31.231
31.7379
32.2318
32.7501
33.2331
33.7335
34.2329
34.7336
35.2344
35.7334
36.242
36.7355
37.2347
37.7396
38.2363
38.7369
39.2371
39.7377
40.2378
40.7537
41.2376
41.7392
42.2392
42.7399
43.2532
43.7402
44.2411
44.7413
45.2413
45.7426
46.2424
46.7669
47.243
47.7443
48.2431
48.7436
49.2448
49.7449
50.2849
50.7462
51.2465
51.7473
52.2584
52.7461
53.2462
53.7563
54.248
54.7488
55.2827
55.7497
56.2507
56.7499
57.2508
57.7508
58.251
58.751
59.2529
59.7511
60.2518
60.7768
61.2526
61.7532
62.2804
62.7543
63.2547
63.7775
64.2561
64.7571
65.285
65.7568
66.2571
66.7579
67.2577
67.7573
68.2593
68.7593
69.2595
69.7768
70.2609
70.761
71.2677
71.7599
72.2611
72.7612
73.2628
73.7624
74.2788
74.7634
75.2636
75.7634
76.2638
76.7637
77.2648
77.7653
78.2654
78.7663
79.2664
79.7672
80.266
80.7821
81.2683
81.7685
82.279
82.7693
83.2687
83.7706
84.2878
84.7703
85.2709
85.8036
86.2709
86.7719
87.2921
87.7718
88.2725
88.7728
89.2743
89.7736
90.2729
90.7735
91.2745
91.7911
92.2744
92.7758
93.2765
93.7769
94.2778
94.7772
95.2769
95.7789
96.2775
96.7776
97.2783
97.7791
98.2903
98.7815
99.2809
99.8051
100.282
100.783
101.282
101.81
102.283
102.784
103.307
103.784
104.286
104.784
105.312
105.785
106.285
106.786
107.288
107.81
108.287
108.787
109.287
109.825
110.288
110.788
111.289
111.79
112.29
112.798
113.292
113.791
114.291
114.791
115.291
115.792
116.292
116.793
117.294
117.794
118.294
118.794
119.294
119.795
120.297
120.795
121.295
121.796
122.297
122.797
123.297
123.797
124.316
124.798
125.299
125.829
126.298
126.801
127.299
127.8
128.299
128.801
129.302
129.802
130.302
130.803
131.303
131.804
132.306
132.804
133.305
133.824
134.305
134.806
135.306
135.829
136.306
136.807
137.324
137.808
138.309
138.81
139.309
139.809
140.31
140.81
141.31
141.812
142.312
142.812
143.313
143.812
144.313
144.852
145.313
145.813
146.357
146.815
147.314
147.813
148.316
148.815
149.315
149.817
150.317
150.817
151.321
151.829
152.32
152.817
153.318
153.817
154.327
154.819
155.32
155.82
156.319
156.82
157.32
157.819
158.32
158.859
159.335
159.822
160.324
160.823
161.335
161.825
162.324
162.824
163.327
163.825
164.326
164.825
165.327
165.826
166.325
166.826
167.328
167.864
168.328
168.829
169.33
169.831
170.327
170.83
171.33
171.83
172.332
172.832
173.358
173.831
174.329
174.831
175.331
175.833
176.347
176.833
177.334
177.845
178.335
178.834
179.334
179.835
180.339
180.836
181.335
181.855
182.337
182.837
183.354
183.839
184.343
184.86
185.337
185.868
186.339
186.839
187.34
187.841
188.342
188.839
189.341
189.842
190.342
190.843
191.343
191.844
192.344
192.844
193.345
193.844
194.356
194.845
195.345
195.846
196.346
196.847
197.357
197.847
198.348
198.848
199.348
199.849
200.349
200.849
201.35
201.85
202.349
202.86
203.35
203.851
204.374
204.852
205.352
205.884
206.352
206.854
207.388
207.855
208.355
208.855
209.355
209.856
210.356
210.856
211.358
211.857
212.357
212.857
213.357
213.861
214.359
214.858
215.358
215.858
216.359
216.86
217.359
217.86
218.36
218.861
219.361
219.862
220.362
220.862
221.361
221.861
222.362
222.863
223.363
223.865
224.364
224.864
225.365
225.865
226.366
226.87
227.367
227.867
228.367
228.867
229.381
229.868
230.368
230.869
231.373
231.87
232.369
232.906
233.37
233.871
234.371
234.887
235.371
235.873
236.392
236.873
237.373
237.875
238.381
238.875
239.375
239.876
240.382
240.876
241.375
241.876
242.376
242.876
243.377
243.878
244.377
244.879
245.378
245.879
246.38
246.892
247.379
247.881
248.381
248.881
249.388
249.881
250.382
250.89
251.383
251.881
252.401
252.884
253.384
253.885
254.383
254.884
255.384
255.886
256.385
256.908
257.387
257.886
258.387
258.885
259.401
259.889
260.389
260.889
261.39
261.889
262.389
262.888
263.388
263.889
264.389
264.89
265.391
265.891
266.391
266.892
267.392
267.908
268.392
268.894
269.393
269.896
270.395
270.895
271.407
271.895
272.395
272.896
273.397
273.897
274.396
274.897
275.398
275.898
276.399
276.899
277.398
277.899
278.4
278.9
279.411
279.899
280.4
280.908
281.402
281.903
282.403
282.902
283.403
283.924
284.403
284.904
285.418
285.905
286.405
286.905
287.405
287.907
288.408
288.906
289.408
289.907
290.408
290.907
291.408
291.909
292.427
292.91
293.41
293.909
294.41
294.909
295.409
295.91
296.411
296.914
297.412
297.913
298.413
298.943
299.412
299.913
300.415
300.928
301.414
301.914
302.42
302.914
303.416
303.923
304.416
304.918
305.417
305.918
306.418
306.918
307.419
307.919
308.433
308.92
309.421
309.943
310.421
310.921
311.421
311.922
312.423
312.923
313.423
313.923
314.423
314.923
315.424
315.924
316.423
316.925
317.426
317.927
318.425
318.926
319.426
319.926
320.424
320.927
321.427
321.933
322.428
322.929
323.456
323.928
324.429
324.93
325.431
325.931
326.432
326.931
327.431
327.93
328.465
328.932
329.432
329.932
330.431
330.933
331.433
331.934
332.433
332.945
333.435
333.934
334.435
334.935
335.437
335.937
336.449
336.937
337.437
337.939
338.439
338.94
339.474
339.942
340.441
340.94
341.44
341.94
342.441
342.941
343.441
343.939
344.439
344.951
345.442
345.943
346.454
346.943
347.444
347.965
348.444
348.944
349.445
349.946
350.446
350.944
351.449
351.945
352.445
352.947
353.447
353.947
354.448
354.949
355.45
355.948
356.449
356.95
357.45
357.956
358.45
358.952
359.45
359.951
360.451
360.951
361.452
361.952
362.451
362.954
363.453
363.953
364.463
364.954
365.455
365.956
366.461
366.956
367.455
367.96
368.457
368.957
369.458
369.985
370.459
370.959
371.46
371.959
372.46
372.987
373.461
373.959
374.46
374.961
375.462
375.969
376.462
376.961
377.461
377.961
378.463
378.962
379.463
379.964
380.464
380.964
381.464
381.979
382.466
382.967
383.482
383.966
384.466
384.966
385.467
385.966
386.468
386.969
387.468
387.969
388.484
388.97
389.471
389.978
390.471
390.971
391.472
391.971
392.473
392.989
393.473
393.974
394.507
394.975
395.475
396.006
396.476
396.977
397.477
397.977
398.474
398.986
399.478
399.977
400.478
400.978
401.478
401.979
402.48
402.979
403.478
403.978
404.48
404.981
405.487
405.982
406.482
406.982
407.482
407.983
408.484
408.984
409.492
409.983
410.482
410.984
411.485
411.985
412.486
412.985
413.486
413.987
414.487
414.988
415.488
415.987
416.489
416.989
417.488
417.989
418.489
418.99
419.49
419.989
420.49
420.991
421.492
421.992
422.492
422.993
423.493
423.999
424.494
424.995
425.494
425.994
426.495
426.993
427.495
427.996
428.497
429.02
429.497
429.997
430.498
430.999
431.498
431.998
432.5
432.999
433.499
434
434.498
435
435.501
436.001
436.5
437.001
437.513
438.002
438.502
439.018
439.503
440.004
440.504
441.004
441.504
442.004
442.505
443.006
443.506
444.007
444.507
445.007
445.507
446.008
446.508
447.019
447.509
448.009
448.51
449.01
449.511
450.011
450.51
451.011
451.518
452.011
452.512
453.011
453.513
454.013
454.514
455.036
455.514
456.015
456.515
457.015
457.515
458.036
458.516
459.016
459.515
460.017
460.518
461.018
461.523
462.018
462.518
463.018
463.521
464.019
464.52
465.024
465.521
466.021
466.531
467.021
467.523
468.022
468.523
469.022
469.551
470.024
470.525
471.046
471.524
472.023
472.524
473.023
473.525
474.043
474.526
475.026
475.53
476.026
476.527
477.046
477.528
478.027
478.527
479.026
479.527
480.029
480.529
481.03
481.531
482.06
482.53
483.031
483.531
484.04
484.532
485.034
485.534
486.034
486.534
487.035
487.548
488.036
488.563
489.036
489.535
490.036
490.538
491.036
491.575
492.037
492.538
493.038
493.537
494.039
494.539
495.039
495.539
496.043
496.54
497.041
497.55
498.042
498.543
499.041
499.542
500.042
500.542
501.043
501.543
502.044
502.545
503.045
503.545
504.045
504.546
505.067
505.546
506.046
506.547
507.048
507.549
508.048
508.549
509.048
509.548
510.05
510.549
511.051
511.551
512.052
512.551
513.052
513.552
514.053
514.595
515.051
515.552
516.053
516.553
517.054
517.552
518.054
518.554
519.055
519.555
520.055
520.555
521.065
521.556
522.056
522.585
523.058
523.558
524.085
524.559
525.059
525.593
526.059
526.559
527.072
527.56
528.061
528.56
529.088
529.561
530.062
530.584
531.063
531.564
532.063
532.563
533.063
533.578
534.065
534.566
535.102
535.566
536.066
536.566
537.067
537.566
538.067
538.565
539.067
539.566
540.068
540.569
541.069
541.57
542.069
542.57
543.069
543.57
544.072
544.572
545.073
545.572
546.073
546.573
547.074
547.574
548.074
548.575
549.075
549.574
550.074
550.575
551.076
551.575
552.077
552.576
553.076
553.582
554.078
554.588
555.079
555.58
556.079
556.579
557.081
557.58
558.08
558.58
559.079
559.582
560.083
560.582
561.094
561.583
562.083
562.583
563.084
563.584
564.084
564.585
565.085
565.585
566.085
566.586
567.086
567.587
568.087
568.587
569.087
569.587
570.09
570.588
571.088
571.593
572.089
572.589
573.124
573.591
574.091
574.592
575.094
575.591
576.093
576.592
577.091
577.592
578.092
578.592
579.105
579.595
580.094
580.594
581.095
581.599
582.096
582.596
583.096
583.597
584.098
584.598
585.098
585.597
586.098
586.599
587.099
587.607
588.1
588.6
589.101
589.602
590.102
590.602
591.101
591.602
592.102
592.601
593.101
593.606
594.104
594.605
595.104
595.611
596.12
596.61
597.12
597.622
