0.202239
0.202303
0.202362
0.202428
0.202484
0.202538
0.202601
0.202673
0.202726
0.202785
0.202851
0.233975
0.377905
0.528438
0.689520
0.819433
0.906127
0.982671
1.000740
1.181798
1.580834
1.887406
2.114744
2.216170
2.279195
2.343523
2.401449
2.492185
2.631882
2.798249
2.937229
3.048670
3.117802
3.166507
3.237322
3.334112
3.458938
3.572992
3.659902
3.738457
3.822716
3.892030
3.972212
4.043917
4.133233
4.216601
4.318690
4.433997
4.509146
4.549805
4.592072
4.683256
4.818468
4.964929
5.167934
5.366560
5.616786
5.838325
6.088605
6.303624
6.466143
6.659508
6.840727
7.062739
7.254054
7.477831
7.701611
7.926662
8.141730
8.319841
8.514450
8.668769
8.830158
8.950456
9.098198
9.278855
9.539434
9.761135
9.964595
10.176198
10.366760
10.615984
10.835740
11.076542
11.269025
11.456400
11.648550
11.884524
12.123613
12.370699
12.626041
12.837669
13.039842
13.262407
13.476598
13.661751
13.884995
14.099066
14.297721
14.468618
14.657994
14.907809
15.131641
15.357662
15.578108
15.817741
16.030628
16.211365
16.359210
16.460852
16.560647
16.672053
16.857667
17.087826
17.333894
17.536293
17.745607
17.891362
18.035985
18.172667
18.289483
18.402472
18.529636
18.657084
18.840749
19.021314
19.242388
19.430810
19.622767
19.852444
20.050680
20.241521
20.453229
20.662078
20.841748
21.047107
21.199821
21.359346
21.512829
21.687906
21.874959
22.100525
22.293634
22.489075
22.686443
22.915199
23.105639
23.289089
23.507310
23.699091
23.891158
24.088161
24.320650
