2.71876
2.94657
3.17814
3.3827
3.58264
3.78974
4.02703
4.25586
4.45269
4.66157
4.89309
5.12336
5.35918
5.57262
5.80561
6.03333
6.25099
6.47616
6.66801
6.90079
7.14019
7.34435
7.57131
7.78456
7.97885
8.21299
8.41347
8.65165
8.90256
9.11738
9.2949
9.50096
9.6973
9.9423
10.1379
10.3467
10.565
10.7881
10.9868
11.1859
11.4248
11.6277
11.8694
12.0834
12.3202
12.5203
12.7565
12.9944
13.1853
13.4034
13.6011
13.8436
14.0663
14.2707
14.5081
14.7238
14.959
15.1589
15.3935
15.6234
15.8314
16.0456
16.251
16.4856
16.6908
16.9253
17.1469
17.387
17.6246
17.8273
18.051
18.2652
18.4921
18.6956
18.9223
19.1298
19.3635
19.5636
19.7573
19.9922
20.1919
20.4346
20.6283
20.8538
21.0645
21.2659
21.4502
21.6929
21.9286
22.1596
22.3854
22.5879
22.7886
23.013
23.2495
23.4452
23.6778
23.9038
24.138
24.336
24.5457
24.7747
24.9822
25.1808
25.378
25.6027
25.8382
26.0743
26.3082
26.5116
26.7397
26.936
27.1774
27.4133
27.6443
27.8427
28.0836
28.2788
28.5099
28.7428
28.9455
29.1501
29.3796
29.581
29.8122
30.0222
30.249
30.4604
30.6641
30.8927
31.0951
31.2981
31.5302
31.7684
31.9622
32.2015
32.4011
32.6233
32.8265
33.0241
33.2319
33.4594
33.6589
33.8625
34.0568
34.2895
34.4932
34.7027
34.9258
35.13
35.3289
35.5206
35.7622
