0.000000
0.000000
0.000000
41.557999
41.776001
41.834000
42.066002
42.087002
43.386002
48.648998
50.633999
53.875000
66.431999
73.112999
78.157997
85.646004
87.692001
88.203003
89.569000
91.489998
113.209999
130.084000
144.888000
151.279007
156.059006
157.416000
159.830002
170.384003
185.257996
189.917999
194.690002
201.072998
206.658997
217.507996
230.951996
253.041000
262.644989
267.143005
275.884003
283.285004
291.946014
300.065002
304.617004
306.209991
308.473999
310.665009
312.313995
313.828003
314.084015
318.247986
319.454010
319.821014
322.319000
326.917999
330.265015
333.216003
334.917999
337.132996
340.851990
348.431000
356.524994
370.484985
374.303009
377.328003
380.957001
387.044006
389.876007
393.131989
395.709015
