1.87095
1.87104
2.4027
2.93437
3.40599
3.91702
4.40614
4.90749
5.40671
5.90694
6.40674
6.90722
7.40993
7.91059
8.414
8.90977
9.41006
9.94249
10.4107
10.91
11.425
11.9127
12.4146
12.9141
13.4143
13.9141
14.4147
14.9142
15.4139
15.9145
16.4185
16.9256
17.4185
17.9178
18.4186
18.9229
19.4191
19.9221
20.4392
20.9226
21.4503
21.9288
22.4223
22.9219
23.4452
23.922
24.4221
24.9224
25.4273
25.9267
26.4264
26.9361
27.426
27.9262
28.4261
28.9458
29.4273
29.929
30.4307
30.9306
31.4307
31.9307
32.4307
32.9304
33.4304
33.9306
34.4307
34.9341
35.4336
