2.70349
2.91448
3.1518
3.36197
3.59581
3.79789
3.9915
4.19082
4.42714
4.63442
4.84006
5.06817
5.29333
5.51002
5.70621
5.94311
6.14687
6.34158
6.53905
6.76804
6.97643
7.18425
7.41797
7.65741
7.84833
8.05322
8.28415
8.5206
8.726
8.95787
9.16669
9.37735
9.59792
9.82941
10.0265
10.2195
10.4446
10.6727
10.8668
11.072
11.3053
11.5117
11.7196
11.9542
12.1848
12.3923
12.5934
12.8391
13.0773
13.2462
13.443
13.6625
13.9002
14.1484
14.3632
14.5982
14.8333
15.033
15.2642
15.465
15.6742
15.8626
16.0939
16.3321
16.5333
16.7556
16.9593
17.1608
17.3707
17.6053
17.8428
18.0506
18.2676
18.4714
18.6723
18.9049
19.1372
19.3355
19.5422
19.747
19.9675
20.1688
20.3734
20.6055
20.8082
21.0422
21.2751
21.5047
21.6889
21.9263
22.1167
22.3411
22.54
22.7433
22.9612
23.17
23.3716
23.6018
23.8068
24.0037
24.2415
24.4442
24.6743
24.8801
25.1096
25.3104
25.5412
25.7771
25.9801
26.1802
26.3904
26.6052
26.848
27.0472
27.2546
27.4815
27.715
27.9051
28.1437
28.3596
28.5565
28.7907
29.0163
29.2188
29.453
29.6521
29.8737
30.077
30.3075
30.5009
30.7383
30.9391
31.1474
31.3804
31.589
31.8168
32.0456
32.2867
32.4825
32.6925
32.9126
33.1198
33.3183
33.5524
33.7524
33.9838
34.2217
34.4551
34.657
34.883
35.0815
35.3019
35.4794
35.7051
35.9083
36.1102
36.3118
36.5451
36.7465
36.9493
37.1764
37.4096
37.6134
37.8136
38.0453
38.2784
38.4795
38.7095
38.946
39.1455
39.3473
39.5755
39.8066
40.0099
40.2458
40.478
40.7099
40.9146
41.1525
41.3842
41.6154
41.8136
42.0482
42.2486
42.4528
42.6794
42.8803
43.0813
43.3138
43.5465
43.7498
43.9825
44.1833
44.4122
44.6471
44.8531
45.0773
45.2812
45.481
45.684
45.8855
46.1156
46.318
46.5205
46.7528
46.9527
47.1566
47.3585
47.585
47.786
48.0186
48.223
48.4515
48.6543
48.8548
49.085
49.2871
49.5175
49.7172
49.9545
50.1604
50.3624
50.5895
50.7943
51.0199
51.2228
51.4343
51.6575
51.8574
52.089
52.2916
52.5244
52.7585
52.9609
53.191
53.3915
53.5943
53.8253
54.0247
54.2613
54.4941
54.7242
54.9258
55.1612
55.3949
55.5961
55.8005
56.0252
56.2609
56.4645
56.6948
56.9223
57.1255
57.325
57.5271
57.7588
57.9635
58.1956
58.4277
58.6625
58.8932
59.1249
59.3259
59.5252
59.7272
59.9607
60.1641
60.3665
60.5962
60.8309
61.0639
61.2643
61.4944
61.6953
61.8962
62.0963
62.3255
62.527
62.729
62.9332
63.1632
63.3647
63.5646
63.765
63.9946
64.1962
64.3971
64.5984
64.7987
65.0007
65.2025
65.4037
65.6309
65.868
66.0683
66.2982
66.5003
66.7316
66.9332
67.1339
67.3684
