0.202239
0.202301
0.202364
0.202423
0.202486
0.202544
0.202597
0.202656
0.202723
0.202782
0.202838
0.221931
0.351847
0.501390
0.645188
0.786873
0.880738
0.953345
0.984631
1.037571
1.322030
1.671405
1.977780
2.149429
2.226359
2.283660
2.347237
2.421317
2.518599
2.675073
2.826603
2.976432
3.066881
3.121297
3.177806
3.269526
3.408931
3.554617
3.666091
3.760848
3.856182
3.927876
3.994383
4.068697
4.150024
4.231449
4.322108
4.437482
4.552106
4.626726
4.667087
4.705821
4.787873
4.912885
5.074976
5.271799
5.502226
5.716378
5.973018
6.186054
6.376189
6.540681
6.727851
6.938126
7.126243
7.348174
7.540987
7.734598
7.932175
8.149889
8.367842
8.543012
8.730783
8.875491
9.012558
9.200724
9.452828
9.684831
9.872489
9.985995
10.043224
10.056361
10.076868
10.136571
10.224963
10.362256
10.543024
10.788988
11.036925
11.335978
11.579547
11.801461
12.008055
12.190505
12.350200
12.476739
12.626694
12.856785
13.079444
13.299375
13.537866
13.724436
13.934374
14.119761
14.321627
14.481762
14.689673
14.920684
15.107701
15.287476
15.475709
15.699590
15.935328
16.134325
16.322951
16.508673
16.662490
16.769206
16.882361
16.991967
17.121299
17.303547
17.512869
17.710033
17.950991
18.170689
18.446233
18.672109
18.886411
19.031824
19.195174
19.358132
19.535780
19.741378
19.877770
19.948609
20.101408
20.363798
20.571448
20.721516
20.864688
21.000087
21.172675
21.433237
21.688098
21.973860
22.252418
22.518845
22.747555
23.013384
23.241808
23.481068
23.701087
23.927514
24.079666
24.236468
24.500101
24.817997
25.148420
25.572442
26.166196
26.840937
27.323578
27.411708
27.656502
27.827574
27.899861
27.917979
27.937122
27.962303
27.980276
28.034728
28.125447
28.146077
28.149607
28.178929
28.218128
28.394678
28.705015
28.925579
29.174273
29.294529
29.488752
29.717931
29.842553
29.898242
29.912245
29.985973
30.026981
30.144995
30.200659
30.260762
30.295979
30.332040
30.389448
30.506872
30.525940
30.583754
30.650951
30.727834
30.752375
30.783983
30.828764
30.831464
30.887793
30.939800
30.988655
31.018568
31.070074
31.101930
31.119630
31.133524
31.163580
31.174485
31.199216
31.248518
31.275536
31.314742
31.339071
31.374535
31.392880
31.412876
31.442701
31.498206
31.529620
31.541857
31.567124
31.596528
31.621743
31.647259
31.671892
31.691317
31.731831
31.759486
31.784376
31.816635
31.838719
31.863693
31.891664
31.907724
31.930077
31.946882
31.979014
32.002406
32.028830
32.042052
32.061828
32.107424
32.127452
32.149653
32.182841
32.201585
32.225682
32.245056
32.273435
32.299014
32.316836
32.337383
32.357127
32.391826
32.412946
32.439570
32.458983
32.472910
32.492294
32.508457
32.533845
32.549338
32.587190
32.608613
32.639529
32.658938
32.692527
32.710161
32.741716
32.757191
32.794107
32.821827
32.850108
32.860766
32.890564
32.904516
32.925205
32.940034
32.979752
33.015985
33.052335
33.079797
33.097585
33.190673
33.293122
33.332011
33.358280
33.372789
33.394651
33.404108
33.426689
33.447781
33.468025
33.512745
33.534374
