0.000000
0.000000
0.000000
41.557999
41.745998
41.993999
42.035000
42.055000
43.173000
48.085999
50.801998
51.650002
62.217999
73.595001
76.787003
85.028999
88.905998
92.946999
94.089996
96.646004
110.477997
125.139999
148.110992
154.804993
158.996002
161.479996
165.072998
175.121994
185.343994
192.263000
197.214996
201.403000
207.449997
218.250000
231.535995
252.542007
262.954987
267.707001
268.798004
268.832001
268.833008
270.886993
284.483002
287.795013
291.627014
295.294006
301.312988
309.044006
310.825012
312.213989
314.363007
317.828003
321.532013
324.704987
324.740997
324.743011
324.743011
324.743011
324.743988
324.744995
327.684998
329.139008
329.294006
329.398010
329.441986
329.628998
329.647003
329.679993
329.679993
329.679993
329.679993
329.679993
329.681000
329.681000
329.681000
329.681000
329.681000
329.681000
329.681000
329.681000
329.681000
329.681000
329.681000
329.681000
329.681000
329.681000
329.681000
329.681000
329.682007
329.682007
329.682007
329.682007
329.682007
329.682007
329.682007
329.682007
329.682007
329.682007
329.712006
329.712006
329.712006
329.712006
329.712006
329.712006
329.712006
329.712006
329.712006
329.712006
329.712006
329.712006
329.712006
329.712006
329.712006
329.712006
329.712006
329.712006
329.712006
329.712006
329.712006
329.712006
329.712006
329.712006
329.712006
329.712006
329.712006
329.712006
329.712006
329.712006
329.712006
329.712006
329.712006
329.712006
