1.84711
1.84735
2.37254
2.90249
3.37618
3.88455
4.37748
4.8769
5.37621
5.87754
6.37663
6.87684
7.3766
7.87688
8.38109
8.88061
9.38099
9.88182
10.3808
10.8806
11.3812
11.8809
12.3924
12.8806
13.3825
13.9004
14.385
14.8851
15.3848
15.8852
16.3848
16.8845
17.3878
17.8887
18.3887
18.905
19.401
19.8881
20.4159
20.8885
21.3885
21.8886
22.3926
22.8935
23.3935
23.8934
24.3927
24.8961
25.3929
25.8927
26.3933
26.8935
27.3974
27.9054
28.3965
28.8973
29.3968
29.8969
30.397
30.8972
31.3998
31.9005
32.4008
32.9128
33.401
33.9005
34.4012
34.9007
35.4012
35.9022
36.4044
36.9044
37.4048
37.9052
38.4049
38.9053
39.4052
39.9049
40.4051
40.9083
41.4087
41.9091
42.4086
42.9085
43.4095
43.9088
44.4087
44.9088
45.4089
45.9124
46.4127
46.9127
47.4131
47.9128
48.4125
48.9132
49.4128
49.9134
50.4171
50.9171
51.4164
51.9169
52.4172
52.9174
53.4168
53.9171
54.4175
54.9203
55.4211
55.9206
56.421
56.9226
57.4209
57.9207
58.4206
58.9207
59.4207
59.9245
60.4246
60.9244
61.4247
61.9253
62.4248
62.9253
63.4253
63.9249
64.4251
64.9288
65.4292
65.9288
66.4283
66.9291
