9.5261
12.35
21.5873
22.2173
22.2382
22.4151
22.4278
25.6177
25.6403
25.6559
27.4393
27.4532
27.6798
27.6925
27.7123
27.7327
30.5282
30.5477
30.5704
30.5881
37.4029
37.4231
38.0396
38.0612
40.3836
40.4041
40.4266
42.1035
42.1147
42.1362
68.7358
68.973
70.4775
70.4923
72.6589
72.8677
72.8885
72.9072
72.9279
72.9472
72.9678
72.9896
75.5357
79.2552
80.125
80.1462
91.1629
91.183
91.5998
91.6164
93.3429
93.3553
93.5599
94.2317
94.2536
94.275
94.292
94.3124
94.3327
94.3528
94.3717
94.3927
94.4129
96.1754
96.1996
96.4242
96.4402
96.4588
96.4791
96.5002
96.519
96.5389
96.5591
96.5784
96.6045
97.4834
97.4995
97.5199
99.2891
103.197
103.862
103.879
108.167
108.18
108.2
108.221
108.239
114.477
114.727
114.743
120.589
120.609
122.969
122.984
122.995
123.016
123.036
123.056
123.076
123.095
123.116
123.136
123.165
123.176
124.918
124.932
125.572
125.591
125.611
125.771
125.792
125.815
125.834
125.851
125.872
125.892
125.916
125.931
125.953
125.974
137.964
140.363
140.384
140.403
144.664
144.679
147.688
147.708
147.729
151.979
151.991
154.996
155.016
155.036
155.056
155.076
155.096
155.114
161.523
161.535
163.495
169.308
170.81
171.251
171.271
171.287
171.3
171.32
171.34
178.415
187.004
187.024
187.045
187.065
187.083
187.108
187.123
187.144
187.168
187.194
187.211
187.233
187.252
187.272
187.299
187.319
187.339
187.361
187.379
187.401
187.426
187.444
187.465
187.487
187.503
187.526
187.543
187.563
187.59
187.615
187.646
187.663
187.687
187.703
187.724
187.747
187.767
187.787
187.805
187.824
187.852
187.867
187.887
187.911
187.926
187.947
187.971
187.987
188.008
188.031
188.06
188.075
188.1
188.115
188.137
188.157
188.178
188.2
188.22
188.238
188.261
188.28
188.301
188.323
188.339
188.363
188.383
188.4
188.422
188.439
188.463
188.48
188.5
188.521
188.541
188.559
188.582
188.599
188.619
188.644
188.664
188.679
188.704
188.72
188.742
188.759
188.78
188.805
188.819
188.843
188.863
188.879
188.898
188.921
188.939
188.965
188.979
189.001
189.023
189.038
189.062
189.079
189.108
189.131
189.158
189.172
189.195
189.212
189.231
189.253
189.271
189.293
189.308
189.334
189.352
189.372
189.392
189.415
189.431
189.451
189.475
189.492
189.516
189.532
189.548
189.572
189.594
189.614
189.633
189.651
189.672
189.691
189.712
189.734
189.749
189.771
189.796
189.811
189.832
189.854
189.875
189.897
189.911
189.931
189.957
189.976
189.991
190.016
190.031
190.056
190.072
190.091
190.115
190.131
190.152
190.175
190.191
190.206
190.234
190.252
190.276
190.291
190.313
190.334
190.352
190.377
190.393
190.413
190.434
190.452
190.473
190.494
190.511
190.534
190.551
190.571
190.596
190.612
190.638
190.664
190.681
190.7
190.726
190.739
190.76
190.783
190.8
190.826
190.842
190.861
190.882
190.899
190.921
190.942
190.959
190.985
190.999
191.022
191.045
191.063
191.08
191.101
191.119
191.142
191.16
191.182
191.207
191.239
191.265
191.282
191.301
191.324
191.339
191.364
191.382
191.401
191.425
191.44
191.461
191.483
191.514
191.531
191.558
191.58
191.603
191.623
191.639
191.659
191.681
191.7
191.715
191.731
191.753
191.771
191.793
191.812
191.834
191.853
191.875
191.89
191.912
191.946
191.974
191.993
192.011
192.034
192.052
192.073
192.094
192.112
192.136
192.153
192.171
192.196
192.211
192.234
192.258
192.283
192.3
192.324
192.339
192.36
192.382
192.399
192.423
192.44
192.46
192.482
192.5
192.519
192.54
192.559
192.582
192.611
192.634
192.652
192.676
192.691
192.713
192.732
192.751
192.774
192.792
192.808
192.837
192.852
192.874
192.898
192.912
192.936
192.954
192.975
192.999
193.017
193.034
193.058
193.073
193.094
193.114
193.134
193.156
193.173
193.194
193.216
193.241
193.258
193.275
193.295
193.318
193.335
193.356
193.379
193.395
193.416
193.435
193.453
193.476
193.496
193.518
193.541
193.57
193.6
193.618
193.639
193.655
193.676
193.7
193.714
193.736
193.757
193.775
193.799
193.815
193.835
193.86
193.883
193.903
193.928
193.943
193.963
193.988
194.003
194.025
194.044
194.062
194.085
194.104
194.121
194.144
194.162
194.184
194.204
194.223
194.243
194.264
194.283
194.305
194.321
194.337
194.355
194.376
194.399
194.415
194.438
194.456
194.481
194.501
194.515
194.537
194.559
194.578
194.6
194.615
194.635
194.66
194.676
194.698
194.719
194.735
194.758
194.789
194.821
194.835
194.856
194.878
194.895
194.918
194.935
194.955
194.982
195
195.015
195.039
195.055
195.077
195.101
195.116
