8.7901e-05
0.00766145
0.00818175
0.00302051
0.00111546
0.000680106
0.000607261
0.00330644
0.0014083
0.00131826
0.000630778
0.00191021
0.000909346
0.00189236
0.00147688
0.00214347
0.00188747
0.0007918
0.00343147
0.00161601
0.000872778
0.000982638
0.000778691
0.00267253
0.00540502
0.00522665
0.00800326
0.0211773
0.000481994
0.00105015
0.000599464
0.000869408
0.00684917
0.00162577
0.0040504
0.00115769
0.00168112
0.000709482
0.00158646
0.00102956
0.00125029
0.00233536
0.00105955
0.00097007
0.0021599
0.00380196
0.000470081
0.000757034
0.00563022
0.00166507
0.00793827
0.000738143
0.000588446
0.000537101
0.00253039
0.0035927
0.000976125
0.00145321
0.00201239
0.00180632
0.000786729
0.00158929
0.00193197
0.000487858
0.0035228
0.005643
0.00108683
0.000462115
0.0010197
0.00136625
0.000653378
0.000955627
0.000543699
0.000706281
0.00646307
0.00507045
0.000632052
0.0017464
0.0143292
0.00967117
0.011517
0.000288131
0.000695055
0.001748
0.00133755
0.00204913
0.000741405
0.00536512
0.00384299
0.000785447
0.00661206
0.00537561
0.00675425
0.00157605
0.000981871
0.000984974
0.00136844
0.000979857
0.00168627
0.00109303
0.00114687
0.00213664
0.000710266
0.00142707
0.00769764
0.00201393
0.0013486
0.000758282
0.000613066
0.000657544
0.00169091
0.00412978
0.00284488
0.000948397
0.00105393
0.00135448
0.00577528
0.000808972
0.0018668
0.00352667
0.00227296
0.000332362
0.00120402
0.000451112
0.00557847
0.000638355
0.0017527
0.00116552
0.00187434
0.000893457
0.000840255
0.000862753
0.00135532
0.00150946
0.000355839
0.000418687
0.00156421
0.000253836
0.000382992
0.000797678
0.000513736
0.00899468
0.00115343
0.0122682
0.00419518
0.000929934
0.000844951
0.000755255
0.000741781
0.000613636
0.00477327
0.00442528
0.00619706
0.006234
0.0042632
0.00861436
0.00452879
0.00472981
0.00935333
0.00435366
0.00437156
0.00683458
0.00438709
0.00593026
0.0128318
0.00476035
0.0043905
0.00686893
0.00455824
0.00668846
0.00439305
0.00520811
0.00575591
0.00897606
0.004253
0.00752418
0.0042933
0.00444155
0.0110906
0.00847803
0.00434962
0.0042908
0.0082862
0.00468987
0.00544129
0.00812529
0.00784705
0.00863784
0.00601165
0.0054976
0.0042563
0.00421418
0.00424235
0.00809196
0.00427946
0.00440101
0.00887224
0.00425764
0.00499272
0.00877885
0.00614232
0.00486308
0.00900637
0.00445242
0.00593463
0.00502265
0.00484724
0.00691037
0.00693396
0.0044216
0.00425459
0.0053049
0.00705686
0.00911068
0.00431627
0.00907595
0.0079035
0.00559682
0.00741319
0.00485649
0.00430798
0.00443736
0.00535871
0.00713004
0.00698545
0.00424641
0.00765361
0.0050108
0.00456803
0.0100608
0.00423582
0.0043343
0.00929325
0.00435812
0.00679412
0.00426554
0.00455532
0.0106263
0.00496479
0.00871538
0.0086203
0.00426027
0.00432741
0.00652813
0.00446606
0.0111765
0.00456991
0.00668731
0.00840151
0.00430483
0.00742726
0.00495214
0.00456652
0.00442641
0.0109453
0.00499258
0.00875131
0.00553614
0.00433344
0.00577876
0.00436462
0.00588805
0.00419829
0.00709229
0.00537627
0.00450217
0.00525538
0.00809774
0.00445027
0.00429196
0.00826698
0.00556713
0.00931461
0.00581233
0.004212
0.00531211
0.00721361
0.00814441
0.0065509
0.00421053
0.00431401
0.00442884
0.00569674
0.00737554
0.00430922
0.00436827
0.00946888
0.00426785
0.00604121
0.00730515
0.00847532
0.0106815
0.00447047
0.0044079
0.00980102
0.00451445
0.00448174
0.00901735
0.00436462
0.00857232
0.00481418
0.00445114
0.00859124
0.00423506
0.00507273
0.00856211
0.0042827
0.00431611
0.00752273
0.00462629
0.00947542
0.00428097
0.0061256
0.0073526
0.00585039
0.00986923
0.00691926
0.00439132
0.00782223
0.00471771
0.00624986
0.00756635
0.00428155
0.00734298
0.0045787
0.00451161
0.00908252
0.00588304
0.00432312
0.00934875
0.0062529
0.00587784
0.0104891
0.00422614
0.00600418
0.00843694
0.0056327
0.0108521
0.00474414
0.0067372
0.00773252
0.00430803
0.00569806
0.00730608
0.00478356
0.010057
0.00423702
0.00728573
0.0103678
0.00834111
0.00420408
0.00659518
0.00427386
0.00748109
0.00490293
0.00713461
0.0120571
0.0122822
0.0105931
0.0042439
0.00605871
0.0104938
0.00461379
0.00970195
0.00730719
0.00588734
0.00958347
0.0055954
0.00712664
0.00824556
0.00687165
0.00503139
0.0106086
0.0057048
0.00867093
0.00848853
0.0046813
0.00464899
0.00671125
0.00475343
0.00422855
0.00438496
0.0061496
0.00431593
0.00731512
0.00633101
0.00733481
0.0058205
0.00842429
0.00424487
0.00442343
0.00434075
0.00661295
0.00618465
0.00443225
0.00706574
0.00458592
0.00664757
0.00738125
0.00493692
0.00964628
0.00423137
0.00426049
0.00850122
0.00466178
0.00783381
0.0117091
0.0088411
0.00552033
0.00955157
0.00426788
0.00543047
0.00425293
0.0043564
0.00898805
0.0053785
0.00454067
0.00720958
0.00432643
0.00491539
0.00561928
0.00441721
0.00653635
0.00434875
0.00727899
0.00454423
0.00869835
0.00430542
0.00585086
0.00482252
0.00425508
0.00723673
0.00523162
0.00429965
0.00896155
0.00507347
0.00541302
0.0100825
0.00431493
0.0072123
0.00529731
0.00563261
0.0107465
0.00420275
0.00448949
0.00857744
0.00436398
0.00510454
0.00497893
0.00455055
0.00763892
0.00457263
0.0045212
0.00646908
0.0043755
0.00782527
0.00504191
0.00444722
0.00801163
0.00437306
0.00435893
0.00890109
0.00449332
0.00546966
0.00549024
0.00430333
0.00561587
0.00561878
0.00671639
0.0102193
0.0122292
0.00889584
0.00700935
0.00839834
0.0045443
0.00448767
0.00885372
0.00428403
0.00606636
0.00744466
0.00435568
0.00821813
0.00485803
0.00449143
0.00993085
0.0042722
0.00519938
0.00969846
0.00511201
0.00447067
0.00894739
0.0043532
0.00634434
0.00615387
0.0043263
0.00728221
0.0061517
0.00430967
0.0063068
0.00444102
0.0059495
0.00536451
0.00469498
0.00445322
0.00467571
0.00451981
0.0075036
0.00428233
0.00704605
0.00456589
0.00510029
0.00854843
0.00429836
0.00741746
0.00497161
0.00950574
0.0100843
0.00450847
0.00630167
0.00448646
0.00721043
0.00911948
0.00480694
0.00430974
0.00963546
0.00562387
0.00789678
0.00899354
0.00430607
0.00756231
0.00466204
0.00981861
0.00430342
0.00536885
0.00757682
0.00446694
0.006941
0.00481465
0.00466359
0.011935
0.00423674
0.00447843
0.00815945
0.00436328
0.00687576
0.0104977
0.00463629
