0.00427777
0.000940018
0.00315454
0.00210827
0.0174582
0.000901131
0.0136505
0.000947228
0.017731
0.00160866
0.0223366
0.00911656
0.0232814
0.000906417
0.00275482
0.0024488
0.00137863
0.00136493
0.00362044
0.000750612
0.00255802
0.00421253
0.00343898
0.00526466
0.00358513
0.00599645
0.00543364
0.00324051
0.0179893
0.00174831
0.00406845
0.00562555
0.0117917
0.00709934
0.00572902
0.00186853
0.00411292
0.00221188
0.00558219
0.0118825
0.00746741
0.0102807
0.00739564
0.00432071
0.00494624
0.00894994
0.00285835
0.0108474
0.0133009
0.00260659
0.00383728
0.00528699
0.00218805
0.00138532
0.00234938
0.00244688
0.00218565
0.00267198
0.00692771
0.00234376
0.00240348
0.00152441
0.00692098
0.00415779
0.00223365
0.0179432
0.0112891
0.00111061
0.00196222
0.00442558
0.00133334
0.00364026
0.00869813
0.0007447
0.00530194
0.0022547
0.00117183
0.00123642
0.00296766
0.00459102
0.000635058
0.00560415
0.015578
0.000665288
0.00134002
0.00451563
0.0043152
0.00404349
0.00260256
0.00278033
0.00095425
0.008196
0.00218282
0.00164089
0.00139321
0.00174639
0.00218865
0.00290834
0.00480665
0.0024757
0.0044027
0.00111429
0.00374158
0.0165789
0.00704722
0.00268636
0.00457101
0.00384569
0.00743572
0.00376413
0.00682793
0.00176261
0.0012159
0.00206118
0.00553395
0.00147833
0.00366989
0.00698792
0.00251265
0.0030337
0.00984518
0.00111129
0.00421425
0.0115283
0.00156234
0.00900835
0.00503895
0.000706242
0.0041842
0.00123711
0.00600146
0.00186793
0.0018649
0.0028251
0.00336597
0.0113902
0.00240734
0.00144226
0.00365719
0.000934185
0.00415079
0.00112363
0.00651163
0.00514774
0.0055631
0.0183373
0.00222835
0.00397588
0.00390157
0.00750504
0.001944
0.00489766
0.000888454
0.0139222
0.000693291
0.00758087
0.00666587
0.00192327
0.00472651
0.00442163
0.000984158
