7.9468
9.54392
11.2621
12.365
14.0477
15.1637
16.4244
18.1473
18.3683
18.7831
19.0344
19.2235
20.2655
21.1309
21.6009
22.2569
22.4476
23.0956
24.7543
25.3875
25.6693
27.4749
27.7539
29.3916
30.6103
32.2321
33.9517
35.4179
37.1967
37.4442
38.0828
38.7159
40.4502
42.162
43.9816
45.6969
47.451
49.2087
50.9677
52.6745
54.4099
56.1213
57.8061
59.5629
61.2638
63.0077
64.7699
66.5817
67.4523
68.7572
68.9869
69.208
70.5129
72.2277
72.6765
73.0102
74.6447
75.5578
75.7411
77.5347
79.277
79.897
80.1691
81.899
83.6407
85.3686
85.9902
87.5239
89.2246
90.9589
91.2044
91.6384
91.7995
93.1057
93.38
93.5811
94.4545
96.216
96.6399
97.5438
99.3079
99.8879
101.006
102.764
103.208
103.635
103.895
104.066
104.529
106.237
107.96
108.267
109.901
111.244
112.935
114.492
114.765
116.449
118.216
118.877
119.483
120.155
120.627
122.347
123.202
124.953
125.635
125.996
127.726
129.526
131.289
133.021
134.556
134.764
135.436
137.122
137.986
138.63
140.17
140.425
142.096
143.397
144.702
146.41
147.052
147.479
147.751
149.592
151.355
151.58
152.017
153.693
155.136
156.298
158.05
158.726
160.053
161.556
161.971
162.199
163.519
165.231
166.957
167.623
168.504
169.125
169.321
169.743
170.833
171.366
172.98
173.884
174.771
176.532
178.215
178.442
180.153
181.917
183.611
184.051
185.731
