1.18074
1.18091
2.41508
2.9453
3.41753
3.92629
4.41864
4.93244
5.41789
5.91914
6.41815
6.91822
7.41905
7.91836
8.43117
8.92285
9.42182
9.93424
10.4221
10.9227
11.4224
11.922
12.4224
12.9227
13.4227
13.9269
14.4267
14.9252
15.4262
15.9268
16.4267
16.9271
17.4265
17.9263
18.4266
18.9269
19.4307
19.931
20.4303
20.9308
21.4306
21.9303
22.4301
22.9308
23.431
23.9343
24.4344
24.9345
25.4343
25.9344
26.4348
26.934
27.4343
27.9345
28.4385
28.938
29.4389
29.939
30.4384
30.9385
31.4383
31.9381
32.4383
32.9388
33.4388
33.9427
34.4422
34.9428
35.4421
35.9422
36.4428
36.9588
37.4443
37.9423
38.4428
38.9424
39.4457
39.9685
40.4505
40.9462
41.4469
41.9468
42.4467
42.9464
43.4468
43.9486
44.4509
44.9503
45.457
45.9501
46.4508
46.9517
47.4519
47.9502
48.4507
48.989
49.4548
49.9546
50.4548
50.9543
51.4541
51.9542
52.4541
52.9547
53.4584
53.9581
54.4584
54.9588
55.4588
55.9588
56.4579
56.9765
57.4587
57.9586
58.4873
58.96
59.4621
59.9786
60.463
60.9622
61.4629
61.9627
62.4626
62.9882
63.463
63.966
64.4664
64.9825
65.4668
65.9668
66.4665
66.9942
67.4668
67.9666
68.4886
68.973
69.4693
69.9704
70.4775
70.9705
71.4706
71.9707
72.471
72.9701
73.4744
73.9748
74.4748
74.9743
75.4745
75.9743
76.4743
76.9742
77.5162
77.9781
78.4788
79.0157
79.4787
79.9782
80.478
80.9787
81.4784
81.9786
82.4788
82.9891
83.4785
83.9791
84.4825
84.983
85.4826
85.9902
86.4823
86.9827
87.5098
87.9831
88.4826
88.9823
89.4832
89.9852
90.4869
90.9865
91.4866
91.9868
92.486
92.9868
93.4865
93.9864
94.4877
94.9905
95.491
95.9902
96.4906
96.9902
97.4903
97.9903
98.4904
98.9908
99.4901
99.9911
100.495
101.006
101.494
102.008
102.528
102.994
103.494
103.995
104.514
104.994
105.498
105.999
106.498
106.999
107.513
107.998
108.499
108.998
109.498
109.998
110.499
111.03
111.503
112.002
112.523
113.003
113.502
114.012
114.502
115.002
115.503
116.005
116.506
117.007
117.507
118.007
118.511
119.007
119.507
120.007
120.506
121.007
121.508
122.01
122.511
123.01
123.511
124.039
124.511
125.01
125.51
126.01
126.513
127.021
127.514
128.014
128.515
129.015
129.515
130.015
130.514
131.014
131.515
132.018
132.519
133.021
133.519
134.018
134.542
135.018
135.519
136.019
136.518
137.018
137.521
138.023
138.523
139.022
139.522
140.022
140.522
141.023
141.523
142.023
142.522
143.023
143.526
144.026
144.526
145.026
145.526
146.027
146.527
147.027
147.527
148.027
148.53
149.03
149.53
150.03
150.53
151.03
151.531
152.031
152.531
153.037
153.531
154.031
154.534
155.036
155.535
156.047
156.535
157.034
157.535
158.035
158.535
159.034
159.537
160.039
160.539
161.039
161.539
162.039
162.538
163.051
163.539
164.039
164.551
165.043
165.542
166.043
166.543
167.043
167.542
168.05
168.543
169.043
169.542
170.042
170.543
171.047
171.547
172.047
172.547
173.046
173.547
174.047
174.546
175.047
175.547
176.062
176.551
177.05
177.551
178.05
178.551
179.065
179.551
180.051
180.551
181.05
181.55
182.051
182.554
183.054
183.555
184.054
184.554
185.055
185.555
186.054
186.562
187.054
187.555
188.06
188.559
189.062
189.559
190.059
190.559
191.074
191.558
192.059
192.559
193.061
193.57
194.062
194.562
195.062
