0.00740262
0.0080566
0.00283974
0.000658221
0.00158408
0.00159362
0.0222027
0.000715138
0.0114782
0.000530571
0.000587193
0.00105169
0.00134769
0.00103895
0.00459647
0.00344883
0.00440965
0.0021619
0.000537429
0.0118241
0.000449432
0.0107492
0.000532593
0.000871343
0.00886782
0.00936045
0.000873109
0.000598642
0.00101548
0.000836832
0.00916119
0.00124298
0.000424886
0.000828949
0.000311339
0.00131743
0.00131543
0.000324508
0.00213214
0.00385966
0.00102335
0.00171776
0.00032097
0.00040315
0.000509642
0.0109841
0.000835465
0.0096687
0.00346586
0.00109461
0.00106309
0.00205878
0.000727253
0.000920167
0.00163949
0.0178841
0.00311744
0.00122234
0.00145921
0.00118306
0.0016255
0.000614438
0.000894519
0.000820666
0.000786922
0.00145822
0.00046194
0.00476856
0.000727833
0.00749339
0.00154862
0.00145233
0.00027362
0.00182318
0.000972279
0.00380353
0.0156638
0.000395046
0.00995573
0.000412687
0.00137905
0.000468533
0.000840936
0.0150647
0.000767202
0.000669178
0.00950927
0.00599119
0.00208063
0.00691289
0.00439494
0.00807758
0.00795539
0.00974792
0.0043401
0.0100491
0.00950824
0.00426126
0.00954381
0.00403389
0.00403671
0.00569225
0.00899092
0.00422467
0.00716369
0.00408407
0.00416356
0.00639961
0.00575855
0.00417129
0.00403963
0.00835615
0.0120598
0.00716257
0.00823943
0.00798939
0.00549476
0.00539395
0.00779246
0.00749547
0.00410618
0.00411271
0.00584415
0.00457921
0.00657115
0.00798869
0.00561488
0.00931383
0.00407884
0.00871013
0.00404432
0.0105213
0.0109894
0.00721823
0.00793582
0.0120342
0.00899673
0.00550249
0.01194
0.00421599
0.00414673
0.00792727
0.00784111
0.00749321
0.00894908
0.00423922
0.00410304
0.00866531
0.00518246
0.00408977
0.00661701
0.0100191
0.00508687
0.00625539
0.00616113
0.00859455
0.00520012
0.00614038
0.0091565
0.00400537
0.00411569
0.00567583
0.0119577
0.00598002
0.00772666
0.00758227
0.00455022
0.00988025
0.00819633
0.00725916
0.00403732
0.00408888
0.00698269
0.00659792
0.0074275
0.00983398
0.00595303
0.00722409
0.00999342
0.00487816
0.00405485
0.00408684
0.00511961
0.00771939
0.0124698
0.00519532
0.00938805
0.00585956
0.00409852
0.0053002
0.00881647
0.00400603
0.00412426
0.00972532
0.00632212
0.00726419
0.00945568
0.00655547
0.00693413
0.00654809
0.0126433
0.00413306
0.00471528
0.00544769
0.00986306
0.00567924
0.00743916
0.00973577
0.00594605
0.00951845
0.00599963
0.00592527
0.00400095
0.00560475
0.009077
0.00693884
0.00406613
0.00891354
0.00488419
0.00959964
0.00566184
0.00864434
0.00406658
0.00880396
0.00740656
0.0089288
0.00559264
0.00899139
0.00886005
0.008106
0.00419266
0.00945504
0.00487616
0.00404346
0.00417926
0.00622305
0.00412765
0.00664373
0.00832088
0.00554045
0.00964657
0.00442991
0.00906221
0.0040345
0.00416091
0.00740889
0.00865987
0.00710183
0.00792963
0.00662229
0.0120685
0.0101331
0.00748777
0.00574579
0.00402216
0.00455596
0.00893724
0.00602371
0.00421786
0.00636744
0.00434677
0.00571929
0.00578543
0.00623875
0.00408151
0.007747
0.00694101
0.011549
0.00868735
0.00528516
0.00706858
0.00527691
0.00507027
0.00408904
0.00586035
0.00699144
0.00603787
0.00845774
0.00627725
0.00689827
0.00783862
0.00458855
0.0100669
0.00405214
0.00559678
0.00996839
0.00418676
0.00711873
0.00597826
0.00684449
0.0112661
0.00947162
0.0113489
0.00655085
0.00408872
0.00665351
0.00702566
0.0100044
0.00531357
0.00604779
0.0102273
0.00840978
0.00846039
0.00940605
0.00401644
0.00485197
0.00749813
0.0040863
0.00417971
0.00605068
0.00794426
0.00495456
0.00412831
0.00858423
0.00895312
0.00405907
0.00414274
0.00823085
0.00453263
0.00717478
0.00984064
0.00414864
0.00887866
0.00905072
0.0081202
0.00406557
0.00403239
0.00616723
0.00509442
0.00431741
0.00821648
0.00417569
0.00718408
0.00816158
0.0060018
0.00611022
0.00413001
0.00483815
0.00449396
0.00516965
0.00757171
0.00632286
0.00700716
0.00565406
0.00604858
0.00801722
0.0040857
0.00701441
0.00890551
0.00481898
0.00889794
0.00956429
0.00681254
0.0102003
0.00560089
0.0095117
0.00397924
0.00412942
0.00729057
0.0129708
0.010967
0.00968148
0.00782586
0.00476861
0.00959125
0.00621548
0.00667193
0.00399603
0.00444616
0.00978697
0.00599027
0.00444726
0.00650918
0.00470092
0.00592386
0.0071797
0.00472791
0.00404418
0.00409925
0.00406368
0.00743095
0.00827153
0.00410511
0.00581041
0.00595551
0.00788144
0.00907905
0.00405517
0.00437971
0.00643293
0.00761957
0.00755152
0.00598185
0.0127861
0.00461174
0.00997789
0.00398207
0.00410341
0.00665293
0.0043668
0.0051002
0.00410416
0.0042533
0.00779425
0.00618517
0.00416781
0.00408366
0.00574219
0.00667172
0.00555424
0.00654676
0.00407981
0.00870681
0.0107208
0.00412801
0.0095902
0.0070636
0.0040513
0.00796029
0.0129514
0.012076
0.00919498
0.00706665
0.00974695
0.00607422
0.00851657
0.00401979
0.00415398
0.00595286
0.00524775
0.00585493
0.00542786
0.00442803
0.00853316
0.00576141
0.00445399
0.00414889
0.00905985
0.00996107
0.00491204
0.00804397
0.00556057
0.00685644
0.00790035
0.0046676
0.00951165
0.00433722
0.00412131
0.00950066
0.0044305
0.0064517
0.00969117
0.00438203
0.00957744
0.00653588
0.00780226
0.00433359
0.00583155
0.00446979
0.00977843
0.00623789
0.00557687
0.00940648
0.00411614
0.00763113
0.00403755
0.0040154
0.00722543
0.00646953
0.00673075
0.00409849
0.00548958
0.0111898
0.0047111
0.00530833
0.0071706
0.00410165
0.00476708
0.00601519
0.00817146
0.00835642
0.00690249
0.00852564
0.0054345
0.00590007
0.00961455
0.00411136
0.00670103
0.0116571
0.0103738
0.00538311
0.00696298
0.00864284
0.00402105
0.00952099
0.00813091
0.00463006
0.00404423
0.00744958
0.00710515
0.00855639
0.00494957
0.00867923
0.00888384
0.00534008
0.00885798
0.00644963
0.00403426
0.00405752
0.00404561
0.00703559
0.0100176
0.00415682
0.0107745
0.00478234
0.00726411
0.0106431
0.00402603
0.00462327
0.00910495
0.00601872
0.00561843
0.00909175
0.00533346
0.00891846
0.00670142
0.00404384
0.00402562
0.00422748
0.00404937
0.00874832
0.00467605
0.0056421
0.0111507
0.010376
0.00477493
0.00404339
0.00410711
0.00849479
0.00746538
0.00561021
0.0074446
0.00878183
0.00883266
0.00644188
0.00921563
0.00396703
0.0040773
0.00705599
0.0045703
0.00892167
0.00711316
0.00452521
0.0101724
0.00485838
0.00462544
0.00410712
0.00410951
0.00711443
0.0091743
0.00418334
0.00751675
0.00456463
0.00563269
0.00813606
0.00665795
0.00794021
0.00401197
0.00560426
0.00581907
0.00573648
0.00773793
0.0101571
0.00984988
0.00452731
0.0041761
0.00464926
0.00402725
0.00410594
0.00457947
0.00615001
0.00490995
0.00842972
0.00913812
0.0086739
0.00853351
0.00468452
0.0109404
0.00403329
0.00429922
0.0103579
0.00879117
0.00559544
0.00790413
0.00735729
0.00450203
0.0106633
0.0105867
0.00412884
0.00405472
0.00693211
0.00411487
0.00452822
0.00482331
0.00471843
0.00654697
0.00450465
0.00411323
0.00414177
0.00403333
0.00404104
0.00938322
0.0043088
0.0040809
0.00877277
0.00406698
0.00934176
0.0106345
0.004001
0.00404755
0.00444834
0.00662767
0.0102295
0.0105324
0.00616912
0.00916277
0.00419402
0.0095415
0.00405469
0.00412336
0.00974505
0.00929472
0.00883828
0.00955704
0.00586881
0.00812582
0.00950208
0.00407987
0.0104279
0.00415737
0.00429072
0.00546375
0.00452434
0.00635778
0.00828192
0.00439744
0.00882938
0.00669973
0.00553839
0.00794155
0.0056292
0.00413233
0.00405242
0.00403824
0.00699733
0.00729545
0.00753077
0.00885902
0.00404186
0.0084463
0.00718445
0.0040134
0.00534728
0.00926802
0.00638726
0.00888669
0.0084571
0.00488314
0.0099247
0.00633645
0.0057239
0.00398832
0.00414973
0.0080146
0.0085642
0.00551871
0.00966444
0.00501655
0.00759275
0.0063015
0.00657784
0.0040397
0.00432344
0.00559104
0.00852381
0.0055944
0.00761004
0.00469294
0.00418996
0.00851885
0.00672784
0.0039996
0.00404084
0.00403999
0.00776378
0.00421405
0.0088075
0.0047006
0.00791795
0.00666434
0.00684636
0.0101792
0.00402721
0.00522342
0.00998658
0.00448161
0.00838849
0.00713847
0.00530662
0.0102592
0.00491304
0.00829112
0.00899333
0.00405138
0.00439018
0.00760936
0.00405749
0.00752476
0.00622374
0.00446186
0.00710523
0.004103
0.00528499
0.00409919
0.00581788
0.00852847
0.00701769
0.0054175
0.00668544
0.0120382
0.010073
0.00427788
0.00404602
0.0047969
0.00863809
0.00511353
0.00834677
0.00827508
0.00776009
0.00800709
0.0048931
0.00955721
0.00393832
0.00401768
0.00878624
0.00552868
0.0040527
0.00637487
0.00699413
0.00894529
0.00671621
0.00718351
0.00407923
0.00405399
0.0044851
0.00861302
0.00658966
0.00672294
0.00408871
0.0044904
0.00546891
0.00893796
0.00729604
0.00416741
0.00449001
0.00681734
0.00731988
0.0116701
0.00550707
0.00479887
0.00887947
0.00519632
0.00674362
0.00805697
0.00415663
0.00427489
0.00754802
0.00468419
0.00919278
0.00996549
0.00790961
0.00515478
0.00837925
0.00449722
0.00919309
0.00407126
0.00417621
0.00804661
0.00481185
0.00599181
0.00695296
0.00451921
0.00876896
0.00655517
0.0043247
0.00980181
0.00685862
0.00403037
0.00430256
0.00660173
0.00872509
0.00894219
0.00758002
0.00981827
0.00554794
0.00619315
0.0091571
0.00407403
0.00444564
0.0096191
0.00503679
0.0107205
0.0115531
0.0085748
0.00428896
0.00907209
0.00401972
0.00445802
0.0094602
0.00516578
0.00767315
0.00993378
0.00549577
0.0100169
0.00777119
0.00485952
0.0116002
0.00410918
0.00422221
0.00793559
0.00425123
0.00436826
0.00482661
0.00709546
0.00971958
0.0109848
0.00751178
0.0123641
0.00401946
0.00429834
0.00766264
0.0069019
0.00927452
0.00541275
0.00607138
0.00660033
0.00417082
0.00979014
0.00403377
0.004205
0.0117364
0.00809336
0.00450488
0.00986772
0.00453086
0.00784259
0.00704392
0.00449071
0.00994569
0.00410674
0.00413017
0.00872382
0.00476619
0.0073341
0.0074157
0.0044142
0.00956471
0.00647966
0.00467844
0.00999882
0.00537678
0.00408497
0.00405953
0.00419942
0.0053445
0.0064197
0.00542359
0.0121957
0.0135225
0.0129185
0.0108045
0.00412757
0.00407485
0.00874932
0.00536898
0.00541775
0.00972398
0.00766823
0.00799989
0.00922984
0.0052751
0.0108086
0.00410167
0.00628627
0.00762068
0.00641726
0.00896466
0.00939891
0.00607724
0.00445269
0.0103417
0.00515422
0.0077666
0.00404753
0.00412948
0.0104731
0.00952354
0.00447752
0.0111743
0.00403481
0.00456185
0.00960099
0.00658374
0.00408084
0.00415441
0.00764807
0.00705926
0.00760534
0.0081607
0.00898105
0.00664451
0.00834686
0.00903766
0.00737196
0.00411081
0.00559205
0.00951375
0.00647576
0.0069499
0.00859461
0.00643855
0.0120252
0.00941333
0.00417807
0.00426247
0.00920428
0.00963288
0.00539301
0.00966542
0.00523711
0.00869161
0.00692156
0.00426924
0.00417001
0.00629462
0.00498116
0.00416745
0.00552115
0.00701991
0.0110893
0.00476234
0.00441643
0.0097585
0.00572704
0.00407429
0.00526699
0.00432305
0.00841165
0.00775808
0.00467308
0.00491124
0.0092212
0.00803111
0.010081
0.00408914
0.00686453
0.00735054
0.00771016
0.00774142
0.0102174
0.00594254
0.00643226
0.0106999
0.00419732
0.00896326
0.00405486
0.00415254
0.00538848
0.00602136
0.00837366
0.00952257
0.005426
0.0076941
0.00606453
0.00631971
0.00421935
0.0068141
0.00663616
0.00690949
0.00719472
0.00510565
0.00901941
0.00624095
0.00756863
0.00900033
0.00463011
0.00410225
0.00693342
0.00983311
0.00559805
0.00604168
0.0089709
0.00756808
0.00859539
0.00414392
0.00788413
0.00397559
0.00441735
0.00885527
0.00666781
0.00643266
0.00881995
0.00484983
0.0119189
0.00941702
0.00539026
0.00718482
0.00397826
0.0050988
0.00788837
0.00410787
0.00406014
0.0112873
0.00884052
0.00820714
0.0056927
0.00406334
0.00704954
0.00576035
0.00523083
0.00592376
0.0083226
0.00986505
0.0058509
0.0044099
0.0129617
0.00407728
0.00416894
0.00965793
0.00467123
0.00645308
0.00663039
0.00583504
0.00921576
0.00418595
0.00520785
0.010312
0.00404403
0.00433071
0.00847817
0.00460086
0.00871192
0.00665187
0.00440395
0.00939988
0.00616645
0.00993061
0.00408611
0.00410243
0.00434232
0.0104129
0.00975354
0.00557877
0.00665612
0.0116637
0.00763612
0.00411377
0.00416517
0.00800131
0.00958318
0.00759
0.00421322
0.00767131
0.00888716
0.00461863
0.00823996
0.00426545
0.00525177
0.00965059
0.00426728
0.00929242
0.00594639
0.00426397
0.0109553
0.011443
0.00916328
0.00407063
0.0061986
0.0096371
0.00729989
0.00451767
0.00778013
0.00437689
0.00631778
0.00471538
0.00434994
0.00932561
0.00589654
0.00410077
0.00483531
0.00758282
0.00614079
0.00952483
0.00404396
0.00934279
0.00924942
0.0043553
0.00843558
0.00551035
0.0040673
0.00405664
0.00462714
0.00729021
0.00854849
0.00529142
0.0114128
0.00989368
0.00405481
0.0115608
0.00424154
0.0042846
0.00412355
0.00983521
0.00434124
0.00821232
0.00785278
0.00493649
0.0104577
0.00956871
0.00412077
0.00407378
0.00693323
0.00569508
0.00966492
0.00562294
0.00670552
0.011441
0.0065736
0.00433947
0.00801339
0.00944928
0.00401843
0.00456998
0.00821048
0.00492561
0.00915119
0.006042
0.00701965
0.00811615
0.00417567
0.00862293
0.00859413
0.00410289
0.00419921
0.00865764
0.00879318
0.00731957
0.00781761
0.00799472
0.0115785
0.0106923
0.00402131
0.00404824
0.0058326
0.00515636
0.00720492
0.00785707
0.00471476
0.0072803
0.00471784
0.00665841
0.00945177
0.0057046
0.00402135
0.00490725
0.00583198
0.0088995
0.00488567
0.00413891
0.00932046
0.00402636
0.00763825
0.00868793
0.00399848
0.0062674
0.00976647
0.00760329
0.0100802
0.00415526
0.00851328
0.00643616
0.00412805
0.0115078
0.00414487
0.00431514
0.00789081
0.0100441
0.00727123
0.00787413
0.00429186
0.0101906
0.00643688
0.00462349
0.00424472
0.00398396
0.00416634
0.00561594
0.00799611
0.00520696
0.00946622
0.00456487
0.00567757
0.00706248
0.00453028
0.00414307
0.00666507
0.00502088
0.00563807
0.010051
0.00631379
0.00859721
0.00918611
0.00414147
0.00409893
0.00424816
0.00800657
0.00435399
0.0103094
0.00456119
0.00674106
0.00876835
0.00500864
0.00892412
0.00395308
0.00429048
0.00866288
0.00483482
0.00892721
0.0129167
0.00705319
0.00425874
0.00820618
0.00418551
0.00690039
0.00398756
0.00427061
0.00678981
0.00590896
0.00421076
0.00866323
0.00570332
0.00896149
0.0101068
0.0041549
0.00452656
0.00647588
0.00780816
0.00418379
0.00916012
0.00713199
0.00512306
0.0118463
0.00972577
0.00411314
0.00468183
0.00877415
0.00691779
0.00481109
0.00919983
0.00430722
0.00634186
0.00449735
0.00621601
0.00407961
0.00724629
0.00804914
0.00787487
0.00852669
0.00406296
0.0110201
0.0097359
0.00874364
0.00486645
0.00408976
0.00455045
0.00846438
0.00562135
0.0091207
0.00630648
0.00823523
0.00671944
0.00699173
0.00921309
0.00407471
0.00411241
0.00701742
0.00549656
0.0061922
0.0101975
0.00459733
0.00879793
0.00644907
0.00417112
0.0102525
0.00418508
0.0040583
0.0100618
0.00402362
0.00788062
0.00801221
0.00511177
0.00711547
0.0073216
0.00752568
0.00869961
0.004126
0.00411457
0.00532519
0.00576058
0.00670406
0.0074216
0.00406915
0.00900013
0.00911698
0.00565667
0.00937698
0.00402692
0.00413687
0.00761095
0.0041462
0.0113326
0.0135854
0.0134797
0.0112759
0.00998329
0.00412467
0.00787237
0.0106467
0.00818507
0.00742504
0.00879791
0.0079022
0.00561373
0.010331
0.00905678
0.00405092
0.00633551
0.00607927
0.00933346
0.0064068
0.00443361
0.00948784
0.00463466
0.00522247
0.00898624
0.00428625
0.004153
0.00411025
0.00833922
0.00592754
0.00610601
0.00880168
0.00489164
0.00849749
0.00741957
