9.63464
12.4469
22.6251
22.643
22.6641
22.6838
23.5134
23.5235
27.7941
27.8115
28.0229
29.5837
29.6044
29.6238
29.6479
29.6665
31.3586
36.3684
45.1189
50.126
56.9266
63.4417
63.4513
63.4715
63.4997
68.4117
68.4232
68.8311
68.8432
68.8632
70.7714
70.7843
70.803
70.823
70.8429
70.8637
70.8843
73.2113
73.2338
73.2566
73.2738
73.295
73.3127
78.3947
78.4063
82.0894
82.0998
85.4602
85.8906
85.9079
85.9273
85.9488
88.0159
88.0274
88.0483
92.4765
92.6545
94.9918
95.004
95.0233
95.0445
95.0632
95.0836
95.1032
95.1234
95.144
95.1874
95.2032
95.2188
105.382
105.608
105.628
107.788
112.717
112.735
119.978
120.631
124.095
125.584
127.308
127.328
132.548
132.568
145.077
145.091
145.103
174.288
174.305
191.449
205.437
205.455
205.478
205.498
205.52
205.535
205.56
205.58
205.595
205.62
205.649
205.663
205.684
205.707
205.723
205.746
205.763
205.783
205.805
205.824
205.849
205.863
205.887
205.91
205.934
205.955
205.975
205.992
206.012
206.035
206.054
206.079
206.095
206.117
206.135
206.158
206.179
206.196
206.219
206.234
206.259
206.282
206.309
206.341
206.366
206.387
206.411
206.44
206.456
206.482
206.513
206.527
206.55
206.571
206.59
206.612
206.627
206.647
206.671
206.688
206.712
206.729
206.753
206.768
206.789
206.808
206.831
206.847
206.869
206.892
206.919
206.934
206.956
206.982
207.004
207.026
207.046
207.063
207.089
207.106
207.125
207.149
207.163
207.186
207.205
207.226
207.248
207.264
207.285
207.308
207.323
207.353
207.366
207.388
207.41
207.435
207.456
207.48
207.496
207.514
207.536
207.559
207.583
207.598
207.624
207.641
207.661
207.684
207.702
207.721
207.742
207.767
207.79
207.808
207.828
207.852
207.868
207.89
207.912
207.929
207.952
207.969
207.989
208.01
208.029
208.052
208.07
208.087
208.111
208.128
208.152
208.169
208.191
208.214
208.239
208.258
208.28
208.297
208.319
208.34
208.359
208.375
208.401
208.415
208.447
208.463
208.484
208.503
208.525
208.547
208.565
208.588
208.603
208.628
208.649
208.663
208.686
208.707
208.726
208.747
208.766
208.791
208.817
208.834
208.853
208.872
208.891
208.915
208.932
208.95
208.973
208.991
209.012
209.032
209.053
209.073
209.094
209.113
209.138
209.167
209.184
209.206
209.224
209.244
209.273
209.293
209.314
209.333
209.355
209.373
209.393
209.414
209.432
209.457
209.477
209.493
209.517
209.531
209.554
209.573
209.594
209.618
209.649
209.671
209.687
209.714
209.735
209.757
209.78
209.795
209.816
209.84
209.859
209.879
209.9
209.919
209.935
209.958
209.975
209.994
210.016
210.038
210.055
210.075
210.1
210.12
210.147
210.167
210.191
210.207
210.23
210.252
210.267
210.292
210.311
210.331
210.351
210.367
210.389
210.407
210.427
210.451
210.467
210.489
210.511
210.528
210.549
210.583
210.599
210.619
210.64
210.662
210.681
210.702
210.72
210.74
210.763
210.782
210.802
210.824
210.839
210.864
210.885
210.901
210.924
210.94
210.964
210.984
210.999
211.022
211.047
211.073
211.092
211.111
211.127
211.152
211.169
211.189
211.209
211.226
211.253
211.268
211.287
211.309
211.327
211.349
211.37
211.387
211.415
211.431
211.451
211.474
211.495
211.511
211.532
211.553
211.575
211.595
211.618
211.64
211.661
211.682
211.702
211.72
211.748
211.771
211.796
211.816
211.831
211.853
211.871
211.892
211.911
211.931
211.955
211.973
211.991
212.027
212.044
212.065
212.084
212.105
212.123
212.147
212.169
212.183
212.208
212.226
212.257
212.275
212.3
212.331
212.356
212.375
212.396
212.413
212.435
212.454
212.471
212.493
212.512
212.532
212.552
212.571
212.595
212.613
212.631
212.669
212.688
212.709
212.724
212.746
212.764
212.786
212.806
212.823
212.848
212.871
212.887
212.912
212.927
212.949
212.972
212.987
213.013
213.029
213.05
213.076
213.093
213.111
213.136
213.153
213.173
213.196
213.211
213.234
213.25
213.269
213.294
213.313
213.334
213.351
213.372
213.398
213.419
213.44
213.461
213.493
213.511
213.532
213.554
213.575
213.594
213.615
213.632
213.653
213.676
213.698
213.721
213.747
213.776
213.792
213.814
213.836
213.85
213.876
213.894
213.912
213.931
213.954
213.974
213.995
214.011
214.035
214.055
214.072
214.095
214.113
214.137
214.15
214.17
214.194
214.217
214.231
214.257
214.271
214.294
214.317
214.341
214.36
214.385
214.401
214.421
214.444
214.461
214.484
214.503
214.52
214.548
214.561
214.581
214.606
214.622
214.643
214.669
214.7
214.714
214.747
214.762
214.787
214.806
214.825
214.846
214.868
214.887
214.905
214.928
214.948
214.962
214.985
215.003
215.028
215.046
215.063
215.088
215.103
215.123
215.152
215.167
215.19
215.211
215.227
215.25
215.268
215.288
215.311
215.33
215.351
215.383
215.4
215.42
215.44
215.462
215.485
215.505
215.519
215.539
215.559
215.579
215.61
215.627
215.649
215.668
215.691
215.711
215.731
215.751
215.767
215.794
215.814
215.831
215.857
215.884
215.9
215.923
215.942
215.959
215.985
216.017
216.045
216.058
216.082
216.099
216.119
216.139
216.159
216.18
216.199
216.219
216.245
216.259
216.279
216.304
216.318
216.339
216.364
216.378
216.404
216.425
216.448
216.463
216.483
216.505
216.528
216.549
216.565
216.588
216.603
216.628
216.647
216.662
216.688
216.707
216.727
216.748
216.764
216.787
216.808
216.823
216.849
216.871
216.889
216.905
216.923
216.945
216.967
216.983
217.007
217.025
217.044
217.066
217.085
217.108
217.122
217.143
217.165
217.186
217.206
217.227
217.242
217.267
217.285
217.31
217.332
217.356
217.373
217.395
217.415
217.432
217.456
217.473
217.493
217.512
217.531
217.554
217.575
217.592
217.617
217.632
217.654
217.673
217.693
217.715
217.731
217.752
217.775
217.792
217.815
217.831
217.851
217.876
217.894
217.91
217.946
217.963
217.986
218.003
218.028
218.043
218.067
218.085
218.105
218.129
218.148
218.165
218.188
218.203
218.226
218.245
218.264
218.289
218.303
218.326
218.347
218.377
218.391
218.414
218.431
218.454
218.473
218.491
218.513
218.531
218.551
218.578
218.597
218.619
218.637
218.656
218.677
218.703
218.729
218.743
218.783
218.8
218.824
218.839
218.864
218.883
218.902
218.923
218.94
218.964
218.984
218.999
219.024
219.042
219.061
219.083
219.104
219.127
219.144
219.165
219.185
219.203
219.223
219.247
219.265
219.285
219.303
219.335
219.356
219.379
219.397
219.418
219.435
219.457
219.478
219.502
219.524
219.543
219.567
219.583
219.605
219.627
219.647
219.662
219.685
219.702
219.727
219.749
219.779
219.796
219.819
219.836
219.86
219.88
219.894
219.919
219.935
219.956
219.978
219.995
220.019
220.037
220.055
220.081
220.097
220.12
220.135
220.157
220.179
220.199
220.218
220.24
220.256
220.277
220.299
220.319
220.335
220.361
220.376
220.402
220.43
220.459
220.475
220.5
220.519
220.535
220.56
220.575
220.598
220.621
220.636
220.661
220.678
220.695
220.722
220.749
220.763
220.786
220.803
220.822
220.843
220.866
220.889
220.909
220.926
220.951
220.988
221.003
221.027
221.046
221.068
221.085
221.104
221.125
221.142
221.168
221.189
221.203
221.23
221.254
221.271
221.297
221.311
221.334
221.354
221.371
221.397
221.416
221.431
221.455
221.471
221.493
221.513
221.532
221.556
221.573
221.591
221.617
221.631
221.657
221.671
221.691
221.712
221.733
221.752
221.779
221.812
221.84
221.869
221.89
221.91
221.935
221.952
221.972
221.996
222.015
222.035
222.056
222.071
222.097
222.118
222.145
222.167
222.185
222.208
222.228
222.245
222.263
222.289
222.303
222.326
222.349
222.363
222.389
222.408
222.423
222.45
222.47
222.491
222.517
222.533
222.553
222.571
222.595
222.614
222.634
222.654
222.675
222.693
222.715
222.735
222.754
222.782
222.804
222.829
222.845
222.866
222.887
222.905
222.931
222.956
222.984
223.003
223.028
223.048
223.064
223.088
223.104
223.127
223.145
223.163
223.184
223.204
223.223
223.243
223.264
223.285
223.309
223.331
223.351
223.376
223.393
223.413
223.431
223.451
223.475
223.494
223.511
223.531
223.556
223.575
223.597
223.618
223.645
223.667
223.686
223.706
223.729
223.744
223.765
223.789
223.803
223.828
223.847
223.863
223.884
223.905
223.926
223.948
223.964
223.987
224.005
224.025
224.054
224.074
224.093
224.113
224.134
224.152
224.176
224.193
224.214
224.236
224.251
224.288
224.305
224.328
224.344
224.364
224.388
224.406
224.427
224.443
224.466
224.485
224.503
224.528
224.545
224.565
224.587
224.603
224.63
224.657
224.672
224.694
224.713
224.733
224.756
224.773
224.793
224.82
224.85
224.87
224.886
224.918
224.936
224.955
224.974
224.995
225.018
225.04
225.056
225.075
225.103
225.126
225.143
225.168
225.183
225.205
225.226
225.244
225.268
225.282
225.304
225.328
225.35
225.363
225.387
225.403
225.427
225.445
225.463
225.488
225.505
225.528
225.553
225.57
225.591
225.617
225.648
225.664
225.685
225.71
225.733
225.756
225.771
225.794
225.817
225.834
225.851
225.874
225.896
225.911
225.934
225.954
225.971
225.996
226.01
226.036
226.053
226.071
226.098
226.13
226.156
226.186
226.205
226.228
226.246
226.263
226.287
226.303
226.324
226.343
226.363
226.388
226.405
226.425
226.444
226.466
226.485
226.508
226.523
226.547
226.568
226.583
226.607
226.624
226.649
226.663
226.683
226.706
226.728
226.744
226.771
226.796
226.811
226.838
226.862
226.879
226.899
226.925
226.939
226.963
226.982
226.999
227.026
227.052
227.067
227.089
227.109
227.129
227.153
227.169
227.189
227.214
227.241
227.259
227.282
227.304
227.327
227.343
227.366
227.383
227.408
227.425
227.445
227.467
227.482
227.508
227.527
227.552
227.571
227.595
227.615
227.634
227.655
227.674
227.698
227.73
227.75
227.763
227.784
227.804
227.826
227.846
227.863
227.886
227.903
227.925
227.948
227.964
227.984
228.003
228.024
228.047
228.063
228.083
228.108
228.123
228.146
228.167
228.187
228.205
228.228
228.246
228.268
228.282
228.307
228.325
228.342
228.37
228.39
228.407
228.43
228.453
228.47
228.49
228.507
228.533
228.549
228.567
228.596
228.615
228.635
228.656
228.679
228.696
228.72
228.735
228.757
228.778
228.795
228.821
228.849
228.867
228.888
228.912
228.929
228.951
228.972
228.987
229.026
229.039
229.062
229.079
229.106
229.119
229.141
229.163
229.179
229.204
229.223
229.239
229.263
229.28
229.303
229.327
229.349
229.367
229.391
229.407
229.429
229.448
229.467
229.49
229.508
229.526
229.551
229.569
229.592
229.614
229.628
229.666
229.682
229.703
229.72
229.745
229.763
229.781
229.809
229.835
229.865
229.883
229.907
229.925
229.944
229.968
229.983
230.005
230.023
230.045
230.071
230.094
230.115
230.134
230.155
230.17
230.198
230.228
230.248
230.264
230.303
230.319
230.343
230.36
230.383
230.401
230.423
230.442
230.461
230.484
230.504
230.519
230.542
230.56
230.581
230.604
230.62
230.643
230.661
230.678
230.705
230.718
230.737
230.764
230.778
230.803
230.822
230.839
230.861
230.882
230.901
230.923
230.938
230.967
230.988
231.009
231.03
231.05
231.067
231.091
231.111
231.128
231.152
231.172
231.186
231.21
231.227
231.254
231.289
231.316
231.346
231.373
231.397
231.423
231.444
231.462
231.482
231.503
231.522
231.541
231.565
231.584
231.61
231.625
231.645
231.668
231.685
231.703
231.728
231.743
231.764
231.787
231.803
231.841
231.862
231.887
231.904
231.925
231.948
231.964
231.987
232.006
