0.00137159
0.00209091
0.00146792
0.00199686
0.0182835
0.0169984
0.00436657
0.0282422
0.0180277
0.00156308
0.0228156
0.0257326
0.0150799
0.0145512
0.0176016
0.00211194
0.00711591
0.00369752
0.000943824
0.00253562
0.00342356
0.00605009
0.00107678
0.00110545
0.00366161
0.00685077
0.0100265
0.00868686
0.00153811
0.00091243
0.00358527
0.000882161
0.0100654
0.00441308
0.0077854
0.00108896
0.00242243
0.0206313
0.019577
0.00083103
0.00470251
0.00120893
0.00634241
0.00362597
0.00538056
0.00728268
0.00343905
0.0138834
0.00806271
0.00877171
0.00103813
0.00301124
0.000811602
0.00293795
0.0175521
0.0105751
0.00241722
0.00222052
0.00265931
0.0037388
0.000598965
0.00177191
0.0237696
0.00455748
0.00198363
0.0015897
0.00246242
0.00246253
0.00408051
0.00658958
0.0100582
0.00738964
0.000735307
0.0115304
0.0025255
0.00342062
0.00403473
0.019742
0.0176213
0.0163039
0.0177812
0.00185581
0.0053697
0.0167755
0.00133205
0.00124548
0.00144036
0.0105071
0.0218912
0.0150324
0.00278694
0.00199205
0.0035449
0.0010177
0.0013602
0.00140537
0.0107481
0.00418236
0.00214729
0.000674511
0.00181423
0.00729928
0.00159221
0.000786957
0.00436714
0.0149823
0.00092726
0.00454098
0.00102357
0.00421464
0.0146964
0.00378179
0.00548644
0.00290026
0.00103364
0.00720088
0.000851332
0.0131847
0.00275539
0.00307789
0.00553611
0.013982
0.00572251
0.00445681
0.00359244
0.00337833
0.00947079
0.00320799
0.00430476
0.00703998
0.0122261
0.00600382
0.00320171
0.00408295
0.00687174
0.0207246
0.00116926
0.00107044
0.00409844
0.00528521
0.00246565
0.00187322
0.00418934
0.00808222
0.0143806
0.0113696
0.00714337
0.0098394
0.00515978
0.0047332
0.0176552
0.00652504
0.00440357
0.00963528
0.00386397
0.00764624
0.00755221
0.00150971
0.000941333
0.00100109
0.00999006
0.009232
0.00646356
0.00100287
0.00108477
