8.0562
9.64832
11.3635
12.4607
14.1445
15.2381
16.4845
18.2499
18.4445
18.6301
19.0771
20.5563
21.1821
21.8128
22.7201
23.5449
24.7567
26.4947
27.8237
28.0453
29.6861
31.381
33.1266
34.8184
36.3904
38.1418
39.6806
41.027
42.7122
44.0441
44.4545
44.6938
45.1482
46.8787
48.5826
50.1439
51.0154
52.2667
53.9466
55.6351
56.9515
58.6343
59.5328
61.2698
62.5687
63.0021
63.197
63.5245
65.3341
67.0953
68.4432
68.8856
69.7039
70.9054
72.5484
73.344
74.9529
76.6363
78.4199
80.1098
81.8515
82.1119
82.5154
82.704
83.7602
85.4726
85.9695
87.3574
88.0707
88.2553
89.3684
89.5983
91.3471
92.2306
92.4888
92.6744
93.0904
94.8105
95.2564
97.0146
98.6956
100.46
102.209
103.699
103.903
105.396
105.648
107.365
107.83
108.238
109.886
110.584
111.89
112.092
112.756
114.388
116.146
116.594
118.225
119.995
120.645
122.39
124.116
125.596
127.351
127.531
129.249
130.159
131.24
132.592
133.401
135.123
136.151
137.877
139.604
140.282
142.032
143.75
144.405
145.126
145.5
147.233
148.932
149.775
151.478
152.542
153.188
154.014
155.111
156.85
157.094
157.788
159.522
161.214
163.421
165.203
166.923
167.56
168.422
168.86
169.952
171.672
173.423
174.331
175.969
177.65
179.405
181.109
182.776
184.572
186.288
188.009
189.723
191.468
193.138
194.882
196.594
198.277
200.008
200.912
201.361
203.096
203.317
204.992
205.228
