0.202242
0.202296
0.202362
0.202415
0.202473
0.202541
0.202598
0.202663
0.202717
0.202770
0.202833
0.227078
0.339777
0.488519
0.657794
0.777749
0.873584
0.958009
0.979492
1.093936
1.473392
1.799974
2.053597
2.186926
2.260582
2.315953
2.373549
2.448879
2.579469
2.746917
2.888925
3.022008
3.098711
3.150321
3.225919
3.341738
3.446585
3.558011
3.642875
3.720175
3.805160
3.874347
3.942338
4.025041
4.102810
4.185724
4.291592
4.407826
4.481806
4.518317
4.558075
4.645717
4.754711
4.893180
5.059309
5.282056
5.494487
5.756641
5.973573
6.170799
6.370788
6.567602
6.748942
6.939517
7.128614
7.349873
7.572930
7.782012
7.952476
8.115466
8.273153
8.450062
8.596043
8.732998
8.870531
9.046689
9.202470
9.384294
9.625698
9.828995
10.022768
10.203167
10.430786
10.638377
10.847957
11.076549
11.285397
11.466944
11.661283
11.906263
12.121469
12.336071
12.544879
12.777357
12.970459
13.159413
13.377888
13.603618
13.790763
13.962402
14.124491
14.324276
14.516956
14.718441
14.944951
15.151718
15.297472
15.427381
15.522184
15.587301
15.651848
15.743827
15.841634
15.950945
16.075226
16.174212
16.281273
16.389984
16.509055
16.652894
16.810258
17.020458
17.251194
17.463124
17.703031
17.886445
18.059866
18.166156
18.238868
18.287607
18.337402
18.427273
18.556214
18.695595
18.882254
19.047562
19.218154
19.349111
19.467728
19.583202
19.743201
19.896181
20.058615
20.239111
20.362901
20.465385
20.537371
20.621992
20.703270
20.800004
20.918834
21.080063
21.275295
21.498420
21.733329
21.945143
22.195033
22.397642
22.566057
22.701509
22.784269
22.895959
23.029674
23.170654
23.306647
23.444968
23.620158
23.815554
24.073430
24.288233
24.482735
24.670915
24.891498
25.070944
25.271953
25.480179
25.704807
25.902469
26.095136
26.308830
26.506896
26.676639
26.851752
27.063807
27.253887
27.449339
27.684290
27.884581
28.119019
28.361698
28.612908
28.818218
29.004873
29.194635
29.377042
29.555723
29.757043
30.002916
30.206532
30.318119
30.360077
30.403409
30.481334
30.591325
30.719125
30.882945
31.050163
31.138767
31.177015
31.236630
31.325905
31.443283
31.614634
31.824499
32.025635
32.278789
32.543097
32.773252
33.008534
33.278322
33.514130
33.779776
33.996334
34.244298
34.459744
34.666652
34.891901
35.089125
35.298580
35.509253
35.745187
35.930300
36.078074
36.176573
36.233780
36.265017
36.327227
36.450292
36.599216
36.801771
36.978136
37.151825
37.336095
37.495913
37.665825
37.885807
38.088133
38.297963
38.534287
38.726764
38.945564
39.139012
39.374269
39.571058
39.762330
40.001298
40.220228
40.466349
40.665290
40.895271
41.113781
41.307332
41.533255
41.730041
41.929020
42.154500
42.342090
42.480185
42.584551
42.717051
42.849913
43.030884
43.208083
43.434617
43.644131
43.895445
44.096734
44.307684
44.474236
44.618392
44.740169
44.826437
44.898807
44.967499
45.031148
45.043261
45.110545
45.233773
45.428686
45.629061
45.850230
46.127751
46.403882
46.634864
46.889250
47.097410
47.334306
47.562573
47.758308
47.988451
48.191445
48.435739
48.682216
48.900272
49.121631
49.375575
49.620219
49.817209
50.012070
50.231859
50.411546
50.610149
50.780653
50.993645
51.187381
51.388513
51.622274
51.849509
52.072470
52.257922
52.470321
52.650348
52.853907
53.053082
53.216079
53.384252
53.508384
53.610040
53.699676
53.787466
53.919730
54.070031
54.273003
54.455067
54.641428
54.860854
55.051654
55.243813
55.469677
55.668382
55.871471
56.085853
56.157665
56.262827
56.443143
56.637103
56.945109
57.345952
58.073562
58.270673
58.692180
59.051756
59.253550
59.365334
59.474157
59.584559
59.692480
59.806278
59.911786
60.028601
60.170664
60.337154
60.566142
60.805662
61.001607
61.190169
61.404226
61.589404
61.778506
61.981386
62.217242
62.406577
62.589874
62.785494
63.031906
63.236461
63.463516
63.660409
63.895817
64.098124
64.295393
64.523430
64.715945
64.939880
65.133031
65.353803
65.532401
65.725390
65.889471
66.071222
66.261683
66.445185
66.645174
66.840169
67.007107
67.200667
67.392294
67.555364
67.740548
67.920092
68.156053
68.384669
68.568480
68.769132
68.942306
69.146984
69.339284
69.526351
69.722802
69.898109
70.109344
70.324334
70.509139
70.690978
70.899565
71.069935
71.230929
71.386968
71.513656
71.683330
71.886159
72.104532
72.273813
72.485610
72.680793
72.906843
73.093635
73.284789
73.488316
73.600295
73.660991
73.775565
73.944277
74.126372
74.330826
74.578475
74.856381
75.087903
75.292278
75.485816
75.610743
75.706235
75.779109
75.850859
75.935040
76.028519
76.171375
76.349697
76.555459
76.741956
76.962094
77.148317
77.373056
77.619845
77.892239
78.133364
78.380251
78.662121
78.895491
79.095186
79.305376
79.474009
79.639333
79.802278
79.994638
80.168628
80.351130
80.567165
80.745357
80.903357
81.048601
81.233177
81.407710
81.593594
81.813653
82.030159
82.208684
82.395924
82.543903
82.660378
82.823117
82.992312
83.208728
83.395872
83.612496
83.796766
83.977330
84.187029
84.377343
84.613594
84.812834
85.006642
85.198511
85.424541
85.623156
85.822851
86.053226
86.285081
86.513090
86.745514
86.950882
87.132830
87.327215
87.543810
87.750678
87.959965
88.157424
88.372988
88.541044
88.709047
88.889629
89.090579
89.236706
89.360643
89.497183
89.612202
89.725985
89.855341
89.973622
90.079078
90.167764
90.258355
90.355121
90.420537
90.478452
90.549183
90.636131
90.757711
90.913753
91.078892
91.211828
91.288774
91.321976
91.371009
91.452328
91.564308
91.728478
91.923946
92.105879
92.329085
92.559826
92.796171
92.990012
93.167182
93.338739
93.448372
93.515510
93.540084
93.577971
93.668163
93.789165
93.972830
94.159659
94.403598
94.622455
94.880940
95.100503
95.343708
95.541324
95.729996
95.947765
96.133943
96.356156
96.554330
96.756225
96.958371
97.173643
97.414906
97.628916
97.844877
98.055209
98.283711
98.508801
98.699344
98.906999
99.060598
99.200862
99.291106
99.361347
99.444571
99.558704
99.670906
99.799506
99.993120
100.191208
100.438503
100.652212
100.907861
101.170921
101.440719
101.705891
101.923400
102.120401
102.307241
102.539942
102.805003
103.037410
103.290117
103.476278
103.648730
103.784602
103.897454
103.991807
104.095981
104.226685
104.419123
104.646543
104.794661
104.895138
104.974869
105.061698
105.155278
105.281944
105.413807
105.591468
105.755951
105.936152
106.125557
106.341855
106.522312
106.727462
106.885572
107.012189
107.108530
107.200855
107.296924
107.401246
107.561431
107.715023
107.849310
107.948433
108.040154
108.139475
108.215014
108.320507
108.449744
108.646988
108.858192
109.036781
109.117347
109.163733
109.312556
109.500789
109.724163
109.894166
110.090207
110.275553
110.509996
110.723226
110.949836
111.221734
111.457876
111.737041
111.966619
112.203345
112.393266
112.552599
112.650034
112.698953
112.747002
112.833145
112.968300
113.152777
113.296943
113.447783
113.625212
113.826507
114.085106
114.322256
114.594505
114.828245
115.069391
115.313776
115.603814
115.841781
116.097718
116.305470
116.509866
116.714925
116.920508
117.157227
117.359405
117.595795
117.826998
118.027864
118.229914
118.431457
118.631646
118.862964
119.098672
119.298973
119.530739
119.733219
119.938497
120.140425
120.367583
120.529365
120.627943
120.694736
120.810468
120.874449
121.005052
121.207809
121.389694
121.566000
121.784454
122.019393
122.259062
122.456127
122.679202
122.869287
123.064833
123.265488
123.500427
123.733469
123.967992
124.202690
124.438557
124.644860
124.890136
125.123398
125.322137
125.556315
125.767056
126.031106
126.259120
126.478644
126.718319
126.919171
127.122200
127.328564
127.565326
127.761726
127.984933
128.200879
128.418054
128.607595
128.832778
129.053588
129.243994
129.467551
129.664035
129.899238
130.011522
130.138614
130.306581
130.474791
130.674039
130.894135
131.203738
131.639564
131.989565
132.267962
132.420479
132.673959
133.010289
133.258643
133.461622
133.672943
133.875138
134.080297
134.291294
134.531742
134.732964
134.967774
135.172452
135.409842
135.614511
135.858297
136.058843
136.263690
136.449587
136.660597
136.875822
137.093848
137.320204
137.493056
137.694232
137.891994
138.145841
138.359509
138.593726
138.786333
139.007964
139.195043
139.389497
139.521009
139.638365
139.735447
139.822810
139.948488
140.079185
140.225061
140.400751
140.553886
140.697691
140.819429
140.967349
141.128799
141.322112
141.532759
141.780031
141.976255
142.185777
142.354919
142.525286
142.732079
142.907321
143.105838
143.274465
143.450531
143.637327
143.867915
144.047788
144.335189
144.594490
144.819192
145.082445
145.302232
145.553087
145.767496
146.015503
146.228071
146.451018
146.658525
146.896350
147.099719
147.302133
147.503662
147.740676
147.943215
148.148095
148.385459
148.586658
148.815514
149.045898
149.239889
149.465432
149.697330
149.902357
150.141379
150.367548
150.556966
150.775485
150.968402
151.169545
151.411502
151.640967
151.831847
152.024347
152.256611
152.464970
152.678307
152.930200
153.143985
153.394779
153.614124
153.866572
154.075720
154.278117
154.479618
154.717092
154.922573
155.160299
155.389130
155.586151
155.817314
156.018538
156.255913
156.456031
156.687306
156.918432
157.117489
157.324219
157.523011
157.722085
157.923750
158.161833
158.373263
158.572493
158.792658
158.993901
159.196549
159.406798
159.652119
159.859828
160.063816
160.295726
160.524288
160.738989
160.915577
161.114299
161.284654
161.456580
161.630617
161.833050
161.997338
162.192757
162.376750
162.602422
162.799340
162.994237
163.187478
163.417123
163.645890
163.844595
164.079669
164.311109
164.543400
164.743926
164.943868
165.173707
165.368616
165.560571
165.786351
166.011554
166.208542
166.437142
166.633548
166.866630
167.065187
167.295054
167.522836
167.716609
167.946561
168.144950
168.376406
168.574111
168.800812
168.995979
169.229437
169.439929
169.645796
169.854770
170.071233
170.320654
170.535995
170.782398
170.990883
171.233554
171.437159
171.671647
171.874939
172.113704
172.319011
172.516747
172.725891
172.866970
172.980772
173.057789
173.150791
173.230942
173.301038
173.337497
173.364331
173.382141
173.397437
173.409735
173.419989
173.426138
173.431423
173.434861
173.437953
173.439954
173.441459
173.442745
173.443569
173.444220
173.444690
173.445039
173.445331
173.445510
173.445647
173.445742
173.445813
173.445867
173.445915
173.445948
173.445981
173.446005
173.446025
173.446042
173.446056
173.446068
173.446078
173.446086
173.446092
173.446096
173.446100
173.446102
173.446103
173.446104
173.446104
173.446104
173.446105
173.446105
173.446105
173.446106
173.446106
173.446106
173.446107
173.446107
173.446107
173.446107
173.446107
173.446108
173.446108
173.446108
173.446108
173.446108
173.446108
173.446108
173.446108
173.446108
173.446108
173.446108
173.446108
173.446108
173.446108
173.446108
173.446108
173.446108
173.446108
173.446108
173.446108
173.446108
173.446108
173.446108
173.446108
173.446108
173.446108
173.446108
173.446108
173.446108
173.446108
173.446108
173.446108
173.446108
173.446109
173.446109
173.446109
173.446109
173.446109
173.446109
173.446109
173.446109
173.446109
173.446109
173.446109
173.446109
173.446109
173.446109
173.446109
173.446109
173.446109
173.446109
173.446109
173.446109
173.446109
173.446109
173.446109
173.446109
173.446109
