2.90051
3.11724
3.32818
3.53458
3.73214
3.96741
4.16847
4.39329
4.59815
4.80201
5.00921
5.23665
5.43226
5.65994
5.88945
6.09149
6.28468
6.51829
6.74467
6.98144
7.22189
7.41923
7.65991
7.88348
8.12197
8.32406
8.53171
8.74245
8.96005
9.2041
9.3847
9.6152
9.85562
10.0997
10.292
10.5227
10.7077
10.9339
11.1417
11.3506
11.5817
11.7851
11.9917
12.2216
12.4296
12.6373
12.8679
13.1073
13.2878
13.4836
13.6872
13.928
14.1164
14.3192
14.554
14.7822
14.9745
15.2097
15.4053
15.6127
15.8392
16.0683
16.271
16.4697
16.6691
16.9098
17.1413
17.366
17.5743
17.7793
17.9941
18.2123
18.4151
18.615
18.8131
19.0439
19.2548
19.4564
19.6748
19.8791
20.0782
20.2938
20.5187
20.7213
20.9192
21.157
21.3873
21.5884
21.7864
22.0202
22.2186
22.424
22.6121
22.841
23.0377
23.2558
23.4816
23.6986
23.9063
24.1025
24.3058
24.526
24.7329
24.9381
25.1771
25.413
25.6173
25.8476
26.075
26.274
26.4792
26.7055
26.9041
27.1045
27.3265
27.529
27.762
28.0066
28.2322
28.4652
28.661
28.9046
29.1349
29.3415
29.5672
29.7743
30.004
30.206
30.4124
30.642
30.8751
31.1046
31.343
31.5561
31.7734
31.9822
32.2174
32.4437
32.6731
32.8824
33.1104
33.3069
33.5162
33.741
33.9452
34.1679
34.3704
34.6029
34.8056
35.0126
35.2215
35.4557
35.6846
35.9148
36.148
36.3519
36.5832
36.7794
36.987
37.2231
37.4264
37.6504
37.8814
38.1231
38.3448
38.5745
38.8164
39.0183
39.2383
39.4436
39.6612
39.8584
40.1084
40.301
40.5383
40.763
41.0016
41.1966
41.3996
41.6261
41.8649
42.0581
42.261
42.4932
42.6992
42.9029
43.1114
43.3111
43.5441
43.7784
44.0333
44.2411
44.4389
44.676
44.9031
45.108
45.3024
45.5358
45.7715
46.0059
46.203
46.4034
46.6405
46.8636
47.0625
47.2642
47.4939
47.7261
47.9525
48.1579
48.3565
48.5626
48.7896
49.0239
49.2404
49.4622
49.6918
49.8908
50.0998
50.3391
50.541
50.772
50.9891
51.2128
51.4205
51.6197
51.855
52.0344
52.2284
52.4533
52.6833
52.8775
53.0766
53.2828
53.5107
53.7074
53.9166
54.1425
54.3424
54.5771
54.7693
54.9738
55.2231
55.4297
55.6236
55.8543
56.0482
56.2563
56.4851
56.6836
56.914
57.1169
57.3477
57.549
57.7521
57.9809
58.192
58.4145
58.6218
58.8605
59.079
59.2847
59.5137
59.7103
59.9125
60.1454
60.3808
60.6106
60.8128
61.053
61.253
61.4862
61.6809
61.9125
62.1078
62.3461
62.5433
62.7819
62.9815
63.1822
63.4177
63.6123
63.8545
64.0534
64.2849
64.483
64.6776
64.8798
65.1085
65.3127
65.5092
65.746
65.9745
66.179
66.4149
66.622
66.845
67.0692
67.2708
67.5079
67.7142
67.9522
68.1882
68.3926
68.5866
68.8201
69.0551
69.2706
69.4567
69.6937
69.8773
70.1083
70.3116
70.5422
70.7425
70.9538
71.1893
71.4224
71.6607
71.8497
72.0817
72.2827
72.5164
72.7587
72.961
73.2018
73.3987
73.6054
73.8528
74.0816
74.3075
74.5073
74.7443
74.9383
75.1442
75.3706
75.5705
75.7703
76
76.2037
76.3866
76.6188
76.8197
77.0518
77.2527
77.4816
77.7164
77.9315
78.1568
78.3549
78.5545
78.7571
78.9964
79.227
79.4579
79.6916
79.8937
80.0889
80.2955
80.5241
80.7516
80.9546
81.1861
81.4286
81.6315
81.8412
82.0602
82.2599
82.4701
82.6869
82.9141
83.1144
83.3054
83.5103
83.7459
83.9432
84.1725
84.3772
84.6038
84.8046
85.0033
85.238
85.4398
85.6674
85.8748
86.1048
86.2969
86.5315
86.7351
86.9356
87.1364
87.3406
87.5694
87.805
88.0009
88.239
88.476
88.6729
88.9106
89.1148
89.3458
89.5791
89.7769
90.0129
90.206
90.4341
90.6739
90.9091
91.136
91.3361
91.5706
91.7981
92.0002
92.2015
92.4374
92.638
92.8381
93.0736
93.2723
93.4688
93.6725
93.9048
94.1014
94.3442
94.5493
94.778
94.9792
95.1869
95.417
95.6524
95.8377
96.0417
96.2742
96.5036
96.7335
96.9889
97.2083
97.4197
97.6133
97.8451
98.0529
98.2344
98.4328
98.6649
98.8972
99.102
99.3324
99.5695
99.7973
100.009
100.246
100.448
100.68
100.923
101.14
101.347
101.563
101.775
101.986
102.193
102.435
102.634
102.828
103.031
103.256
103.455
103.665
103.892
104.091
104.289
104.489
104.732
104.936
105.133
105.364
105.595
105.806
106.04
106.267
106.473
106.701
106.896
107.132
107.344
107.575
107.776
107.981
108.212
108.403
108.636
108.833
109.039
109.232
109.471
109.665
109.869
110.113
110.341
110.57
110.797
111.002
111.207
111.435
111.667
111.876
112.079
112.27
112.497
112.703
112.902
113.102
113.336
113.531
113.745
113.961
114.175
114.374
114.6
114.838
115.07
115.272
115.459
115.686
115.889
116.123
116.366
116.579
116.773
116.98
117.177
117.376
117.576
117.813
118.007
118.207
118.403
118.636
118.878
119.084
119.313
119.534
119.768
119.962
120.165
120.389
120.594
120.792
121.025
121.266
121.49
121.694
121.919
122.13
122.367
122.567
122.821
123.013
123.249
123.449
123.658
123.883
124.081
124.315
124.519
124.711
124.916
125.13
125.366
125.562
125.766
125.97
126.208
126.443
126.642
126.872
127.071
127.297
127.504
127.712
127.924
128.159
128.359
128.569
128.793
128.994
129.226
129.433
129.667
129.898
130.143
130.369
130.568
130.765
130.968
131.204
131.438
131.639
131.865
132.073
132.303
132.538
132.774
132.97
133.173
133.375
133.605
133.835
134.047
134.272
134.481
134.669
134.869
135.106
135.302
135.537
135.737
135.943
136.136
136.362
136.57
136.794
137
137.197
137.405
137.632
137.86
138.066
138.3
138.5
138.731
138.954
139.162
139.381
139.59
139.836
140.038
140.262
140.507
140.746
140.952
141.153
141.391
141.591
141.82
142.019
142.251
142.452
142.675
142.873
143.08
143.302
143.492
143.721
143.927
144.17
144.389
144.628
144.827
145.047
145.272
145.484
145.681
145.91
146.11
146.34
146.568
146.785
147.015
147.207
147.433
147.632
147.835
148.046
148.286
148.489
148.721
148.917
149.125
149.323
149.527
149.758
149.957
150.19
150.423
150.627
150.824
151.024
151.227
151.462
151.692
151.898
152.13
152.329
152.529
152.731
152.967
153.167
153.372
153.564
153.798
153.996
154.229
154.464
154.661
154.868
155.095
155.327
155.553
155.759
155.997
156.191
156.392
156.6
156.832
157.062
157.296
157.537
157.772
157.967
158.204
158.434
158.637
158.869
159.072
159.309
159.507
159.714
159.939
160.139
160.341
160.546
160.775
160.972
161.201
161.439
161.669
161.871
162.099
162.337
162.542
162.754
162.956
163.198
163.401
163.626
163.848
164.055
164.29
164.526
164.722
164.955
165.172
165.392
165.618
165.835
166.065
166.276
166.478
166.707
166.909
167.11
167.315
167.545
167.747
167.973
168.164
168.402
168.602
168.833
169.04
169.267
169.501
169.737
169.939
170.136
170.367
170.573
170.797
171
171.231
171.429
171.658
171.862
172.095
172.297
172.53
172.736
172.963
173.188
173.398
173.628
173.827
174.029
174.262
174.463
174.659
174.865
175.1
175.298
175.502
175.706
175.942
176.14
176.367
176.568
176.767
176.997
177.191
177.42
177.628
177.825
178.033
178.258
178.466
178.706
178.936
179.143
179.387
179.595
179.828
180.028
180.254
180.455
180.662
180.86
181.088
181.287
181.487
181.696
181.924
182.122
182.319
182.558
182.761
182.988
183.232
183.433
183.662
183.887
184.093
184.332
184.555
184.768
184.992
185.189
185.388
185.631
185.854
186.051
186.254
186.481
186.682
186.881
187.121
187.323
187.56
187.759
187.986
188.195
188.395
188.608
188.842
189.039
189.278
189.502
189.702
189.929
190.131
190.366
190.566
190.796
191.025
191.225
191.431
191.637
191.838
192.037
192.265
192.48
192.68
192.912
193.124
193.321
193.527
193.763
193.959
194.159
194.401
194.638
194.863
195.062
195.297
195.495
195.679
195.879
196.119
196.319
196.573
196.782
197.005
197.199
197.402
197.606
197.836
198.069
198.265
198.504
198.732
198.968
199.162
199.357
199.588
199.791
199.997
200.23
200.463
200.666
200.898
201.097
201.339
201.537
201.771
202.002
202.202
202.442
202.64
202.866
203.075
203.301
203.497
203.731
203.94
204.142
204.345
204.564
204.783
204.979
205.215
205.413
205.644
205.845
206.075
206.277
206.509
206.708
206.915
207.145
207.348
207.579
207.786
208.006
208.21
208.442
208.645
208.868
209.068
209.269
209.473
209.71
209.915
210.143
210.347
210.579
210.778
210.98
211.204
211.411
211.614
211.812
212.023
212.252
212.45
212.663
212.865
213.072
213.265
213.489
213.694
213.927
214.133
214.337
214.544
214.743
214.944
215.148
215.379
215.606
215.81
216.041
216.241
216.444
216.643
216.885
217.104
217.306
217.508
217.711
217.942
218.144
218.373
218.574
218.779
218.981
219.181
219.414
219.643
219.876
220.116
220.315
220.515
220.745
220.984
221.185
221.412
221.653
221.885
222.113
222.345
222.549
222.778
222.979
223.18
223.409
223.614
223.843
224.049
224.284
224.481
224.709
224.914
225.122
225.346
225.549
225.752
225.95
226.182
226.421
226.645
226.858
227.085
227.323
227.548
227.746
227.98
228.183
228.386
228.592
228.817
229.022
229.219
229.444
229.661
229.861
230.067
230.299
230.499
230.733
230.963
231.168
231.393
231.605
231.837
232.033
