2.04616
2.04649
2.57516
3.10512
3.57824
4.07887
4.5983
5.07877
5.57823
6.09153
6.57924
7.07888
7.5788
8.07836
8.58316
9.08271
9.58216
10.0999
10.5828
11.0831
11.5822
12.0818
12.5822
13.1075
13.5866
14.087
14.5906
15.0941
15.6129
16.0933
16.5927
17.0929
17.5928
18.0938
18.6154
19.0936
19.5943
20.0948
20.5936
21.0947
21.5942
22.0948
22.6123
23.0938
23.5942
24.1027
24.596
25.0982
25.6175
26.0983
26.5983
27.1048
27.5978
28.0984
28.5984
29.0983
29.5986
30.1011
30.6029
31.1048
31.6031
32.1028
32.602
33.1108
33.6027
34.1031
34.6038
35.1046
35.607
36.1085
36.6066
37.1071
37.606
38.1233
38.6066
39.1073
39.6106
40.1101
40.61
41.1104
41.6263
42.1101
42.6105
43.1117
43.6111
44.1119
44.6143
45.1146
45.6143
46.1143
46.6408
47.1145
47.6142
48.1147
48.6143
49.118
49.6181
50.126
50.6191
51.1188
51.62
52.1186
52.6188
53.1191
53.6187
54.1428
54.6224
55.1221
55.6242
56.1219
56.6229
57.122
57.6227
58.1227
58.6253
59.1267
59.6266
60.1455
60.6268
61.1265
61.6261
62.1267
62.6274
63.1299
63.6309
64.1307
64.6304
65.1304
65.6307
66.1308
66.6303
67.1309
67.6305
68.1313
68.6341
69.1467
69.635
70.1348
70.6342
71.1348
71.6609
72.1344
72.6343
73.1347
73.6387
74.1385
74.6386
75.1446
75.638
76.1389
76.6387
77.1388
77.6384
78.1384
78.6422
79.1425
79.6428
80.1425
80.6422
81.1424
81.6427
82.1422
82.6432
83.1469
83.647
84.1727
84.6469
85.1462
85.6466
86.1467
86.6463
87.1467
87.6464
88.1472
88.6502
89.1506
89.6503
90.1504
90.6509
91.1511
91.6507
92.1505
92.6545
93.1544
93.6541
94.1546
94.6548
95.1539
95.6541
96.1541
96.6548
97.1547
97.6551
98.1584
98.6578
99.1582
99.6583
100.159
100.659
101.158
101.658
102.161
102.659
103.161
103.665
104.163
104.662
105.163
105.663
106.162
106.663
107.163
107.663
108.166
108.667
109.167
109.667
110.166
110.667
111.166
111.667
112.167
112.667
113.17
113.671
114.175
114.671
115.17
115.67
116.171
116.671
117.178
117.675
118.174
118.674
119.175
119.674
120.174
120.675
121.175
121.674
122.175
122.675
123.178
123.678
124.178
124.679
125.179
125.678
126.208
126.679
127.179
127.678
128.179
128.683
129.182
129.682
130.182
130.682
131.204
131.682
132.182
132.682
133.186
133.687
134.186
134.687
135.187
135.686
136.186
136.686
137.197
137.686
138.187
138.69
139.19
139.69
140.191
140.691
141.191
141.691
142.191
142.69
143.191
143.692
144.195
144.694
145.194
145.694
146.194
146.694
147.195
147.695
148.194
148.721
149.198
149.699
150.199
150.698
151.198
151.699
152.199
152.698
153.198
153.698
154.229
154.702
155.202
155.703
156.203
156.703
157.202
157.702
158.205
158.705
159.206
159.714
160.206
160.706
161.206
161.707
162.206
162.707
163.206
163.706
164.207
164.722
165.21
165.711
166.212
166.714
167.214
167.747
168.215
168.715
169.214
169.737
170.215
170.714
171.231
171.714
172.214
172.737
173.215
173.718
174.218
174.718
175.218
175.718
176.219
176.719
177.219
177.719
178.219
178.72
179.222
179.723
180.254
180.722
181.222
181.723
182.222
182.726
183.232
183.727
184.227
184.726
185.227
185.727
186.227
186.727
187.227
187.727
188.227
188.73
189.231
189.731
190.23
190.731
191.23
191.731
192.231
192.73
193.23
193.763
194.234
194.734
195.235
195.735
196.234
196.735
197.235
197.734
198.235
198.735
199.238
199.738
200.239
200.738
201.239
201.739
202.238
202.738
203.238
203.738
204.24
204.743
205.243
205.746
206.243
206.753
207.248
207.743
208.242
208.747
209.244
209.745
210.252
210.747
211.253
211.748
212.257
212.746
213.25
213.747
214.257
214.75
215.251
215.751
216.251
216.751
217.25
217.752
218.25
218.751
219.254
219.755
220.256
220.755
221.255
221.754
222.255
222.754
223.255
223.755
224.254
224.756
225.268
225.759
226.263
226.771
227.259
227.763
228.268
228.759
229.263
229.763
230.264
230.764
231.262
231.764
