0.00417299
0.00247171
0.00130202
0.0051731
0.000577913
0.0113554
0.000564023
0.00206298
0.0113623
0.00433226
0.0118147
0.000931512
0.00544337
0.0171272
0.00207649
0.00392948
0.00177466
0.000777781
0.00165862
0.00272074
0.00221572
0.00151525
0.00235346
0.00687889
0.00180447
0.0041449
0.000735911
0.00298501
0.00184636
0.0165421
0.00823726
0.00119669
0.00185038
0.00529423
0.0209208
0.0121888
0.00477505
0.0122599
0.00134098
0.0130395
0.0072659
0.00094392
0.00262071
0.0044178
0.00401352
0.00726759
0.00371361
0.00718299
0.0013412
0.00527528
0.00185972
0.00386342
0.0170333
0.00180942
0.00591467
0.0137288
0.0015932
0.000938104
0.00634957
0.019894
0.00303291
0.00346982
0.0135582
0.00401565
0.00448493
0.00539811
0.0037608
0.00257783
0.00153711
0.00067259
0.00825673
0.00220136
0.00768359
0.00107037
0.00161663
0.00496504
0.00312445
0.00588642
0.00244816
0.00172933
0.00362171
0.00422481
0.001243
0.00826604
0.00450472
0.00866821
0.0121999
0.000848003
0.00109269
0.00213148
0.00742585
0.00981602
0.00401408
0.00135911
0.00742021
0.00103921
0.0029346
0.0128341
0.0121793
0.0037705
0.00223565
0.00766114
0.0016584
0.00160677
0.00606642
0.00117801
0.000867614
0.0018877
0.0114357
0.00631697
0.00219749
0.00633647
0.00320186
0.00116315
0.0103239
0.0168372
0.00509867
0.00183081
0.00870084
0.000520519
0.00878063
0.00114478
0.00428688
0.00441961
0.00837536
0.0028417
0.00173502
0.00331395
0.00850572
0.00167277
0.00791504
0.00741779
0.00904005
0.00583567
0.00199359
0.00248952
0.00278469
0.00651792
0.00873992
0.00491655
0.0121719
0.003839
0.00645041
0.0239112
0.00188561
0.0044845
0.00169606
0.00219253
0.0039212
0.00316586
