0.202242
0.202305
0.202375
0.202429
0.202492
0.202554
0.202613
0.202671
0.202738
0.202791
0.202863
0.232325
0.372063
0.522495
0.663827
0.799422
0.904642
0.987410
1.007424
1.174170
1.577985
1.886383
2.113341
2.228924
2.289912
2.345207
2.414119
2.510014
2.652216
2.796459
2.958874
3.064845
3.133789
3.179010
3.255869
3.361583
3.497356
3.624776
3.717600
3.799065
3.884142
3.952538
4.028804
4.102674
4.192870
4.293900
4.387262
4.500697
4.576754
4.616895
4.661552
4.750764
4.879567
5.021875
5.219798
5.413903
5.665317
5.887431
6.104323
6.301199
6.473876
6.668529
6.848034
7.034244
7.223449
7.445390
7.669167
7.850112
8.020944
8.208536
8.364280
8.515588
8.710006
8.867087
9.035059
9.215645
9.474400
9.696723
9.898339
10.109511
10.298434
10.525917
10.783895
11.005560
11.243590
11.431585
11.614571
11.838012
12.035219
12.237870
12.478213
12.718422
12.921627
13.120221
13.349127
13.540262
13.763294
13.983234
14.190558
14.357945
14.535246
14.731671
14.951373
15.204313
15.459965
15.668111
15.864099
16.069058
16.241485
16.369464
16.443724
16.543162
16.678720
16.860422
17.066946
17.310850
17.543854
17.719174
17.895190
18.045787
18.130745
18.164849
18.225757
18.316543
18.434794
18.602699
18.769058
18.944607
19.124238
19.337485
19.513533
19.669189
19.809767
19.917263
20.008474
20.115969
20.237860
20.387434
20.530996
20.694517
20.915187
21.135920
21.358075
21.558918
21.763000
21.933541
22.109430
22.319354
22.536343
22.749942
22.931065
23.132211
23.294091
23.444710
23.610681
23.766534
23.961350
24.158604
24.395749
24.588142
24.805950
24.996504
25.222163
25.453423
25.650410
25.882262
26.116793
26.315177
26.509406
26.732872
26.918470
27.144970
27.388099
27.635082
27.865025
28.066364
28.223394
28.333349
28.422462
28.524688
28.660039
28.789621
28.895717
28.981305
29.064389
29.183082
29.339030
29.564133
29.779615
30.004543
30.264312
30.482940
30.695575
30.899656
31.114122
31.262167
31.401183
31.584043
31.804263
32.070251
32.305002
32.497198
32.618363
32.666523
32.705344
32.811021
32.916723
32.975338
33.084030
33.218201
33.408977
33.650838
33.949995
34.180160
34.405042
34.565359
34.742205
34.920170
35.126701
35.260770
35.318184
35.377391
35.488307
35.646174
35.813204
36.037319
36.245130
36.487158
36.687796
36.883086
37.113999
37.311666
37.541168
37.770991
38.008150
38.241686
38.437992
38.660038
38.885544
39.079959
39.277975
39.510799
39.712362
39.911422
40.090668
40.274579
40.459612
40.724943
40.983373
41.184726
41.405611
41.636117
41.839127
42.042528
42.241377
42.435986
42.659491
42.883678
43.079534
43.315942
43.554061
43.792865
44.031576
44.232579
44.421517
44.600639
44.779565
44.991328
45.197329
45.372336
45.512213
45.663963
45.826848
46.046347
46.282654
46.497237
46.712535
46.956233
47.167128
47.415302
47.649796
47.872540
48.094083
48.285270
48.515497
48.715812
48.936248
49.142565
49.302673
49.440185
49.548550
49.691452
49.862235
50.097517
50.300807
50.512870
50.663698
50.829795
51.019281
51.244249
51.470999
51.646375
51.821901
51.951335
52.085697
52.212381
52.344792
52.469576
52.608384
52.785836
52.935697
53.094197
53.197834
53.271950
53.324010
53.393234
53.511690
53.644012
53.828586
54.007726
54.229030
54.423676
54.625830
54.836785
55.086367
55.291866
55.492051
55.720904
55.917755
56.117609
56.258129
56.432944
56.606916
56.795430
56.923898
57.025277
57.152183
57.285132
57.470143
57.652336
57.878087
58.093214
58.363434
58.592361
58.817680
59.074071
59.295632
59.560371
59.793474
60.065890
60.290877
60.546040
60.797113
61.010224
61.219373
61.461111
61.694845
61.893943
62.121796
62.315752
62.543327
62.737498
62.961602
63.152717
63.351152
63.556581
63.790555
63.978844
64.149156
64.300824
64.439648
64.601777
64.758687
64.969361
65.169158
65.409577
65.647230
65.842291
66.065303
66.283159
66.473516
66.672540
66.917724
67.127774
67.332850
67.561146
67.786100
67.982969
68.216406
68.444310
68.640503
68.870030
69.070361
69.308670
69.509668
69.708262
69.938202
70.171703
70.374865
70.607451
70.780223
70.916259
71.029488
71.108043
71.192588
71.296677
71.447834
71.604052
71.813681
72.006810
72.209594
72.452728
72.666177
72.914662
73.165260
73.382495
73.623316
73.853739
74.047805
74.239132
74.429843
74.653191
74.884876
75.084778
75.317724
75.519056
75.721448
75.921958
76.146051
76.329764
76.506496
76.711994
76.894261
77.120057
77.345880
77.568010
77.759019
77.954084
78.145246
78.354184
78.526288
78.730161
78.914572
79.135772
79.349352
79.529194
79.735769
79.915479
80.083573
80.213639
80.304715
80.363349
80.463988
80.657811
80.854147
81.077384
81.259152
81.463803
81.669737
81.842418
82.039791
82.236339
82.440323
82.619903
82.840139
83.036059
83.264502
83.469298
83.683171
83.801250
83.858392
83.905404
83.964455
84.029693
84.126505
84.302712
84.483769
84.709219
84.940831
85.177660
85.399709
85.565897
85.700422
85.807132
85.916350
86.021035
86.173310
86.331129
86.540368
86.740815
86.986275
87.231532
87.435780
87.666816
87.852669
88.030285
88.151380
88.280550
88.459404
88.712630
88.953523
89.139731
89.338158
89.531613
89.704338
89.839488
90.002923
90.144824
90.298495
90.464891
90.650938
90.858413
91.053896
91.241017
91.379807
91.500714
91.607162
91.662614
91.706620
91.758598
91.833116
91.948395
92.070494
92.214340
92.315489
92.393438
92.483098
92.621798
92.763098
92.921906
93.120919
93.303738
93.407964
93.472947
93.533415
93.660754
93.811966
93.977942
94.179640
94.399633
94.597854
94.833246
95.062690
95.246968
95.415859
95.596934
95.737884
95.891170
96.018612
96.166515
96.297865
96.435612
96.595964
96.758846
96.899038
97.056467
97.203165
97.311035
97.423605
97.542281
97.739354
97.945532
98.193938
98.385058
98.565760
98.677172
98.753299
98.800024
98.845452
98.897318
99.003851
99.165078
99.337800
99.529205
99.763896
100.009608
100.254208
100.471956
100.719645
100.941365
101.206919
101.432088
101.687583
101.891441
102.077518
102.288082
102.485533
102.654618
102.789731
102.953526
103.101831
103.248754
103.390437
103.553524
103.693618
103.836937
103.990696
104.092497
104.161042
104.175128
104.215267
104.294793
104.431160
104.567131
104.730306
104.876355
105.064712
105.283694
105.502750
105.772768
105.999619
106.218827
106.444315
106.630697
106.847480
107.038304
107.266909
107.492975
107.691713
107.919812
108.108454
108.289242
108.484208
108.634823
108.807009
108.975529
109.194904
109.368570
109.554714
109.771091
110.003204
110.212833
110.374982
110.519500
110.633888
110.743111
110.851110
111.009164
111.166622
111.369394
111.545462
111.742793
111.928265
112.063015
112.178701
112.304696
112.442918
112.586197
112.787497
113.012055
113.219427
113.468440
113.685666
113.941328
114.153248
114.394199
114.606211
114.855320
115.034449
115.176512
115.322690
115.506598
115.682734
115.828364
116.004900
116.173750
116.355008
116.539899
116.751580
116.919912
117.103557
117.263485
117.431159
117.602366
117.798805
117.993300
118.155769
118.368014
118.513988
118.584310
118.630447
118.739835
118.889405
119.037667
119.196944
119.363431
119.571512
119.771860
119.981724
120.222757
120.417370
120.639009
120.863153
121.057958
121.285791
121.475312
121.661442
121.872590
122.049453
122.224897
122.417724
122.600411
122.775096
122.940141
123.134511
123.332393
123.512838
123.731744
123.920852
124.100299
124.295015
124.504676
124.696582
124.911103
125.092764
125.284264
125.489959
125.746605
126.011940
126.260020
126.493304
126.751572
126.875610
127.030890
127.308760
127.466909
127.622495
128.076803
128.858074
129.561891
130.141072
130.913137
131.749658
132.290409
132.527701
132.837176
133.204096
133.492141
133.773324
134.017135
134.209096
134.429119
134.620135
134.843477
135.037693
135.244195
135.468971
135.662149
135.887982
136.085041
136.283995
136.483766
136.683122
136.917124
137.145887
137.342444
137.569851
137.800087
137.993899
138.186368
138.378146
138.601266
138.794603
138.992314
139.213301
139.442369
139.637451
139.833392
140.062432
140.262835
140.464962
140.699233
140.939449
141.180125
141.385706
141.585388
141.810440
141.996778
142.170321
142.351727
142.502472
142.625236
142.798649
142.977063
143.209290
143.408752
143.634710
143.826764
144.020310
144.252879
144.453068
144.685881
144.885137
145.084246
145.317223
145.553903
145.775089
145.961864
146.075511
146.154530
146.227656
146.311644
146.390765
146.444187
146.477584
146.500188
146.520526
146.537438
146.549137
146.558023
146.563388
146.568099
146.571604
146.574206
146.575846
146.577061
146.578109
146.578875
146.579412
146.579745
146.580017
146.580185
146.580316
146.580412
146.580487
146.580544
146.580589
146.580632
146.580661
146.580689
146.580708
146.580726
146.580738
146.580749
146.580756
146.580762
146.580765
146.580767
146.580769
146.580770
146.580771
146.580771
146.580771
146.580772
146.580773
146.580773
146.580773
146.580774
146.580774
146.580775
146.580775
146.580775
146.580775
146.580775
146.580775
146.580775
146.580775
146.580776
146.580776
146.580776
146.580776
146.580776
146.580776
146.580776
146.580776
146.580776
146.580776
146.580776
146.580776
146.580776
146.580776
146.580776
146.580776
146.580776
146.580776
146.580776
146.580776
146.580776
146.580776
146.580776
146.580776
146.580776
146.580776
146.580776
146.580776
146.580776
146.580776
146.580776
146.580776
146.580776
146.580776
146.580776
146.580776
146.580776
146.580776
146.580776
146.580776
146.580776
146.580776
146.580776
146.580776
146.580776
146.580776
146.580776
146.580776
146.580776
146.580776
146.580777
146.580777
146.580777
146.580777
146.580777
146.580777
146.580777
146.580777
146.580777
146.580777
146.580777
146.580777
146.580777
146.580777
146.580777
146.580777
146.580777
146.580777
146.580777
146.580777
146.580777
146.580777
146.580777
146.580777
146.580777
146.580777
146.580777
146.580777
146.580777
146.580777
146.580777
146.580777
146.580777
146.580777
146.580777
146.580777
146.580777
146.580777
146.580777
146.580777
146.580777
146.580777
146.580777
146.580777
146.580778
146.580778
146.580778
146.580778
146.580778
146.580778
146.580778
146.580778
146.580778
146.580778
146.580778
146.580778
146.580778
146.580778
146.580778
146.580778
146.580778
146.580778
146.580778
146.580778
146.580778
146.580778
146.580778
146.580778
146.580778
146.580778
146.580778
146.580778
146.580778
146.580778
146.580778
146.580778
146.580778
146.580778
146.580778
146.580778
146.580778
146.580778
146.580778
146.580778
146.580778
146.580778
146.580778
146.580778
146.580778
146.580778
146.580778
146.580778
146.580778
146.580779
146.580779
146.580779
146.580779
146.580779
146.580779
146.580779
146.580779
146.580779
146.580779
146.580779
146.580779
146.580779
146.580779
146.580779
146.580779
146.580779
146.580779
146.580779
146.580779
146.580779
146.580779
146.580779
146.580779
146.580779
146.580779
146.580779
146.580779
146.580779
146.580779
146.580779
146.580779
146.580779
146.580779
146.580779
146.580779
146.580779
146.580779
146.580779
146.580779
146.580779
146.580779
146.580779
146.580779
146.580779
146.580779
146.580780
146.580780
146.580780
146.580780
146.580780
146.580780
146.580780
146.580780
146.580780
146.580780
146.580780
146.580780
146.580780
146.580780
146.580780
146.580780
146.580780
146.580780
146.580780
146.580780
146.580780
146.580780
146.580780
146.580780
146.580780
146.580780
146.580780
146.580780
146.580780
146.580780
146.580780
146.580780
146.580780
146.580780
146.580780
146.580780
146.580780
146.580780
146.580780
146.580780
146.580780
146.580780
146.580780
146.580780
146.580780
146.580780
146.580780
146.580780
146.580780
146.580780
146.580780
146.580781
146.580781
146.580781
146.580781
146.580781
146.580781
146.580781
146.580781
146.580781
146.580781
146.580781
146.580781
146.580781
146.580781
146.580781
146.580781
146.580781
146.580781
146.580781
146.580781
146.580781
146.580781
146.580781
146.580781
146.580781
146.580781
146.580781
146.580781
146.580781
146.580781
146.580781
146.580781
146.580781
146.580781
146.580781
146.580781
146.580781
146.580781
146.580781
146.580781
146.580781
146.580781
146.580781
146.580781
