1.80206
1.80217
2.33134
2.86305
3.33188
3.83801
4.33164
4.8495
5.33285
5.83597
6.33545
6.83539
7.33512
7.83569
8.37031
8.83587
9.33528
9.83848
10.3393
10.8397
11.3393
11.8398
12.3393
12.8396
13.3393
13.8401
14.3402
14.8403
15.3433
15.8436
16.3468
16.843
17.3437
17.8527
18.3467
18.8432
19.3437
19.8509
20.3504
20.848
21.3473
21.8477
22.347
22.8475
23.3478
23.8477
24.351
24.8518
25.3513
25.8512
26.3519
26.8513
27.3512
27.8512
28.3519
28.8512
29.355
29.8559
30.3549
30.8558
31.3557
31.8561
32.356
32.8587
33.3557
33.858
34.3596
34.8597
35.3592
35.872
36.3594
36.8591
37.3598
37.8696
38.3598
38.8639
39.3631
39.864
40.3634
40.863
41.3639
41.8639
42.3643
42.8635
43.3631
43.8673
44.3672
44.8865
45.3676
45.8673
46.3677
46.8749
47.3709
47.8717
48.372
48.8709
49.3715
49.8718
50.3721
50.8718
51.385
51.8716
52.3829
52.8755
53.375
53.8751
54.375
54.8761
55.3756
55.8758
56.3759
56.8798
57.3797
57.8798
58.3795
58.8799
59.3797
59.88
60.3798
60.8794
61.3793
61.8813
62.3831
62.8832
63.3831
63.8832
64.3841
64.8838
65.3833
65.8837
66.3839
66.8905
67.3879
67.8878
68.3872
68.8897
69.3874
69.8875
70.3878
70.8874
71.3884
71.8965
72.3913
72.8915
73.3914
73.8917
74.3911
74.891
75.3912
75.8917
76.3923
76.892
77.3957
77.8951
78.395
78.8955
79.4207
79.8958
80.3962
80.8951
81.3955
81.8951
82.4098
82.8978
83.3997
83.8994
84.3999
84.8994
85.4131
85.9
86.3996
86.8999
87.3994
87.8995
88.3996
88.9064
89.4036
89.9036
90.4035
90.9036
91.4038
91.9034
92.4033
92.9042
93.4206
93.9033
94.4045
94.9255
95.4077
95.9076
96.4171
96.9078
97.4078
97.9224
98.4085
98.9119
99.4112
99.9112
100.411
100.911
101.412
101.912
102.411
102.911
103.412
103.911
104.411
104.912
105.415
105.915
106.417
106.915
107.415
107.915
108.416
108.916
109.415
109.916
110.42
110.919
111.42
111.92
112.419
112.92
113.42
113.919
114.42
114.92
115.42
115.922
116.424
116.923
117.424
117.924
118.423
118.923
119.423
119.924
120.425
120.928
121.427
121.927
122.428
122.928
123.428
123.928
124.428
124.927
125.428
125.931
126.432
126.932
127.432
127.931
128.432
128.931
129.432
129.931
130.431
130.937
131.435
131.936
132.451
132.935
133.436
133.949
134.436
134.94
135.436
135.935
136.439
136.939
137.44
137.939
138.44
138.951
139.44
139.939
140.439
140.94
141.44
141.943
142.443
142.944
143.443
143.944
144.444
144.943
145.443
145.945
146.444
146.943
147.446
147.947
148.465
148.948
149.448
149.948
150.448
150.948
151.447
151.947
152.448
152.948
153.448
153.949
154.451
154.951
155.451
155.951
156.452
156.952
157.451
157.951
158.452
158.952
159.454
159.956
160.455
160.956
161.455
161.956
162.456
162.955
163.456
163.956
164.455
164.958
165.479
165.96
166.459
166.959
167.459
167.964
168.46
168.96
169.459
169.959
170.462
170.964
171.463
171.964
172.464
172.964
173.464
173.964
174.464
174.966
175.464
175.964
176.467
176.969
177.467
177.971
178.468
178.973
179.485
179.967
180.477
180.972
181.476
181.979
182.476
182.971
183.481
183.972
184.492
184.971
185.471
185.972
186.471
186.975
187.476
187.975
188.476
188.979
189.476
189.978
190.477
190.975
191.475
191.976
192.48
192.98
193.482
193.981
194.48
194.98
195.479
195.98
196.48
196.982
197.483
197.984
198.488
198.984
199.487
199.983
200.484
200.983
201.485
201.984
202.488
202.984
203.488
203.99
204.488
204.995
205.487
205.987
206.5
206.993
207.495
207.999
208.495
208.996
209.501
209.991
210.492
211.002
211.492
211.999
212.492
212.992
213.491
213.992
214.496
214.995
215.495
215.995
216.496
216.995
217.497
217.995
218.505
218.995
219.499
219.999
220.5
221
221.5
221.999
222.499
222.999
223.5
223.999
224.5
225.003
225.504
226.004
226.509
227.004
227.504
228.004
228.504
229.004
229.505
230.004
230.519
231.008
231.508
232.008
232.509
233.007
233.508
234.007
234.508
235.008
235.509
236.011
236.511
237.014
237.511
238.016
238.516
239.012
239.519
240.012
240.512
241.011
241.514
242.018
242.515
243.023
243.515
244.016
244.52
245.021
245.515
246.016
246.524
247.02
247.52
248.02
248.52
249.024
249.519
