0.0113521
0.00984111
0.0225832
0.0263912
0.000623563
0.00167782
0.00142707
0.0157563
0.000754232
0.0011345
0.000605499
0.00859655
0.00117941
0.000589198
0.000705297
0.00385739
0.0013792
0.00111113
0.000858954
0.000287465
0.00202177
0.00130823
0.00739297
0.000535565
0.00137742
0.000602998
0.000577437
0.00154816
0.000853126
0.0010268
0.000968208
0.00235482
0.000900461
0.00330639
0.0171003
0.000749638
0.000524524
0.00226129
0.00380254
0.00124094
0.00144585
0.00930026
0.0013737
0.00330559
0.00491085
0.00117424
0.00309712
0.0011014
0.002113
0.00221533
0.00356084
0.010054
0.00309553
0.00308417
0.00299988
0.00194046
0.00307843
0.0030987
0.00177108
0.00192318
0.00117444
0.00171902
0.00164323
0.00527494
0.000273986
0.0168652
0.00147295
0.00565962
0.00107843
0.000827921
0.000710237
0.00348442
0.000650654
0.000729943
0.000630718
0.00155431
0.00149808
0.00104113
0.00191723
0.00120633
0.00186788
0.00222856
0.0042018
0.00178093
0.000691628
0.00411405
0.00113797
0.00318493
0.000877406
0.0013462
0.00234774
0.00203923
0.00389052
0.000582669
0.000764423
0.000982697
0.000816191
0.00510234
0.000851377
0.00110436
0.000398343
0.000975868
0.000617654
0.00132151
0.00154008
0.00154375
0.000623894
0.000716206
0.00749815
0.000439063
0.00122123
0.00560591
0.000544412
0.00127158
0.00452138
0.00431514
0.000473113
0.000616157
0.00822241
0.000724921
0.00806783
0.000835749
0.00437518
