7.84027
9.55701
12.3982
22.622
22.6323
22.6533
22.6731
23.2342
25.5811
25.6013
25.6202
25.6384
25.6604
27.2799
29.2386
29.8629
29.8815
29.9002
31.6486
34.1962
38.3415
38.3607
38.9831
38.9969
39.0175
39.0362
39.0565
39.0775
40.0928
40.1122
40.308
40.3296
40.3487
45.5394
46.5689
46.7805
49.1246
53.1656
53.1875
53.2047
53.2253
54.9172
54.9288
54.9506
55.1448
55.5438
55.9748
55.9923
56.014
56.0338
56.0545
56.081
56.0939
56.1141
56.134
56.1534
56.2021
56.2149
56.2332
56.2534
56.272
56.2924
57.7048
59.0688
68.8841
71.5079
71.5254
71.5495
71.5645
73.2239
77.1325
80.8313
80.8482
80.8687
81.0364
89.7015
89.7211
89.7403
89.7614
89.781
89.802
89.8216
89.844
89.8619
89.8929
90.9759
90.9931
91.0065
91.0237
91.0448
92.5381
92.5573
92.5798
92.596
92.6166
92.6366
92.6567
92.6811
92.697
109.889
114.448
114.461
114.66
114.681
114.702
114.721
117.5
117.52
119.279
119.668
119.689
119.713
119.728
119.749
122.752
124.748
136.267
136.28
138.448
138.672
138.7
140.413
141.27
