0.000807236
0.0015781
0.0146815
0.00141171
0.000612579
0.0141198
0.00302279
0.0308975
0.00234121
0.0191495
0.000860854
0.00125195
0.0164549
0.00433571
0.0031593
0.00123886
0.000661477
0.00147325
0.00474436
0.00525075
0.00321263
0.0123449
0.00557088
0.0017717
0.00116603
0.00355324
0.00517816
0.00280444
0.00474618
0.00650675
0.0024392
0.00356158
0.00436224
0.00546385
0.0141532
0.00116022
0.000904355
0.0070095
0.00190578
0.00263806
0.0101669
0.00168203
0.000954975
0.00660505
0.00745163
0.00123085
0.00909745
0.00374807
0.00152477
0.00294764
0.00108642
0.00229552
0.00727003
0.0058003
0.00341251
0.00855223
0.00366259
0.00806055
0.00229125
0.0149865
0.00070572
0.00879409
0.00296376
0.00366441
0.0186258
0.00550333
0.00206721
0.0120937
0.00232495
0.0101173
0.00114199
0.00859537
0.00669172
0.00100722
0.00115835
0.0025241
0.00452903
0.0014648
0.0241101
0.00729834
0.00109081
0.00927348
0.00557012
0.000958366
0.00648684
0.0068674
0.00253209
0.0076898
0.00376013
0.00279117
0.00150904
0.00144812
0.00190368
0.0095008
0.00983149
0.00104537
0.00412938
0.00956833
0.00102085
0.0108067
0.00239656
0.0123376
0.00433938
0.00157069
0.0020221
0.00114745
0.000961989
0.00815687
0.00109514
0.00154211
0.00367859
0.00223249
0.00391505
0.0100986
0.000740308
0.00520701
0.00116345
0.00112222
0.000648155
0.00500349
0.00113035
0.00137375
0.00118912
0.00988332
0.00705834
0.00857019
0.00202725
0.00920288
0.00228822
0.00251356
0.00360115
0.00340675
0.00202914
0.00508212
0.00179348
0.00781966
0.00415757
0.00633452
0.0046702
0.00989151
0.0103079
0.00839857
0.00546953
0.00206847
