7.85049
9.56905
11.2784
12.4171
14.0918
15.2294
16.4827
18.2463
18.4257
18.9111
19.3585
20.4204
21.2805
21.6922
22.6947
23.2472
24.9527
25.681
27.3041
27.5165
29.2544
29.9322
31.6648
32.5304
34.2168
34.439
35.1005
35.3061
35.7444
37.4788
38.3825
39.0995
40.1358
40.3729
42.0264
43.7284
45.0911
45.5556
46.5817
46.7939
48.458
49.1458
49.7318
49.9778
51.0067
52.7134
52.9453
53.2473
54.9689
55.1632
55.5646
56.3128
57.7307
58.1737
59.0872
60.7882
61.4476
62.5511
64.2865
64.5328
64.9532
65.6763
67.3943
68.8996
69.1027
69.3211
69.9462
71.5952
73.2376
74.7342
76.4684
76.7089
77.1585
78.8603
80.6045
80.8899
81.0518
82.7687
84.5673
85.1782
86.0448
86.917
87.3451
89.0442
89.9145
91.0704
92.7285
94.4952
96.2157
97.9662
99.701
100.569
101.802
102.049
103.794
105.549
106.88
107.078
108.185
108.394
109.91
111.631
112.768
114.481
114.742
115.789
117.072
117.275
117.541
119.293
119.772
121.449
122.352
122.558
122.768
122.984
124.764
125.385
127.121
128.428
128.636
130.35
132.128
132.79
134.539
134.983
136.301
137.149
138.462
138.714
140.435
141.289
142.342
143.826
145.313
145.552
147.315
148.97
150.765
152.494
154.206
155.904
157.626
159.394
