0.202240
0.202302
0.202371
0.202415
0.202488
0.202542
0.202600
0.202658
0.202716
0.202770
0.202837
0.215790
0.316085
0.486361
0.631728
0.756425
0.870720
0.957145
0.983272
1.021599
1.288131
1.691769
1.958256
2.138009
2.230925
2.296651
2.351429
2.414342
2.524862
2.656192
2.827417
2.958993
3.068054
3.122256
3.191250
3.288004
3.430086
3.574135
3.682860
3.775300
3.855499
3.939487
4.005360
4.079856
4.162813
4.245936
4.338259
4.437115
4.557331
4.648238
4.691011
4.731733
4.821884
4.910319
5.097814
5.299034
5.496209
5.708974
5.966699
6.177046
6.367011
6.559684
6.725014
6.932911
7.119920
7.343645
7.535225
7.725214
7.907159
8.105091
8.291824
8.447137
8.624928
8.769904
8.927719
9.092451
9.307200
9.567068
9.788969
10.012025
10.210559
10.367742
10.562386
10.782011
11.007477
11.219425
11.441436
11.624351
11.847238
12.077581
12.315441
12.559836
12.764684
12.997445
13.194208
13.388605
13.613352
13.808973
14.033206
14.215020
14.429308
14.627040
14.869089
15.082322
15.295597
15.504977
15.743214
15.932277
16.099324
16.238739
16.366773
16.535918
16.740175
16.970835
17.171957
17.399325
17.579378
17.735476
17.858725
17.940749
17.992943
18.062403
18.171166
18.319182
18.505984
18.690513
18.877143
19.082787
19.268024
19.409102
19.533030
19.604415
19.682578
19.792050
19.937592
20.112582
20.271629
20.470437
20.665663
20.880618
21.100186
21.336277
21.524014
21.712875
21.937429
22.123072
22.296687
22.467320
22.593423
22.673844
22.771607
22.884749
23.030010
23.222930
23.384542
23.534202
23.707800
23.869982
24.066462
24.240842
24.456241
24.678432
24.904254
25.096581
25.267729
25.442471
25.599640
25.803014
25.989186
26.212716
26.411970
26.615415
26.855268
27.091622
27.328644
27.563285
27.753607
27.980360
28.168550
28.354355
28.486146
28.605398
28.725331
28.877559
29.021195
29.192569
29.314109
29.400022
29.448967
29.528571
29.676673
29.844040
30.075776
30.334032
30.607732
30.836103
31.086789
31.316476
31.493657
31.667828
31.886810
32.107342
32.320343
32.507033
32.688233
32.809455
32.872581
32.930130
33.090809
33.290612
33.519336
33.742127
33.945601
34.177248
34.390654
34.655373
34.889923
35.119430
35.331147
35.544536
35.709370
35.866241
36.025860
36.164451
36.325336
36.515767
36.729105
36.984644
37.202187
37.441208
37.680917
37.882002
38.079105
38.301458
38.520044
38.738570
38.920474
39.136694
39.347465
39.592465
39.785860
39.972221
40.201174
40.437945
40.640684
40.836087
41.061520
41.258484
41.492471
41.726251
41.933748
42.147051
42.366853
42.626883
42.847597
43.095904
43.328135
43.556856
43.789159
43.982668
44.195824
44.404217
44.641393
44.858492
45.070108
45.306580
45.552949
45.766725
45.939516
46.068809
46.176454
46.269381
46.380159
46.574185
46.786822
47.009515
47.256820
47.484030
47.675506
47.896640
48.087656
48.280124
48.513464
48.750239
48.949824
49.157705
49.350002
49.507544
49.661044
49.753796
49.814726
49.932246
50.074806
50.259528
50.412295
50.588212
50.740713
50.896309
51.077894
51.261623
51.425286
51.627589
51.828891
51.991309
52.159084
52.286966
52.402219
52.507403
52.626350
52.722799
52.830195
52.985718
53.159498
53.337236
53.530073
53.643438
53.723891
53.855541
53.995613
54.160582
54.349485
54.508543
54.575143
54.638321
54.812177
55.029357
55.192950
55.344205
55.465714
55.600930
55.728281
55.889078
56.099262
56.296465
56.520653
56.769135
57.064909
57.350786
57.613165
57.828095
58.035551
58.268362
58.497382
58.707471
58.871640
59.029760
59.180596
59.332467
59.453798
59.636510
59.846492
60.031626
60.248121
60.443200
60.685526
60.898036
61.151223
61.406372
61.621257
61.860773
62.047510
62.242934
62.392231
62.535317
62.625692
62.715742
62.817928
62.986701
63.163809
63.354758
63.583280
63.820845
64.055321
64.211528
64.282897
64.350872
64.553855
64.801069
65.109317
65.346362
65.596584
65.814674
66.038351
66.267848
66.518108
66.680308
66.790390
66.905435
67.051121
67.250206
67.508115
67.721934
67.919960
68.108667
68.326648
68.516837
68.743661
68.937948
69.166404
69.365847
69.599332
69.801096
70.036142
70.232471
70.430386
70.667096
70.872814
71.100489
71.284092
71.492819
71.699396
71.910494
72.124639
72.311834
72.542625
72.750034
72.957680
73.193972
73.431335
73.662813
73.860441
74.057819
74.257113
74.492550
74.698757
74.944398
75.153472
75.361669
75.600410
75.836104
76.073723
76.273697
76.472201
76.668629
76.891583
77.108435
77.327811
77.540495
77.714291
77.900806
78.052123
78.230702
78.417240
78.587589
78.790635
78.966547
79.141420
79.344688
79.513827
79.681637
79.880640
80.062985
80.287677
80.484261
80.702180
80.864664
81.010618
81.163377
81.337448
81.558098
81.784065
81.975711
82.140997
82.305563
82.453307
82.641888
82.812456
83.015312
83.228466
83.415108
83.636592
83.827688
84.044803
84.226966
84.436266
84.637161
84.835292
85.037135
85.213039
85.426134
85.615896
85.840977
86.039943
86.283326
86.497791
86.722763
86.863739
86.964050
87.015794
87.061826
87.118732
87.205281
87.343279
87.500316
87.674967
87.843761
88.065482
88.268260
88.467848
88.590611
88.679292
88.791276
88.967527
89.155466
89.408623
89.676210
89.942583
90.156411
90.382708
90.574360
90.713277
90.826651
90.917466
91.019864
91.130380
91.272353
91.447756
91.688052
91.936070
92.141033
92.359814
92.573671
92.790284
92.984660
93.212420
93.404388
93.603531
93.787356
93.971724
94.106362
94.223138
94.283601
94.337223
94.430516
94.538424
94.651334
94.793315
94.986725
95.169376
95.361707
95.561261
95.788387
95.946433
96.082143
96.182372
96.317532
96.524570
96.716609
96.944656
97.169751
97.393364
97.613615
97.792404
97.960448
98.112760
98.267131
98.382167
98.523239
98.700770
98.861123
99.048263
99.249742
99.478657
99.683014
99.885719
100.088022
100.232455
100.390776
100.533154
100.714976
100.887372
101.105645
101.305679
101.546070
101.747385
101.945628
102.177283
102.384517
102.629212
102.830934
103.041256
103.190399
103.335345
103.454563
103.548618
103.632729
103.728773
103.835555
103.969011
104.081265
104.194300
104.288757
104.330413
104.483955
104.630710
104.810902
104.970289
105.061994
105.173283
105.290100
105.419843
105.570649
105.828746
106.083032
106.190899
106.391376
106.682077
106.967776
107.171183
107.427935
107.672612
107.906969
108.157162
108.364925
108.602700
108.804336
109.030894
109.235260
109.389520
109.531128
109.718777
109.937539
110.123348
110.293265
110.460673
110.615907
110.763851
110.943780
111.092379
111.258998
111.410645
111.550318
111.708213
111.875187
112.063254
112.261275
112.491676
112.682473
112.889800
113.046422
113.181523
113.302248
113.392915
113.538727
113.706384
113.924466
114.098553
114.252739
114.401104
114.584034
114.748652
114.914027
115.081076
115.278983
115.445340
115.606880
115.775512
115.991106
116.214462
116.441915
116.636674
116.821645
116.988446
117.063914
117.149360
117.352719
117.575727
117.787207
117.922429
118.044461
118.190904
118.371498
118.611048
118.816389
119.054149
119.266594
119.487720
119.751239
120.020740
120.282688
120.540806
120.760079
121.013074
121.221782
121.425391
121.656737
121.874626
122.076356
122.245577
122.420021
122.628933
122.814137
123.002897
123.190450
123.394522
123.546346
123.680842
123.761735
123.801401
123.844274
123.910462
123.989240
124.022217
124.056244
124.137135
124.289068
124.452790
124.666833
124.862311
125.093198
125.291603
125.534336
125.781948
125.994289
126.236197
126.442611
126.637539
126.830197
126.930446
127.099285
127.240017
127.449126
127.708710
128.046579
128.316322
128.580168
128.789706
128.878311
128.912196
128.984946
129.103923
129.186828
129.221925
129.270276
129.308298
129.342710
129.375997
129.401814
129.455673
129.472040
129.525190
129.537914
129.549017
129.576114
129.582024
129.593833
129.601482
129.606682
129.622580
129.633929
129.639586
129.650309
129.654187
129.661663
129.749392
129.842811
129.983768
130.031763
130.120210
130.138977
130.244082
130.296235
130.397832
130.469307
130.546289
130.572919
130.626612
130.664749
130.683122
130.704055
130.713175
130.714599
130.716896
130.717287
130.718129
130.719213
130.719566
130.720665
130.721680
130.721772
130.722712
130.723307
130.723792
130.724075
130.724125
130.725034
130.725649
130.726342
130.726748
130.727008
130.727143
130.727400
130.727594
130.727825
130.727843
130.728019
130.728364
130.728554
130.728609
130.729188
130.729446
130.729484
130.729534
130.729659
130.729813
130.729840
130.730123
130.730208
130.730321
130.730398
130.730796
130.730901
130.730989
130.731100
130.731178
130.731437
130.731622
130.731785
130.731847
130.732100
130.732350
130.732438
130.732577
130.733165
130.733328
130.733478
130.733588
130.734363
130.734818
130.735170
130.735703
130.735869
130.736115
130.736309
130.736677
130.737028
130.737142
130.737664
130.737911
130.738090
130.738524
130.738871
130.739430
130.739608
130.739964
130.740489
130.740822
130.741166
130.742220
130.742315
130.742687
130.743169
130.743790
130.744966
130.745156
130.746012
130.746135
130.746913
130.747518
130.748117
130.749227
130.749473
130.749936
130.750455
130.751182
130.751748
130.752483
130.753128
130.754141
130.754694
130.756070
130.756376
130.757311
130.758961
130.759152
130.759848
130.761177
130.761946
130.763501
130.764393
130.765295
130.766736
130.767317
130.768676
130.770522
130.770890
130.771845
