2.63217
2.85415
3.06749
3.26998
3.5083
3.70655
3.9068
4.10861
4.30862
4.51585
4.74195
4.98443
5.1863
5.42039
5.62006
5.8212
6.05464
6.29223
6.48987
6.69089
6.89299
7.13219
7.32647
7.56513
7.79731
8.02974
8.23111
8.43366
8.66761
8.87242
9.1043
9.28885
9.53748
9.77196
9.99894
10.19
10.4262
10.6407
10.8372
11.0357
11.2473
11.4872
11.6887
11.9321
12.1708
12.3642
12.5704
12.7797
13.0099
13.2237
13.4512
13.6506
13.9074
14.0814
14.3172
14.5707
14.7718
14.9735
15.2044
15.4047
15.6116
15.8363
16.0252
16.2608
16.4623
16.7014
16.8947
17.0985
17.2983
17.5277
17.7665
17.9705
18.2062
18.4117
18.6392
18.8747
19.1103
19.3412
19.5436
19.7663
20.0021
20.2013
20.4092
20.6136
20.8197
21.0103
21.2527
21.4576
21.6762
21.9192
22.1576
22.3809
22.5835
22.8072
23.0064
23.2047
23.4402
23.6478
23.8751
24.0725
24.2988
24.505
24.7393
24.9362
25.1306
25.3353
25.5695
25.7597
25.9751
26.1666
26.3629
26.5953
26.8328
27.0761
27.2659
27.4996
27.7022
27.9034
28.1059
28.3008
28.5027
28.7313
28.981
29.2109
29.4342
29.6435
29.8491
30.0847
30.318
30.5139
30.7413
30.9476
31.1779
31.41
31.6379
31.8802
32.0771
32.3054
32.5128
32.7076
32.9057
33.1381
33.3404
33.5546
33.7795
33.9842
34.1819
34.4239
34.6601
34.8547
35.0861
35.2912
35.4937
35.7295
35.9215
36.1226
36.3559
36.5589
36.7875
36.988
37.2175
37.4599
37.693
37.8943
38.0915
38.3297
38.5274
38.758
38.9652
39.196
39.3976
39.6042
39.8411
40.0765
40.2977
40.5388
40.736
40.9575
41.1591
41.3911
41.5914
41.7954
42.0002
42.2319
42.432
42.6611
42.8547
43.0807
43.2863
43.4741
43.7126
43.9194
44.1543
44.4103
44.6428
44.8383
45.0712
45.3107
45.523
45.7302
45.9517
46.1502
46.356
46.5366
46.7676
46.9744
47.1718
47.3945
47.6252
47.8228
48.0285
48.2258
48.434
48.6666
48.8701
49.111
49.3071
49.5104
49.7138
49.9591
50.1604
50.3648
50.5915
50.7865
50.9829
51.1891
51.39
51.6231
51.8215
52.0528
52.2954
52.4919
52.6945
52.9258
53.1535
53.3795
53.5881
53.817
54.0228
54.2571
54.46
54.6634
54.8974
55.1279
55.3415
55.5311
55.7661
55.9609
56.1989
56.423
56.6273
56.8329
57.0302
57.2555
57.4599
57.6934
57.9292
58.1538
58.3883
58.5915
58.8196
59.0483
59.2871
59.4901
59.6847
59.9224
60.1484
60.3574
60.5594
60.7682
60.9928
61.2367
61.4336
61.6618
61.8676
62.0739
62.3038
62.5312
62.7306
62.966
63.1696
63.3739
63.6199
63.8498
64.0429
64.2745
64.5072
64.7138
64.9396
65.1722
65.4142
65.6559
65.8491
66.0754
66.2816
66.5171
66.7191
66.9317
67.1547
67.3804
67.5773
67.8217
68.0224
68.2256
68.467
68.6619
68.8655
69.0733
69.3012
69.5061
69.7112
69.932
70.177
70.3711
70.6079
70.8373
71.0342
71.2649
71.4745
71.6802
71.9117
72.1392
72.3425
72.5443
72.7807
73.0019
73.209
73.4355
73.6479
73.8767
74.0791
74.2863
74.513
74.711
74.9156
75.1253
75.3372
75.5721
75.806
76.0345
76.227
76.4549
76.6896
76.9264
77.1212
77.3227
77.515
77.7482
77.9492
78.1806
78.4096
78.6128
78.844
79.04
79.2772
79.4779
79.7041
79.9297
80.1405
80.3763
80.5896
80.8175
81.0233
81.251
81.4532
81.6884
81.8888
82.1335
82.3297
82.5285
82.756
82.9847
83.2246
83.422
83.6505
83.8523
84.0858
84.2938
84.5266
84.709
84.9537
85.1565
85.3533
85.5652
85.7956
86.0324
86.262
86.4966
86.6916
86.8918
87.1216
87.3273
87.5245
87.7239
87.9594
88.1593
88.3976
88.5968
88.8224
89.0321
89.2484
89.4574
89.6897
89.8898
90.0879
90.3178
90.5209
90.75
90.9578
91.1888
91.4182
91.6554
91.886
92.0916
92.3134
92.5246
92.7259
92.9522
93.1986
93.4328
93.6388
93.8208
94.0419
94.2702
94.4763
94.7024
94.8971
95.0982
95.3335
95.56
95.7985
95.9971
96.2018
96.3983
96.6298
96.8659
97.1049
97.3286
97.5267
97.7554
97.9534
98.1851
98.4173
98.6187
98.8469
99.0611
99.269
99.488
99.6891
99.8876
100.136
100.331
100.553
100.758
100.991
101.196
101.391
101.594
101.789
102.029
102.258
102.461
102.66
102.896
103.096
103.326
103.527
103.765
103.994
104.205
104.432
104.632
104.866
105.068
105.3
105.535
105.757
105.997
106.2
106.422
106.621
106.859
107.057
107.293
107.504
107.733
107.945
108.172
108.371
108.576
108.772
108.98
109.205
109.435
109.666
109.868
110.104
110.304
110.542
110.769
110.967
111.171
111.402
111.606
111.839
112.067
112.298
112.503
112.752
112.967
113.171
113.374
113.571
113.804
114.001
114.202
114.405
114.644
114.878
115.076
115.31
115.543
115.773
115.979
116.214
116.406
116.62
116.822
117.052
117.258
117.488
117.721
117.957
118.181
118.424
118.633
118.831
119.056
119.259
119.456
119.657
119.892
120.085
120.324
120.556
120.756
120.985
121.188
121.43
121.659
121.889
122.126
122.333
122.537
122.736
122.963
123.163
123.384
123.624
123.831
124.064
124.296
124.527
124.733
124.933
125.17
125.367
125.605
125.809
126.038
126.239
126.47
126.677
126.911
127.104
127.312
127.538
127.74
127.968
128.177
128.414
128.618
128.845
129.065
129.305
129.507
129.71
129.903
130.131
130.332
130.568
130.797
130.999
131.232
131.439
131.679
131.886
132.117
132.325
132.53
132.77
132.948
133.178
133.401
133.628
133.865
134.09
134.331
134.522
134.761
134.964
135.173
135.398
135.598
135.831
136.027
136.255
136.492
136.69
136.885
137.127
137.364
137.562
137.76
138
138.233
138.428
138.661
138.866
139.106
139.333
139.575
139.8
139.998
140.196
140.4
140.624
140.825
141.055
141.256
141.47
141.693
141.9
142.128
142.33
142.566
142.769
142.966
143.166
143.395
143.598
143.808
144.007
144.236
144.442
144.638
144.836
145.072
145.301
145.533
145.724
145.929
146.166
146.397
146.627
146.869
147.068
147.294
147.498
147.699
147.901
148.095
148.329
148.524
148.756
148.954
149.155
149.401
149.633
149.864
150.102
150.305
150.542
150.748
150.946
151.168
151.409
151.639
151.844
152.042
152.275
152.471
152.669
152.88
153.107
153.309
153.543
153.78
153.98
154.183
154.38
154.614
154.811
155.01
155.215
155.456
155.649
155.885
156.086
156.318
156.516
156.749
156.979
157.189
157.399
157.6
157.795
158.032
158.238
158.472
158.708
158.943
159.14
159.377
159.572
159.776
160.006
160.205
160.44
160.642
160.876
161.105
161.336
161.566
161.778
162.002
162.204
162.441
162.67
162.871
163.069
163.299
163.505
163.74
163.971
164.175
164.404
164.609
164.841
165.046
165.268
165.476
165.7
165.905
166.148
166.371
166.573
166.801
167.005
167.244
167.439
167.668
167.905
168.143
168.341
168.543
168.77
168.973
169.202
169.403
169.603
169.804
170.004
170.21
170.443
170.642
170.844
171.077
171.278
171.505
171.706
171.944
172.14
172.343
172.578
172.809
173.004
173.251
173.478
173.68
173.904
174.108
174.35
174.58
174.78
175.01
175.212
175.411
175.613
175.851
176.081
176.28
176.509
176.752
176.981
177.178
177.41
177.612
177.814
178.013
178.247
178.479
178.711
178.917
179.116
179.319
179.551
179.783
179.983
180.211
180.411
180.619
180.813
181.017
181.253
181.456
181.684
181.885
182.09
182.318
182.549
182.784
182.988
183.213
183.414
183.616
183.822
184.055
184.257
184.491
184.719
184.922
185.158
185.356
185.554
185.757
185.989
186.189
186.423
186.62
186.854
187.088
187.32
187.518
187.756
187.954
188.156
188.389
188.591
188.816
189.02
189.229
189.429
189.638
189.837
190.04
190.277
190.473
190.678
190.876
191.11
191.31
191.541
191.74
191.972
192.18
192.407
192.642
192.845
193.072
193.276
193.507
193.71
193.947
194.179
194.409
194.607
