0.000000
0.000000
0.000000
41.709000
41.741001
42.007999
42.056999
42.070999
43.063999
49.215000
50.805000
51.459999
67.886002
73.686996
76.887001
85.292000
89.135002
93.217003
94.460999
96.209999
110.547997
126.547997
142.981003
154.914993
159.391006
159.826996
163.046005
173.481995
183.988998
191.378998
196.266998
200.516998
206.151001
214.317993
225.975998
239.744995
260.436005
267.011993
270.773987
280.786011
288.118011
294.875000
301.752991
305.785004
307.574005
309.737000
312.563995
313.300995
316.187988
317.476013
317.505005
318.011993
321.147003
325.819000
329.239990
329.384003
329.388000
329.399994
329.423004
329.520996
329.520996
329.529999
329.532990
333.638000
333.792999
334.808990
339.029999
357.071991
365.037994
367.350006
370.596985
374.048004
377.907990
382.321991
386.285004
388.522003
390.265015
394.041992
398.528015
400.700989
403.100006
406.096008
407.214996
407.324005
407.466003
407.466003
407.598999
415.011993
430.479004
442.709015
452.811005
463.109009
467.931000
468.579987
468.726013
471.971008
481.872009
492.140991
500.960999
506.149994
509.059998
514.612976
518.703003
522.484985
527.541992
536.465027
545.476013
555.184021
561.877014
564.129028
565.747986
569.359985
573.778992
577.158997
580.408997
584.911987
588.370972
591.849976
598.455017
601.312988
603.611023
609.614014
617.109009
625.508972
644.948975
653.664978
660.075989
672.068970
683.383972
702.289978
704.137024
704.520020
704.827026
704.827026
704.827026
716.244019
719.372009
719.729980
720.286987
720.413025
720.429016
720.471985
721.984985
722.103027
722.111023
722.232971
722.265991
722.278015
722.322021
722.322021
722.354004
722.921997
726.421997
726.461975
726.466980
726.466980
726.466980
726.466980
731.955994
744.362000
753.523987
757.604004
760.361023
761.512024
763.284973
770.328979
771.723999
773.625000
780.630005
789.184998
796.932007
801.482971
806.796021
811.515015
818.995972
823.900024
826.783020
827.831970
827.890991
827.906982
827.906982
827.906982
827.906982
827.906982
832.096985
847.190979
859.138977
861.958984
861.958984
861.958984
861.958984
861.958984
861.958984
861.958984
861.958984
861.958984
861.958984
861.958984
862.096008
862.414978
863.994995
865.956970
867.869019
868.239990
868.244019
868.411011
869.000000
870.169983
870.961975
871.530029
871.604004
872.671997
875.913025
880.377991
894.062988
894.773010
896.166016
899.439026
900.133972
900.169006
900.635986
903.684998
907.427002
920.981018
921.310974
921.645996
923.213989
924.956970
926.330017
927.929993
934.234985
934.526978
938.395020
943.596008
945.375000
950.716003
955.104004
955.611023
955.612000
957.367004
959.284973
967.325989
974.776978
980.948975
984.093994
987.546997
993.452026
1001.921021
1006.546021
1007.317993
1008.322021
1009.776978
1013.317993
1021.270020
1034.965942
1040.714966
1041.832031
1042.326050
1042.326050
1042.326050
1042.326050
1042.373047
1043.009033
1051.267944
1053.701050
1054.123047
1054.166992
1056.594971
1063.159058
1063.730957
1066.753052
1076.050049
1086.970947
1091.038940
1094.786011
1096.324951
1096.821045
1096.875977
1096.891968
1097.196045
1097.733032
1098.904053
1100.271973
1102.386963
1106.987061
1111.469971
1114.973999
1116.568970
1118.385986
1119.624023
1119.828979
1119.837036
1119.838989
1119.843018
1119.843018
1119.843018
1119.843018
1119.845947
1119.845947
1119.845947
1119.845947
1119.845947
1119.845947
1119.845947
1119.845947
1119.848999
1119.883057
1119.884033
1119.885986
1119.885986
1119.901978
1119.933960
1119.948975
1119.948975
1119.968018
1120.000977
1120.004028
1120.050049
1120.051025
1120.053955
1120.053955
1120.053955
1120.053955
1120.053955
1120.053955
1120.053955
1120.053955
1120.053955
1120.053955
1120.053955
1120.053955
1120.270996
1120.439941
1120.439941
1120.463013
1120.531982
1120.531982
1120.531982
1120.531982
1120.531982
1120.531982
1120.531982
1120.531982
1120.531982
1120.531982
1120.531982
1120.531982
1120.531982
1120.531982
1120.531982
1120.531982
1120.531982
1120.531982
1120.531982
1120.531982
1120.531982
1120.531982
1120.531982
1120.531982
1120.531982
1120.531982
1120.531982
1120.531982
1120.531982
1120.531982
1120.531982
1120.531982
1120.531982
1120.531982
1120.531982
1120.531982
1120.531982
1120.531982
1120.531982
1120.531982
1120.531982
1120.531982
1120.531982
1120.531982
1120.531982
1120.531982
1120.531982
1120.531982
1120.531982
1120.531982
1120.531982
1120.531982
