1.78411
1.78419
2.3079
2.85424
3.31147
3.81898
4.31111
4.81175
5.31208
5.82125
6.31169
6.81136
7.32652
7.81241
8.31559
8.81518
9.31555
9.81589
10.3158
10.8159
11.3156
11.8158
12.3191
12.8202
13.3194
13.8192
14.3198
14.8195
15.3189
15.8365
16.3197
16.8193
17.3192
17.8209
18.3239
18.8234
19.3541
19.8233
20.3416
20.8233
21.3243
21.8233
22.3237
22.8244
23.3269
23.8279
24.3276
24.828
25.3356
25.8276
26.3269
26.8334
27.3276
27.8274
28.331
28.8316
29.3312
29.8496
30.3315
30.831
31.3322
31.8313
32.3318
32.8311
33.3407
33.8356
34.3352
34.8549
35.335
35.8356
36.3561
36.8359
37.3354
37.835
38.3359
38.8353
39.336
39.8414
40.3398
40.8398
41.34
41.839
42.3399
42.8547
43.3435
43.8431
44.3435
44.843
45.3435
45.843
46.3563
46.844
47.3431
47.8434
48.3479
48.8475
49.3479
49.8477
50.3651
50.8478
51.3479
51.8478
52.3584
52.8471
53.3473
53.8473
54.3475
54.8514
55.3529
55.8548
56.3538
56.8557
57.3551
57.8551
58.3556
58.8551
59.3554
59.8559
60.3575
60.8559
61.3557
61.8678
62.356
62.8552
63.3742
63.8559
64.3558
64.8595
65.3597
65.8601
66.3591
66.8595
67.3807
67.8598
68.362
68.8707
69.3635
69.8631
70.3716
70.8638
71.363
71.8636
72.3637
72.8637
73.3632
73.8769
74.363
74.8633
75.3671
75.8679
76.3673
76.8684
77.3669
77.8676
78.3671
78.8678
79.3676
79.8678
80.3765
80.8719
81.3711
81.8891
82.3713
82.8719
83.3721
83.8717
84.3716
84.8721
85.3751
85.8758
86.3756
86.892
87.376
87.8757
88.3979
88.8761
89.3755
89.8899
90.3752
90.8791
91.3799
91.8863
92.3794
92.8797
93.3794
93.8798
94.3797
94.8971
95.38
95.8801
96.3983
96.8838
97.3834
97.8834
98.3833
98.8838
99.3833
99.8878
100.383
100.883
101.392
101.883
102.384
102.896
103.387
103.888
104.388
104.887
105.388
105.888
106.387
106.888
107.388
107.887
108.394
108.891
109.392
109.891
110.392
110.892
111.402
111.892
112.392
112.892
113.391
113.892
114.405
114.896
115.396
115.895
116.406
116.895
117.395
117.895
118.395
118.896
119.396
119.899
120.4
120.9
121.399
121.9
122.399
122.9
123.4
123.9
124.4
124.903
125.404
125.903
126.403
126.911
127.404
127.904
128.414
128.904
129.407
129.908
130.407
130.908
131.408
131.908
132.407
132.907
133.408
133.908
134.408
134.91
135.411
135.911
136.412
136.911
137.412
137.912
138.428
138.912
139.411
139.912
140.413
140.911
141.416
141.916
142.415
142.915
143.416
143.915
144.442
144.916
145.416
145.929
146.415
146.918
147.419
147.919
148.419
148.92
149.419
149.92
150.42
150.947
151.42
151.92
152.42
152.924
153.423
153.924
154.424
154.924
155.456
155.924
156.424
156.924
157.424
157.925
158.428
158.944
159.428
159.928
160.427
160.928
161.428
161.927
162.427
162.928
163.428
163.931
164.431
164.931
165.431
165.932
166.431
166.932
167.439
167.931
168.432
168.931
169.432
169.935
170.443
170.935
171.436
171.945
172.436
172.935
173.435
173.937
174.439
174.939
175.44
175.94
176.439
176.94
177.44
177.939
178.439
178.943
179.444
179.944
180.444
180.944
181.444
181.943
182.444
182.944
183.444
183.947
184.448
184.947
185.447
185.948
186.447
186.947
187.448
187.954
188.447
188.947
189.448
189.952
190.452
190.951
191.451
191.951
192.452
192.951
193.452
193.952
194.451
