7.9979
10.2395
10.5988
12.1553
13.2348
14.9871
15.4278
16.7611
17.151
17.5924
17.8277
19.5717
21.3104
21.9852
23.703
24.5914
25.4794
27.2503
27.8936
29.6065
30.0602
30.3056
30.9733
32.6697
34.4414
36.1885
37.9676
39.2547
40.8038
41.7135
42.5791
42.9986
43.8747
44.2608
44.513
45.354
46.9989
48.3065
48.5167
50.0272
51.8021
53.0795
54.834
56.5635
57.2399
57.8743
58.7725
60.5106
61.2428
62.8947
63.2536
64.9443
66.6764
68.2133
68.4277
69.145
69.3704
71.1234
72.9011
74.6696
76.3979
78.1491
79.8839
81.6
83.3074
84.9714
86.6662
88.3594
88.5606
90.3003
92.0674
92.6993
94.3913
95.9346
