0.0032151
0.00156448
0.000953048
0.00107022
0.000919457
0.0215042
0.0218208
0.011262
0.000678606
0.0107274
0.00982288
0.0139633
0.00885971
0.00365193
0.00071753
0.015294
0.00190554
0.00857348
0.0110369
0.00443815
0.00215528
0.00745984
0.015273
0.00767787
0.0147004
0.00276316
0.00941406
0.0123978
0.00110702
0.0039248
0.000699656
0.00104877
0.016782
0.00283206
0.00236721
0.0010442
0.00472632
0.00115394
0.00243088
0.00541297
0.00430658
0.00583018
0.00450922
0.000998919
0.00560355
0.000947392
0.00252759
0.000857095
0.00108395
0.000802923
0.00316271
0.00240894
0.00263742
0.0233485
0.0013319
0.0153234
0.00399168
0.00495197
0.0112746
0.0111008
0.00424731
0.00318668
0.0187785
0.00536217
0.00158718
0.0014174
0.00778532
0.00137273
0.00256975
0.00277683
0.00108234
0.00132363
0.0011634
0.00478666
