0.202239
0.202303
0.202368
0.202427
0.202483
0.202539
0.202604
0.202663
0.202729
0.202785
0.202850
0.215783
0.337790
0.513457
0.676795
0.793211
0.885704
0.966846
0.982209
1.091488
1.469323
1.841608
2.053449
2.173127
2.252920
2.317477
2.373121
2.441564
2.542912
2.698769
2.868625
2.993186
3.089689
3.133113
3.191403
3.284643
3.416135
3.594120
3.743066
3.895342
4.091238
4.303227
4.471270
4.652884
4.829767
4.976814
5.132792
5.280128
5.428748
5.581846
5.720814
5.828404
5.926794
6.084761
6.260017
6.494693
6.715171
6.989139
7.225603
7.455952
7.709270
7.934402
8.077607
8.195534
8.312772
8.424428
8.538759
8.641321
8.721931
8.801582
8.936102
9.114365
9.287192
9.415437
9.554429
9.700991
9.848387
10.049451
10.281584
10.522502
10.723233
10.910044
11.091261
11.295140
11.481034
11.611363
11.723866
11.784727
11.830333
11.895526
12.018312
12.178403
12.352001
12.588775
12.806354
13.024038
13.279476
13.499002
13.723188
13.972618
14.175528
14.320690
14.411114
14.484836
14.548489
14.636383
14.783222
14.956476
15.082050
15.167318
15.228221
15.308046
15.416845
15.535181
15.692592
15.857111
15.993513
16.139903
16.332839
16.506683
16.690889
16.927067
17.187488
17.466635
17.703108
17.963187
18.185477
18.330662
18.441936
18.567335
18.712946
18.862865
19.058434
19.250615
19.401808
19.580556
19.774874
19.953518
20.173211
20.364709
20.585600
20.772521
20.960385
21.183288
21.414067
21.610794
21.808551
22.040999
22.277576
22.484560
22.733082
22.982040
23.234526
23.454355
23.716109
23.939679
24.164273
24.424794
24.683796
24.944036
25.161368
25.408213
25.645060
25.838110
26.022483
26.230703
26.401565
26.560872
26.739882
26.923286
27.121780
27.326699
27.579592
27.789257
28.004590
28.207573
28.430565
28.669381
28.866378
29.094955
29.301974
29.513821
29.746281
29.924731
30.109616
30.253118
30.423660
30.602243
30.754918
30.914192
31.087878
31.300465
31.476013
31.668844
31.846657
32.003828
32.179331
32.375066
32.578482
32.766717
32.951741
33.077568
33.180526
33.267775
33.361728
33.448236
33.556359
33.649275
33.755719
33.844733
33.934914
34.029252
34.159399
34.327057
34.488294
34.699252
34.931181
35.138450
35.368609
35.574533
35.715899
35.817655
35.885992
35.929807
36.001246
36.092972
36.233245
36.376160
36.531012
36.698524
36.908166
37.099672
37.331230
37.514333
37.686221
37.813763
37.914576
38.050563
38.194644
38.317634
38.456947
38.603122
38.786067
38.983441
39.246939
39.465280
39.661343
39.847865
40.067196
40.240712
40.420534
40.554893
40.670117
40.777787
40.875017
40.986069
41.098791
41.249999
41.397079
41.589946
41.792987
41.976052
42.176228
42.424699
42.636656
42.869862
43.081065
43.283237
43.477473
43.647169
43.808527
43.990352
44.203583
44.443995
44.693972
44.892911
45.095732
45.243189
45.371882
45.502693
45.662971
45.773805
45.867693
45.962542
46.103106
46.241425
46.418205
46.588046
46.791691
46.935229
47.033694
47.100591
47.176800
47.284898
47.425491
47.627176
47.867986
48.131081
48.367573
48.602633
48.829508
49.080511
49.326457
49.563568
49.780536
49.944376
50.031523
50.100339
50.158977
50.197968
50.268882
50.410891
50.570699
50.782814
50.981862
51.193471
51.455574
51.720856
51.989047
52.260225
52.486166
52.742401
52.991420
53.237660
53.474124
53.674866
53.905467
54.103468
54.301487
54.535567
54.766867
54.967753
55.165883
55.387009
55.578386
55.781459
56.033608
56.277496
56.479428
56.713352
56.961458
57.178726
57.432208
57.648512
57.894671
58.102316
58.342164
58.573344
58.769271
58.961865
59.182891
59.408011
59.599994
59.792526
60.015196
60.205619
60.395726
60.620153
60.855778
61.060472
61.269012
61.515357
61.732474
61.990629
62.215891
62.478841
62.696878
62.909774
63.118024
63.354666
63.555486
63.754637
63.952778
64.183539
64.388138
64.596075
64.801574
65.034749
65.222029
65.400155
65.597081
65.760662
65.849847
65.974402
66.060512
66.130446
66.320806
66.533016
67.101191
67.642807
67.744198
67.781827
67.810305
67.838680
67.875884
67.947785
67.999560
68.013445
68.045015
68.125962
68.200146
68.266667
68.343915
68.413568
68.475819
68.504902
68.513951
68.556662
68.574380
68.595884
68.612068
68.635969
68.671451
68.682803
68.702504
68.823760
68.918431
68.975975
69.127190
69.322556
69.515762
69.666505
69.750397
69.800852
69.853559
69.914553
69.998455
70.146362
70.271435
70.299555
70.313842
