2.75236
2.98535
3.20148
3.40704
3.60071
3.80235
4.03734
4.28228
4.50479
4.70608
4.90343
5.10866
5.34407
5.5895
5.81703
6.01923
6.22131
6.44914
6.65159
6.88325
7.11812
7.35663
7.55424
7.75701
7.9946
8.22824
8.42421
8.62069
8.82912
9.06091
9.27845
9.4863
9.72851
9.91532
10.1286
10.3169
10.5165
10.7542
10.9788
11.2134
11.4317
11.6661
11.8727
12.1058
12.3513
12.5465
12.7944
13.0243
13.2223
13.4214
13.6615
13.9053
14.1075
14.3344
14.5266
14.7543
14.953
15.1954
15.3951
15.6015
15.8291
16.0649
16.2699
16.5135
16.7396
16.9445
17.1397
17.3356
17.5647
17.7658
17.9911
18.2251
18.4504
18.6507
18.8863
19.118
19.3269
19.5464
19.7819
20.0189
20.2227
20.4291
20.6324
20.8587
21.0915
21.2922
21.5283
21.7334
21.9692
22.1705
22.3976
22.618
22.8173
23.0494
23.2546
23.4524
23.6908
23.8917
24.0869
24.3269
24.5547
24.7951
24.9981
25.1939
25.4276
25.6644
25.9011
26.133
26.3299
26.5273
26.7243
26.9726
27.1976
27.4094
27.6291
27.869
28.065
28.2649
28.4982
28.707
28.905
29.1188
29.3549
29.5897
29.7862
30.0232
30.2542
30.4552
30.6584
30.8909
31.122
31.3229
31.5613
31.7897
32.0005
32.2294
32.452
32.6497
32.8989
33.0937
33.3259
33.5292
33.7284
33.9638
34.1968
34.4087
34.6016
34.847
35.0709
35.2688
35.5048
35.7415
35.9731
36.1735
36.4056
36.6026
36.8039
37.0324
37.2698
37.508
37.7182
37.9464
38.1899
38.3916
38.5905
38.8295
39.0312
39.2298
39.4619
39.6908
39.9336
40.1247
40.361
40.5605
40.7923
41.0296
41.2634
41.4967
41.6987
41.9288
42.1232
42.3229
42.5665
42.761
42.9882
43.1891
43.415
43.642
43.8475
44.0467
44.2394
44.4804
44.6787
44.9064
45.1403
45.3427
45.5474
45.7449
45.9467
46.147
46.3771
46.5792
46.7816
46.9802
47.2134
47.4139
47.6473
47.8438
48.0785
48.2765
48.4807
48.6779
48.9149
49.1475
49.3424
49.582
49.806
50.0095
50.2509
50.484
50.6822
50.8845
51.1167
51.3483
51.5805
51.787
52.015
52.2171
52.4211
52.6176
52.859
53.0639
53.2864
53.4848
53.723
53.9537
54.1464
54.3892
54.6186
54.8187
55.049
55.2981
55.5273
55.734
55.9596
56.1546
56.3615
56.553
56.796
56.9958
57.2248
57.4268
57.6364
57.8641
58.1046
58.3298
58.5329
58.7583
58.9597
59.2003
59.4262
59.6281
59.8433
60.0655
60.2633
60.4996
60.7389
60.9669
61.2102
61.4389
61.6699
61.8993
62.1331
62.3663
62.6045
62.805
63.0299
63.2393
63.4367
63.6328
63.8647
64.066
64.3051
64.5016
64.7294
64.9298
65.1472
65.3593
65.597
65.7911
65.9946
66.2297
66.4583
66.6642
66.8623
67.0936
67.3225
67.5649
67.7789
67.9663
68.1692
68.4142
68.6471
68.8834
69.118
69.3562
69.5595
69.7817
70.0194
70.2404
70.4427
70.6784
70.8776
71.1047
71.3007
71.5047
71.7439
71.9719
72.2148
72.4475
72.6488
72.8788
73.1092
73.3434
73.5762
73.7755
74.0049
74.2059
74.4059
74.6454
74.8744
75.0734
75.2822
75.5098
75.7091
75.9168
76.1448
76.3815
76.5886
76.8306
77.0601
77.2654
77.4904
77.6928
77.9304
78.1345
78.3638
78.5936
78.7953
78.9963
79.2177
79.4543
79.6477
79.8487
80.0754
80.2792
80.4813
80.7106
80.9447
81.1468
81.3482
81.5783
81.7826
82.0158
82.2184
82.4433
82.6618
82.8622
83.062
83.289
83.4909
83.6858
83.8954
84.1243
84.3267
84.5216
84.7233
84.9608
85.137
85.3364
85.5641
85.7658
85.9973
86.1991
86.4044
86.6418
86.8757
87.0826
87.3033
87.508
87.71
87.9398
88.1412
88.342
88.5441
88.7733
88.9782
89.1763
89.3773
89.5838
89.8119
90.0479
90.2763
90.4812
90.7088
90.9469
91.18
91.3802
91.6074
91.8137
92.0496
92.2492
92.448
92.6712
92.8811
93.1095
93.3095
93.5434
93.745
93.9712
94.1745
94.3752
94.6104
94.8115
95.0475
95.2503
95.4547
95.6858
95.9184
96.1189
96.3172
