1.90797
1.90804
2.43673
2.97258
3.43781
3.93758
4.4376
4.94156
5.44182
5.94227
6.4492
6.94151
7.44126
7.94226
8.44158
8.94216
9.44234
9.9438
10.4462
10.9459
11.4457
11.9458
12.4459
12.9459
13.4464
13.9459
14.4473
14.9534
15.4499
15.95
16.4506
16.9494
17.4494
17.9497
18.4506
18.9502
19.4686
19.95
20.4568
20.9543
21.4535
21.9695
22.4543
22.9539
23.4537
23.9543
24.457
24.9576
25.4584
25.9584
26.4577
26.9729
27.4583
27.9582
28.4586
28.9583
29.458
29.9612
30.4625
30.9733
31.4624
31.9625
32.4614
32.9621
33.4619
33.9642
34.4621
34.9657
35.4665
35.9784
36.4658
36.9736
37.4659
37.9677
38.4664
38.9656
39.4656
39.9678
40.4696
40.9704
41.4968
41.9701
42.4696
42.9884
43.4701
43.9699
44.4808
44.9707
45.4742
45.9743
46.4742
46.9805
47.4739
47.9743
48.4812
48.9741
49.4742
49.9734
50.4843
50.9781
51.4781
51.9781
52.4783
52.9777
53.4851
53.9779
54.4778
54.9782
55.4824
55.9821
56.4822
56.996
57.4822
57.9824
58.4818
58.9816
59.482
59.9816
60.4998
60.9855
61.4858
61.9864
62.4863
62.9857
63.4857
63.9853
64.5018
64.9857
65.4903
65.9949
66.4896
66.9896
67.4894
67.9895
68.4898
68.991
69.4917
70.0196
70.494
70.9944
71.5049
71.9942
72.4935
72.9935
73.4936
74.0051
74.4939
74.9948
75.51
75.9981
76.4983
76.9982
77.4976
77.9983
78.4978
78.9978
79.5019
80.0023
80.5022
81.0018
81.5018
82.0161
82.5015
83.0018
83.5026
84.0055
84.5217
85.0058
85.5114
86.0061
86.5063
87.0066
87.5083
88.0057
88.5066
89.0059
89.5104
90.0101
90.5097
91.0099
91.5102
92.0105
92.5101
93.0099
93.5102
94.0114
94.5142
95.0138
95.5143
96.0135
