0.000000
0.000000
0.000000
41.544998
41.745998
41.759998
42.026001
42.047001
43.110001
48.562000
50.986000
52.339001
65.327003
72.316002
77.612000
85.183998
86.744003
90.294998
91.348999
92.561996
92.945000
95.212997
108.796997
124.128998
138.149994
148.203003
148.835999
152.253998
164.522003
181.419006
192.276001
215.416000
224.981995
229.345993
231.011002
231.871994
232.778000
234.503998
241.751007
247.442993
251.029007
253.994003
254.692993
254.703003
254.727997
254.731003
260.524994
268.464996
275.878998
281.196991
281.294006
281.313995
281.321991
282.479004
282.885010
282.911011
282.911011
282.911987
284.093994
284.144012
284.240997
284.325012
284.391998
284.596985
284.598999
284.669006
284.669006
284.669006
284.670990
284.683014
284.696014
284.704010
285.888000
286.701996
288.917999
290.434998
297.194000
302.993988
310.053986
316.638000
325.403015
330.540009
336.903015
347.295013
348.161987
350.135010
352.187012
354.368988
356.281006
357.294006
357.329987
357.339996
357.375000
357.375000
362.890991
363.229004
363.781006
366.292999
373.348999
375.567993
375.983002
375.990997
375.997009
376.005005
376.054993
376.260986
376.272003
376.273987
377.726990
389.326996
389.337006
390.928009
399.691010
410.160004
412.231995
414.925995
417.552002
420.964996
428.368988
431.675995
433.811005
434.873993
435.904999
438.825989
445.378998
448.196014
450.003998
450.010010
450.462006
450.873993
450.888000
450.888000
450.888000
455.556000
463.684998
469.119995
474.257996
475.542999
475.550995
475.552002
475.552002
475.552002
475.601013
475.696991
475.696991
475.697998
475.700012
475.700012
475.700012
475.700012
475.755005
475.851013
475.911987
475.915009
475.915009
475.916992
475.979004
475.980988
475.987000
475.987000
475.988007
476.356995
476.694000
476.704987
476.783997
476.868011
476.881989
479.300995
479.300995
479.300995
479.300995
479.302002
479.308990
479.308990
479.308990
479.308990
479.308990
479.308990
479.308990
479.308990
479.308990
479.308990
479.308990
479.308990
479.308990
479.308990
479.308990
479.308990
479.308990
479.308990
