2.70944
2.945
3.18459
3.3887
3.58406
3.80466
4.00232
4.20617
4.43175
4.6349
4.83602
5.03902
5.24935
5.46727
5.71217
5.91618
6.15272
6.34503
6.56994
6.7749
7.01405
7.22625
7.44829
7.65491
7.88214
8.12118
8.32108
8.57289
8.80215
9.03115
9.24223
9.43856
9.64072
9.85541
10.0562
10.2769
10.5196
10.731
10.9324
11.138
11.3747
11.6075
11.842
12.0843
12.2843
12.4855
12.7315
12.9385
13.1419
13.3479
13.5469
13.766
14.0023
14.204
14.4344
14.6422
14.8405
15.0772
15.3002
15.5391
15.7645
15.9633
16.1987
16.4014
16.6371
16.8384
17.0732
17.2623
17.4614
17.6633
17.9062
18.1112
18.3177
18.5364
18.7501
18.9737
19.1674
19.4063
19.6083
19.8112
20.038
20.2471
20.4502
20.6708
20.8715
21.0899
21.2969
21.485
21.7449
21.9351
22.1352
22.3636
22.5989
22.8256
23.0298
23.2669
23.4632
23.708
23.9339
24.1668
24.3698
24.602
24.839
25.0366
25.2349
25.464
25.6974
25.8993
26.1046
26.331
26.5587
26.7628
26.9929
27.1946
27.396
27.5968
27.8283
28.0627
28.2563
28.4627
28.6955
28.9059
29.1315
29.3351
29.5703
29.7678
30.0023
30.2341
30.439
30.6656
30.873
31.0964
31.3042
31.4975
31.6917
31.9278
32.1294
32.3574
32.5573
32.8041
32.9823
33.1854
33.4123
33.6214
33.8499
34.0516
34.2861
34.5196
34.7527
34.9866
35.1872
35.3884
35.5916
35.8181
36.0202
36.2549
36.4871
36.6888
36.9181
37.1216
37.3473
37.5486
37.7842
37.9873
38.2125
38.4141
38.6161
38.8189
39.0224
39.2533
39.4537
39.6832
39.8868
40.0889
40.2911
40.5203
40.7208
40.9225
41.1231
41.3493
41.5531
