0.202239
0.202305
0.202373
0.202430
0.202490
0.202544
0.202601
0.202656
0.202722
0.202775
0.202842
0.208352
0.295389
0.462019
0.634399
0.758620
0.872384
0.946961
0.982813
1.021199
1.351010
1.697603
1.993708
2.139265
2.230160
2.297068
2.352967
2.431688
2.553193
2.716332
2.882508
3.002120
3.081335
3.124204
3.183538
3.282649
3.398318
3.505549
3.588972
3.665969
3.750145
3.832692
3.913451
3.998397
4.074856
4.153293
4.256648
4.361254
4.443533
4.488311
4.524452
4.596988
4.725077
4.867526
5.069068
5.268307
5.483498
5.739921
5.991095
6.210738
6.402164
6.567053
6.778553
6.966814
7.188253
7.380059
7.603203
7.795296
7.984464
8.168271
8.374364
8.536525
8.684123
8.851777
9.003654
9.151019
9.247752
9.344721
9.415773
9.473203
9.568337
9.691930
9.849494
10.068723
10.284259
10.553307
10.773498
10.977430
11.189643
11.347643
11.480120
11.616612
11.783232
11.980982
12.151504
12.349599
12.533945
12.765095
12.977763
13.190437
13.402009
13.651333
13.877370
14.064595
14.252464
14.472263
14.693784
14.879245
15.064201
15.280380
15.501214
15.694846
15.922213
16.113730
16.308903
16.508896
16.739896
16.958503
17.130056
17.299767
17.531398
17.722740
17.887598
17.970458
18.017429
18.048871
18.116350
18.229884
18.372210
18.592702
18.817309
19.096078
19.329517
19.557931
19.784328
20.048090
20.277098
20.543979
20.772325
21.033917
21.247056
21.401246
21.569671
21.783361
22.041842
22.271086
22.520082
22.799021
23.080973
23.394217
23.708315
23.779501
23.815634
23.829458
23.860355
23.885230
23.911566
23.915440
23.942048
23.943395
23.957504
23.964241
24.028781
24.081896
24.106398
24.123482
24.133836
24.146012
24.147787
24.150930
24.153037
24.156137
24.158246
24.159430
24.162095
24.163224
24.184446
24.269277
24.290444
24.313333
24.369560
