1.86903
1.86918
2.39803
2.93298
3.40069
3.90993
4.4007
4.90083
5.40135
5.9164
6.40086
6.90084
7.40189
7.90178
8.40144
8.90551
9.4048
9.90527
10.4058
10.9048
11.405
11.9049
12.4056
12.9386
13.405
13.9093
14.4346
14.9092
15.4089
15.9094
16.4091
16.9097
17.4093
17.9089
18.4088
18.9093
19.4128
19.9134
20.4503
20.9136
21.4135
21.9352
22.4131
22.913
23.4135
23.934
24.4173
24.9175
25.4171
25.9169
26.4171
26.9169
27.4166
27.9168
28.4168
28.9169
29.4208
29.9215
30.4392
30.9217
31.4208
31.9281
32.4211
32.9213
33.424
33.9246
34.4253
34.9254
35.4251
35.9245
36.425
36.9255
37.4256
37.925
38.4253
38.9289
39.4286
39.9294
40.4288
40.9285
41.4292
