0.000000
0.000000
0.000000
41.544998
41.750000
42.013000
42.051998
42.074001
43.528999
49.230000
50.799999
51.478001
62.699001
73.692001
76.995003
85.295998
86.962997
87.348000
88.792999
90.707001
112.021004
130.606995
145.328003
154.106995
156.266998
156.910004
165.192993
174.983002
185.819000
191.007996
197.863998
201.983994
206.550003
222.565994
235.792999
254.240005
262.492004
264.048004
264.114014
264.166992
271.118988
284.953003
287.589996
291.074005
295.941010
300.790009
304.592987
308.824005
312.160004
318.325989
319.415985
319.441010
319.447998
320.415985
320.515015
320.748993
320.863007
320.920990
320.947998
321.261993
321.282013
321.285004
321.285004
321.285004
321.285004
321.285004
321.285004
321.367004
321.394012
321.394012
321.395996
321.395996
321.395996
321.395996
321.395996
321.395996
321.395996
321.395996
321.395996
321.395996
321.395996
