0.00845919
0.0143653
0.016672
0.00622747
0.00101546
0.00236133
0.0127559
0.0014971
0.00153389
0.00186713
0.00171425
0.00190297
0.00219422
0.00131108
0.0010686
0.00855355
0.00641548
0.000597518
0.00175849
0.00062041
0.0105174
0.0100959
0.00130838
0.000918523
0.000919502
0.00105488
0.00119527
0.00101433
0.00149263
0.00249105
0.000681653
0.000807819
0.00233747
0.000686476
0.00428364
0.0011394
0.0198399
0.000868524
0.00555003
0.00096256
0.00383989
0.000809955
0.00161281
0.0175879
0.00074491
0.000950732
0.00315421
0.0084707
0.000818545
0.000540079
0.000874221
0.000402503
0.00030691
0.000481951
0.000354684
0.0206196
0.000497434
0.00112195
0.000746275
0.00209365
0.00105068
0.000649786
0.00130595
0.00125564
0.000489126
0.00206355
0.0174383
0.0102774
0.000669517
0.000658563
0.0173243
0.0112965
0.000789056
0.000295922
0.000739029
0.000496072
0.000426592
0.000698473
0.000468999
0.00129783
0.000556002
0.00169055
0.00369411
0.000948332
0.00114547
0.000733732
0.000945853
0.00070849
0.000901892
0.000578813
0.0303317
0.00412592
0.0072729
0.000472034
0.00370344
0.0188141
0.000351877
0.00066645
0.00376589
0.00107002
0.00113012
0.0100629
0.00776587
0.0010054
0.00064805
0.000962755
0.0013635
0.00405288
0.00199213
0.000627913
0.00893792
0.0166622
0.00425875
0.0146271
0.00532356
0.00495728
0.000605681
0.000821425
0.000410913
0.000444038
0.000919654
0.000608164
0.00103029
0.000722642
0.000871989
0.000941248
0.00101626
0.000947081
0.00137009
0.00106813
0.00167043
0.00117819
0.00116933
0.00843103
0.000589122
0.00110582
0.0103296
0.000254045
0.00029301
0.000361445
0.000525304
0.00068533
0.000723395
0.00225639
0.000885722
0.000674446
0.000831993
0.000575281
0.000843062
0.00411605
0.00626575
0.00100709
0.00164243
0.00215497
0.000627441
0.000561605
0.000576259
0.0164671
0.00055156
0.000752781
0.000817736
0.00543093
0.0063311
0.000667206
0.000733614
0.000721687
0.00045636
0.000589821
0.00050026
0.00947557
0.0194418
0.000539048
0.000524775
0.00869582
0.00162134
0.007064
0.0018558
0.00267837
0.00141063
0.00073345
0.00414788
0.00068474
0.00331769
0.000206031
0.00139177
0.000764013
0.00287581
0.000538418
0.000518508
0.000594726
0.000410407
0.000703278
0.000585326
0.000334596
0.00044349
0.000429577
0.000397318
0.000394726
0.00185766
0.00102696
0.002856
0.000447932
0.000298856
0.000535702
0.000560649
0.0133991
0.00177671
0.000703507
0.00125622
0.00100319
0.000821059
0.00152378
0.000978179
0.0101118
0.00135061
0.00287524
0.00316671
0.00695961
0.0069089
0.00108467
0.00514991
0.00756569
0.000599801
0.00881682
0.000548347
0.000799028
0.000576788
0.000941976
0.00222667
0.000175271
0.000344284
0.0003054
0.000226159
0.000191871
0.000479679
0.00120396
0.00143821
0.0177942
0.00151789
0.00142511
0.00455441
0.00729071
0.00712648
0.00511814
0.0209589
0.0208143
0.0211404
0.0206163
0.0207057
0.0206863
0.0210518
0.0208535
0.0207479
0.0206243
0.0207351
0.0208495
0.0208459
0.0208678
0.0206364
0.0209987
0.0210296
0.0208584
0.020634
0.0207926
0.0215181
0.0207579
0.0211549
0.0206988
0.0208308
0.0212988
0.0206829
0.0209308
0.0209341
0.0210922
0.0210909
0.0210769
0.0211245
0.0209047
0.021037
0.0208206
0.0211741
0.023176
0.0209893
0.0209923
0.0209824
0.0221011
0.0208906
0.0210416
0.020903
0.0210169
0.0213465
0.0212112
0.0208251
0.0210119
0.0220648
0.020897
0.0210635
0.0212911
0.0208615
0.0210572
0.0209845
0.0208781
0.0210221
0.0210487
0.0259506
0.0228261
0.0210332
0.0209933
0.0211446
0.0212893
0.025377
0.0209658
0.0206462
0.0212509
0.0209297
0.0212228
0.0211099
0.0210129
0.0209749
0.0210856
0.0210887
0.021617
0.0211118
0.0209966
0.0211698
0.0210663
0.0212182
0.0211483
0.0211181
0.0209848
0.0208882
0.021115
0.0230383
0.021217
0.0212126
0.0208197
0.0209048
0.0210276
0.0208984
0.0296701
0.0207758
0.0208203
0.0209604
0.020811
0.0205754
0.0208492
0.0209309
0.0207884
0.0210669
0.0212763
0.0209668
0.0211351
0.0214793
0.0213002
0.0212972
0.0210023
0.0213437
0.0230478
0.0212981
0.0212171
0.030467
0.0226093
0.0210653
0.0211665
0.020742
0.0208314
0.0207735
0.0207101
0.0209575
0.0207698
0.0210908
0.0208482
0.0209639
0.0208646
0.0205748
0.0206818
0.0208609
0.0266927
0.0211568
0.0208721
0.0211021
0.0210051
0.02083
0.0210744
0.021023
0.0210257
0.0215532
0.0211475
0.0214428
0.0212612
0.0209422
0.0209978
0.0212317
0.0211066
0.0208268
0.0209413
0.0210958
0.0209877
0.0223884
0.0209206
0.0211859
0.0209948
0.0206291
0.0210763
0.0210731
0.0206986
0.0209546
0.0211099
0.0211494
0.0243573
0.021038
0.021126
0.0211344
0.020858
0.0210596
0.0211109
0.0208659
0.0209763
0.0225432
0.0209416
0.0212206
0.0210365
0.0211529
0.0207824
0.021284
0.0209773
0.0211242
0.0213494
0.0210253
0.021378
0.0210601
0.0212364
0.0209798
0.0206215
0.021003
0.0209155
0.0209649
0.020854
0.0212286
0.0210422
0.0211577
0.0211961
0.0208942
0.0210892
0.0206313
0.0206521
0.0208967
0.0209698
0.0211314
0.021007
0.021991
0.0208879
0.0208744
0.0334031
0.0213096
0.0219847
0.0210049
0.0208472
0.0210517
0.0207097
0.0207091
0.0205572
0.0209978
0.0317611
0.021256
0.0210402
0.020585
0.020804
0.0210716
0.0207955
0.0208927
0.0212051
0.0210876
0.0209613
0.020932
0.0207239
0.0210285
0.0208393
0.0208081
0.0209688
0.0207887
0.0210782
0.0212629
0.0209364
0.0210317
0.0209366
0.02083
0.0212786
0.0207781
0.0209542
0.020792
0.0208196
0.0209724
0.0207822
0.0209758
0.0209728
0.0210706
0.0207207
0.023854
0.0210627
0.0211695
0.0210147
0.0210048
0.0208293
0.020743
0.0208974
0.0209108
0.0209122
0.0207042
0.0206239
0.0211036
0.0209529
0.0207836
0.0208625
0.020568
0.0212237
0.021275
0.0207542
0.0207959
0.0208051
0.0207223
0.0228583
0.0209078
0.020885
0.0208182
0.0209236
0.0205887
0.0206331
0.0207878
0.020706
0.0206411
0.0207813
0.0207458
0.020662
0.0225059
0.02136
0.0209601
0.0207884
0.0205546
0.020357
0.0205963
0.0206254
0.0213512
0.0211175
0.020773
0.0205275
0.0211631
0.0209573
0.0272105
0.0207976
0.0208258
0.0219208
0.0207778
0.0205475
0.0206565
0.0207376
0.0206705
0.0213304
0.0210212
0.020899
0.0207202
0.0207054
0.0208361
0.0233141
0.0209633
0.0209242
0.0210732
0.0224576
0.0208188
0.0207471
0.0208275
0.0208009
0.0206673
0.0210236
0.0209154
0.0206014
0.0207899
0.0205712
0.0209174
0.0209751
0.0209053
0.0207826
0.0208886
0.0210566
0.0210867
0.0212901
0.0210125
0.020994
0.0205731
0.0207081
0.0211108
0.0227373
0.0217749
0.021076
0.021072
0.0214681
0.0212121
0.0209498
0.0211223
0.0208138
0.0208592
0.0209274
0.0209456
0.0207434
0.022665
0.0208096
0.0209098
0.0208524
0.0205352
0.0205293
0.0210059
0.0209475
0.0210829
0.0212496
0.0210512
0.0211054
0.0207249
0.0207752
0.02592
0.0210743
0.0206319
0.021165
0.0241269
0.0208373
0.0206998
0.0209835
0.0209409
0.0210902
0.0210755
0.0206678
0.0211921
0.0208767
0.0207299
0.0234644
0.020951
0.0206387
0.0223403
0.0209951
0.0211784
0.0244735
0.0208731
0.0223602
0.0207903
0.0207392
0.0209366
0.0209145
0.0208034
0.0247532
0.02073
0.0205397
0.0205223
0.0213735
0.0208374
0.0243802
0.0209261
0.020816
0.0209052
0.0209854
0.0210906
0.020931
0.0210186
0.0256554
0.0213619
0.0208919
0.0209042
0.0208917
0.0217582
0.0216963
0.0208283
0.0210319
0.0209078
0.020947
0.0211551
0.0208727
0.0208913
0.0207219
0.0208209
0.0211955
0.0210394
0.0208549
0.0207139
0.0209648
0.0217815
0.0237736
0.0221302
0.0209586
0.0208096
0.0261008
0.0210322
0.0209575
0.0209183
0.0210105
0.0212106
0.0207282
0.0213728
0.0206097
0.0207704
0.0226648
0.0237674
0.0212098
0.0209524
0.0213406
0.0210449
0.0233479
0.0218019
0.0208771
0.0208616
0.0208086
0.0207102
0.0207989
0.0211353
0.0232935
0.0221106
0.0210397
0.0221954
0.0208024
0.0209187
0.0207263
0.021039
0.0210849
0.0212105
0.0209261
0.0206778
0.0207481
0.0210847
0.0211814
0.0211591
0.0211044
0.0211847
0.0208915
0.0218691
0.0213624
0.0325113
0.0218878
0.0208434
0.0207185
0.0208465
0.020681
0.0208203
0.0210528
0.0208227
0.0206215
0.0209142
0.0212999
0.0206279
0.0209454
0.0213826
0.0207288
0.020712
0.0210718
0.0210994
0.0211394
0.0208902
0.021012
0.0208272
0.020729
0.0209586
0.0207693
0.0208325
0.0207724
0.0212057
0.0208923
0.0211638
0.0211165
0.0212091
0.0210412
0.02115
0.0208773
0.0207934
0.0208129
0.0210453
0.0206653
0.0250384
0.0207639
0.0205846
0.0209879
0.0209591
0.0208862
0.0207623
0.020793
0.0209178
0.0209875
0.0226274
0.0207482
0.0208053
0.0250604
0.0211975
0.0210525
0.0209115
0.0207611
0.0206832
0.0207606
0.0209139
0.0209699
0.0206975
0.0209532
0.0207425
0.0207914
0.0207974
0.0209719
0.0207443
0.0211556
0.0210719
0.0211889
0.0217341
0.0211021
0.0236305
0.0211501
0.026764
0.0210061
0.020926
0.0217199
0.0250579
0.0208523
0.0207403
0.0210574
0.0211288
0.0206193
0.0208434
0.0217101
0.0209279
0.0211666
0.0224149
0.0212939
0.0210795
0.0282329
0.0207084
0.0208049
0.020664
0.020534
0.0209152
0.0208177
0.0209643
0.0203976
0.0203639
0.0207195
0.0205563
0.0204265
0.0209064
0.0208793
0.0208384
0.0210665
0.0210666
0.0210257
0.0207809
0.0206334
0.0203892
0.0211727
0.0211922
0.0208154
0.0208911
0.0209524
0.0209531
0.0210224
0.021656
0.0208521
0.0207269
0.0205866
0.0236987
0.0210571
0.0210808
0.0207916
0.021606
0.0204757
0.0205587
0.0208867
0.0207431
0.0206071
0.0208316
0.0207569
0.0225825
0.021804
0.0207282
0.0213443
0.0208951
0.0207567
0.0208437
0.0210655
0.0279206
0.020807
0.0211234
0.0224555
0.0213161
0.0209833
0.0206872
0.0209396
0.0209326
0.0207767
0.0208674
0.0207133
0.0207022
0.0208392
0.0208223
0.0208404
0.0210489
0.0215836
0.020848
0.0212016
0.0210691
0.0207877
0.0206548
0.0208058
0.0209008
0.020886
0.0206308
0.0208118
0.0207295
0.0210462
0.0247226
0.0206747
0.0212667
0.0210492
0.0209329
0.0207494
0.0212196
0.0211801
0.0208575
0.0209797
0.0206819
0.0210071
0.0236499
0.0206897
0.0210192
0.0206633
0.0208372
0.0207317
0.0206215
0.0212828
0.0209896
0.0207591
0.0207825
0.0208434
0.0205955
0.0205347
0.020705
0.0205368
0.0207276
0.0207219
0.0307952
0.020963
0.0209076
0.0208116
0.0210494
0.0207264
0.0208882
0.0211207
0.0207161
0.0242191
0.0212827
0.0206121
0.0208814
0.0209831
0.0206633
0.0207328
0.0215922
0.0213215
0.0209658
0.0209659
0.0208256
0.0208095
0.0209491
0.0221237
0.0213514
0.0210672
0.020753
0.0211244
0.0208804
0.020997
0.0209975
0.0208582
0.0211461
0.0210758
0.0210475
0.0209178
0.0207574
0.0205736
0.0208284
0.0206945
0.0208688
0.0208893
0.021007
0.0207444
0.0205337
0.0209452
0.0207655
0.0209118
0.0213666
0.0212033
0.0210502
0.0216642
0.0241246
0.0209195
0.0211311
0.0208936
0.020701
0.0207968
0.0207999
0.0210569
0.0209368
0.0212921
0.0208887
0.0208055
0.020573
0.0206466
0.0257907
0.0210773
0.0207085
0.0211335
0.0207288
0.0206958
0.0208159
0.0208695
0.0280825
0.0209017
0.0218324
0.0211074
0.0223231
0.020939
0.0210078
0.020696
0.0207549
0.0210805
0.0215329
0.021129
0.0207667
0.0208944
0.0280323
0.0210447
0.0211418
0.0262116
0.0208099
0.0211935
0.0207685
0.0209623
0.0206709
0.0208092
0.0206832
0.0242521
0.0209225
0.0207845
0.0210216
0.0208436
0.0207827
0.0209016
0.0209027
0.0207199
0.0209194
0.0206672
0.0255894
0.0220052
0.0223398
0.0207501
0.0209331
0.0211818
0.0210988
0.0212016
0.0208409
0.021595
0.0208627
0.0207864
0.0221853
0.0209547
0.0209942
0.0208705
0.0207799
0.0207361
0.0206488
0.0208292
0.0212576
0.0212356
0.0211298
0.0206778
0.0221961
0.0226436
0.0207678
0.0209329
0.020686
0.0208032
0.0207698
0.0210747
0.0205297
0.0206588
0.0244748
0.0207363
0.0204672
0.0207077
0.0207824
0.021056
0.0212241
0.0209443
0.0207357
0.0208161
0.0205537
0.0206518
0.0207657
0.0215723
0.0207085
0.0207663
0.0223904
0.0212123
0.0208028
0.0209204
0.020951
0.0210445
0.0210102
0.0206939
0.0210007
0.0207503
0.0204555
0.020574
0.0206454
0.0208067
0.0220404
0.020933
0.0209068
0.0206408
0.020837
0.0205638
0.0207088
0.020697
0.0208721
0.0206452
0.0213608
0.0209144
0.0208856
0.0206986
0.0204658
0.0203902
0.0204981
0.0221521
0.0208709
0.0204053
0.0205128
0.0226122
0.0210181
0.020942
0.0253503
0.0210014
0.0258243
0.0215535
0.0205485
0.0208717
0.0240427
0.0208988
0.0208549
0.0213328
0.0292635
0.0207872
0.0209753
0.0209138
0.0209209
0.0208485
0.0227715
0.0210121
0.0210704
0.0212304
0.0226263
0.0208889
0.0209339
0.0206186
0.0222668
0.0208994
0.0210563
0.0210747
0.0208623
0.0256678
0.0210371
0.0221463
0.0210126
0.0212407
0.0208556
0.0210021
0.0228377
0.0210767
0.0278357
0.021154
0.0210513
0.0210703
0.020939
0.0208217
0.020676
0.0214174
0.0209824
0.0242026
0.0211971
0.0228096
0.0268366
0.0218616
0.0250573
0.0209802
0.0210895
0.0210671
0.0267246
0.0211108
0.0222777
0.0209006
0.0207891
0.0211988
0.0208033
0.0210425
0.0211178
0.0208364
0.021001
0.0313501
0.0232972
0.0207965
0.0209922
0.0210778
0.0208247
0.0208669
0.0206658
0.0209436
0.0211167
0.0209856
0.021086
0.0209715
0.0207593
0.0209451
0.0209951
0.0209061
0.0211425
0.0206809
0.0209593
0.0208941
0.0209744
0.0210803
0.0214439
0.0208665
0.0210091
0.0207963
0.0220231
0.0222814
0.0210821
0.0208358
0.021088
0.021129
0.0228271
0.0209255
0.0207773
0.021129
0.0210019
0.0225666
0.0210092
0.0210236
0.0209267
0.0208537
0.0209334
0.020898
0.0206638
0.0208557
0.0208088
0.0206753
0.0209498
0.0207998
0.0207238
0.0207846
0.0205856
0.0206974
0.0206911
0.0207264
0.020751
0.021343
0.0207243
0.0210184
0.0209633
0.0212242
0.0210004
0.0211544
0.0208634
0.0218936
0.0211008
0.0223577
0.0209919
0.0207173
0.020932
0.0208313
0.0241945
0.0278541
0.0212841
0.0206694
0.0210625
0.0207369
0.0212609
0.0210265
0.021022
0.0254599
0.020858
0.0276011
0.0208362
0.0206808
0.0210788
0.0209534
0.0207633
0.0209172
0.020696
0.0209197
0.0207241
0.0208347
0.0208506
0.0207119
0.0205889
0.0213911
0.0206445
0.0208661
0.0206185
0.0207469
0.0208032
0.0209069
0.0207914
0.0211182
0.0212216
0.0209809
0.0209891
0.0271338
0.0227233
0.0210504
0.020718
0.0207704
0.0206625
0.0207765
0.0207321
0.0210538
0.0208374
0.0211473
0.0208032
0.0211038
0.0315615
0.0212917
0.0213029
0.0210915
0.021394
0.0210738
0.0209922
0.0212156
0.0212509
0.020735
0.02089
0.0209731
0.0206949
0.020928
0.020964
0.0207707
0.0207623
0.0212755
0.0209462
0.0210251
0.0255436
0.0209454
0.0208127
0.0209426
0.0218901
0.0211266
0.0207
0.023758
0.0208697
0.0207916
0.0206091
0.0205399
0.0206325
0.0205245
0.0205867
0.0206016
0.020723
0.0209192
0.0210483
0.0209392
0.0209164
0.021133
0.0209929
0.020669
0.0205819
0.020525
0.021155
0.0206598
0.0208181
0.0209035
0.0208016
0.020846
0.0210136
0.0213346
0.0210889
0.0210445
0.0238093
0.0229229
0.0210569
0.0209399
0.0206009
0.0206371
0.0210975
0.0206153
0.020784
0.0212253
0.0209529
0.0214102
0.0211679
0.0222999
0.0211221
0.0205701
0.020556
0.0208926
0.0225584
0.0209019
0.0207247
0.0206997
0.0208019
0.0207173
0.0208153
0.0209167
0.0263078
0.0212675
0.0210823
0.0207972
0.0206952
0.0209304
0.0207985
0.0208162
0.0206312
0.0211439
0.0210366
0.0209733
0.0211961
0.0211677
0.0212136
0.0209784
0.0209061
0.0207108
0.0209319
0.022197
0.0237982
0.0220144
0.0209039
0.020782
0.0207556
0.0213273
0.0207024
0.0208858
0.021073
0.0209635
0.0207868
0.0209593
0.0212426
0.0211655
0.0210546
0.0244157
0.0207736
0.0209749
0.0223012
0.0208197
0.0210127
0.022453
0.0208901
0.0206177
0.020907
0.0206587
0.0208777
0.0206299
0.0205609
0.0222332
0.0208677
0.0211737
0.0209469
0.0207784
0.020991
0.0277816
0.0214379
0.0212017
0.0210379
0.0207661
0.0208728
0.0205258
0.0208958
0.0207622
0.0210974
0.0207708
0.0206343
0.0208084
0.0223942
0.0209567
0.0209272
0.020637
0.0208099
0.0210228
0.0209098
0.0208099
0.0205942
0.02062
0.0206519
0.0205879
0.0209465
0.0207906
0.0206718
0.0209364
0.0209076
0.0209354
0.02081
0.0205552
0.0208097
0.0205111
0.0207962
0.0207255
0.0206804
0.0208826
0.0209384
0.0229157
0.0209953
0.0210024
0.0208533
0.0218729
0.0210507
0.0209603
0.0207712
0.0206479
0.0208064
0.0289574
0.0207763
0.0210471
0.0211766
0.0210203
0.0211767
0.0209134
0.0206607
0.0210312
0.0206401
0.0208968
0.020758
0.0207315
0.0208865
0.0209491
0.0209601
0.0209443
0.0205124
0.0208773
0.0210684
0.0209995
0.0209322
0.0207965
0.0204535
0.0203862
0.0210246
0.0207385
0.0208608
0.0208102
0.0214222
0.0208914
0.0208057
0.0209473
0.0208035
0.020942
0.0210305
0.0208378
0.0208002
0.0210517
0.0206701
0.02068
0.0209968
0.0209784
0.0208514
0.0211821
0.0210602
0.0209118
0.0207706
0.0208613
0.0213998
0.0209863
0.0209676
0.0210075
0.0209514
0.021062
0.020666
0.020823
0.0205133
0.0208157
0.0212203
0.0206431
0.0210893
0.0207005
0.0207479
0.0207707
0.0205305
0.020538
0.0207405
0.0208241
0.0205922
0.024839
0.0211556
0.0219854
0.0210162
0.0207824
0.0207032
0.0210356
0.0285579
0.0209727
0.0207972
0.0212003
0.0206991
0.0206806
0.0207935
0.0205488
0.020857
0.0208527
0.0208552
0.0208146
0.0210472
0.0208813
0.0206321
0.0208163
0.020802
0.0208438
0.0209502
0.0210037
0.0207559
0.0210808
0.0209339
0.0225565
0.0209862
0.0208011
0.0225896
0.0205597
0.0207758
0.0204608
0.0207198
0.0207095
0.0206171
0.0209833
0.0210317
0.0207517
0.0208784
0.0205396
0.0208209
0.0208328
0.0210571
0.0208826
0.0207368
0.0207846
0.0205729
0.0208386
0.0206853
0.02113
0.0210585
0.0208375
0.0215575
0.0205054
0.0209108
0.0210939
0.0208351
0.0236153
0.0208916
0.0208872
0.020931
0.0207676
0.0211277
0.0209143
0.0205584
0.0208863
0.0210451
0.0211733
0.0243461
0.020959
0.0206421
0.0208243
0.0206039
0.0207486
0.0209393
0.0208756
0.0207731
0.021008
0.0212844
0.0206696
0.0207557
0.0217134
0.0235615
0.0208871
0.024419
0.0285077
0.0208158
0.0206115
0.0210134
0.0206558
0.0208573
0.0209629
0.0207341
0.0207389
0.0209852
0.0209253
0.0206298
0.0210273
0.0211966
0.0210142
0.022481
0.0227168
0.0210453
0.0210441
0.0208125
0.0206033
0.0207762
0.0208619
0.0210775
0.0209735
0.0213669
0.0208281
0.0213201
0.0211279
0.0223425
0.0209992
0.0209379
0.0207888
0.0211889
0.0243212
0.0209672
0.021046
0.0215842
0.0204784
0.0208378
0.0204739
0.0207855
0.0205425
0.0206809
0.0207633
0.0208931
0.0207622
0.0213538
0.0205864
0.0205498
0.0207162
0.0206875
0.020965
0.0210472
0.020688
0.0217274
0.0210584
0.0209773
0.0213743
0.0208389
0.0230669
0.0212029
0.0208758
0.0208222
0.0209131
0.0210372
0.0207322
0.0261572
0.0211709
0.0264407
0.0229047
0.0209936
0.0210163
0.0210438
0.021067
0.0211213
0.0210359
0.0224719
0.0209414
0.0210847
0.020989
0.0213933
0.0210657
0.024759
0.0206495
0.0213356
0.0209161
0.0206505
0.0207765
0.020831
0.0206378
0.0206734
0.0209123
0.020728
0.0209579
0.0206908
0.0208837
0.020928
0.0207631
0.0210861
0.0208781
0.0210931
0.0221445
0.0208778
0.0206392
0.0209438
0.0209227
0.0217818
0.020924
0.0208665
0.0212948
0.0210827
0.0214432
0.0205558
0.0210173
0.0208311
0.0207568
0.0250432
0.0209203
0.0211342
0.0224872
0.0208643
0.0210712
0.0211085
0.0218141
0.0208597
0.021237
0.0209149
0.0204921
0.0219415
0.020854
0.0206893
0.0231313
0.0210191
0.0207061
0.0210623
0.02108
0.0209873
0.0212071
0.0208332
0.0205626
0.0209502
0.0210446
0.0209557
0.0248662
0.0207696
0.0206078
0.0205516
0.0203542
0.0206213
0.0211709
0.0207915
0.0204715
0.0209085
0.0208128
0.0212127
0.027716
0.0208779
0.0206873
0.0207211
0.0207943
0.0209027
0.0207969
0.0207279
0.0205371
0.0206699
0.0208345
0.0216144
0.020849
0.0213603
0.0210448
0.0209157
0.0206637
0.0209003
0.0226541
0.0251894
0.02234
0.0208652
0.0207497
0.0209272
0.0209777
0.0207754
0.0207812
0.0209314
0.0210816
0.0209169
0.0252881
0.0206333
0.0204915
0.0206929
0.0207701
0.0209304
0.0211468
0.0225258
0.0211354
0.020769
0.0207972
0.0207189
0.0207943
0.0210957
0.0211057
0.0222009
0.021088
0.022107
0.0209324
0.0207137
0.0209524
0.0208694
0.0209714
0.0207019
0.0210355
0.0208403
0.0211106
0.0209739
0.0209575
0.0210388
0.0210927
0.0209493
0.0208053
0.0208081
0.0206532
0.0208724
0.0207834
0.0209344
0.0206934
0.0210353
0.0211917
0.0208338
0.020668
0.0209105
0.0209351
0.0212201
0.0210813
0.0211643
0.0210667
0.0237362
0.0234366
0.0210894
0.0218396
0.0265518
0.0210106
0.0207625
0.0205574
0.0209403
0.0207968
0.0211629
0.0211751
0.0210186
0.0207225
0.0207427
0.020578
0.0212693
0.0210707
0.0210755
0.0207906
0.0210036
0.0209302
0.0206142
0.0206942
0.021324
0.0208747
0.0206527
0.020887
0.0209336
0.0207247
0.0207804
0.0207543
0.0209673
0.0205924
0.021082
0.0209384
0.0213002
0.0209322
0.0213738
0.0210061
0.020906
0.0209348
0.0223478
0.0211963
0.021013
0.0208088
0.0216284
0.0208523
0.0210177
0.0213328
0.0209934
0.020958
0.0207355
0.0210638
0.0208122
0.0207588
0.0211843
0.0209028
0.0212596
0.0211463
0.0214172
0.0210037
0.0208342
0.0211049
0.0208815
0.0206451
0.0209505
0.0208518
0.0208156
0.0217428
0.0207577
0.020987
0.0210518
0.0210026
0.0215011
0.0210071
0.0221498
0.0226027
0.0217076
0.0208441
0.0208456
0.0208362
0.0210291
0.0208338
0.0209572
0.0207535
0.0207585
0.0208666
0.0208225
0.0209361
0.0209476
0.0210331
0.0208294
0.0209385
0.0211456
0.0208999
0.0207856
0.0210638
0.0209482
0.0209421
0.0208882
0.0211072
0.0210305
0.0205472
0.0209259
0.0207321
0.0210771
0.0211509
0.0209477
0.0210452
0.0205249
0.0204894
0.0275936
0.0218684
0.0209148
0.0207595
0.0207462
0.0206961
0.0208424
0.0209909
0.0221076
0.0224701
0.0210827
0.021127
0.0209543
0.021046
0.0211391
0.0206655
0.0207893
0.0207018
0.0233574
0.0213934
0.023305
0.0211185
0.0206859
0.0208245
0.0207611
0.0237574
0.0210196
0.0225075
0.021235
0.020818
0.0214353
0.0216084
0.0210371
0.0209995
0.0207702
0.0209615
0.0209384
0.0219648
0.0223074
0.0207352
0.0209588
0.0209011
0.0208924
0.0215017
0.0209038
0.0207729
0.0208658
0.0208313
0.0209016
0.0208831
0.0210607
0.0214324
0.0209577
0.0209996
0.0211368
0.0208679
0.0209504
0.0210434
0.0211016
0.0234854
0.0207169
0.0209976
0.021352
0.020954
0.0208647
0.0208397
0.0207484
0.0211133
0.0208957
0.0210256
0.0208244
0.0215098
0.0211701
0.0209399
0.0210352
0.0212507
0.0208307
0.0209768
0.020861
0.0209493
0.020766
0.0209438
0.0212805
0.023027
0.0211364
0.0209495
0.0210796
0.024376
0.0208831
0.0210476
0.0210458
0.0205454
0.0208028
0.0207438
0.0207709
0.0208013
0.0207099
0.0208115
0.020759
0.0206601
0.0206089
0.0207081
0.0290338
0.0216938
0.0211959
0.0211457
0.0208761
0.0209202
0.0211208
0.0207839
0.0211782
0.0211561
0.0210266
0.0207502
0.0220718
0.0212279
0.0206623
0.0205179
0.0209165
0.0208048
0.0209531
0.022562
0.0226059
0.0225538
0.0225719
0.0211345
0.0208926
0.0213448
0.0208821
0.0213095
0.0215991
0.0209387
0.0207333
0.0208012
0.0210477
0.0206775
0.0204671
0.0205157
0.0210587
0.02089
0.0211016
0.0209579
0.0206087
0.0214667
0.0210359
0.0212914
0.021048
0.0210513
0.0216882
0.0211283
0.0210991
0.0210297
0.020867
0.0207104
0.0210009
0.020771
0.0240816
0.0210773
0.0213582
0.0243647
0.0213129
0.0220372
0.0209051
0.0207699
0.0206392
0.0208759
0.0209876
0.0210234
0.0226253
0.0210792
0.0208567
0.020944
0.02064
0.0208543
0.0206747
0.0206639
0.020611
0.0208122
0.0224693
0.0210841
0.020854
0.0213286
0.0210455
0.0208001
0.0207957
0.0206796
0.0209173
0.0207064
0.0250767
0.0209108
0.0207833
0.0242699
0.0210108
0.0208186
0.0215893
0.0207855
0.0216537
0.0210472
0.020613
0.02099
0.0210277
0.020925
0.0209786
0.0212356
0.0211551
0.0210447
0.0211274
0.021028
0.0213071
0.0212922
0.0221506
0.0209484
0.0208607
0.0207784
0.0207229
0.0239587
0.0224901
0.0244406
0.0220379
0.0243773
0.0206641
0.0206374
0.0207925
0.0204582
0.0279379
0.0212334
0.0213406
0.0207213
0.0206353
0.0207995
0.0208659
0.0208772
0.0208695
0.020968
0.0207544
0.0208326
0.0207203
0.0209421
0.0208699
0.0208848
0.0210494
0.0213379
0.0256313
0.0207681
0.0210175
0.0211011
0.0223595
0.020708
0.0279979
0.0209814
0.0207271
0.0208622
0.0210043
0.0216683
0.020811
0.0206469
0.020756
0.0208904
0.0204619
0.0205353
0.0207671
0.0209943
0.0209029
0.0208779
0.0209408
0.0206996
0.0208272
0.0209956
0.0235088
0.0238514
0.02117
0.0213569
0.0211475
0.0209898
0.0211411
0.0208834
0.0210586
0.0208243
0.0207648
0.0210034
0.0207878
0.0207567
0.0211103
0.021106
0.0208897
0.0208334
0.0206849
0.021066
0.0207211
0.020736
0.0208882
0.0208188
0.0210099
0.0208529
0.0231907
0.0207811
0.0207873
0.020822
0.0207225
0.0207363
0.020844
0.0218563
0.0209733
0.0232549
0.0326266
0.0213624
0.0208139
0.0204081
0.0204928
0.020507
0.0204852
0.0207253
0.0215923
0.0209363
0.0205273
0.0206271
0.0207408
0.0208861
0.0219704
0.0208171
0.0207735
0.020956
0.0209462
0.0207639
0.0209026
0.0230527
0.0209802
0.0206275
0.020803
0.0208848
0.020885
0.0211924
0.0210058
0.0210752
0.0208781
0.0208085
0.0208458
0.02103
0.0210183
0.020901
0.023963
0.020865
0.0212552
0.0207278
0.0219124
0.0209317
0.0214363
0.0209513
0.0211173
0.0206903
0.0207269
0.0209763
0.0208774
0.0260966
0.0208868
0.020846
0.0252381
0.0209232
0.0209116
0.0209494
0.020764
0.0210183
0.0211056
0.0210604
0.0208029
0.0208876
0.0209412
0.0212825
0.0209762
0.0205218
0.0208663
0.0251254
0.020711
0.0211858
0.0210056
0.0211385
0.0210126
0.0207219
0.0210589
0.0213841
0.0210185
0.0210509
0.0210656
0.0215105
0.0211926
0.0208927
0.0206914
0.0203487
0.0202885
0.0279007
0.0229508
0.0208384
0.022988
0.0213122
0.0206726
0.0253235
0.0207588
0.0210261
0.020923
0.0208707
0.0205879
0.0206154
0.020773
0.0205916
0.0208364
0.020748
0.0211555
0.0209068
0.0206619
0.0208421
0.0209111
0.0208711
0.0209953
0.0207528
0.0209412
0.0211458
0.0210195
0.0264334
0.0206466
0.0206963
0.0242436
0.0237586
0.0235381
0.0211773
0.0206327
0.0208855
0.020975
0.021086
0.0209978
0.0209288
0.0208566
0.020733
0.0208974
0.020814
0.0225556
0.0249258
0.0206706
0.0207058
0.0205427
0.0209983
0.0210762
0.0209945
0.0204422
0.0207634
0.0221283
0.0237852
0.0207688
0.0209833
0.0211138
0.0207965
0.0214101
0.0210956
0.0216786
0.0210239
0.0206225
0.0208889
0.0207599
0.0210216
0.0210033
0.0208033
0.0225451
0.0209132
0.0216268
0.0209894
0.0276329
0.0210644
0.0209318
0.0207804
0.0208763
0.0211274
0.0212694
0.0208515
0.0209656
0.0208368
0.0211462
0.021239
0.0210891
0.0209839
0.020997
0.0214026
0.0211632
0.0210402
0.0213122
0.0216177
0.0210058
0.0210676
0.0329808
0.0207317
0.0208165
0.0207879
0.0210904
0.0214171
0.0209977
0.0208752
0.0209475
0.0210289
0.0208456
0.0219896
0.0247537
0.0207562
0.0211612
0.0215966
0.0206026
0.020809
0.0206292
0.0208525
0.0211388
0.0212286
0.0207099
0.0205726
0.0207114
0.0220081
0.0206055
0.0208042
0.0206315
0.0209776
0.0209531
0.0227161
0.0210822
0.0208603
0.0208106
0.0206692
0.0205981
0.0204698
0.0205689
0.0207245
0.0211097
0.0210028
0.0210338
0.0210269
0.0207117
0.02056
0.0272236
0.0230889
0.0207198
0.020811
0.0212067
0.0208542
0.0252197
0.0208967
0.0206068
0.0206582
0.0206144
0.0205068
0.0204135
0.0209546
0.0205905
0.021129
0.0264529
0.0210731
0.020841
0.0209627
0.0207799
0.0207299
0.0207026
0.0234301
0.0278487
0.0208999
0.0205849
0.0210958
0.0210154
0.020903
0.0210899
0.0211452
0.0209897
0.0208662
0.020685
0.020724
0.020684
0.0209124
0.0222358
0.0209735
0.0207748
0.0206668
0.0209007
0.0209641
0.0209412
0.0208761
0.0208807
0.0209053
0.0209017
0.0211409
0.0208173
0.0209302
0.0207332
0.021055
0.0240917
0.0204869
0.0207415
0.0206722
0.0205145
0.0210723
0.0209657
0.0206281
0.0209772
0.0207346
0.0208403
0.0207887
0.0205928
0.0207802
0.0209967
0.0209785
0.021258
0.0238807
0.0211741
0.0209574
0.021085
0.0208619
0.0219941
0.0209353
0.0205802
0.0207146
0.0222637
0.0209622
0.0209412
0.0209468
0.0207024
0.0292306
0.0212341
0.0209311
0.0203149
0.0209532
0.0209565
0.0207237
0.0209316
0.021052
0.0287113
0.0210618
0.0217967
0.020848
0.0207348
0.0205938
0.0207145
0.0206527
0.0204663
0.0207083
0.0206914
0.0207005
0.0208776
0.0208541
0.0210142
0.0206213
0.0208944
0.0206346
0.0210112
0.0207295
0.0208444
0.0210302
0.0211795
0.0208821
0.0206654
0.0207281
0.0209678
0.0211357
0.0218373
0.0209722
0.0233158
0.027853
0.0209423
0.0207385
0.0209217
0.0209792
0.0204926
0.0205083
0.020668
0.0208197
0.0207223
0.0206117
0.0208098
0.0212868
0.020612
0.0209524
0.0208403
0.0209089
0.0208944
0.020714
0.0207394
0.0213587
0.0209476
0.0208825
0.0209624
0.0208573
0.021259
0.0210854
0.0210468
0.0250389
0.020778
0.0233672
0.0207156
0.0204877
0.0211499
0.0206315
0.0207031
0.0222318
0.0210797
0.0213503
0.0209626
0.0210431
0.0274695
0.0206826
0.020789
0.021301
0.0222114
0.0208519
0.0208937
0.0208668
0.0229342
0.0210111
0.0207531
0.0207934
0.0209515
0.0210155
0.0205541
0.0209099
0.0206011
0.0207445
0.0206947
0.0204841
0.0205028
0.0208614
0.0210227
0.0243065
0.0208501
0.0209081
0.0212659
0.0208934
0.0209559
0.0208785
0.0212641
0.0210673
0.0210461
0.02096
0.0210704
0.0210607
0.0210468
0.0206213
0.0210822
0.0207952
0.0208577
0.0212936
0.0207609
0.0207861
0.0208181
0.0209947
0.021017
0.0209742
0.0223064
0.0208881
0.0207008
0.0210712
0.0209193
0.0211417
0.0207895
0.0220712
0.0237765
0.0211184
0.0211008
0.0219321
0.0209885
0.0209315
0.0206428
0.0211571
0.0208748
0.0207688
0.0208013
0.0209096
0.0207794
0.0205605
0.02067
0.0205792
0.0206069
0.0209824
0.0209097
0.0207968
0.020557
0.0208511
0.0205677
0.0209763
0.0209379
0.0207258
0.0239504
0.0209478
0.0211029
0.0207208
0.0207832
0.0208668
0.0208766
0.0209418
0.0255757
0.0205984
0.0208972
0.0214573
0.021108
0.0209829
0.0209445
0.0210861
0.0243332
0.0208503
0.020792
0.0207948
0.0208484
0.0214229
0.0209838
0.0210809
0.0210994
0.0208585
0.0211133
0.0215952
0.0210245
0.0207553
0.0208622
0.0208426
0.0208731
0.0208066
0.0207323
0.0207924
0.0211963
0.0209797
0.0211686
0.0209641
0.020791
0.0209042
0.022853
0.0210616
0.0208741
0.0245043
0.0208683
0.0211551
0.0210533
0.0214132
0.0211886
0.0208095
0.021182
0.0207208
0.0211417
0.0208805
0.0207974
0.0211358
0.0211253
0.0208055
0.0224811
0.0212141
0.0213352
0.0207587
0.0208759
0.0211526
0.0208978
0.0210107
0.0207412
0.0207213
0.020831
0.0208417
0.020792
0.0209867
0.021239
0.0207569
0.0210227
0.0208995
0.0210828
0.0208882
0.0236539
0.0210657
0.0212268
0.0210712
0.0210922
0.0246594
0.0210066
0.0210859
0.0208231
0.0206318
0.0226878
0.0211159
0.0238304
0.0209491
0.0208846
0.0210386
0.0206794
0.0206896
0.0210265
0.0209667
0.0207715
0.0204397
0.0207622
0.0211778
0.0210156
0.0210799
0.020727
0.0206549
0.0207482
0.0207107
0.0206082
0.0207659
0.0226509
0.020994
0.0209207
0.0206487
0.0208724
0.0209324
0.0210044
0.0210385
0.0210653
0.0210656
0.0210694
0.0210363
0.0209265
0.0208058
0.0253523
0.0208714
0.0207666
0.0208465
0.0208905
0.0205927
0.0208967
0.0212449
0.0212068
0.0208419
0.0210323
0.0208778
0.0210333
0.0207372
0.0207168
0.0205478
0.0206737
0.020977
0.020715
0.02136
0.0209245
0.0209739
0.0208909
0.0221462
0.0210693
0.0209217
0.0208604
0.0207679
0.0210025
0.021062
0.0227298
0.0207805
0.0207412
0.0211606
0.0219402
0.0235943
0.0211767
0.0205478
0.0205307
0.0208703
0.0209246
0.022525
0.0209387
0.0207489
0.0221427
0.0265811
0.0209075
0.0211387
0.0210737
0.0208821
0.020677
0.0208182
0.0209836
0.0211974
0.0210218
0.0206816
0.0209025
0.0210203
0.0224747
0.0209912
0.0212046
0.0209784
0.0208667
0.020919
0.0210516
0.0207449
0.0230437
0.020857
0.0221964
0.0214275
0.020682
0.0207193
0.020763
0.0209272
0.0208668
0.0212465
0.0206584
0.0207577
0.0206126
0.0207709
0.0208662
0.0208721
0.0208904
0.0208603
0.0206979
0.0205273
0.0204422
0.0206154
0.0206244
0.0215443
0.0209445
0.0210337
0.0211606
0.022429
0.0209281
0.0212168
0.021085
0.0244335
0.0212736
0.0209531
0.0208622
0.0210051
0.0210769
0.0207852
0.0207959
0.0206224
0.0205032
0.0205955
0.0207657
0.0205046
0.0209476
0.0205479
0.0205309
0.020591
0.0205924
0.0207401
0.0210243
0.0206594
0.0227138
0.0220361
0.0221613
0.0211344
0.021531
0.0219592
0.020848
0.0209556
0.0211163
0.020967
0.0207958
0.0208592
0.0207837
0.020905
0.0209133
0.0209766
0.0208869
0.0209233
0.0209593
0.0207894
0.0206359
0.0206709
0.0209158
0.0204273
0.0209612
0.0207901
0.0223165
0.0208359
0.0210606
0.0208503
0.0205539
0.0209162
0.0207432
0.0207156
0.0210446
0.0242916
0.0209632
0.0209356
0.0207632
0.0206941
0.0208157
0.0207025
0.0212244
0.0212814
0.0207543
0.0216669
0.0208949
0.0216452
0.0208729
0.0208823
0.020852
0.0207493
0.0208948
0.0209837
0.0210034
0.020951
0.021308
0.0207281
0.0276657
0.022487
0.020864
0.0210648
0.0209331
0.0209043
0.020841
0.0208478
0.0206693
0.026327
0.0221922
0.0210057
0.0211664
0.0209716
0.020937
0.0208044
0.0207639
0.0207968
0.0209072
0.0210447
0.0207547
0.0210273
0.0212359
0.0209625
0.0229991
0.021132
0.0209649
0.0210363
0.0211134
0.0210371
0.0209958
0.0206873
0.0207486
0.0208593
0.0216471
0.0210625
0.0206865
0.0209371
0.0208361
0.0210458
0.0210233
0.0206714
0.0207381
0.0209218
0.0210081
0.0211887
0.021168
0.0211163
0.0210129
0.0208913
0.0212261
0.02092
0.0213147
0.0210376
0.0207521
0.020666
0.0211108
0.0207913
0.0212225
0.0218833
0.0209163
0.0204903
0.0209753
0.0215772
0.0209019
0.0208942
0.0211461
0.020917
0.0211332
0.0217812
0.0208134
0.0207243
0.0205073
0.0206792
0.0208601
0.0207158
0.0206937
0.0206849
0.0209086
0.0208299
0.0207616
0.0207255
0.0205423
0.0209006
0.0212609
0.020598
0.0210953
0.0213987
0.0210726
0.0210912
0.0210072
0.0233449
0.0209683
0.0208302
0.0210672
0.0213198
0.0205009
0.0219624
0.0210802
0.0209551
0.0211358
0.0209912
0.02103
0.0207432
0.0209254
0.0207738
0.0208413
0.0211777
0.021273
0.0208387
0.0230379
0.0212819
0.0211692
0.0211033
0.0209616
0.0209773
0.021176
0.0209022
0.0212016
0.0207531
0.0208438
0.0207759
0.0205185
0.0231095
0.0210788
0.021287
0.0209285
0.0212398
0.0207878
0.0301002
0.0217253
0.0206372
0.0207756
0.0226688
0.0209695
0.0211011
0.0209372
0.020652
0.0205914
0.0206122
0.0207371
0.0208799
0.0207379
0.0212769
0.0207587
0.0211965
0.0206862
0.0206012
0.0205187
0.0285312
0.0208189
0.0205375
0.0204796
0.0206165
0.020808
0.0206371
0.0207125
0.0210273
0.0206635
0.0209515
0.0225466
0.0209694
0.0211149
0.0206837
0.0207617
0.0208063
0.021239
0.0209513
0.0208009
0.0265427
0.020964
0.0207847
0.0212503
0.020937
0.0209684
0.0211017
0.0206157
0.020626
0.0206523
0.0205915
0.0210142
0.0208514
0.0241659
0.021
0.0210859
0.0208658
0.0206153
0.0208937
0.0208958
0.0214719
0.0208233
0.0234842
0.0208718
0.0222966
0.0207929
0.0207616
0.0211094
0.0209775
0.020877
0.0228042
0.02093
0.026177
0.0228174
0.0209509
0.0252036
0.0226599
0.0215039
0.0205568
0.0207711
0.0213206
0.0211543
0.0212394
0.021143
0.0211465
0.0211377
0.0222431
0.0208413
0.0207249
0.0209524
0.0205626
0.0206776
0.0212032
0.0215236
0.0207959
0.0211991
0.0208416
0.0226324
0.0208734
0.0209643
0.0208075
0.0207829
0.0211165
0.0221565
0.0206271
0.0209072
0.0206569
0.0203919
0.0207298
0.0208321
0.0207732
0.0209447
0.0210769
0.0207535
0.0207822
0.0223075
0.0206821
0.0207201
0.0208748
0.0206218
0.020964
0.0206809
0.0208408
0.0208128
0.0205321
0.0206184
0.025588
0.021169
0.0209235
0.0246484
0.0227068
0.0209794
0.0209068
0.0212758
0.0210908
0.0280661
0.0211527
0.0211184
0.021611
0.0207176
0.0209381
0.0209278
0.021022
0.020925
0.0209071
0.0207275
0.0208825
0.020795
0.0211477
0.0209231
0.0212057
0.0210556
0.0210009
0.0207697
0.020909
0.0208289
0.0208639
0.0207793
0.0207209
0.0208224
0.0210624
0.0208806
0.0208749
0.0208205
0.0228424
0.0315849
0.0211504
0.0206293
0.0205355
0.0207303
0.0204784
0.0204969
0.0205453
0.0206447
0.020654
0.0209911
0.0208179
0.0209681
0.0207973
0.020664
0.0214021
0.0209418
0.0206772
0.0205427
0.0211154
0.0217193
0.0206763
0.0207052
0.020649
0.0207956
0.0206256
0.0209354
0.0208331
0.0208503
0.020636
0.020741
0.0207229
0.0208973
0.0209611
0.0207213
0.0207569
0.0224736
0.0244498
0.0237129
0.02068
0.0207207
0.0213326
0.0207412
0.0209563
0.0212334
0.0210625
0.0210542
0.0207065
0.0208487
0.0205896
0.0208808
0.0208149
0.0207999
0.0209337
0.0227981
0.0209097
0.0208569
0.0212713
0.0208417
0.0208493
0.0209147
0.0207721
0.0207925
0.0210048
0.020772
0.0208687
0.0209623
0.0205799
0.0206209
0.0206781
0.0210196
0.0208214
0.0208984
0.0209858
0.0206975
0.0211106
0.0208248
0.0230927
0.0208038
0.020988
0.0224748
0.0209133
0.0222828
0.0210883
0.0210478
0.0208839
0.0207682
0.0211044
0.0208611
0.0208057
0.0214172
0.0209573
0.0214515
0.0210304
0.0212406
0.0209921
0.0211607
0.0224018
0.0209457
0.0206347
0.0206563
0.0209974
0.0208171
0.0207854
0.0208409
0.0207873
0.0241429
0.0209647
0.0246242
0.0247609
0.0208657
0.0207253
0.0207689
0.0210216
0.0209685
0.0210364
0.0208827
0.0207971
0.0208886
0.0208997
0.0206826
0.0208178
0.0207867
0.0209226
0.0206679
0.0208777
0.020812
0.0213365
0.023559
0.0211386
0.0209684
0.020923
0.0212086
0.0208166
0.0208416
0.0211909
0.0207781
0.0204967
0.0206284
0.0204779
0.0205047
0.0209701
0.0207136
0.0206056
0.0204885
0.0208759
0.0221404
0.0211066
0.0205977
0.0209669
0.0210106
0.020928
0.0211477
0.0211285
0.0207861
0.0209003
0.0208191
0.0208918
0.0208051
0.0208567
0.0208831
0.0205687
0.0205576
0.0205929
0.0207758
0.0209047
0.0207756
0.020825
0.0214253
0.020623
0.0207214
0.0237949
0.0226808
0.0212431
0.020883
0.0210798
0.0207294
0.0225147
0.0224514
0.0208469
0.0206106
0.0263268
0.0208699
0.02104
0.0218845
0.0228891
0.0211489
0.0207016
0.020954
0.0209242
0.0210881
0.0207954
0.0206934
0.0210012
0.0212498
0.0209001
0.0207945
0.0239119
0.020773
0.0212164
0.0214083
0.0227665
0.0209647
0.0208034
0.020911
0.0208841
0.0206856
0.0209924
0.0209002
0.0209748
0.0211212
0.0238637
0.0209127
0.0209013
0.0207919
0.0206134
0.0204074
0.0205289
0.0212065
0.0210785
0.0220359
0.0209309
0.0210376
0.0207645
0.0208681
0.0224243
0.0212169
0.0207231
0.021072
0.0208771
0.0207836
0.021304
0.0211286
0.0246283
0.0208566
0.0221001
0.0208903
0.02096
0.0216425
0.0230284
0.0207965
0.0210161
0.0209211
0.0208875
0.0208166
0.0208057
0.0217016
0.0208637
0.0209653
0.021246
0.020783
0.0211314
0.0206159
0.0219623
0.020743
0.0205524
0.0211037
0.022126
0.02088
0.0204567
0.020887
0.0207429
0.0212036
0.0206472
0.020895
0.020879
0.0209692
0.0207083
0.0208278
0.020978
0.0206756
0.0205597
0.0209301
0.0210675
0.0209794
0.0208845
0.0206735
0.0205611
0.0207794
0.022664
0.0210027
0.0213103
0.0225024
0.0208229
0.0206232
0.0208317
0.0209939
0.0247087
0.0210292
0.0213407
0.0208954
0.0209935
0.0210527
0.0218306
0.0210782
0.0209322
0.0210964
0.0209884
0.0209405
0.0213607
0.0209886
0.0208868
0.0212947
0.0208632
0.0208808
0.0209314
0.0209619
0.0206725
0.0212437
0.0213408
0.0209279
0.0209942
0.0207523
0.0206553
0.020878
0.0205546
0.0207904
0.0206912
0.0209219
0.0207303
0.0207098
0.0209555
0.0209406
0.0208524
0.0209314
0.0209714
0.0211997
0.0212067
0.0213649
0.0211986
0.0214118
0.021055
0.021086
0.0230285
0.0208728
0.0213064
0.0214115
0.0209349
0.0209969
0.0209273
0.0209945
0.0232795
0.0209607
0.0207464
0.0209051
0.0212548
0.0221298
0.0211225
0.0207392
0.0209383
0.0209863
0.0207729
0.0210703
0.0211146
0.0207254
0.0264227
0.0245888
0.0211842
0.022283
0.0211329
0.0213902
0.0209873
0.0227109
0.0206531
0.0208498
0.0209148
0.0210872
0.0207508
0.0207642
0.0206285
0.0206411
0.0207186
0.0206443
0.0220369
0.0208423
0.0208185
0.0212
0.0210762
0.0211313
0.0207241
0.0209574
0.0209139
0.0208811
0.0210353
0.0208104
0.0208013
0.0269217
0.0209543
0.0210449
0.0328119
0.0208492
0.0209615
0.0207726
0.0208131
0.0222295
0.0209216
0.0210011
0.0206537
0.0207296
0.0258719
0.020697
0.0205216
0.0216946
0.0212193
0.0207348
0.0249736
0.0211023
0.0211147
0.0285683
0.0242224
0.0208094
0.0207249
0.0214139
0.0210086
0.0209263
0.022876
0.0212787
0.0214008
0.0207385
0.0208
0.0206303
0.0210629
0.0207626
0.0209801
0.0223876
0.0222852
0.0207973
0.0207541
0.0208249
0.0208673
0.0208152
0.0206916
0.0206701
0.0206173
0.0206905
0.0207487
0.0211796
0.021025
0.0208958
0.0218403
0.0208624
0.0207536
0.0222006
0.021356
0.020989
0.0260174
0.0207891
0.0207229
0.0208417
0.0222391
0.0208578
0.0206015
0.0208143
0.0208049
0.0210515
0.021043
0.020899
0.0214024
0.0213963
0.0209031
0.0289602
0.0215381
0.0211376
0.0208118
0.0208268
0.0209444
0.0209238
0.0208517
0.0209757
0.0224976
0.0208909
0.0209134
0.0210362
0.0209747
0.0212033
0.021025
0.0207564
0.0210142
0.0206327
0.0205061
0.0208046
0.0212083
0.0208006
0.0209268
0.0212293
0.0213445
0.0209725
0.0209189
0.0210395
0.0211252
0.0208007
0.0209533
0.0210677
0.0230038
0.0209418
0.0211706
0.0207127
0.0208605
0.0220324
0.0224071
0.0210573
0.020672
0.0212465
0.0226155
0.0221838
0.0215775
0.0213651
0.0211351
0.0213697
0.0260585
0.0213822
0.0226458
0.0208622
0.021029
0.021158
0.0208144
0.0207643
0.0209661
0.0207504
0.0209862
0.0216903
0.0217842
0.0208085
0.0233987
0.020811
0.0209148
0.0210012
0.022024
0.0217464
0.0210567
0.0209582
0.0209439
0.0208858
0.0207874
0.020937
0.0218153
0.0210794
0.0208826
0.0207091
0.020776
0.0205871
0.0210958
0.0208282
0.0208873
0.0206981
0.0209042
0.0212439
0.0210376
0.0209442
0.0212295
0.0229867
0.0213477
0.0210458
0.0209588
0.0208021
0.0208208
0.0209563
0.0209254
0.0206962
0.0206402
0.0205015
0.0205031
0.0206253
0.0207596
0.020809
0.0213113
0.0209892
0.0209987
0.0212298
0.0208204
0.0208905
0.0207148
0.0208681
0.0207278
0.020774
0.0205217
0.0206958
0.021245
0.0230566
0.0209213
0.0208681
0.020678
0.0207654
0.0210854
0.0209169
0.020821
0.0208908
0.021251
0.0214818
0.0209964
0.0223493
0.0219148
0.0209902
0.0208233
0.0225152
0.0209975
0.020746
0.0229568
0.0210794
0.0209008
0.0209467
0.0212706
0.0209234
0.0207189
0.0209389
0.0211532
0.0213413
0.0207951
0.0209487
0.0211246
0.020886
0.0213064
0.0209697
0.0208077
0.0208491
0.0208142
0.0209232
0.0205735
0.0205812
0.0209348
0.0207068
0.0210722
0.021229
0.0209024
0.0206964
0.0209798
0.020849
0.0207272
0.0208422
0.0210579
0.0206159
0.021277
0.0207491
0.0211954
0.0211688
0.0211095
0.0214745
0.0210394
0.0208977
0.0209009
0.0208482
0.0208255
0.0211579
0.0270052
0.0208527
0.0207986
0.0210432
0.0215302
0.0209072
0.0227669
0.0222088
0.0211751
0.0208247
0.0207487
0.0206628
0.0209401
0.0208658
0.0208793
0.0213883
0.0210061
0.0209982
0.0226633
0.0207406
0.0207639
0.0206216
0.02055
0.0210134
0.0206149
0.0205064
0.0207346
0.020762
0.0207552
0.0207456
0.0206205
0.020516
0.0208362
0.0207561
0.020763
0.020666
0.0209592
0.0206378
0.0209446
0.0207876
0.0271172
0.0209866
0.0211708
0.0209046
0.0210155
0.0209393
0.0208107
0.02105
0.0211606
0.0226018
0.0208635
0.0210838
0.022213
0.021064
0.0210032
0.0208446
0.0207596
0.0253749
0.0206662
0.0225855
0.0217598
0.02124
0.0208328
0.0211448
0.020991
0.0207129
0.0208411
0.0209424
0.0210582
0.0210603
0.0209878
0.023878
0.0210288
0.0208926
0.0209305
0.0210501
0.0210844
0.0209378
0.0209448
0.0208707
0.0208593
0.0209937
0.0206389
0.0209507
0.021562
0.0209094
0.0210098
0.0210798
0.0210777
0.0213123
0.0210971
0.0212011
0.0209371
0.0210671
0.0211759
0.0211706
0.0206973
0.0206147
0.0208057
0.0233259
0.0207084
0.0212351
0.0209555
0.0209889
0.0210575
0.0212288
0.0210133
0.0208335
0.0208781
0.0209751
0.0209824
0.0211208
0.0209669
0.0210257
0.0212241
0.0208718
0.0209365
0.0211429
0.0211078
0.0208198
0.021268
0.0211819
0.0211426
0.0210381
0.0211566
0.0227904
0.0210519
0.0207535
0.0211052
0.0206842
0.0268601
0.0208032
0.025755
0.0209232
0.0207797
0.021624
0.0206461
0.0213928
0.025412
0.0223947
0.0208566
0.0206673
0.0208577
0.02135
0.0209895
0.021158
0.0207552
0.0209679
0.0211506
0.0244614
0.0209366
0.0260869
0.0213139
0.0205667
0.0205127
0.0204224
0.0206916
0.0244663
0.0216089
0.0210623
0.0207749
0.0206226
0.0207165
0.0218435
0.0211879
0.0208922
0.0208651
0.0211511
0.0231315
0.022598
0.0207056
0.0208359
0.0207527
0.0208047
0.0208126
0.0208098
0.0206896
0.0208497
0.0206502
0.0209894
0.0208913
0.0224584
0.0214915
0.0209198
0.0207334
0.0209494
0.0280669
0.0209237
0.021005
0.0206337
0.0205814
0.0206108
0.020728
0.0209588
0.0210031
0.021329
0.0208873
0.0212073
0.0210692
0.021055
0.0210422
0.0206488
0.024497
0.0209056
0.0209037
0.0210998
0.0211211
0.0211087
0.020827
0.0207531
0.0225236
0.0210832
0.02107
0.0213954
0.0209714
0.0209423
0.0207131
0.0209161
0.020926
0.0210119
0.0207107
0.0209948
0.0209919
0.0231863
0.0210877
0.0210442
0.0211624
0.0214602
0.0208683
0.021057
0.0206826
0.023218
0.0211825
0.0211628
0.020975
0.0207231
0.0234271
0.0221453
0.0208047
0.020827
0.0208608
0.0212527
0.0212269
0.020974
0.0208425
0.0210882
0.0208775
0.0211412
0.0210038
0.0228294
0.0209878
0.0225344
0.021126
0.0212002
0.0209919
0.0238557
0.0227172
0.0211337
0.0208486
0.0225495
0.0210074
0.021011
0.0210256
0.0208279
0.0210029
0.0224383
0.0210415
0.0208615
0.0207155
0.0207077
0.0210066
0.021352
0.0210244
0.0209701
0.020693
0.0207838
0.0207588
0.020967
0.0209706
0.0212707
0.0211564
0.021272
0.0212691
0.0210613
0.0208999
0.0211325
0.0224754
0.0207808
0.0207821
0.0208539
0.0209189
0.0208994
0.020811
0.0207833
0.0210577
0.0208191
0.0211669
0.0208035
0.0219676
0.0209276
0.0209305
0.0243902
0.0210374
0.0210107
0.0226425
0.021025
0.0210224
0.0212421
0.0213891
0.0221964
0.0208869
0.0207638
0.0203761
0.020612
0.0221663
0.0207473
0.0210208
0.0208939
0.0211322
0.021009
0.021143
0.0208024
0.0206071
0.0222943
0.0207661
0.0207803
0.0208134
0.0206602
0.0210062
0.020905
0.0210768
0.0210555
0.020976
0.0208637
0.0207562
0.0210819
0.0211471
0.022313
0.0210902
0.0211471
0.0210351
0.0211161
0.0210404
0.0213994
0.02412
0.0211084
0.0229459
0.0245961
0.0206376
0.0208347
0.02139
0.0210806
0.020995
0.0208824
0.0209346
0.0208994
0.0210991
0.0206574
0.0209084
0.0206522
0.0207786
0.0205458
0.0225364
0.0210705
0.0207071
0.0207224
0.0205849
0.0207697
0.0207241
0.0207544
0.0206505
0.020822
0.0206968
0.0208552
0.0207318
0.0208221
0.0207907
0.0210038
0.0208591
0.0211769
0.0210994
0.0228526
0.0209381
0.0207757
0.0212656
0.0230231
0.0207945
0.0205283
0.0208085
0.0205527
0.0204711
0.0206944
0.0205709
0.020761
0.0209071
0.0209319
0.0208895
0.0208373
0.0206421
0.0207303
0.0205862
0.0206113
0.0204258
0.0207129
0.0210665
0.0207053
0.0206154
0.0208765
0.0214704
0.0209968
0.0209992
0.0253454
0.0212343
0.020533
0.0271603
0.0206845
0.0208386
0.023309
0.0220582
0.0210803
0.0210534
0.0235755
0.0211484
0.0207263
0.0207888
0.0209598
0.0207423
0.0209344
0.0210057
0.0209674
0.0209851
0.0208718
0.0210606
0.0208006
0.0222501
0.0209297
0.0210313
0.0207264
0.0209573
0.0207916
0.0224769
0.0216586
0.0212689
0.0210739
0.0220247
0.0210593
0.0207046
0.020629
0.0206648
0.0207689
0.0207024
0.0207087
0.0207792
0.0207279
0.021008
0.0209609
0.0256796
0.0207931
0.0207292
0.0206486
0.0209136
0.0205349
0.0210487
0.0211737
0.0209833
0.024164
0.0226268
0.0235242
0.0209609
0.0213008
0.0247701
0.0207367
0.0233106
0.023754
0.0208066
0.0209253
0.0210721
0.020776
0.0225009
0.0213893
0.0207918
0.0210429
0.0208744
0.020987
0.0211745
0.0211617
0.0228339
0.0212476
0.0208664
0.0208916
0.0208587
0.0210037
0.0208222
0.0207907
0.02097
0.0209258
0.0223893
0.0226444
0.0211547
0.0207211
0.0206166
0.0220755
0.0210084
0.0207898
0.0207708
0.023608
0.0208963
0.0210695
0.0208844
0.020553
0.0220387
0.0213792
0.0212639
0.0207406
0.0208993
0.0211481
0.0211011
0.0258544
0.0211732
0.0209362
0.0212687
0.0209203
0.02097
0.0207919
0.0209614
0.0207654
0.0209146
0.0209837
0.0207933
0.0207838
0.0237242
0.0207662
0.0207829
0.0217069
0.021022
0.0226943
0.0209567
0.0208254
0.0208328
0.0209165
0.0208382
0.0205805
0.020999
0.0207652
0.0207916
0.0207224
0.0209746
0.021095
0.02099
0.0210832
0.020985
0.0241012
0.0208828
0.0210115
0.021019
0.0209767
0.0211474
0.0211746
0.020824
0.0231422
0.0208337
0.0208431
0.0209072
0.0224231
0.0232003
0.0207562
0.0208104
0.0210828
0.0210648
0.0206105
0.0209483
0.021221
0.020873
0.0210497
0.0209886
0.0210056
0.0210872
0.0209298
0.0210326
0.020765
0.021257
0.0209397
0.0210219
0.0210181
0.0253945
0.0205327
0.0205996
0.0208404
0.0207763
0.0208553
0.021061
0.02094
0.0208998
0.0206624
0.0208692
0.0209729
0.0208587
0.0209054
0.0238305
0.022477
0.0210733
0.0211081
0.0210928
0.0211256
0.025954
0.0212021
0.0209733
0.020983
0.0210114
0.0209973
0.0210502
0.022484
0.0208017
0.020834
0.0219861
0.0211115
0.0210596
0.0210411
0.0208112
0.0208792
0.0210032
0.0209092
0.0210303
0.0210392
0.020927
0.0208602
0.0225163
0.0209502
0.0208384
0.0207549
0.020614
0.0206054
0.0207219
0.0206167
0.0206942
0.0219225
0.0206976
0.0208351
0.021121
0.0209756
0.0213238
0.0211952
0.0211765
0.0213159
0.0209744
0.0209842
0.0211492
0.0211784
0.0209967
0.020807
0.0210722
0.0209761
0.0208629
0.0207852
0.0211886
0.020908
0.021124
0.0237769
0.0208179
0.0208293
0.0208056
0.0208805
0.0207815
0.0212084
0.0211757
0.0205935
0.0207821
0.0209174
0.0216453
0.0208432
0.0205968
0.0220954
0.0208628
0.0208037
0.0207768
0.0209939
0.025036
0.0208538
0.0208298
0.0219847
0.0209429
0.0207425
0.0208024
0.0219346
0.0206592
0.020753
0.020825
0.0250528
0.0208244
0.0208106
0.0210225
0.0208798
0.0209161
0.0207343
0.0224361
0.0209602
0.0209066
0.0208323
0.020826
0.0208372
0.0207117
0.021024
0.0207259
0.0209356
0.0204712
0.0206375
0.0209046
0.0207866
0.0208654
0.020997
0.0208535
0.0207411
0.0207351
0.0209287
0.0211444
0.0209003
0.0209035
0.0210325
0.0207224
0.0207153
0.0206054
0.0224599
0.0208907
0.0208549
0.0210969
0.0209004
0.0212236
0.0211456
0.0259213
0.020818
0.0221323
0.022302
0.0211763
0.0213465
0.0207201
0.0210096
0.0208688
0.0223923
0.0221164
0.0207497
0.0206404
0.020631
0.0207129
0.0211969
0.0207259
0.0208854
0.0208383
0.0208246
0.0209549
0.020773
0.0211706
0.0210688
0.0211601
0.0211936
0.0208887
0.0207192
0.0211095
0.0208378
0.0210618
0.0207968
0.0211145
0.0222228
0.0209964
0.0213009
0.0231937
0.0211133
0.0211513
0.0209359
0.0248677
0.0211097
0.0224786
0.0220155
0.0210283
0.0206939
0.0207718
0.0208291
0.0205598
0.0202057
0.0203918
0.0206416
0.0205428
0.0208678
0.0209701
0.0207522
0.0210661
0.0209181
0.0211901
0.0216399
0.0217106
0.0221733
0.0210176
0.0205444
0.0224767
0.0219296
0.0207419
0.0209476
0.0208205
0.0206674
0.0208152
0.0207852
0.0207839
0.0205773
0.0209473
0.0210101
0.0234987
0.0210086
0.0222914
0.0210233
0.021164
0.0210983
0.0209778
0.0223046
0.020967
0.0206846
0.0208702
0.021083
0.0208926
0.0226929
0.0210919
0.0207357
0.0210366
0.0210544
0.0238719
0.0209588
0.0205831
0.020545
0.0210721
0.020851
0.0211679
0.0212727
0.0208682
0.0212608
0.0213379
0.0208997
0.0209896
0.0209301
0.0211385
0.0205833
0.0211155
0.0209498
0.0280604
0.024666
0.0206632
0.0210474
0.0210011
0.0210269
0.0207291
0.0205902
0.0209901
0.0205464
0.0207445
0.0209449
0.0208387
0.0212894
0.0206927
0.0206711
0.020863
0.0209507
0.0206193
0.0210181
0.020857
0.0220421
0.0210555
0.0220997
0.0249825
0.0209995
0.0208562
0.0211464
0.0208103
0.0208217
0.0217255
0.0219349
0.0218121
0.0210404
0.0206209
0.0205265
0.0209919
0.0207159
0.0210017
0.0210158
0.0255878
0.0211769
0.0205971
0.0208793
0.0207652
0.0206357
0.0206024
0.0204769
0.0206173
0.0206717
0.0207124
0.0208959
0.0206526
0.0207718
0.0221699
0.0209067
0.0207168
0.0210483
0.0209812
0.0207726
0.0212031
0.026817
0.0209913
0.0225583
0.0207799
0.0210368
0.0208854
0.0207071
0.0208989
0.0206825
0.0206379
0.020925
0.0208604
0.0205645
0.0228678
0.0210241
0.0234922
0.0209419
0.0211624
0.0209151
0.0207826
0.0218749
0.0206959
0.020602
0.0209617
0.0209894
0.0210059
0.0209762
0.0237335
0.0208266
0.0207039
0.0208823
0.0207203
0.0212093
0.0233937
0.0211934
0.0207972
0.0208817
0.0208885
0.0207739
0.0209137
0.0208742
0.0208142
0.0207326
0.0210559
0.0210189
0.0207175
0.0206529
0.0207677
0.0208743
0.0208256
0.0207733
0.0211949
0.0208778
0.0216296
0.0210153
0.0208809
0.0208002
0.020566
0.0208496
0.0207431
0.0212967
0.0209647
0.0210195
0.0211743
0.0208605
0.0206809
0.0209968
0.0207207
0.020342
0.0298787
0.0208756
0.0210787
0.0208849
0.0205737
0.0208068
0.0212779
0.0208787
0.0205223
0.0209234
0.0207307
0.0208483
0.0208132
0.0206065
0.0211306
0.0228648
0.0210027
0.0211538
0.0214483
0.0211594
0.0211362
0.0258399
0.02641
0.020728
0.0208291
0.0211079
0.0207865
0.0211741
0.020544
0.0211803
0.0208029
0.0205713
0.0206265
0.020877
0.0205315
0.0205904
0.020639
0.0205552
0.0205224
0.0230931
0.0208591
0.0205831
0.0237393
0.0209226
0.020824
0.0259421
0.0211234
0.0211726
0.0208558
0.0208838
0.0208809
0.0209088
0.020539
0.0270099
0.0209762
0.0210732
0.0206897
0.0205668
0.0203981
0.0207738
0.0210079
0.0207178
0.0207122
0.0206428
0.0207773
0.020381
0.020728
0.0208304
0.0241294
0.0211005
0.021024
0.0209075
0.0212241
0.0221328
0.0208856
0.0207315
0.0221291
0.0208962
0.021021
0.020794
0.021471
0.0211042
0.0212693
0.0211341
0.0212664
0.0216302
0.0210242
0.0211747
0.0209309
0.0210361
0.0208072
0.0208571
0.0211569
0.0254998
0.0209701
0.0208042
0.0209604
0.0212511
0.0211225
0.0207694
0.0207566
0.0209229
0.0210338
0.0207015
0.0206218
0.0224788
0.0206018
0.0207736
0.0206302
0.0205134
0.022387
0.021862
0.0207189
0.0209168
0.0211666
0.0208067
0.0207615
0.0208907
0.0251473
0.0207713
0.0209449
0.0209827
0.0207931
0.0209878
0.0222081
0.0259621
0.0246379
0.0210185
0.0240678
0.0208557
0.0209858
0.0209356
0.0210153
0.0209403
0.0208446
0.0207191
0.0210663
0.0207784
0.0212778
0.0230309
0.0210214
0.0213502
0.0453175
0.0433938
