7.91273
13.6328
17.0219
17.6803
17.6913
17.703
21.3263
21.3454
21.3652
21.3762
21.3952
21.4155
21.4356
21.455
22.2005
26.677
26.6959
26.71
26.721
26.7391
28.2195
29.526
30.8228
30.8328
30.8531
30.873
30.8835
30.9028
30.9239
30.9448
34.8992
34.9094
36.591
38.558
44.2398
44.2568
44.4661
44.4775
47.8689
47.8847
49.3182
49.3353
49.3468
51.8951
61.068
61.0787
62.8468
68.0315
68.0431
68.0538
68.0736
68.0925
68.2649
68.2788
68.2984
68.3328
68.3439
68.3543
68.3734
75.3099
77.8612
77.8813
77.8918
77.9114
85.7961
85.8082
97.8059
106.85
106.86
106.871
108.793
113.996
114.015
114.034
114.045
114.055
114.075
114.084
114.104
114.115
114.125
114.146
114.177
114.195
114.215
114.224
114.235
114.254
114.264
114.284
116.446
116.621
117.064
117.077
117.09
123.608
132.722
137.611
142.698
142.715
142.734
144.464
145.138
145.15
145.164
150.239
150.26
151.973
152.861
170.639
176.71
179.491
180.817
186.998
193.685
197.201
197.215
197.234
203.468
203.479
203.489
203.5
203.519
203.529
203.54
203.559
203.579
203.599
203.619
203.63
203.65
203.67
203.688
217.418
217.437
217.447
230.255
231.723
231.741
234.738
238.658
238.676
238.687
240.8
255.219
255.239
274.03
274.05
274.23
274.243
275.096
275.111
275.122
275.141
275.16
275.171
275.18
279.513
279.527
279.538
279.548
281.457
281.679
281.693
281.714
285.22
285.236
285.246
285.266
288.891
290.638
290.649
290.66
292.244
292.262
293.997
297.353
297.374
306.405
306.425
306.439
306.454
309.424
314.805
318.696
331.785
333.715
350.263
365.805
365.822
375.359
375.37
375.389
377.467
377.478
377.488
378.985
380.026
395.258
395.268
412.398
412.415
412.425
412.435
412.445
414.777
414.794
416.485
416.497
416.516
416.539
416.556
416.576
426.769
426.78
426.802
426.822
427.813
429.484
429.497
447.124
447.147
458.291
458.53
458.542
458.552
458.565
471.765
476.818
476.835
476.846
476.856
476.865
476.876
476.887
527.826
527.846
547.969
580.915
580.935
610.006
610.03
610.049
610.067
621.6
621.639
621.67
621.7
621.739
621.801
621.84
621.88
621.91
621.94
621.971
622.026
622.065
622.096
622.135
622.166
622.205
622.26
622.29
622.331
622.371
622.41
622.466
622.496
622.536
622.576
622.606
622.646
622.7
622.731
622.771
622.811
622.851
622.913
622.952
622.982
623.022
623.064
623.132
623.171
623.201
623.242
623.281
623.34
623.377
623.417
623.457
623.497
623.555
623.592
623.633
623.672
623.702
623.759
623.79
623.822
623.861
623.891
623.964
624.002
624.037
624.079
624.117
624.169
624.207
624.248
624.292
624.323
624.352
624.402
624.433
624.473
624.513
624.553
624.601
624.638
624.678
624.719
624.758
624.804
624.843
624.882
624.913
624.943
624.983
625.029
625.068
625.098
625.139
625.178
625.218
625.26
625.29
625.328
625.358
625.397
625.428
625.484
625.522
625.553
625.583
625.622
625.653
625.693
625.733
625.763
625.803
625.843
625.897
625.928
625.968
625.998
626.038
626.08
626.122
626.153
626.203
626.245
626.282
626.332
626.363
626.392
626.423
626.453
626.493
626.534
626.574
626.604
626.644
626.684
626.714
626.756
626.794
626.83
626.869
626.899
626.959
626.992
627.024
627.063
627.103
627.165
627.203
627.243
627.283
627.323
627.372
627.404
627.434
627.474
627.504
627.544
627.588
627.619
627.66
627.699
627.739
627.794
627.824
627.855
627.894
627.925
627.964
628.007
628.045
628.087
628.125
628.165
628.209
628.24
628.28
628.32
628.36
628.421
628.461
628.493
628.53
628.56
628.6
628.644
628.68
628.72
628.761
628.8
628.845
628.886
628.925
628.966
629.005
629.05
629.08
629.11
629.15
629.181
629.211
629.263
629.301
629.341
629.371
629.41
629.441
629.486
629.516
629.556
629.596
629.635
629.667
629.712
629.751
629.803
629.841
629.882
629.932
629.971
630.01
630.041
630.071
630.1
630.149
630.197
630.237
630.276
630.306
630.349
630.386
630.416
630.447
630.487
630.527
630.568
630.606
630.636
630.676
630.715
630.746
630.795
630.826
630.856
630.896
630.936
630.967
631.005
631.042
631.082
631.112
631.152
631.182
631.22
631.257
631.287
631.327
631.367
631.397
631.434
631.475
631.512
631.543
631.582
631.637
631.668
631.708
631.738
631.768
631.807
631.84
631.877
631.907
631.938
631.977
632.007
632.046
632.083
632.122
632.152
632.192
632.222
632.253
632.296
632.327
632.357
632.387
632.427
632.456
632.486
632.526
632.556
632.587
632.626
632.657
632.687
632.729
632.768
632.806
632.836
632.866
632.898
632.936
632.966
633.007
633.046
633.077
633.107
633.147
633.187
633.233
633.271
633.306
633.338
633.376
633.406
633.437
633.466
633.514
633.552
633.593
633.633
633.663
633.692
633.723
633.755
633.794
633.833
633.873
633.905
633.943
633.984
634.023
634.062
634.093
634.132
634.163
634.193
634.233
634.263
634.293
634.333
634.372
634.403
634.442
634.473
634.503
634.543
634.582
634.612
634.652
634.683
634.723
634.765
634.803
634.834
634.873
634.914
634.954
634.994
635.034
635.074
635.104
635.135
635.174
635.204
635.236
635.275
635.315
635.355
635.385
635.415
635.455
635.496
635.535
635.575
635.614
635.654
635.684
635.724
635.768
635.798
635.828
635.859
635.902
635.934
635.964
635.995
636.033
636.064
636.103
636.14
636.179
636.219
636.249
636.292
636.329
636.361
636.401
636.44
636.48
636.523
636.56
636.601
636.64
636.67
636.71
636.74
636.78
636.824
636.855
636.885
636.915
636.955
636.994
637.038
637.074
637.105
637.145
637.185
637.215
637.255
637.297
637.34
637.386
637.416
637.451
637.49
637.521
637.562
637.601
637.641
637.681
637.711
637.751
637.781
637.82
637.851
637.894
637.931
637.971
638.001
638.031
638.07
638.102
638.143
638.182
638.22
638.25
638.296
638.335
638.376
638.415
638.455
638.486
638.53
638.561
638.59
638.631
638.673
638.713
638.751
638.791
638.831
638.861
638.903
638.942
638.981
639.02
639.06
639.09
639.121
639.161
639.204
639.242
639.28
639.322
639.36
639.391
639.432
639.471
639.511
639.551
639.592
639.63
639.66
639.691
639.731
639.772
639.812
639.851
639.883
639.922
639.962
640.004
640.042
640.082
640.112
640.152
640.182
640.222
640.262
640.302
640.332
640.371
640.411
640.44
640.471
640.51
640.549
640.58
640.62
640.661
640.701
640.746
640.777
640.807
640.837
640.867
640.897
640.927
640.966
640.999
641.037
641.078
641.118
641.158
641.199
641.238
641.278
641.308
641.338
641.378
641.418
641.452
641.482
641.513
641.553
641.593
641.632
641.662
641.693
641.732
641.763
641.804
641.838
641.877
641.913
641.943
641.984
642.024
642.057
642.089
642.119
642.158
642.189
642.219
642.249
642.289
642.319
642.349
642.383
642.424
642.464
642.504
642.543
642.584
642.623
642.656
642.697
642.734
642.773
642.813
642.854
642.897
642.928
642.968
642.998
643.038
643.077
643.108
643.139
643.178
643.209
643.25
643.289
643.329
643.376
643.413
643.444
643.484
643.514
643.554
643.594
643.624
643.653
643.684
643.714
643.754
643.784
643.815
643.855
643.894
643.925
643.955
643.995
644.025
644.055
644.085
644.115
644.155
644.191
644.23
644.26
644.3
644.339
644.38
644.419
644.449
644.48
644.523
644.56
644.6
644.639
644.67
644.7
644.74
644.77
644.8
644.84
644.87
644.901
644.943
644.982
645.021
645.051
645.09
645.121
645.151
645.191
645.238
645.276
645.316
645.357
645.396
645.436
645.481
645.52
645.561
645.601
645.631
645.671
645.701
645.741
645.78
645.811
645.851
645.891
645.93
645.961
645.991
646.031
646.061
646.091
646.131
646.171
646.201
646.241
646.28
646.311
646.355
646.386
646.417
646.456
646.496
646.536
646.567
646.607
646.647
646.686
646.716
646.757
646.799
646.836
646.876
646.906
646.946
646.976
647.006
647.046
647.077
647.116
647.146
647.176
647.206
647.236
647.267
647.297
647.327
647.357
647.427
647.467
647.506
647.537
647.576
647.607
647.637
647.681
647.712
647.755
647.787
647.826
647.856
647.891
647.921
647.952
647.992
648.032
648.062
648.102
648.141
648.172
648.203
648.242
648.282
648.322
648.352
648.392
648.432
648.472
648.512
648.554
648.592
648.632
648.672
648.712
648.752
648.782
648.812
648.842
648.872
648.903
648.933
648.973
649.003
649.042
649.073
649.112
649.143
649.184
649.223
649.263
649.307
649.338
649.378
649.418
649.457
649.488
649.518
649.558
649.588
649.629
649.668
649.698
649.728
649.758
649.803
649.843
649.874
649.914
649.953
649.983
650.014
650.053
650.101
650.138
650.169
650.208
650.241
650.279
650.312
650.349
650.379
650.409
650.449
650.489
650.529
650.569
650.616
650.655
650.694
650.739
650.778
650.818
650.857
650.897
650.939
650.976
651.006
651.05
651.082
651.112
651.142
651.172
651.204
651.242
651.273
651.303
651.343
651.374
651.409
651.45
651.49
651.528
651.559
651.599
651.629
651.668
651.699
651.73
651.769
651.809
651.85
651.888
651.919
651.958
651.988
652.019
652.049
652.08
652.119
652.15
652.19
652.22
652.252
652.291
652.33
652.369
652.4
652.44
652.479
652.51
652.54
652.58
652.623
652.66
652.69
652.72
652.75
652.79
652.831
652.87
652.907
652.944
652.974
653.004
653.034
653.075
653.11
653.14
653.181
653.22
653.25
653.28
653.32
653.35
653.39
653.42
653.46
653.49
653.52
653.55
653.58
653.61
653.642
653.681
653.721
653.75
653.789
653.83
653.86
653.89
653.929
653.96
654
654.039
654.069
654.099
654.129
654.159
654.19
654.221
654.259
654.289
654.32
654.352
654.39
654.429
654.465
654.495
654.54
654.571
654.601
654.64
654.674
654.711
654.75
654.782
654.829
654.86
654.891
654.921
654.951
654.992
655.033
655.072
655.112
655.152
655.193
655.231
655.276
655.308
655.348
655.387
655.427
655.467
655.508
655.552
655.592
655.624
655.662
655.702
655.732
655.772
655.814
655.852
655.898
655.936
655.976
656.008
656.047
656.077
656.107
656.147
656.188
656.23
656.268
656.31
656.354
656.394
656.437
656.468
656.508
656.548
656.593
656.633
656.674
656.713
656.743
656.783
656.814
656.853
656.893
656.933
656.973
657.023
657.065
657.103
657.143
657.183
657.213
657.256
657.288
657.318
657.358
657.398
657.438
657.469
657.509
657.548
657.578
657.609
657.639
657.674
657.704
657.734
657.774
657.814
657.854
657.888
657.919
657.958
657.99
658.029
658.068
658.109
658.148
658.179
658.22
658.259
658.289
658.329
658.369
658.411
658.449
658.489
658.529
658.569
658.608
658.639
658.669
658.699
658.734
658.764
658.794
658.824
658.854
658.894
658.924
658.963
658.993
659.024
659.054
659.094
659.124
659.164
659.204
659.244
659.274
659.314
659.354
659.395
659.435
659.475
659.514
659.544
659.584
659.614
659.657
659.701
659.738
659.769
659.808
659.838
659.871
659.91
659.949
659.984
660.014
660.06
660.099
660.129
660.169
660.209
660.239
660.28
660.31
660.349
660.39
660.43
660.47
660.5
660.536
660.575
660.605
660.635
660.665
660.704
660.735
660.774
660.804
660.844
660.885
660.925
660.971
661.017
661.056
661.095
661.125
661.155
661.195
661.225
661.255
661.295
661.325
661.365
661.396
661.435
661.486
661.526
661.565
661.605
661.645
661.685
661.715
661.755
661.794
661.834
661.874
661.914
661.944
661.974
662.005
662.045
662.075
662.115
662.155
662.196
662.241
662.281
662.311
662.351
662.391
662.431
662.472
662.515
662.546
662.576
662.606
662.637
662.666
662.697
662.726
662.756
662.787
662.826
662.857
662.897
662.928
662.967
663.007
663.037
663.067
663.097
663.137
663.167
663.198
663.238
663.268
663.308
663.338
663.378
663.418
663.457
663.49
663.524
663.562
663.592
663.622
663.652
663.682
663.712
663.751
663.792
663.832
663.873
663.912
663.953
663.992
664.022
664.052
664.082
664.124
664.162
664.192
664.223
664.262
664.293
664.323
664.363
664.408
664.448
664.487
664.517
664.556
664.587
664.617
664.656
664.686
664.726
664.756
664.796
664.837
664.876
664.916
664.956
664.986
665.025
665.066
665.097
665.139
665.177
665.217
665.256
665.289
665.326
665.357
665.387
665.427
665.467
665.497
665.527
665.567
665.607
665.647
665.681
665.714
665.752
665.784
665.823
665.863
665.905
665.943
665.973
666.003
666.033
666.063
666.094
666.123
666.165
666.203
666.244
666.284
666.314
666.354
666.4
666.439
666.479
666.519
666.549
666.579
666.609
666.649
666.679
666.719
666.759
666.789
666.825
666.865
666.904
666.944
666.974
667.013
667.054
667.093
667.123
667.154
667.183
667.213
667.243
667.274
667.304
667.334
667.364
667.404
667.445
667.484
667.515
667.555
667.585
667.615
667.645
667.685
667.716
667.755
667.796
667.835
667.875
667.915
667.956
667.995
668.035
668.065
668.095
668.135
668.173
668.205
668.235
668.275
668.316
668.355
668.386
668.417
668.455
668.486
668.525
668.556
668.586
668.616
668.656
668.696
668.735
668.766
668.806
668.846
668.885
668.916
668.955
668.985
669.016
669.056
669.095
669.135
669.175
669.206
669.245
669.285
669.325
669.364
669.404
669.444
669.484
669.516
669.554
669.584
669.614
669.645
669.684
669.716
669.755
669.796
669.835
669.866
669.906
669.946
669.986
670.026
670.066
670.105
670.135
670.165
670.195
670.225
670.255
670.286
670.317
670.356
670.386
670.425
670.456
670.486
670.518
670.556
670.586
670.617
670.661
670.691
670.733
670.771
670.802
670.832
670.872
670.919
670.951
670.981
671.011
671.041
671.072
671.102
671.132
671.172
671.202
671.242
671.272
671.312
671.352
671.391
671.422
671.452
671.492
671.532
671.572
671.612
671.651
671.682
671.723
671.762
671.792
671.824
671.862
671.892
671.922
671.953
671.983
672.013
672.043
672.083
672.123
672.162
672.193
672.223
672.263
672.303
672.342
672.373
672.412
672.443
672.473
672.503
672.543
672.582
672.612
672.643
672.675
672.713
672.753
672.793
672.835
672.876
672.908
672.938
672.977
673.018
673.057
673.088
673.118
673.158
673.198
673.241
673.272
673.302
673.343
673.373
673.403
673.443
673.473
673.503
673.543
673.583
673.613
673.644
673.684
673.725
673.763
673.806
673.851
673.888
673.919
673.958
673.989
674.028
674.059
674.089
674.122
674.159
674.198
674.228
674.259
674.3
674.339
674.38
674.421
674.459
674.499
674.539
674.569
674.608
674.639
674.679
674.718
674.758
674.798
674.838
674.878
674.91
674.948
674.979
675.019
675.059
675.102
675.139
675.17
675.21
675.241
675.28
675.309
675.34
675.37
675.409
675.439
675.48
675.51
675.55
675.579
675.61
675.64
675.68
675.72
675.76
675.79
675.83
675.87
675.9
675.94
675.97
676.011
676.05
676.09
676.12
676.16
676.2
676.23
676.276
676.315
676.361
676.402
676.441
676.48
676.521
676.56
676.6
676.63
676.672
676.715
676.755
676.795
676.835
676.875
676.909
676.94
676.971
677.01
677.04
677.07
677.101
677.131
677.162
677.2
677.23
677.261
677.291
677.321
677.351
677.39
677.441
677.48
677.51
677.541
677.58
677.611
677.65
677.69
677.731
677.77
677.8
677.831
677.871
677.911
677.941
677.971
678.011
678.041
678.085
678.116
678.156
678.197
678.236
678.275
678.315
678.346
678.384
678.415
678.455
678.486
678.526
678.565
678.595
678.627
678.665
678.695
678.736
678.776
678.816
678.856
678.886
678.928
678.966
679.006
679.046
679.09
679.122
679.162
679.191
679.222
679.252
679.292
679.322
679.352
679.391
679.423
679.462
679.509
679.547
679.577
679.607
679.647
679.677
679.717
679.747
679.787
679.817
679.847
679.888
679.918
679.958
679.998
680.038
680.068
680.108
680.149
680.192
680.226
680.263
680.302
680.333
680.372
680.403
680.447
680.478
680.518
680.557
680.592
680.633
680.667
680.706
680.737
680.767
680.807
680.849
680.887
680.917
680.947
680.977
681.007
681.037
681.077
681.119
681.158
681.199
681.237
681.268
681.308
681.339
681.379
681.418
681.449
681.479
681.519
681.558
681.599
681.629
681.66
681.699
681.739
681.779
681.809
681.839
681.869
681.909
681.939
681.979
682.019
682.058
682.088
682.119
682.158
682.199
682.239
682.279
682.309
682.351
682.392
682.434
682.474
682.519
682.558
682.588
682.619
682.659
682.699
682.739
682.778
682.819
682.86
682.894
682.924
682.964
683.004
683.044
683.084
683.126
683.164
683.194
683.224
683.264
683.294
683.324
683.365
683.404
683.434
683.464
683.495
683.535
683.575
683.615
683.655
683.696
683.735
683.776
683.815
683.845
683.885
683.927
683.965
683.995
684.035
684.066
684.105
684.135
684.175
684.216
684.255
684.285
684.327
684.365
684.395
684.436
684.476
684.515
684.556
684.596
684.636
684.672
684.711
684.75
684.78
684.82
684.859
684.899
684.93
684.969
684.999
685.039
685.079
685.11
685.149
685.181
685.221
685.261
685.3
685.34
685.38
685.42
685.451
685.49
685.52
685.556
685.586
685.616
685.656
685.696
685.736
685.776
685.815
685.845
685.884
685.914
685.955
685.995
686.026
686.064
686.095
686.135
686.164
686.195
686.226
686.265
686.295
686.326
686.365
686.396
686.426
686.472
686.511
686.55
686.58
686.62
686.65
686.68
686.719
686.76
686.801
686.839
686.879
686.92
686.96
687
687.03
687.061
687.09
687.123
687.161
687.204
687.241
687.272
687.302
687.332
687.374
687.411
687.482
687.513
687.552
687.583
687.623
687.662
687.702
687.732
687.772
687.802
687.842
687.884
687.917
687.947
687.978
688.017
688.058
688.097
688.128
688.168
688.198
688.229
688.268
688.308
688.348
688.387
688.418
688.458
688.488
688.518
688.558
688.598
688.632
688.663
688.693
688.733
688.763
688.803
688.833
688.863
688.902
688.934
688.973
689.003
689.043
689.083
689.123
689.163
689.204
689.234
689.274
689.314
689.353
689.384
689.423
689.454
689.496
689.534
689.564
689.604
689.647
689.686
689.724
689.764
689.794
689.834
689.864
689.9
689.93
689.968
689.998
690.028
690.058
690.088
690.118
690.166
690.204
690.243
690.283
690.313
690.353
690.384
690.414
690.454
690.494
690.533
690.564
690.606
690.644
690.674
690.704
690.744
690.784
690.823
690.865
690.905
690.945
690.985
691.023
691.054
691.094
691.124
691.164
691.205
691.244
691.275
691.315
691.354
691.385
691.415
691.444
691.484
691.515
691.555
691.594
691.626
691.665
691.705
691.745
691.775
691.815
691.846
691.885
691.925
691.966
692.005
692.045
692.085
692.115
692.158
692.195
692.235
692.278
692.315
692.347
692.385
692.425
692.455
692.488
692.526
692.564
692.596
692.635
692.666
692.705
692.735
692.765
692.795
692.825
692.856
692.886
692.927
692.966
693.005
693.046
693.086
693.116
693.156
693.186
693.226
693.256
693.3
693.331
693.37
693.414
693.45
693.491
693.53
693.57
693.611
693.65
693.681
693.72
693.761
693.801
693.832
693.871
693.91
693.941
693.981
694.021
694.061
694.102
694.142
694.181
694.211
694.251
694.281
694.314
694.354
694.395
694.433
694.475
694.506
694.537
694.567
694.597
694.644
694.682
694.722
694.761
694.791
694.822
694.852
694.892
694.933
694.973
695.013
695.052
695.083
695.122
695.153
695.183
695.223
695.263
695.308
695.338
695.378
695.418
695.458
695.493
695.541
695.578
695.607
695.648
695.694
695.735
695.772
695.802
695.832
695.863
695.892
695.933
695.972
696.003
696.033
696.073
696.103
696.134
696.173
696.213
696.246
696.286
696.324
696.364
696.404
696.434
696.474
696.504
696.544
696.584
696.614
696.644
696.674
696.713
696.753
696.793
696.823
696.862
696.893
696.923
696.963
697.004
697.042
697.073
697.103
697.142
697.175
697.212
697.243
697.283
697.313
697.343
697.373
697.414
697.473
697.516
697.565
697.604
697.643
697.674
697.704
697.734
697.764
697.794
697.835
697.874
697.904
697.934
697.964
697.995
698.026
698.065
698.104
698.136
698.175
698.214
698.245
698.287
698.324
698.355
698.385
698.424
698.455
698.495
698.535
698.569
698.6
698.639
698.67
698.71
698.75
698.78
698.823
698.86
698.891
698.93
698.971
699.01
699.05
699.09
699.129
699.159
699.189
699.229
699.26
699.304
699.344
699.374
699.409
699.44
699.479
699.51
699.549
699.589
699.629
699.669
699.709
699.739
699.779
699.819
699.858
699.888
699.918
699.952
699.982
700.013
700.043
700.083
700.123
700.154
700.193
700.225
700.264
700.294
700.336
700.375
700.405
700.445
700.475
700.505
700.535
700.572
700.612
700.651
700.693
700.731
700.761
700.804
700.836
700.875
700.915
700.955
700.985
701.025
701.054
701.084
701.114
701.145
701.175
701.21
701.24
701.27
701.301
701.341
701.38
701.412
701.45
701.491
701.53
701.566
701.596
701.637
701.68
701.719
701.759
701.797
701.827
701.866
701.897
701.937
701.976
702.007
702.038
702.077
702.117
702.157
702.198
702.24
702.271
702.301
702.331
702.371
702.411
702.456
702.486
702.516
702.558
702.599
702.636
702.666
702.707
702.738
702.777
702.807
702.847
702.886
702.917
702.947
702.977
703.017
703.047
703.086
703.128
703.166
703.207
703.246
703.293
703.331
703.371
703.401
703.431
703.472
703.511
703.551
703.581
703.611
703.651
703.691
703.731
703.771
703.811
703.851
703.892
703.931
703.966
704.006
704.037
704.076
704.128
704.172
704.202
704.241
704.272
704.311
704.342
704.381
704.411
704.451
704.481
704.522
704.565
704.596
704.627
704.666
704.696
704.726
704.757
704.787
704.828
704.867
704.898
704.928
704.958
704.989
705.028
705.058
705.088
705.118
705.158
705.2
705.239
705.278
705.308
705.338
705.368
705.398
705.428
705.46
705.498
705.54
705.579
705.619
705.658
705.689
705.725
705.766
705.804
705.835
705.875
705.905
705.949
705.979
706.009
706.039
706.069
706.099
706.129
706.169
706.199
706.239
706.275
706.314
706.349
706.39
706.429
706.46
706.49
706.532
706.577
706.614
706.645
706.685
706.725
706.761
706.801
706.841
706.88
706.91
706.94
706.979
707.01
707.041
707.081
707.12
707.15
707.18
707.21
707.242
707.28
707.31
707.341
707.382
707.42
707.46
707.491
707.53
707.56
707.597
707.639
707.67
707.7
707.73
707.76
707.791
707.83
707.861
707.901
707.94
707.981
708.026
708.056
708.096
708.136
708.176
708.216
708.259
708.295
708.335
708.366
708.396
708.437
708.476
708.516
708.556
708.597
708.636
708.677
708.717
708.747
708.785
708.817
708.856
708.886
708.926
708.966
708.997
709.027
709.067
709.115
709.152
709.183
709.222
709.261
709.292
709.322
709.361
709.391
709.422
709.452
709.482
709.523
709.563
709.602
709.632
709.671
709.702
709.732
709.771
709.802
709.832
709.872
709.912
709.942
709.972
710.012
710.044
710.082
710.121
710.164
710.208
710.247
710.277
710.307
710.346
710.377
710.412
710.442
710.481
710.512
710.542
710.572
710.612
710.642
710.681
710.722
710.762
710.801
710.832
710.867
710.907
710.947
710.977
711.017
711.048
711.083
711.123
711.163
711.207
711.238
711.28
711.317
711.347
711.378
711.408
711.438
711.469
711.508
711.547
711.588
711.628
711.673
711.712
711.743
711.783
711.824
711.862
711.892
711.922
711.964
712.002
712.042
712.082
712.122
712.161
712.192
712.222
712.252
712.282
712.313
712.343
712.373
712.403
712.444
712.486
712.522
712.553
712.583
712.619
712.658
712.688
712.728
712.769
712.799
712.841
712.878
712.918
712.958
712.988
713.029
713.059
713.098
713.14
713.179
713.209
713.249
713.289
713.328
713.369
713.41
713.448
713.484
713.524
713.564
713.604
713.634
713.665
713.707
713.745
713.784
713.815
713.854
713.884
713.924
713.955
713.995
714.025
714.065
714.095
714.134
714.165
714.195
714.225
714.255
714.295
714.335
714.365
714.395
714.425
714.455
714.495
714.534
714.568
714.608
714.646
714.685
714.715
714.745
714.785
714.826
714.865
714.9
714.931
714.971
715.002
715.041
715.081
715.12
715.151
715.194
715.231
715.261
715.291
715.331
715.371
715.41
715.451
715.491
715.521
715.56
715.601
715.631
715.67
715.701
715.74
715.78
715.81
715.85
715.891
715.93
715.97
716.011
716.05
716.081
716.12
716.152
716.19
716.221
716.264
716.296
716.336
716.366
716.407
716.447
716.477
716.517
716.547
716.586
716.617
716.657
716.697
716.737
716.776
716.808
716.848
716.887
716.917
716.956
716.987
717.027
717.066
717.097
717.137
717.176
717.207
717.248
717.287
717.327
717.357
717.387
717.427
717.486
717.517
717.559
717.597
717.637
717.677
717.707
717.75
717.782
717.822
717.861
717.891
717.933
717.972
718.014
718.051
718.081
718.111
718.142
718.171
718.211
718.242
718.282
718.314
718.352
718.392
718.423
718.462
718.502
718.532
718.562
718.592
718.622
718.662
718.704
718.737
718.776
718.806
718.836
718.876
718.916
718.95
718.981
719.021
719.06
719.092
719.131
719.161
719.196
719.226
719.257
719.296
719.326
719.357
719.397
719.427
719.458
719.498
719.528
719.568
719.607
719.638
719.668
719.698
719.728
719.768
719.798
719.838
719.869
719.909
719.939
719.97
720.009
720.042
720.074
720.104
720.143
720.184
720.216
720.254
720.283
720.323
720.354
720.396
720.434
720.464
720.494
720.534
720.574
720.605
720.644
720.686
720.726
720.769
720.8
720.839
720.879
720.918
720.949
720.989
721.028
721.059
721.098
721.133
721.164
721.203
721.236
721.274
721.314
721.354
721.384
721.414
721.453
721.484
721.516
721.549
721.59
721.629
721.659
721.689
721.719
721.759
721.798
721.829
721.868
721.898
721.928
721.959
721.989
722.029
722.069
722.109
722.139
722.17
722.199
722.233
722.264
722.305
722.345
722.385
722.425
722.466
722.505
722.535
722.575
722.617
722.658
722.689
722.72
722.76
722.799
722.839
722.874
722.904
722.934
722.964
722.994
723.024
723.055
723.094
723.125
723.154
723.184
723.215
723.255
723.285
723.327
723.366
723.406
723.446
723.486
723.526
723.565
723.596
723.635
723.675
723.714
723.744
723.774
723.814
723.845
723.875
723.915
723.945
723.985
724.025
724.055
724.086
724.125
724.155
724.186
724.217
724.257
724.296
724.336
724.375
724.405
724.446
724.485
724.516
724.556
724.599
724.631
724.67
724.7
724.73
724.761
724.791
724.821
724.853
724.891
724.932
724.972
725.012
725.051
725.091
725.121
725.152
725.191
725.222
725.262
725.302
725.342
725.372
725.409
725.448
725.492
725.532
725.572
725.603
725.642
725.673
725.706
725.748
725.789
725.828
725.868
725.908
725.948
725.987
726.017
726.047
726.088
726.127
726.158
726.198
726.238
726.278
726.32
726.358
726.388
726.428
726.468
726.508
726.548
726.578
726.618
726.657
726.688
726.728
726.758
726.798
726.828
726.868
726.908
726.938
726.977
727.007
727.048
727.088
727.128
727.168
727.208
727.24
727.277
727.308
727.348
727.388
727.428
727.468
727.507
727.537
727.577
727.618
727.658
727.689
727.728
727.769
727.808
727.838
727.878
727.908
727.948
727.979
728.018
728.048
728.078
728.108
728.138
728.168
728.208
728.238
728.268
728.308
728.348
728.378
728.408
728.448
728.478
728.52
728.558
728.589
728.628
728.668
728.698
728.74
728.777
728.808
728.848
728.888
728.918
728.959
728.998
729.029
729.069
729.099
729.139
729.179
729.219
729.249
729.289
729.329
729.369
729.409
729.45
729.489
729.529
729.569
729.608
729.639
729.679
729.709
729.748
729.778
729.818
729.847
729.878
729.92
729.957
729.988
730.027
730.067
730.097
730.136
730.168
730.197
730.237
730.269
730.308
730.348
730.388
730.418
730.448
730.478
730.508
730.538
730.568
730.599
730.639
730.679
730.709
730.739
730.769
730.807
730.844
730.875
730.905
730.935
730.974
731.005
731.034
731.075
731.114
731.144
731.176
731.215
731.255
731.285
731.325
731.355
731.395
731.435
731.465
731.51
731.551
731.581
731.621
731.651
731.691
731.731
731.761
731.791
731.822
731.852
731.892
731.932
731.975
732.007
732.046
732.077
732.107
732.147
732.187
732.227
732.258
732.299
732.336
732.368
732.407
732.446
732.487
732.527
732.557
732.598
732.632
732.676
732.709
732.746
732.78
732.813
732.851
732.881
732.911
732.951
732.991
733.032
733.071
733.112
733.151
733.193
733.231
733.263
733.302
733.332
733.362
733.402
733.443
733.476
733.507
733.546
733.578
733.616
733.647
733.677
733.708
733.747
733.789
733.827
733.857
733.896
733.926
733.957
733.998
734.038
734.068
734.108
734.147
734.178
734.209
734.247
734.278
734.318
734.36
734.397
734.428
734.467
734.508
734.538
734.571
734.613
734.653
734.693
734.737
734.77
734.808
734.847
734.878
734.918
734.965
735.003
735.043
735.074
735.113
735.144
735.183
735.224
735.263
735.293
735.324
735.354
735.394
735.434
735.466
735.504
735.544
735.584
735.614
735.645
735.684
735.714
735.754
735.784
735.814
735.854
735.893
735.924
735.964
735.996
736.045
736.084
736.123
736.154
736.183
736.213
736.243
736.273
736.304
736.343
736.373
736.413
736.453
736.494
736.539
736.579
736.618
736.648
736.679
736.719
736.762
736.799
736.829
736.859
736.889
736.919
736.96
736.998
737.028
737.059
737.089
737.119
737.166
737.204
737.234
737.264
737.306
737.348
737.382
737.419
737.449
737.49
737.52
737.55
737.589
737.62
737.659
737.689
737.719
737.749
737.789
737.819
737.861
737.9
737.942
737.98
738.02
738.061
738.1
738.14
738.18
738.21
738.24
738.28
738.31
738.34
738.379
738.41
738.439
738.472
738.51
738.541
738.58
738.611
738.651
738.691
738.73
738.765
738.796
738.836
738.877
738.916
738.957
738.996
739.036
739.075
739.106
739.145
739.176
739.206
739.237
739.276
739.307
739.346
739.386
739.426
739.457
739.497
739.536
739.566
739.596
739.627
739.666
739.696
739.727
739.767
739.81
739.847
739.89
739.925
739.956
739.987
740.026
740.066
740.097
740.136
740.166
740.205
740.245
740.275
740.305
740.336
740.376
740.406
740.446
740.487
740.517
740.557
740.599
740.637
740.677
740.716
740.747
740.777
740.807
740.847
740.887
740.916
740.947
740.977
741.007
741.047
741.087
741.127
741.157
741.197
741.229
741.267
741.297
741.336
741.367
741.407
741.447
741.487
741.517
741.556
741.586
741.617
741.647
741.677
741.717
741.746
741.776
741.807
741.837
741.877
741.907
741.937
741.978
742.007
742.037
742.07
742.109
742.148
742.188
742.228
742.258
742.29
742.329
742.368
742.398
742.434
742.465
742.503
742.535
742.576
742.614
742.653
742.684
742.724
742.764
742.794
742.826
742.864
742.903
742.943
742.973
743.015
743.053
743.092
743.132
743.173
743.212
743.246
743.277
743.317
743.347
743.387
743.427
743.467
743.508
743.551
743.582
743.612
743.643
743.673
743.703
743.733
743.763
743.803
743.834
743.873
743.913
743.943
743.973
744.014
744.052
744.083
744.122
744.163
744.202
744.241
744.281
744.325
744.356
744.388
744.426
744.467
744.506
744.548
744.587
744.627
744.667
744.707
744.737
744.767
744.798
744.838
744.878
744.918
744.948
744.988
745.018
745.059
745.098
745.128
745.158
745.199
745.238
745.268
745.309
745.339
745.379
745.419
745.459
745.5
745.539
745.57
745.6
745.639
745.669
745.701
745.74
745.78
745.82
745.85
745.88
745.92
745.95
745.992
746.03
746.061
746.102
746.141
746.171
746.201
746.231
746.274
746.311
746.351
746.381
746.411
746.451
746.492
746.531
746.571
746.611
746.651
746.69
746.731
746.771
746.811
746.851
746.891
746.921
746.96
746.991
747.021
747.062
747.101
747.141
747.171
747.211
747.242
747.28
747.31
747.34
747.37
747.401
747.431
747.463
747.522
747.561
747.591
747.621
747.652
747.691
747.722
747.762
747.801
747.841
747.883
747.921
747.953
747.991
748.031
748.071
748.101
748.142
748.181
748.222
748.263
748.302
748.331
748.362
748.402
748.433
748.471
748.502
748.541
748.582
748.612
748.651
748.691
748.721
748.767
748.81
748.841
748.873
748.912
748.951
748.991
749.033
749.071
749.101
749.131
749.171
749.21
749.24
749.27
749.3
749.33
749.361
749.402
749.44
749.481
749.521
749.561
749.601
749.641
749.671
749.711
749.741
749.772
749.802
749.832
749.878
749.917
749.957
750.008
750.047
750.087
750.122
750.152
750.194
750.232
750.263
750.302
750.343
750.387
750.418
750.447
750.478
750.518
750.558
750.601
750.633
750.673
750.711
750.751
750.782
750.812
750.843
750.882
750.922
750.964
751.002
751.043
751.081
751.112
751.142
751.182
751.213
751.252
751.294
751.334
751.371
751.402
751.437
751.468
751.506
751.536
751.566
751.596
751.626
751.657
751.697
751.737
751.777
751.817
751.856
751.887
751.928
751.967
752.007
752.052
752.082
752.112
752.152
752.194
752.232
752.262
752.293
752.323
752.363
752.393
752.424
752.464
752.504
752.534
752.582
752.62
752.658
752.689
752.734
752.764
752.804
752.845
752.884
752.925
752.965
752.995
753.025
753.065
753.104
753.135
753.165
753.204
753.235
753.265
753.295
753.335
753.365
753.404
753.435
753.475
753.515
753.555
753.585
753.624
753.655
753.694
753.725
753.765
753.804
753.844
753.874
753.914
753.946
753.986
754.024
754.056
754.094
754.137
754.176
754.215
754.255
754.295
754.336
754.38
754.42
754.461
754.503
754.535
754.575
754.615
754.645
754.684
754.715
754.755
754.786
754.826
754.865
754.907
754.945
754.976
755.015
755.047
755.087
755.126
755.166
755.206
755.236
755.266
755.306
755.347
755.386
755.416
755.446
755.476
755.507
755.547
755.587
755.617
755.656
755.686
755.717
755.757
755.787
755.827
755.869
755.906
755.946
755.986
756.026
756.056
756.096
756.126
756.156
756.186
756.216
756.246
756.276
756.307
756.337
756.377
756.417
756.456
756.487
756.526
756.566
756.597
756.636
756.667
756.707
756.737
756.767
756.807
756.84
756.877
756.907
756.938
756.968
757.008
757.048
757.088
757.127
757.167
757.208
757.247
757.298
757.338
757.376
757.407
757.448
757.487
757.519
757.559
757.597
757.637
757.678
757.722
757.753
757.783
757.823
757.863
757.903
757.943
757.973
758.013
758.043
758.083
758.123
758.162
758.192
758.223
758.263
758.293
758.323
758.363
758.393
758.433
758.463
758.502
758.533
758.563
758.603
758.633
758.664
758.703
758.733
758.774
758.813
758.853
758.892
758.923
758.964
759.003
759.043
759.074
759.114
759.144
759.184
759.23
759.269
759.299
759.338
759.369
759.408
759.441
759.48
759.519
759.549
759.589
759.619
759.649
759.689
759.719
759.759
759.789
759.829
759.861
759.899
759.929
759.959
759.989
760.029
760.059
760.089
760.12
760.15
760.189
760.219
760.249
760.279
760.32
760.359
760.389
760.42
760.459
760.49
760.529
760.56
760.606
760.645
760.676
760.714
760.754
760.793
760.824
760.864
760.904
760.945
760.984
761.025
761.065
761.104
761.134
761.174
761.204
761.249
761.279
761.321
761.36
761.4
761.43
761.47
761.509
761.54
761.58
761.61
761.649
761.68
761.719
761.763
761.8
761.84
761.87
761.9
761.94
761.97
762.01
762.04
762.08
762.11
762.14
762.18
762.211
762.25
762.29
762.33
762.37
762.411
762.451
762.49
762.531
762.571
762.611
762.65
762.68
762.71
762.741
762.783
762.82
762.851
762.891
762.921
762.951
762.99
763.021
763.06
763.09
763.13
763.161
763.201
763.24
763.281
763.311
763.35
763.38
763.421
763.46
763.491
763.531
763.571
763.617
763.656
763.696
763.737
763.776
763.806
763.846
763.877
763.921
763.961
763.996
764.035
764.069
764.107
764.145
764.177
764.221
764.252
764.29
764.32
764.35
764.391
764.431
764.471
764.51
764.541
764.581
764.615
764.646
764.692
764.732
764.762
764.791
764.821
764.851
764.885
764.923
764.962
765.002
765.032
765.062
765.093
765.133
765.172
765.202
765.243
765.284
765.323
765.362
765.402
765.442
765.472
765.502
765.542
765.571
765.604
765.641
765.671
765.702
765.744
765.782
765.821
765.852
765.882
765.92
765.957
765.997
766.036
766.066
766.096
766.127
766.157
766.196
766.237
766.278
766.316
766.347
766.387
766.427
766.457
766.501
766.532
766.563
766.603
766.643
766.683
766.723
766.763
766.794
766.834
766.874
766.914
766.953
766.984
767.023
767.054
767.085
767.124
767.164
767.203
767.243
767.284
767.323
767.363
767.403
767.443
767.473
767.518
767.549
767.591
767.629
767.669
767.699
767.729
767.771
767.81
767.849
767.88
767.919
767.959
767.999
768.039
768.072
768.103
768.134
768.174
768.204
768.245
768.285
768.325
768.363
768.404
768.444
768.477
768.515
768.554
768.584
768.626
768.664
768.695
768.734
768.764
768.795
768.836
768.874
768.904
768.936
768.975
769.005
769.045
769.075
769.115
769.155
769.194
769.224
769.255
769.295
769.335
769.375
769.416
769.455
769.495
769.525
769.565
769.606
769.644
769.674
769.704
769.745
769.785
769.824
769.854
769.885
769.925
769.955
769.985
770.026
770.065
770.095
770.129
770.161
770.201
770.242
770.281
770.32
770.36
770.4
770.441
770.481
770.52
770.549
770.58
770.622
770.661
770.7
770.731
770.761
770.801
770.831
770.87
770.9
770.942
770.981
771.02
771.05
771.081
771.121
771.151
771.191
771.231
771.271
771.311
771.341
771.381
771.421
771.462
771.501
771.54
771.571
771.601
771.641
771.672
771.714
771.746
771.788
771.83
771.861
771.892
771.932
771.962
772.001
772.041
772.071
772.111
772.151
772.181
772.221
772.251
772.282
772.312
772.354
772.392
772.422
772.461
772.492
772.522
772.552
772.582
772.613
772.643
772.673
772.712
772.743
772.782
772.813
772.853
772.884
772.923
772.963
773.004
773.043
773.084
773.124
773.164
773.202
773.233
773.263
773.302
773.332
773.362
773.392
773.422
773.452
773.483
773.522
773.553
773.584
773.622
773.653
773.683
773.713
773.743
773.784
773.822
773.853
773.883
773.923
773.962
773.993
774.037
774.068
774.097
774.134
774.173
774.214
774.255
774.294
774.333
774.373
774.415
774.453
774.493
774.523
774.562
774.593
774.633
774.673
774.703
774.743
774.773
774.813
774.848
774.89
774.929
774.959
774.989
775.019
775.05
775.09
775.13
775.169
775.199
775.239
775.278
775.308
775.338
775.368
775.399
775.429
775.459
775.489
775.529
775.569
775.599
775.644
775.674
775.704
775.744
775.774
775.804
775.844
775.885
775.924
775.967
776.006
776.047
776.084
776.114
776.157
776.189
776.231
776.271
776.308
776.339
776.379
776.419
776.46
776.499
776.539
776.578
776.609
776.649
776.68
776.719
776.761
776.799
776.847
776.886
776.924
776.954
776.985
777.024
777.055
777.085
777.126
777.166
777.205
777.234
777.265
777.296
777.335
777.375
777.415
777.458
777.49
777.535
777.565
777.595
777.636
777.675
777.715
777.745
777.775
777.815
777.855
777.9
777.94
777.98
778.019
778.06
778.099
778.135
778.174
778.205
778.245
778.285
778.325
778.365
778.407
778.444
778.475
778.506
778.545
778.588
778.624
778.655
778.695
778.735
778.765
778.805
778.845
778.875
778.915
778.955
778.995
779.035
779.075
779.115
779.155
779.198
779.235
779.274
779.304
779.335
779.365
779.405
779.446
779.489
779.519
779.55
779.59
779.622
779.663
779.7
779.73
779.761
779.801
779.831
779.87
779.901
779.941
779.98
780.011
780.05
780.09
780.13
780.169
780.2
780.24
780.28
780.32
780.36
780.405
780.434
780.465
780.495
780.526
780.565
780.596
780.636
780.666
780.696
780.727
780.766
780.797
780.837
780.879
780.918
780.958
780.997
781.027
781.067
781.112
781.152
781.192
781.231
781.262
781.302
781.342
781.374
781.411
781.441
781.473
781.512
781.552
781.591
781.622
781.663
781.703
781.742
781.772
781.803
781.843
781.873
781.914
781.952
781.982
782.022
782.052
782.082
782.112
782.142
782.172
782.213
782.252
782.292
782.333
782.371
782.412
782.452
782.492
782.532
782.562
782.602
782.643
782.683
782.723
782.763
782.803
782.843
782.882
782.912
782.953
782.983
783.023
783.056
783.093
783.123
783.154
783.184
783.214
783.255
783.294
783.323
783.363
783.394
783.434
783.473
783.504
783.546
783.584
783.623
783.654
783.694
783.738
783.769
783.809
783.84
783.879
783.909
783.939
783.97
784.001
784.04
784.07
784.104
784.134
784.165
784.204
784.235
784.274
784.305
784.346
784.385
784.425
784.458
784.49
784.529
784.56
784.599
784.63
784.669
784.699
784.729
784.77
784.809
784.84
784.879
784.909
784.94
784.97
785.009
785.04
785.07
785.109
785.149
785.18
785.219
785.249
785.281
785.319
785.358
785.398
785.429
785.459
785.499
785.543
785.574
785.605
785.645
785.684
785.728
785.765
785.795
785.825
785.867
785.906
785.945
785.975
786.005
786.035
786.075
786.105
786.136
786.176
786.215
786.246
786.276
786.306
786.345
786.378
786.415
786.446
786.476
786.516
786.546
786.585
786.616
786.656
786.697
786.736
786.776
786.818
786.856
786.896
786.935
786.969
787.001
787.042
787.082
787.12
787.15
787.181
787.22
787.251
787.281
787.311
787.341
787.371
787.412
787.452
787.482
787.521
787.552
787.582
787.622
787.663
787.703
787.742
787.781
787.813
787.853
787.884
787.921
787.952
787.982
788.021
788.052
788.082
788.122
788.152
788.192
788.234
788.271
788.303
788.342
788.381
788.412
788.452
788.493
788.531
788.562
788.593
788.632
788.672
788.713
788.752
788.793
788.832
788.872
788.915
788.951
788.981
789.012
789.052
789.092
789.133
789.172
789.217
789.257
789.296
789.327
789.367
789.397
789.436
789.466
789.507
789.537
789.584
789.626
789.656
789.687
789.726
789.766
789.797
789.827
789.861
789.893
789.932
789.962
789.992
790.023
790.063
790.094
790.133
790.172
790.202
790.233
790.272
790.314
790.353
790.394
790.437
790.468
790.503
790.543
790.582
790.613
790.655
790.694
790.735
790.773
790.803
790.833
790.873
790.903
790.944
790.983
791.028
791.059
791.089
791.128
791.158
791.189
791.228
791.259
791.288
791.318
791.348
791.388
791.419
791.449
791.48
791.518
791.549
791.579
791.619
791.648
791.688
791.734
791.773
791.805
791.849
791.887
791.918
791.948
791.988
792.018
792.058
792.098
792.128
792.158
792.191
792.229
792.271
792.309
792.348
792.379
792.409
792.45
792.489
792.524
792.554
792.585
792.625
792.665
792.707
792.745
792.775
792.815
792.845
792.885
792.927
792.965
792.995
793.035
793.065
793.105
793.135
793.174
793.214
793.244
793.283
793.313
793.343
793.383
793.413
793.443
793.474
793.504
793.544
793.579
793.61
793.649
793.689
793.72
793.749
793.79
793.83
793.87
793.91
793.94
793.98
794.02
794.05
794.08
794.11
794.14
794.189
794.22
794.261
794.3
794.34
794.38
794.42
794.46
794.501
794.539
794.57
794.6
794.63
794.66
794.691
794.732
794.771
794.811
794.851
794.891
794.931
794.976
795.021
795.051
795.081
795.12
795.152
795.191
795.221
795.261
795.291
795.321
795.351
795.391
795.421
795.451
795.481
795.512
795.542
795.574
795.611
795.641
795.675
795.711
795.751
795.796
795.836
795.876
795.906
795.936
795.966
796.006
796.036
796.072
796.111
796.151
796.181
796.211
796.241
796.272
796.311
796.341
796.372
796.401
796.431
796.462
796.492
796.522
796.555
796.592
796.622
796.661
796.692
796.733
796.771
796.802
796.843
796.882
796.922
796.952
796.982
797.022
797.062
797.102
797.142
797.183
797.222
797.262
797.302
797.342
797.383
797.423
797.463
797.497
797.542
797.572
797.603
797.643
797.683
797.723
797.763
797.802
797.843
797.882
797.912
797.944
797.982
798.012
798.042
798.072
798.104
798.143
798.182
798.223
798.263
798.303
798.342
798.373
798.417
798.448
798.489
798.528
798.568
798.598
798.64
798.684
798.728
798.759
798.802
798.839
798.879
798.909
798.948
798.979
799.009
799.049
799.089
799.119
799.159
799.2
799.245
799.284
799.347
799.4
