0.00146692
0.000249694
0.0128497
0.0359658
0.00249395
0.0011967
0.00912246
0.00104002
0.00412671
0.0202606
0.0164292
0.0191197
0.00483776
0.00497733
0.00561623
0.00494251
0.00198655
0.00388527
0.00133554
0.00203919
0.012118
0.00624584
0.00326003
0.00123997
0.00212178
0.0190854
0.00961522
0.00149781
0.00304521
0.00723444
0.00241314
0.0033054
0.00168433
0.00301339
0.0120144
0.0150152
0.000683849
0.00139858
0.00837078
0.0318813
0.000298506
0.00349408
0.0239259
0.00215757
0.0181853
0.0173775
0.00109333
0.000855221
0.00115697
0.0135819
0.0244011
0.000772151
0.00514983
0.00111364
0.00353045
0.00377501
0.00124176
0.000884553
0.014519
0.000910153
0.00504607
0.0195988
0.0120521
0.0283621
0.0223576
0.00120714
0.00928772
0.000656645
0.0135622
0.00784493
0.00207005
0.0119702
0.0164226
0.0023993
0.0155122
0.00384472
0.00928113
0.00433714
0.000927045
0.0151275
0.00854784
0.0119684
0.0207758
0.00452553
0.0168744
0.0185189
0.001171
0.0103652
0.00694884
0.00222803
0.0225088
0.00212237
0.00126747
0.0010521
0.00181259
0.00954009
0.000803893
0.00117208
0.0103553
0.00520998
0.00264576
0.0252478
0.00647634
0.0133329
0.00107647
0.00319158
0.0084627
0.000516
0.00210147
0.00186694
0.00471353
0.0074904
0.0167257
0.000898952
0.00138645
0.00794657
0.00650096
0.00070078
0.00737787
0.00518516
0.0101436
0.00231152
0.00644946
0.0157544
0.00824526
0.0102229
0.0168349
0.0034584
0.0088164
0.0102664
0.0138541
0.000981492
0.00992805
0.00172901
0.00107092
0.00245281
0.00168534
0.0165733
0.00125578
0.00108496
0.00862692
0.00317214
0.00211822
0.00133076
0.00223626
0.00682688
0.0113231
0.00246453
0.0114134
0.00834805
0.00804562
0.000404149
0.000807224
0.00108013
0.00131789
0.00312418
0.00401222
0.0044687
0.000945301
0.000704989
0.00291047
0.0120828
0.0109718
0.00105449
0.0105913
0.00163101
0.00232585
0.00474533
0.00490052
0.000934289
0.00516145
0.00850411
0.0189553
0.00471492
0.016622
0.000934342
0.000957048
0.00117386
0.0071471
0.00640265
0.0042988
0.00182034
0.00155244
0.0100616
0.00531365
0.00425878
0.0223564
0.00208145
0.002583
0.00602721
0.00300014
0.0021734
0.0166897
0.0205739
0.00944075
0.00272343
0.00135181
0.0200034
0.0064869
0.00129606
0.00790409
0.00112009
0.00522175
0.0126678
0.00439947
0.0125712
0.0118589
0.00185433
0.00238097
0.0163232
0.00971884
0.00113237
0.0153978
0.00601941
0.00993898
0.0340889
0.00188556
0.0053182
0.00877758
0.00286405
0.00285886
0.00527977
0.0179914
0.0143882
0.00131302
0.0167438
0.000462261
0.000326917
0.00249741
0.0194519
0.0161516
0.0141635
0.00155253
0.00155178
0.00390984
0.0100619
0.0164325
0.00262307
0.000872672
0.00619725
0.0128203
0.000709226
0.00131987
0.00158611
0.000957996
0.000785103
0.0138111
0.00149079
0.0027
0.00122257
0.0010012
0.00194356
0.0075091
0.00115946
0.0037177
0.00127103
0.00124684
0.0020179
0.035074
0.000829561
0.0030358
0.00420223
0.00121671
0.00111684
0.00199001
0.00331379
0.00275668
0.00257612
0.00167749
0.00352246
0.00840068
0.00778369
0.0044136
0.000820034
0.0098865
0.00280916
0.00381001
0.00651025
0.0039759
0.0109038
0.00513531
0.0155898
0.0194308
0.0176935
0.00826131
0.000764849
0.0146252
0.000813402
0.0203776
0.00494839
0.0168436
0.0104018
0.00625169
0.00250947
0.00250316
0.00340501
0.00254565
0.00302322
0.00332962
0.00182905
0.00796111
0.00502679
0.00115726
0.000883202
0.00286228
0.00543319
0.00737228
0.00587704
0.00476185
0.00621862
0.0139866
0.00295052
0.00128495
0.00380463
0.0111815
0.00587836
0.00841345
0.00423366
0.00686723
0.00364914
0.00974163
0.00196225
0.00969116
0.00108752
0.000757866
0.00669185
0.00501449
0.0011693
0.00746316
0.0122506
0.0134328
0.00435171
0.00158019
0.0075093
0.000983703
0.00107113
0.0011015
0.00374419
0.000652952
0.000770943
0.00127486
0.00338185
0.0015673
0.00521859
0.0105195
0.00509078
0.00455163
0.0101242
0.00437224
0.0215814
0.032721
0.00370391
0.0092551
0.00367206
0.00138299
0.0239051
0.040026
0.00153599
0.00526489
0.00118165
0.00258081
0.00150852
0.00710282
0.00477096
0.00529162
0.00389808
0.00101219
0.00134247
0.0109182
0.00147171
0.00692455
0.00132315
0.00754526
0.0134549
0.00490698
0.0129447
0.00325146
0.00104539
0.0164317
0.00722075
0.00527423
0.00593678
0.00623274
0.00527693
0.00469712
0.00457466
0.00234599
0.00599944
0.00129491
0.0019924
0.00167784
0.0101562
0.00416051
0.00294027
0.00827404
0.00812556
0.00444911
0.00650071
0.00663583
0.0233182
0.000864816
0.00605024
0.00133984
0.00442259
0.00539118
0.00481355
0.0165675
0.00330411
0.00786358
0.00158749
0.00173029
0.0080838
0.00456444
0.0025983
0.00323035
0.00100179
0.0042351
0.00676787
0.00355094
0.00912803
0.00451475
0.00191572
0.0011558
0.009808
0.0102952
0.00999402
0.00847951
0.0123405
0.0092023
0.00861086
0.00879297
0.0103616
0.0119107
0.0105351
0.00769272
0.00707866
0.00808878
0.00462215
0.00313028
0.0028335
0.00426976
0.00318716
0.00794372
0.0055121
0.0051164
0.0088845
0.00739913
0.00197689
0.00161371
0.00877337
0.0085751
0.00805812
0.00718671
0.00567084
0.00559641
0.00218159
0.00359419
0.00494943
0.00944011
0.00272228
0.00218961
0.0134017
0.00235142
0.00314076
0.02203
0.0203141
0.022102
0.0194029
0.0219596
0.0204073
0.0187207
0.01837
0.0161493
0.0220874
0.0157874
0.0140273
0.010808
0.00743294
0.00832945
0.0111171
0.00555616
0.00617195
0.00971083
0.00800096
0.0118112
0.00708772
0.0135138
0.00581053
0.00530242
0.00532672
0.00394624
0.00368138
0.0019766
0.0011392
0.0077032
0.00949955
0.00683157
0.012086
0.00690657
0.0265516
0.00658334
