0.202234
0.202443
0.202638
0.202703
0.202833
0.203026
0.203036
0.203080
0.203123
0.203139
0.216458
0.341438
0.491015
0.660229
0.796064
0.888114
0.959027
0.983683
1.023951
1.297052
1.705330
2.027910
2.173682
2.242733
2.309106
2.372177
2.424412
2.533656
2.648061
2.787380
2.924398
3.036420
3.103614
3.147640
3.191733
3.266521
3.382022
3.526126
3.664302
3.801650
3.943370
4.049898
4.114237
4.149136
4.174949
4.215612
4.267884
4.350123
4.433223
4.505545
4.549404
4.645995
4.776806
4.870093
4.935417
4.990731
5.079276
5.236521
5.440657
5.664197
5.903006
6.152400
6.413057
6.689711
6.957570
7.165588
7.374321
7.541732
7.640031
7.685581
7.734215
7.785508
7.903007
8.081965
8.305314
8.548976
8.799929
9.063914
9.328119
9.547582
9.787597
9.979594
10.176628
10.337746
10.503710
10.734148
10.951563
11.187017
11.369943
11.549971
11.732445
11.938527
12.151372
12.343912
12.538447
12.666797
12.756985
12.843282
12.952865
13.064839
13.201912
13.365773
13.587131
13.792978
14.009229
14.264676
14.488144
14.747204
14.961292
15.202927
15.401035
15.622634
15.837936
16.040188
16.206140
16.369160
16.552797
16.713328
16.904551
17.065470
17.254772
17.424607
17.632329
17.820136
18.040359
18.222353
18.400373
18.626492
18.866417
19.074312
19.273269
19.462002
19.674593
19.852928
20.033254
20.217677
20.403354
20.620800
20.833311
21.051863
21.273972
21.463870
21.651919
21.836573
22.047859
22.236127
22.465520
22.665669
22.907357
23.148704
23.356457
23.559381
23.759047
23.958426
24.194871
24.433464
24.637667
24.863789
25.029649
25.168306
25.246634
25.284593
25.343966
25.427821
25.563591
25.706772
25.865062
26.039511
26.181112
26.279230
26.360668
26.459437
26.567276
26.730704
26.899729
27.121632
27.331879
27.588659
27.807370
28.059577
28.300430
28.539060
28.764093
28.934106
29.101881
29.226092
29.331944
29.489204
29.684420
29.962937
30.204091
30.451612
30.627369
30.788422
30.912208
31.050420
31.209056
31.413158
31.597881
31.822279
32.025886
32.271868
32.483400
32.692813
32.922657
33.087897
33.239846
33.348161
33.465794
33.577479
33.731788
33.917747
34.138955
34.374813
34.636223
34.847658
35.049288
35.246015
35.473142
35.663737
35.888550
36.114907
36.318296
36.529473
36.770419
36.976817
37.187662
37.401235
37.643756
37.835390
38.047018
38.237275
38.475853
38.687869
38.898554
39.127468
39.292515
39.426342
39.552836
39.681147
39.810126
39.992460
40.170962
40.384540
40.553582
40.720259
40.853782
41.043747
41.267881
41.497478
41.692099
41.839514
42.011319
42.182499
42.282607
42.366758
42.520227
42.738323
42.929449
43.065737
43.166552
43.289331
43.415885
43.531402
43.628897
43.712522
43.775277
43.835086
43.893276
43.988342
44.126041
44.326042
44.549848
44.743084
44.956512
45.114832
45.247701
45.372772
45.475196
45.594199
45.783317
45.978097
46.155794
46.336568
46.511303
46.696122
46.896048
47.073137
47.257870
47.478503
47.644533
47.775637
47.879543
47.992309
48.117177
48.260029
48.398452
48.542239
48.703464
48.822122
48.949317
49.103333
49.299120
49.470521
49.636202
49.838591
50.055358
50.292514
50.541584
50.761755
51.022572
51.251715
51.517141
51.738070
51.993455
52.208916
52.454606
52.701695
52.906819
53.106586
53.336157
53.559332
53.765209
53.964794
54.203624
54.406696
54.636191
54.868233
55.096833
55.316953
55.507955
55.735617
55.933636
56.170737
56.373363
56.566610
56.752327
56.867667
56.938245
56.975252
57.012094
57.081374
57.204153
57.340518
57.504881
57.671916
57.821167
57.953673
58.045901
58.116534
58.192246
58.316849
58.456592
58.617246
58.827077
59.022167
59.266675
59.483926
59.738618
59.959190
60.201710
60.407447
60.551616
60.691552
60.824015
60.973607
61.178355
61.369638
61.589850
61.796085
61.969513
62.192700
62.405770
62.646737
62.891563
63.134215
63.378487
63.630814
63.875686
64.104661
64.331910
64.558335
64.752827
64.943149
65.138613
65.320439
65.466720
65.668733
65.876333
66.088406
66.321791
66.553565
66.783829
66.976905
67.198147
67.427654
67.660141
67.885199
68.078421
68.306784
68.505322
68.743618
68.949000
69.182539
69.416301
69.614320
69.811246
70.040823
70.266004
70.464424
70.701261
70.940190
71.141697
71.340654
71.534736
71.738754
71.884108
72.013118
72.164299
72.340035
72.484027
72.624679
72.805923
72.991121
73.159300
73.371223
73.565592
73.804766
74.010197
74.247175
74.494892
74.713126
74.936892
75.200001
75.414869
75.616475
75.810366
76.031938
76.259881
76.486367
76.707160
76.935101
77.166210
77.369952
77.595352
77.832178
78.067837
78.295504
78.514440
78.673205
78.804606
78.943228
79.069374
79.193989
79.293530
79.444424
79.644812
79.885472
80.147627
80.375384
80.594946
80.835624
81.078005
81.281549
81.519747
81.738600
81.933094
82.130564
82.331303
82.568319
82.770182
82.966621
83.173368
83.327193
83.473545
83.626833
83.824728
84.007123
84.223289
84.403724
84.603098
84.812775
85.040902
85.286535
85.494197
85.696221
85.890756
86.113476
86.303734
86.488843
86.670919
86.887082
87.085119
87.325712
87.565726
87.763113
87.984417
88.179827
88.379364
88.609602
88.791318
88.979709
89.149772
89.309765
89.526114
89.770469
89.990655
90.212063
90.455252
90.674559
90.849607
91.076545
91.327095
91.551172
91.785493
92.016588
92.210598
92.440736
92.645131
92.894140
93.137518
93.335904
93.507962
93.646056
93.704914
93.776128
93.920499
94.065310
94.156424
94.233956
94.354417
94.478895
94.616762
94.795053
94.988971
95.164908
95.350528
95.575757
95.817799
96.031410
96.250136
96.512043
96.748513
97.013884
97.239183
97.466408
97.708824
97.930576
98.106978
98.212406
98.306625
98.394395
98.499242
98.618221
98.742267
98.861968
98.992212
99.094921
99.221578
99.353327
99.503533
99.692307
99.889259
100.125390
100.348691
100.590890
100.803868
101.048579
101.256527
101.493408
101.709115
101.882572
102.020486
102.130965
102.221004
102.352607
102.517336
102.761014
102.989243
103.253025
103.482852
103.669809
103.796326
103.858527
103.903796
103.957754
104.045122
104.203578
104.398506
104.636379
104.868169
105.069019
105.266703
105.494199
105.689509
105.929370
106.143776
106.397545
106.645593
106.818297
106.966443
107.080814
107.216918
107.397999
107.552944
107.723760
107.875812
108.042368
108.255031
108.478651
108.720150
108.965609
109.171251
109.404382
109.642789
109.861997
110.022308
110.133424
110.230240
110.320934
110.416518
110.490486
110.597347
110.758857
110.934913
111.157613
111.330490
111.490402
111.675635
111.841884
112.008451
112.197245
112.371899
112.527283
112.674889
112.836333
113.011767
113.224723
113.444734
113.656478
113.836300
114.050400
114.248865
114.472575
114.695142
114.882333
115.071631
115.294178
115.526680
115.727148
115.962552
116.187157
116.395800
116.559613
116.679903
116.827068
117.018934
117.231752
117.443329
117.618138
117.757621
117.882398
118.001093
118.151575
118.296765
118.462718
118.654062
118.870285
119.074927
119.284133
119.522144
119.771189
119.984902
120.196151
120.402352
120.636841
120.865680
121.059782
121.285585
121.481470
121.712061
121.917445
122.174309
122.401206
122.625222
122.862573
123.039694
123.189620
123.269165
123.327663
123.411522
123.480828
123.540677
123.619706
123.740899
123.881205
124.059996
124.253169
124.464765
124.664675
124.928218
125.146167
125.343114
125.551725
125.743205
125.934219
126.125659
126.317773
126.513071
126.748659
126.952301
127.156316
127.390417
127.629233
127.867934
128.070718
128.302761
128.508249
128.737720
128.936725
129.169949
129.367398
129.592222
129.784743
129.969446
130.141156
130.324872
130.449170
130.628239
130.783841
130.945824
131.141891
131.261991
131.384541
131.496361
131.646284
131.821970
132.135954
132.528449
132.712012
132.831689
133.061931
133.309735
133.436533
133.510300
133.603874
133.753829
133.923256
134.068003
134.184270
134.265855
134.330710
134.406179
134.496752
134.592936
134.738343
134.895526
135.067423
135.257086
135.383803
135.480518
135.584628
135.692241
135.773733
135.857610
135.992560
136.134311
136.323391
136.514046
136.741626
136.942933
137.174173
137.383845
137.577753
137.776666
137.987833
138.259160
138.533642
138.763234
138.906177
139.019072
139.115399
139.197543
139.297889
139.400277
139.520224
139.681343
139.833903
140.003274
140.191340
140.427901
140.644275
140.837235
141.134235
141.362763
141.629465
141.860829
142.122996
142.322835
142.481543
142.603565
142.679542
142.796582
142.982858
143.196176
143.435321
143.673141
143.897881
144.115081
144.324534
144.525610
144.696988
144.840407
144.987708
145.116340
145.263357
145.431196
145.659068
145.851564
146.026915
146.203430
146.356364
146.467763
146.575631
146.658957
146.741336
146.809382
146.849930
146.873983
146.890297
146.913722
146.949184
147.007336
147.070498
147.148701
147.228308
147.303316
147.395643
147.529252
147.696216
147.872231
148.067825
148.301084
148.510395
148.756241
148.933363
149.178682
149.401243
149.600869
149.770136
149.914883
150.059713
150.190368
150.358218
150.579245
150.755953
150.932506
151.055395
151.164312
151.274297
151.403733
151.516827
151.657059
151.793209
151.981650
152.194011
152.429402
152.636351
152.857465
153.062647
153.261215
153.448879
153.663273
153.891912
154.135888
154.373883
154.559950
154.689591
154.748308
154.794304
154.851147
154.909195
155.031179
155.206697
155.438477
155.646006
155.888203
156.131435
156.340850
156.587557
156.830763
157.051427
157.319414
157.493819
157.674327
157.809425
157.918771
157.993472
158.018603
158.087444
158.195829
158.363315
158.534545
158.735506
158.962864
159.187516
159.404890
159.617543
159.819450
160.034332
160.222020
160.404170
160.616562
160.795495
161.006252
161.215485
161.431723
161.615334
161.797088
162.009072
162.190401
162.372469
162.583385
162.803144
162.994916
163.224291
163.408163
163.522446
163.589619
163.642729
163.717146
163.803390
163.919943
164.060444
164.224327
164.431291
164.646770
164.851207
165.062901
165.252886
165.440643
165.646000
165.877236
166.111528
166.303776
166.490228
166.581054
166.720630
166.890072
167.068688
167.306966
167.528777
167.770011
168.012584
168.254969
168.527689
168.764265
168.995705
169.233955
169.457275
169.647383
169.866647
169.969809
170.014296
170.165243
170.412588
170.711305
171.003303
171.225239
171.447208
171.710354
171.975086
172.199028
172.415884
172.620264
172.840970
173.061751
173.284242
173.480939
173.677386
173.889393
174.105492
174.328989
174.570543
174.780557
174.987032
175.226481
175.427444
175.641024
175.873430
176.123705
176.311997
176.460640
176.540024
176.590678
176.659789
176.784499
176.925721
177.131676
177.368426
177.587679
177.844556
178.054677
178.269715
178.468703
178.684232
178.888507
179.097234
179.308633
179.484922
179.729460
179.928220
180.123633
180.364092
180.524057
180.687302
180.826576
180.987892
181.168765
181.339238
181.563781
181.779688
181.999861
182.219914
182.420874
182.630006
182.836748
183.053598
183.259504
183.470489
183.686974
183.891994
184.086882
184.314228
184.543550
184.770469
184.968755
185.200804
185.396288
185.590645
185.820216
186.018791
186.251928
186.494893
186.718676
186.949254
187.175277
187.396178
187.619553
187.826714
188.023117
188.217764
188.404224
188.610110
188.800921
189.010855
189.236210
189.431513
189.605325
189.774537
189.958991
190.098002
190.272319
190.445637
190.646175
190.893964
191.115339
191.366160
191.614697
191.863139
192.097614
192.282114
192.441635
192.612962
192.823105
193.012369
193.267291
193.492968
193.696645
193.906744
194.159809
194.409977
194.607417
194.774317
194.933082
195.106870
195.305213
195.509705
195.707383
195.930132
196.137034
196.356027
196.552987
196.756837
196.978266
197.210177
197.433221
197.627888
197.770585
197.876571
197.968413
198.054338
198.161646
198.321461
198.525974
198.760976
199.001073
199.233627
199.486381
199.718336
199.954632
200.208739
200.428075
200.623240
200.841092
201.009884
201.161337
201.302409
201.442539
201.577547
201.722806
201.828576
201.903261
201.973795
202.086898
202.245898
202.445658
202.638844
202.798213
202.985440
203.107476
203.236167
203.386350
203.539537
203.751466
203.953213
204.168825
204.348281
204.536762
204.684343
204.808187
204.919981
205.025636
205.115731
205.162913
205.241461
205.341846
205.474996
205.662671
205.879602
206.097380
206.300370
206.502296
206.700921
206.904901
207.097565
207.326673
207.532273
207.783001
207.998859
208.254972
208.458804
208.679856
208.863200
208.969665
209.113788
209.237168
209.338110
209.432009
209.538709
209.648636
209.768466
209.843241
209.954530
210.102878
210.238389
210.448637
210.631428
210.879460
211.080507
211.316714
211.526934
211.705733
211.859984
212.019888
212.193930
212.391921
212.598071
212.798294
212.988555
213.108460
213.177705
213.209558
213.233851
213.259323
213.311941
213.398450
213.517594
213.658351
213.809047
213.974711
214.156104
214.323442
214.498172
214.719770
214.935075
215.148330
215.371291
215.585882
215.762866
215.891097
215.972990
215.994077
216.023884
216.093748
216.193050
216.295516
216.373759
216.456233
216.583842
216.738719
216.882517
217.087315
217.272887
217.474581
217.683436
217.877183
218.052288
218.214260
218.377728
218.517592
218.668991
218.865059
219.094704
219.297563
219.540252
219.798524
220.026874
220.226517
220.398926
220.590664
220.759637
221.004649
221.205885
221.445995
221.686586
221.900810
222.087846
222.305148
222.518160
222.727646
222.966363
223.180488
223.373605
223.584263
223.794663
224.024706
224.246326
224.434003
224.617928
224.820419
225.007648
225.209649
225.368236
225.511244
225.597240
225.661837
225.727410
225.806330
225.928318
226.082956
226.220386
226.335565
226.497340
226.694286
226.903774
227.120052
227.348017
227.520951
227.716206
227.889923
228.087427
228.288491
228.502869
228.716136
228.921500
229.111306
229.254324
229.430469
229.599925
229.795902
229.987322
230.191809
230.450694
230.697385
230.896451
231.143442
231.337211
231.581146
231.797010
232.009274
232.174845
232.310109
232.420225
232.547860
232.739456
232.947815
233.192958
233.410089
233.609547
233.798893
233.987355
234.178474
234.372050
234.566038
234.782822
234.975408
235.122672
235.233751
235.344877
235.462272
235.637070
235.868682
236.136050
236.381792
236.622182
236.855569
237.073375
237.274222
237.468597
237.682401
237.905125
238.131964
238.347676
238.582091
238.821967
239.018550
239.140264
239.251998
239.290582
239.332343
239.412568
239.555770
239.674289
239.722180
239.756423
239.861343
239.990919
240.149911
240.332029
240.575972
240.818709
241.056776
241.292819
241.520788
241.746298
241.944474
242.135686
242.308415
242.447158
242.575735
242.694061
242.860369
243.062992
243.287259
243.537122
243.744667
243.950113
244.152507
244.363049
244.553476
244.743296
244.932139
245.133056
245.301126
245.466999
245.616456
245.783786
245.997387
246.186810
246.315277
246.452916
246.577632
246.735174
246.896174
247.079578
247.268635
247.485134
247.727383
247.975313
248.184186
248.367477
248.523681
248.640201
248.732713
248.865456
249.051809
249.271816
249.509722
249.726844
249.968125
250.155990
250.410334
250.619752
250.817628
251.012368
251.235129
251.439853
251.657353
251.868095
252.073115
252.266951
252.484808
252.673482
252.861347
253.042685
253.222022
253.426674
253.596878
253.756419
253.922376
254.112506
254.327695
254.552264
254.769056
254.993365
255.238661
255.488742
255.728454
255.933800
256.097330
256.215522
256.299771
256.398649
256.530985
256.683115
256.843198
256.964109
257.070127
257.188489
257.316689
257.473531
257.624092
257.789407
257.970950
258.158659
258.333290
258.483905
258.689950
258.864863
259.052435
259.239589
259.416119
259.549685
259.645466
259.727368
259.830088
259.972467
260.147864
260.321204
260.512221
260.754979
260.984185
261.221766
261.509470
261.790588
262.034150
262.293700
262.549643
262.794028
263.037021
263.288237
263.519867
263.752490
263.940681
264.087893
264.226948
264.373137
264.531577
264.713972
264.923670
265.116616
265.217468
265.247545
265.282274
265.348043
265.471346
265.617999
265.792357
266.005526
266.249687
266.500149
266.746623
266.987939
267.248134
267.507059
267.749406
267.986056
268.184307
268.381166
268.495641
268.560681
268.591105
268.638671
268.716889
268.833453
268.938555
268.965743
269.030167
269.144846
269.266297
269.417140
269.598391
269.798183
269.977737
270.215113
270.434364
270.651773
270.882177
271.091534
271.283366
271.527437
271.734893
271.957118
272.155836
272.356219
272.586824
272.797274
273.004033
273.165659
273.411433
273.623820
273.847071
274.035798
274.283426
274.488346
274.692661
274.897279
275.097210
275.271530
275.462723
275.627298
275.723695
275.783010
275.838187
275.897185
275.983852
276.095246
276.201710
276.280823
276.317101
276.386404
276.482500
276.596731
276.727331
276.879238
277.068965
277.273409
277.514007
277.763354
278.028151
278.252135
278.534838
278.786553
279.010133
279.242503
279.454581
279.689677
279.892157
280.079113
280.277080
280.472543
280.675768
280.878349
281.113081
281.330553
281.553989
281.790813
282.015017
282.234099
282.482023
282.676162
282.914172
283.121816
283.309718
283.489159
283.679027
283.868309
284.095704
284.300790
284.517103
284.759561
285.004233
285.236256
285.483556
285.705531
285.925615
286.147790
286.355100
286.532876
286.696649
286.853994
286.996380
287.161014
287.350590
287.506310
287.659333
287.811196
287.901895
287.955150
288.018513
288.129846
288.253647
288.423034
288.606111
288.835705
289.052834
289.270304
289.488008
289.731785
289.936643
290.202479
290.436634
290.676360
290.891465
291.106076
291.338290
291.556658
291.775367
291.986054
292.220009
292.422590
292.657022
292.865589
293.067361
293.261032
293.433309
293.628096
293.801198
293.949634
294.109502
294.282210
294.471101
294.666488
294.867226
295.047484
295.222300
295.392702
295.700958
296.083726
296.459217
296.809917
297.078681
297.232277
297.393999
297.661598
297.974774
298.220173
298.416316
298.592665
298.790165
299.010178
299.238763
299.433874
299.632808
299.848229
300.056364
300.286319
300.487327
300.724060
300.940600
301.150284
301.357648
301.561331
301.781042
301.992850
302.220790
302.437666
302.637398
302.830840
303.039178
303.243166
303.461742
303.693040
303.901243
304.111967
304.302750
304.375732
304.437384
304.611067
304.900941
305.156136
305.376243
305.579927
305.791777
305.999783
306.179251
306.327256
306.447281
306.547789
306.610415
306.665532
306.752591
306.887174
307.018868
307.222802
307.370328
307.457021
307.516887
307.589886
307.726974
307.897767
308.076946
308.270006
308.459921
308.683871
308.899347
309.109121
309.326248
309.533409
309.757138
309.961280
310.167711
310.376891
310.556386
310.756282
311.002792
311.202200
311.423016
311.628432
311.849273
312.065149
312.291069
312.488181
312.689190
312.901397
313.096776
313.299745
313.503999
313.716417
313.916493
314.130341
314.345740
314.546939
314.729365
314.892620
315.011351
315.151384
315.331283
315.554719
315.755024
315.912169
316.036887
316.142298
316.249840
316.376786
316.497742
316.628183
316.844506
317.024337
317.262825
317.500022
317.713282
317.933003
318.138401
318.377895
318.616038
318.845116
319.083023
319.313417
319.531323
319.745155
319.956733
320.178045
320.386313
320.571175
320.703110
320.879047
321.050653
321.225189
321.483924
321.673316
321.916214
322.111279
322.318674
322.524111
322.720666
322.942696
323.152950
323.369636
323.586641
323.808032
324.010925
324.189116
324.392242
324.500984
324.563512
324.595002
324.637331
324.726938
324.804301
324.861187
324.973264
325.124342
325.305825
325.487301
325.685322
325.901533
326.115585
326.320118
326.534983
326.760218
326.992988
327.201120
327.347765
327.480679
327.544322
327.581583
327.620616
327.698036
327.819541
327.965511
328.149285
328.362299
328.572927
328.813026
329.050525
329.332476
329.604736
329.834636
330.052568
330.268708
330.479326
330.721390
330.941299
331.130239
331.359550
331.574850
331.790926
332.038532
332.272779
332.516331
332.714354
333.021637
333.285540
333.545325
333.774870
333.992919
334.175289
334.321826
334.403974
334.458742
334.524270
334.600265
334.728957
334.881302
335.072474
335.301553
335.517851
335.757414
335.966440
336.232979
336.480525
336.712051
336.930803
337.140194
337.338342
337.544569
337.763575
337.998539
338.237609
338.483255
338.712797
338.930266
339.149651
339.354959
339.568111
339.792697
339.987450
340.182683
340.368082
340.556017
340.726213
340.894000
341.091478
341.300933
341.506152
341.721045
341.928760
342.164071
342.396541
342.624286
342.886606
343.099262
343.297360
343.451406
343.661609
343.896412
344.123757
344.357034
344.608383
344.820943
345.049858
345.250403
345.490025
345.687468
345.878795
346.037314
346.165216
346.274140
346.405488
346.549455
346.709740
346.836296
346.944988
347.049279
347.198582
347.363281
347.547645
347.739314
347.901115
348.050924
348.201614
348.359101
348.559370
348.757259
348.969414
349.219737
349.438322
349.710096
349.935740
350.137540
350.289020
350.422711
350.523631
350.608589
350.685368
350.775214
350.910045
351.103647
351.312733
351.516243
351.711939
351.893766
352.093418
352.249933
352.405071
352.590207
352.775768
352.959714
353.173495
353.366382
353.602848
353.796908
353.983699
354.186253
354.371645
354.557168
354.751909
354.926170
355.109158
355.308628
355.504064
355.733543
355.935268
356.172178
356.372761
356.583989
356.796647
357.005516
357.218944
357.427702
357.661273
357.886782
358.115501
358.316110
358.530053
358.715766
358.914366
359.125567
359.355587
359.570423
359.798327
360.022260
360.217095
360.416276
360.604707
360.791750
360.986786
361.175915
361.387733
361.591779
361.794416
362.016856
362.216627
362.444061
362.696692
362.947101
363.214470
363.462835
363.712909
363.945175
364.215870
364.454329
364.688027
364.937507
365.154293
365.361228
365.598934
365.778024
366.010016
366.236574
366.463068
366.660005
366.844717
367.105954
367.325373
367.554100
367.779064
367.975149
368.173668
368.406865
368.618944
368.846758
369.088117
369.343656
369.559641
369.780963
370.014442
370.227519
370.441976
370.608550
370.746930
370.900234
371.083740
371.246722
371.485993
371.684879
371.842612
371.982291
372.028360
372.050020
372.106278
372.189526
372.297485
372.448735
372.632208
372.856106
373.035088
373.291804
373.541414
373.768582
374.038507
374.290899
374.512571
374.804151
375.022712
375.277624
375.534606
375.733331
375.999084
376.211822
376.411640
376.623288
376.821847
376.996198
377.199460
377.394203
377.586114
377.820052
378.069359
378.321293
378.554974
378.806800
379.025939
379.269885
379.485765
379.710394
379.919296
380.079785
380.246963
380.443667
380.657302
380.855915
381.080110
381.304490
381.515538
381.769344
382.010175
382.271273
382.497150
382.744330
382.967011
383.207482
383.406412
383.673777
383.880018
384.096112
384.302197
384.533770
384.760653
384.986959
385.196537
385.408839
385.627863
385.842496
386.037046
386.240926
386.424626
386.548115
386.647657
386.718377
386.803463
386.902963
387.009327
387.147571
387.284606
387.449016
387.671565
387.892124
388.101527
388.298607
388.508744
388.741232
388.975597
389.217828
389.456222
389.700401
389.926337
390.160017
390.411137
390.641712
390.904092
391.172658
391.425340
391.644538
391.860066
392.072275
392.276215
392.478343
392.659302
392.857734
393.044533
393.243822
393.446752
393.658577
393.878942
394.139787
394.409477
394.677394
394.901247
395.135605
395.351955
395.581511
395.784180
395.998884
396.173004
396.373778
396.582055
396.780751
396.971556
397.144582
397.325983
397.498062
397.674997
397.860713
398.066134
398.225634
398.394079
398.536355
398.697760
398.904482
399.122128
399.308789
399.539637
399.710321
399.821058
399.916618
400.108699
400.359565
400.673292
400.994647
401.284194
401.487169
401.699787
401.930754
402.171829
402.430239
402.665106
402.881922
403.075067
403.269246
403.409114
403.476345
403.511629
403.561839
403.616349
403.704171
403.834956
403.956973
404.048759
404.077704
404.135349
404.245941
404.394940
404.552768
404.736499
404.938343
405.134500
405.321593
405.515245
405.730394
405.939925
406.125094
406.264232
406.388324
406.464322
406.517402
406.595579
406.692345
406.886612
407.022464
407.119393
407.211124
407.317630
407.455285
407.625549
407.807910
407.997887
408.250199
408.490579
408.698205
408.909624
409.136703
409.361275
409.534697
409.676768
409.789082
409.902438
410.007100
410.110155
410.295449
410.489138
410.682981
410.873984
411.129635
411.370834
411.602999
411.832747
412.053610
412.243593
412.439002
412.605569
412.824886
413.020308
413.222068
413.448332
413.702564
413.939214
414.170721
414.441663
414.701352
414.956699
415.204564
415.444318
415.666946
415.907007
416.118028
416.365420
416.604735
416.842824
417.054005
417.282695
417.496341
417.705340
417.893981
418.101344
418.285931
418.485527
418.683243
418.899603
419.109200
419.296606
419.568424
419.796106
420.071151
420.347740
420.588501
420.845762
421.082003
421.327186
421.579973
421.815740
422.054449
422.260833
422.457221
422.650012
422.849996
423.045791
423.251352
423.489578
423.709219
423.927620
424.147124
424.385276
424.596434
424.815653
425.009918
425.227292
425.423036
425.621014
425.818355
426.045061
426.236009
426.425888
426.609066
426.810275
426.996863
427.165872
427.425997
427.642501
427.862364
428.082546
428.306168
428.550473
428.813813
429.052456
429.292326
429.521106
429.744632
429.970621
430.199535
430.409072
430.629790
430.808021
431.039030
431.255266
431.452350
431.683999
431.890744
432.102551
432.330003
432.563731
432.798359
433.023325
433.223841
433.415047
433.629658
433.804843
433.976007
434.150173
434.347466
434.561298
434.769343
434.952985
435.026593
435.067512
435.224505
435.497291
435.786402
436.061783
436.271081
436.482899
436.660756
436.852609
437.039146
437.258485
437.454204
437.666505
437.891522
438.099205
438.304470
438.501307
438.718382
438.958823
439.193117
439.415551
439.624300
439.859679
440.057954
440.240964
440.483473
440.686656
440.891689
441.130428
441.376346
441.569406
441.798106
442.024331
442.225416
442.427008
442.638473
442.833950
443.015750
443.225862
443.412304
443.612644
443.829406
444.026568
444.245070
444.465451
444.672567
444.866381
445.072945
445.263553
445.485849
445.706339
445.934344
446.134095
446.339520
446.575416
446.786337
446.992185
447.228668
447.465644
447.686610
447.895600
448.116518
448.329827
448.519150
448.702443
448.885754
449.055696
449.244229
449.461775
449.660875
449.878350
450.077116
450.238519
450.424661
450.592927
450.775609
450.947075
451.155954
451.385045
451.592608
451.831429
452.072120
452.295647
452.508653
452.671762
452.798633
452.928765
453.097921
453.298859
453.443047
453.549926
453.628576
453.705437
453.782968
453.884820
454.033148
454.198632
454.394704
454.593011
454.817051
455.026860
455.252371
455.488416
455.698545
455.919408
456.140971
456.337148
456.522273
456.771685
456.960094
457.210001
457.430363
457.654353
457.829730
458.056552
458.259130
458.447339
458.631387
458.808195
458.992606
459.190419
459.389614
459.569075
459.754507
459.927526
460.062444
460.253761
460.472500
460.675621
460.893979
461.093883
461.275641
461.464974
461.691018
461.902782
462.146208
462.372977
462.584415
462.789649
463.011086
463.240680
463.462727
463.670101
463.857762
464.040643
464.225601
464.404575
464.602510
464.774696
464.977187
465.194453
465.402327
465.600086
465.783458
465.995448
466.233151
466.492267
466.720339
466.967956
467.205441
467.403163
467.600797
467.798094
467.972143
468.160372
468.304064
468.407722
468.464930
468.508252
468.580157
468.686143
468.834374
469.013311
469.189540
469.381160
469.567431
469.787148
469.988301
470.191139
470.403539
470.605023
470.793450
471.011550
471.221389
471.435972
471.664413
471.900916
472.115415
472.339018
472.571500
472.812110
473.019357
473.239534
473.464004
473.679154
473.890175
474.091769
474.323708
474.524495
474.728266
474.981799
475.195130
475.412051
475.594115
475.796165
475.994923
476.211970
476.422008
476.658829
476.888312
477.128900
477.357747
477.574702
477.810888
478.018925
478.235125
478.438709
478.645190
478.880224
479.115034
479.344888
479.549564
479.799392
480.025195
480.251935
480.468923
480.685762
480.892219
481.098320
481.309028
481.514166
481.713803
481.937950
482.162017
482.361504
482.591576
482.820927
483.023510
483.245207
483.472560
483.681122
483.895482
484.110391
484.315479
484.515782
484.736057
484.950717
485.154682
485.378263
485.586973
485.790800
486.039918
486.249626
486.474662
486.675063
486.875721
487.101293
487.311409
487.540766
487.749324
487.963446
488.189037
488.413717
488.649170
488.887203
489.088997
489.318615
489.517044
489.743582
489.940828
490.149519
490.390522
490.618653
490.823139
491.013898
491.175087
491.394401
491.597805
491.807256
492.005448
492.231651
492.431233
492.628282
492.864231
493.090936
493.338704
493.584121
493.813684
494.026626
494.261126
494.480787
494.701850
494.977101
495.212839
495.462646
495.668999
495.895537
496.115379
496.354161
496.601239
496.831303
497.070066
497.302009
497.506903
497.724222
497.948483
498.170591
498.396556
498.607388
498.817999
499.015141
499.214041
499.434790
499.666139
499.872764
500.075996
500.294307
500.524358
500.724423
500.939854
501.135464
501.338534
501.559343
501.802468
502.021610
502.231157
502.440991
502.651141
502.855887
503.059858
503.273146
503.499648
503.728362
503.932564
504.145268
504.356141
504.592085
504.825412
505.036572
505.227771
505.411230
505.600014
505.790696
506.008352
506.218863
506.444227
506.628615
506.866126
507.108335
507.369387
507.618080
507.834371
508.052506
508.279943
508.511525
508.732533
508.973083
509.246059
509.529351
509.757444
509.952694
510.147841
510.336064
510.524637
510.757635
510.975109
511.202272
511.393017
511.553898
511.731787
511.897552
512.126154
512.377767
512.714649
513.121284
513.639975
514.262425
515.078420
516.019289
517.093685
517.857908
518.206583
518.482883
518.851554
519.244835
519.497127
519.644559
519.689047
519.780324
520.051115
520.376777
520.459684
520.504603
520.515730
520.524440
520.531175
520.536204
520.537363
520.546624
520.551789
520.559012
520.563821
520.568576
520.576801
520.587449
520.597012
520.602675
520.608903
520.616919
520.622320
520.629265
520.633648
520.641155
520.648782
520.650900
520.658938
520.663023
520.668325
520.679376
520.684242
520.690752
520.694158
520.701238
520.704844
520.709451
520.713676
520.717750
520.723786
520.727901
520.736244
520.744546
520.755061
520.773769
520.784893
520.797851
520.799735
520.806057
520.819582
520.845031
520.891909
520.944774
521.008894
521.174672
521.347688
521.570085
521.680592
521.763137
522.023732
522.499997
522.970659
523.241596
523.285018
523.398622
523.636728
523.903820
524.109089
524.256900
524.381047
524.536580
524.674242
524.846133
525.040326
525.280503
525.536828
525.788748
526.046048
526.293493
526.524898
526.750068
527.011839
527.265803
527.518411
527.758399
527.980160
528.226949
528.477439
528.689094
528.897956
529.094513
529.254673
529.450222
529.708036
530.010833
530.264963
530.473057
530.670954
530.886328
531.121623
531.323818
531.538013
531.736982
531.972455
532.203231
532.413053
532.647227
532.851888
533.072066
533.292677
533.503160
533.706524
533.925970
534.139634
534.355824
534.575632
534.803045
535.005809
535.258195
535.468867
535.688905
535.888533
536.106284
536.300101
536.501208
536.666727
536.869496
537.027080
537.180214
537.338414
537.463787
537.584581
537.669567
537.745161
537.803709
537.850671
537.878300
537.901144
537.917192
537.933920
537.953568
537.982160
538.013085
538.045187
538.080337
538.117209
538.150200
538.179972
538.207717
538.232796
538.251766
538.270256
538.294299
538.323069
538.359395
538.405714
538.473272
538.544033
538.627421
538.714291
538.819012
538.918896
539.027991
539.109344
539.165233
539.207984
539.234878
539.255147
539.272547
539.284841
539.294164
539.301525
539.305676
539.309596
539.312231
539.314300
539.315519
539.316534
539.317325
539.317931
539.318361
539.318648
539.318849
539.319041
539.319171
539.319259
539.319325
539.319378
539.319416
539.319445
539.319465
539.319481
539.319493
539.319501
539.319508
539.319514
539.319517
539.319519
539.319521
539.319522
539.319523
539.319524
539.319524
539.319525
539.319525
539.319525
539.319526
539.319526
539.319526
539.319526
539.319526
539.319526
539.319526
539.319526
539.319526
539.319526
539.319526
539.319526
539.319526
539.319526
539.319526
539.319527
539.319527
539.319527
539.319527
539.319527
539.319527
539.319527
539.319527
539.319527
539.319527
539.319527
539.319527
539.319527
539.319527
539.319527
539.319527
539.319527
539.319527
539.319527
539.319527
539.319527
539.319527
539.319527
539.319527
539.319527
539.319527
539.319527
539.319527
539.319527
539.319527
539.319527
539.319527
539.319527
539.319527
539.319527
539.319527
539.319527
539.319527
539.319527
539.319527
539.319527
539.319527
539.319527
539.319527
539.319527
539.319527
539.319527
539.319527
539.319527
539.319527
539.319527
539.319527
539.319527
539.319527
539.319527
539.319527
539.319527
539.319527
539.319527
539.319527
539.319527
539.319527
539.319527
539.319527
539.319527
539.319527
539.319527
539.319527
539.319527
539.319527
539.319527
539.319527
539.319527
539.319527
539.319527
539.319527
539.319527
539.319527
539.319527
539.319527
539.319527
539.319527
539.319527
539.319527
539.319527
539.319527
539.319527
539.319527
539.319527
539.319527
539.319527
539.319527
539.319527
539.319527
539.319527
539.319527
539.319527
539.319527
539.319527
539.319527
539.319527
539.319527
539.319527
539.319527
539.319527
539.319527
539.319527
539.319527
539.319527
539.319527
539.319527
539.319527
539.319527
539.319527
539.319527
539.319527
539.319527
539.319527
539.319527
539.319527
539.319527
539.319527
539.319527
539.319527
539.319527
539.319527
539.319527
539.319527
539.319527
539.319527
539.319527
539.319527
539.319527
539.319527
539.319527
539.319527
539.319527
539.319527
539.319527
539.319527
539.319527
539.319527
539.319527
539.319527
539.319527
539.319527
539.319527
539.319527
539.319527
539.319527
539.319527
539.319527
539.319527
539.319527
539.319527
539.319527
539.319527
539.319527
539.319527
539.319527
539.319527
539.319527
539.319527
539.319527
539.319527
539.319527
539.319527
539.319527
539.319527
539.319527
539.319527
539.319527
539.319527
539.319527
539.319527
539.319527
539.319527
539.319527
539.319527
539.319527
539.319527
539.319527
539.319527
539.319527
539.319527
539.319527
539.319527
539.319527
539.319527
539.319527
539.319527
539.319527
539.319527
539.319527
539.319527
539.319527
539.319527
539.319527
539.319527
539.319527
539.319527
539.319527
539.319527
539.319527
539.319527
539.319527
539.319527
539.319527
539.319527
539.319527
539.319527
539.319527
539.319527
539.319527
539.319527
539.319527
539.319527
539.319527
539.319527
539.319527
539.319527
539.319527
539.319527
539.319527
539.319527
539.319527
539.319527
539.319527
539.319527
539.319527
539.319527
539.319527
539.319527
539.319527
539.319527
539.319527
539.319527
539.319527
539.319527
539.319527
539.319527
539.319527
539.319527
539.319527
539.319527
539.319527
539.319527
539.319527
539.319527
539.319527
539.319527
539.319527
539.319527
539.319527
539.319527
539.319527
539.319527
539.319527
539.319527
539.319527
539.319527
539.319527
539.319527
539.319527
539.319527
539.319527
539.319527
539.319527
539.319527
539.319527
539.319527
539.319527
539.319527
539.319527
539.319527
539.319527
539.319527
539.319527
539.319527
539.319527
539.319527
539.319527
539.319527
539.319527
539.319527
539.319527
539.319527
539.319527
539.319527
539.319527
539.319527
539.319527
539.319527
539.319527
539.319527
539.319527
539.319527
539.319527
539.319527
539.319527
539.319527
539.319527
539.319527
539.319527
539.319527
539.319527
539.319527
539.319527
539.319527
539.319527
539.319527
539.319527
539.319527
539.319527
539.319527
539.319527
539.319527
539.319527
539.319527
539.319527
539.319527
539.319527
539.319527
539.319527
539.319527
539.319527
539.319527
539.319527
539.319527
539.319527
539.319527
539.319527
539.319527
539.319527
539.319527
539.319527
539.319527
539.319527
539.319527
539.319527
539.319527
539.319527
539.319527
539.319527
539.319527
539.319527
539.319527
539.319527
539.319527
539.319527
539.319527
539.319527
539.319527
539.319527
539.319527
539.319527
539.319527
539.319527
539.319527
539.319527
539.319527
539.319527
539.319527
539.319527
539.319527
539.319527
539.319527
539.319527
539.319527
539.319527
539.319527
539.319527
539.319527
539.319527
539.319527
539.319527
539.319527
539.319527
539.319527
539.319527
539.319527
539.319527
539.319527
539.319527
539.319527
539.319527
539.319527
539.319527
539.319527
539.319527
539.319527
539.319527
539.319527
539.319527
539.319527
539.319527
539.319527
539.319527
539.319527
539.319527
539.319527
539.319527
539.319527
539.319527
539.319527
539.319527
539.319527
539.319527
539.319527
539.319527
539.319527
539.319527
539.319527
539.319527
539.319527
539.319527
539.319527
539.319527
539.319527
539.319527
539.319527
539.319527
539.319527
539.319527
539.319527
539.319527
539.319527
539.319527
539.319527
539.319527
539.319527
539.319527
539.319527
539.319527
539.319527
539.319527
539.319527
539.319527
539.319527
539.319527
539.319527
539.319527
539.319527
539.319527
539.319527
539.319527
539.319527
539.319527
539.319527
539.319527
539.319527
539.319527
539.319527
539.319527
539.319527
539.319527
539.319527
539.319527
539.319527
539.319527
539.319527
539.319527
539.319527
539.319527
539.319527
539.319527
539.319527
539.319527
539.319527
539.319527
539.319527
539.319527
539.319527
539.319527
539.319527
539.319527
539.319527
539.319527
539.319527
539.319527
539.319527
539.319527
539.319527
539.319527
539.319528
539.319528
539.319528
539.319528
539.319528
539.319528
539.319528
539.319528
539.319528
539.319528
539.319528
539.319528
539.319528
539.319528
539.319528
539.319528
539.319528
539.319528
539.319528
539.319528
539.319528
539.319528
539.319528
539.319528
539.319528
539.319528
539.319528
539.319528
539.319528
539.319528
539.319528
539.319528
539.319528
539.319528
539.319528
539.319528
539.319528
539.319528
539.319528
539.319528
539.319528
539.319528
539.319528
539.319528
539.319528
539.319528
539.319528
539.319528
539.319528
539.319528
539.319528
539.319528
539.319528
539.319528
539.319528
539.319528
539.319528
539.319528
539.319528
539.319528
539.319528
539.319528
539.319528
539.319528
539.319528
539.319528
539.319528
539.319528
539.319528
539.319528
539.319528
539.319528
539.319528
539.319528
539.319528
539.319528
539.319528
539.319528
539.319528
539.319528
539.319528
539.319528
539.319528
539.319528
539.319528
539.319528
539.319528
539.319528
539.319528
539.319528
539.319528
539.319528
539.319528
539.319528
539.319528
539.319528
539.319528
539.319528
539.319528
539.319528
539.319528
539.319528
539.319528
539.319528
539.319528
539.319528
539.319528
539.319528
539.319528
539.319528
539.319528
539.319528
539.319528
539.319528
539.319528
539.319528
539.319528
539.319528
539.319528
539.319528
539.319528
539.319528
539.319528
539.319528
539.319528
539.319528
539.319528
539.319528
539.319528
539.319528
539.319528
539.319528
539.319528
539.319528
539.319528
539.319528
539.319528
539.319528
539.319528
539.319528
539.319528
539.319528
539.319528
539.319528
539.319528
539.319528
539.319528
539.319528
539.319528
539.319528
539.319528
539.319528
539.319528
539.319528
539.319528
539.319528
539.319528
539.319528
539.319528
539.319528
539.319528
539.319528
539.319528
539.319528
539.319528
539.319528
539.319528
539.319528
539.319528
539.319528
539.319528
539.319528
539.319528
539.319528
539.319528
539.319528
539.319528
539.319528
539.319528
539.319528
539.319528
539.319528
539.319528
539.319528
539.319528
539.319528
539.319528
539.319528
539.319528
539.319528
539.319528
539.319528
539.319528
539.319528
539.319528
539.319528
539.319528
539.319528
539.319528
539.319528
539.319528
539.319528
539.319528
539.319528
539.319528
539.319528
539.319528
539.319528
539.319528
539.319528
539.319528
539.319528
539.319528
539.319528
539.319528
539.319528
539.319528
539.319528
539.319528
539.319528
539.319528
539.319528
539.319528
539.319528
539.319528
539.319528
