1.13176
1.13194
2.35503
2.85796
3.35812
3.86053
4.36048
4.86251
5.36126
5.86143
6.36284
6.86228
7.36291
7.88763
8.36426
8.86398
9.36461
9.8927
10.3655
10.866
11.3665
11.8961
12.367
12.8675
13.3897
13.8689
14.3693
14.8682
15.3688
15.8693
16.3699
16.871
17.3708
17.888
18.3703
18.8707
19.3836
19.8729
20.3978
20.8731
21.3739
21.8746
22.3886
22.8754
23.3763
23.876
24.3769
24.8764
25.3793
25.878
26.3789
26.888
27.3788
27.8782
28.3795
28.88
29.3802
29.8811
30.3807
30.882
31.3826
31.8826
32.383
32.9061
33.3826
33.8836
34.3836
34.8831
35.3839
35.8889
36.386
36.8862
37.3859
37.8993
38.3868
38.8874
39.4096
39.8873
40.3887
40.9193
41.3891
41.8902
42.3895
42.95
43.3906
43.8908
44.4289
44.8916
45.3913
45.9055
46.3925
46.8921
47.4156
47.8937
48.3949
48.9068
49.3942
49.9232
50.3955
50.8951
51.3964
51.8962
52.3964
52.8978
53.3984
53.8982
54.4157
54.8981
55.3981
55.8988
56.3994
56.8998
57.3995
57.9198
58.4
58.9006
59.4003
59.928
60.3993
60.901
61.4022
61.9023
62.4027
62.9039
63.4047
63.906
64.4048
64.9058
65.405
65.9068
66.4066
66.9078
67.4079
67.9074
68.4077
68.9233
69.4092
69.9091
70.4103
70.9147
71.4106
71.9106
72.4232
72.9109
73.4114
73.9119
74.4375
74.9128
75.4129
75.9375
76.4132
76.9141
77.4284
77.9157
78.4155
78.9266
79.4155
79.9151
80.434
80.9176
81.4169
81.9176
82.418
82.9173
83.4181
83.9321
84.419
84.9193
85.4196
85.9211
86.4312
86.9211
87.4223
87.9217
88.4214
88.9227
89.4226
89.9231
90.4277
90.923
91.4235
91.9249
92.425
92.9249
93.426
93.9267
94.426
94.926
95.4258
95.9263
96.4263
96.9535
97.4275
97.9276
98.4336
98.9293
99.4292
99.9282
100.43
100.944
101.431
101.942
102.431
102.932
103.432
103.932
104.432
104.933
105.434
105.935
106.435
106.935
107.447
107.934
108.436
108.934
109.435
109.936
110.437
110.937
111.437
111.938
112.452
112.938
113.439
113.939
114.44
114.939
115.44
115.942
116.446
116.941
117.441
117.942
118.447
118.943
119.443
119.943
120.444
120.943
121.442
121.944
122.445
122.972
123.444
123.982
124.445
124.947
125.446
125.953
126.448
126.947
127.447
127.948
128.449
128.972
129.45
129.95
130.45
130.97
131.45
131.951
132.471
132.952
133.452
133.952
134.452
134.952
135.454
135.954
136.456
136.954
137.455
137.954
138.455
138.956
139.456
139.956
140.455
140.957
141.456
141.958
142.459
142.959
143.459
143.959
144.464
144.959
145.46
145.96
146.46
146.961
147.477
147.962
148.463
148.963
149.461
149.963
150.464
150.965
151.464
151.964
152.465
152.965
153.464
153.966
154.466
154.967
155.482
155.967
156.468
156.968
157.469
157.969
158.469
158.969
159.468
159.991
160.47
160.97
161.471
161.971
162.471
162.972
163.471
163.983
164.472
164.973
165.474
165.974
166.475
166.974
167.473
167.975
168.476
168.976
169.475
169.985
170.477
170.977
171.486
171.978
172.478
172.979
173.49
173.98
174.478
174.98
175.48
175.981
176.485
176.981
177.482
177.986
178.483
178.982
179.491
179.983
180.483
180.996
181.485
181.985
182.486
182.985
183.486
183.987
184.487
184.986
185.486
185.987
186.487
186.998
187.489
187.987
188.488
188.989
189.495
189.989
190.49
190.989
191.491
191.99
192.491
192.989
193.49
193.99
194.491
194.991
195.493
195.993
196.492
196.993
197.494
197.994
198.493
198.993
199.492
199.994
200.495
200.997
201.499
201.997
202.498
202.998
203.498
203.999
204.498
204.999
205.499
205.999
206.5
207.001
207.502
208.001
208.501
209
209.501
210.002
210.502
211.004
211.504
212.005
212.504
213.003
213.515
214.004
214.505
215.006
215.507
216.007
216.505
217.006
217.507
218.007
218.51
219.007
219.508
220.009
220.514
221.01
221.51
222.011
222.51
223.011
223.537
224.011
224.512
225.014
225.513
226.014
226.528
227.013
227.513
228.041
228.514
229.015
229.515
230.016
230.515
231.016
231.515
232.017
232.516
233.016
233.517
234.059
234.518
235.027
235.519
236.02
236.52
237.02
237.52
238.02
238.521
239.022
239.521
240.022
240.521
241.021
241.522
242.022
242.542
243.023
243.524
244.044
244.524
245.024
245.541
246.026
246.526
247.026
247.526
248.027
248.544
249.027
249.528
250.028
250.542
251.027
251.576
252.03
252.531
253.032
253.53
254.03
254.532
255.032
255.532
256.033
256.533
257.033
257.533
258.032
258.532
259.056
259.535
260.034
260.534
261.035
261.535
262.035
262.537
263.037
263.536
264.037
264.538
265.037
265.539
266.038
266.538
267.038
267.539
268.039
268.54
269.04
269.54
270.042
270.541
271.042
271.541
272.042
272.543
273.043
273.544
274.044
274.543
275.044
275.544
276.044
276.545
277.046
277.547
278.045
278.545
279.073
279.547
280.046
280.556
281.047
281.547
282.047
282.559
283.047
283.549
284.05
284.584
285.05
285.55
286.051
286.55
287.051
287.552
288.051
288.551
289.052
289.553
290.053
290.554
291.059
291.553
292.054
292.555
293.054
293.556
294.055
294.556
295.056
295.556
296.058
296.557
297.056
297.562
298.058
298.559
299.06
299.558
300.062
300.585
301.061
301.56
302.061
302.562
303.061
303.562
304.063
304.563
305.064
305.563
306.064
306.58
307.065
307.565
308.065
308.565
309.066
309.567
310.086
310.567
311.066
311.58
312.068
312.568
313.08
313.569
314.068
314.569
315.069
315.569
316.072
316.57
317.07
317.587
318.072
318.571
319.079
319.573
320.074
320.593
321.072
321.573
322.074
322.573
323.074
323.575
324.075
324.576
325.076
325.576
326.076
326.577
327.076
327.578
328.078
328.579
329.078
329.578
330.079
330.58
331.08
331.58
332.08
332.581
333.08
333.582
334.082
334.583
335.083
335.583
336.083
336.582
337.087
337.585
338.084
338.585
339.084
339.585
340.085
340.586
341.086
341.589
342.087
342.587
343.087
343.588
344.087
344.588
345.089
345.589
346.094
346.59
347.09
347.597
348.091
348.592
349.092
349.591
350.092
350.591
351.092
351.593
352.093
352.594
353.108
353.593
354.093
354.623
355.095
355.596
356.092
356.592
357.093
357.634
358.097
358.598
359.098
359.617
360.098
360.599
361.1
361.6
362.099
362.599
363.099
363.601
364.101
364.601
365.101
365.602
366.105
366.603
367.102
367.603
368.102
368.604
369.104
369.605
370.105
370.605
371.126
371.607
372.103
372.605
373.106
373.605
374.107
374.608
375.109
375.607
376.108
376.608
377.108
377.607
378.108
378.61
379.111
379.61
380.109
380.661
381.111
381.613
382.153
382.62
383.113
383.654
384.113
384.613
385.133
385.614
386.114
386.615
387.115
387.656
388.115
388.617
389.127
389.616
390.117
390.618
391.118
391.618
392.119
392.618
393.119
393.619
394.119
394.624
395.121
395.621
396.119
396.622
397.121
397.623
398.123
398.623
399.141
399.624
400.123
400.649
401.123
401.624
402.13
402.627
403.126
403.625
404.126
404.626
405.127
405.628
406.128
406.626
407.128
407.629
408.13
408.629
409.152
409.63
410.129
410.631
411.13
411.631
412.131
412.629
413.13
413.632
414.133
414.633
415.134
415.65
416.134
416.635
417.135
417.634
418.135
418.655
419.136
419.636
420.158
420.636
421.136
421.67
422.136
422.637
423.136
423.637
424.156
424.638
425.139
425.639
426.139
426.64
427.149
427.642
428.141
428.642
429.142
429.642
430.141
430.642
431.143
431.659
432.144
432.643
433.143
433.643
434.145
434.646
435.146
435.645
436.145
436.684
437.147
437.647
438.147
438.647
439.148
439.649
440.149
440.649
441.15
441.651
442.15
442.65
443.152
443.651
444.152
444.651
445.165
445.652
446.152
446.669
447.154
447.653
448.153
448.654
449.155
449.656
450.168
450.655
451.155
451.657
452.17
452.656
453.157
453.658
454.158
454.659
455.158
455.663
456.159
456.659
457.176
457.66
458.16
458.662
459.162
459.662
460.163
460.67
461.163
461.661
462.18
462.664
463.164
463.664
464.164
464.665
465.166
465.665
466.165
466.666
467.165
467.666
468.167
468.667
469.193
469.668
470.168
470.669
471.168
471.669
472.184
472.67
473.171
473.671
474.17
474.67
475.171
475.671
476.172
476.67
477.172
477.673
478.173
478.673
479.173
479.674
480.174
480.673
481.175
481.676
482.176
482.675
483.175
483.676
484.177
484.676
485.177
485.677
486.177
486.677
487.178
487.679
488.18
488.679
489.18
489.68
490.179
490.681
491.182
491.682
492.183
492.682
493.183
493.684
494.184
494.683
495.183
495.684
496.208
496.685
497.185
497.688
498.185
498.686
499.185
499.686
500.187
500.688
501.189
501.687
502.193
502.688
503.188
503.687
504.189
504.69
505.19
505.691
506.222
506.692
507.192
507.727
508.192
508.691
509.218
509.692
510.193
510.694
511.208
511.695
512.195
512.696
513.196
513.696
514.195
514.733
515.197
515.697
516.197
516.697
517.199
517.698
518.197
518.698
519.199
519.698
520.2
520.7
521.201
521.702
522.201
522.701
523.202
523.702
524.203
524.703
525.203
525.703
526.202
526.703
527.204
527.705
528.204
528.704
529.205
529.706
530.206
530.706
531.206
531.706
532.214
532.706
533.206
533.707
534.208
534.709
535.209
535.739
536.21
536.71
537.21
537.71
538.21
538.736
539.213
539.712
540.23
540.711
541.212
541.713
542.213
542.714
543.214
543.713
544.214
544.714
545.214
545.714
546.224
546.715
547.217
547.741
548.218
548.717
549.25
549.718
550.219
550.719
551.219
551.72
552.219
552.719
553.22
553.721
554.221
554.722
555.222
555.722
556.252
556.722
557.224
557.724
558.226
558.723
559.224
559.724
560.225
560.725
561.225
561.726
562.226
562.727
563.225
563.726
564.228
564.729
565.229
565.729
566.228
566.728
567.228
567.739
568.23
568.73
569.239
569.731
570.232
570.732
571.245
571.732
572.233
572.732
573.231
573.733
574.233
574.734
575.232
575.734
576.235
576.734
577.235
577.736
578.238
578.736
579.235
579.737
580.267
580.739
581.239
581.76
582.239
582.739
583.238
583.739
584.239
584.741
585.241
585.742
586.244
586.741
587.241
587.742
588.243
588.743
589.244
589.744
590.243
590.743
591.243
591.745
592.27
592.745
593.245
593.765
594.245
594.745
595.247
595.748
596.248
596.749
597.249
597.749
598.248
598.749
599.25
599.773
600.251
600.751
601.255
601.751
602.251
602.753
603.252
603.752
604.254
604.753
605.253
605.753
606.254
606.771
607.255
607.756
608.256
608.755
609.255
609.756
610.258
610.757
611.256
611.761
612.256
612.758
613.259
613.759
614.26
614.76
615.288
615.761
616.259
616.782
617.261
617.761
618.262
618.77
619.263
619.763
620.265
620.763
621.262
621.801
622.265
622.771
623.281
623.766
624.266
624.804
625.267
625.767
626.282
626.768
627.283
627.794
628.28
628.769
629.269
629.769
630.276
630.795
631.287
631.771
632.27
632.771
633.271
633.771
634.272
634.772
635.275
635.772
636.292
636.78
637.274
637.781
638.296
638.791
639.28
639.775
640.276
640.777
641.278
641.777
642.289
642.777
643.289
643.784
644.279
644.779
645.28
645.78
646.28
646.799
647.297
647.787
648.282
648.782
649.283
649.803
650.282
650.782
651.283
651.783
652.292
652.79
653.285
653.789
654.289
654.784
655.285
655.786
656.287
656.792
657.288
657.788
658.295
658.794
659.288
659.787
660.288
660.805
661.295
661.794
662.289
662.792
663.308
663.792
664.293
664.797
665.291
665.792
666.293
666.793
667.304
667.796
668.294
668.806
669.293
669.796
670.295
670.802
671.312
671.799
672.303
672.796
673.303
673.806
674.306
674.798
675.309
675.798
676.315
676.799
677.3
677.806
678.315
678.816
679.301
679.817
680.302
680.807
681.308
681.809
682.309
682.819
683.303
683.815
684.305
684.82
685.306
685.815
686.305
686.807
687.306
687.806
688.308
688.807
689.314
689.808
690.32
690.824
691.315
691.821
692.315
692.825
693.31
693.81
694.314
694.822
695.311
695.812
696.33
696.823
697.313
697.813
698.324
698.823
699.313
699.819
700.314
700.814
701.314
701.827
702.331
702.815
703.331
703.815
704.315
704.828
705.317
705.835
706.318
706.819
707.32
707.83
708.335
708.821
709.328
709.832
710.321
710.832
711.322
711.824
712.322
712.841
713.329
713.823
714.341
714.826
715.331
715.824
716.336
716.825
717.327
717.826
718.326
718.837
719.327
719.839
720.327
720.84
721.328
721.829
722.345
722.839
723.329
723.845
724.336
724.83
725.342
725.832
726.332
726.832
727.348
727.838
728.348
728.848
729.333
729.848
730.348
730.85
731.333
731.852
732.336
732.851
733.335
733.836
734.338
734.847
735.354
735.86
736.343
736.838
737.348
737.839
738.34
738.84
739.346
739.847
740.34
740.854
741.341
741.841
742.342
742.842
743.347
743.842
744.356
744.841
745.342
745.85
746.351
746.851
747.345
747.845
748.362
748.846
749.361
749.846
750.346
750.846
751.346
751.862
752.363
752.848
753.365
753.848
754.349
754.865
755.354
755.869
756.351
756.852
757.351
757.863
758.363
758.853
759.369
759.867
760.359
760.864
761.36
761.87
762.37
762.855
763.355
763.855
764.355
764.856
765.362
765.855
766.356
766.874
767.369
767.858
768.363
768.874
769.376
769.858
770.36
770.87
771.36
771.861
772.361
772.862
773.362
773.862
774.379
774.862
775.368
775.863
776.385
776.864
777.375
777.863
778.365
778.875
779.365
779.871
780.364
780.879
781.38
781.873
782.372
782.882
783.368
783.879
784.385
784.88
785.367
785.869
786.378
786.87
787.371
787.884
788.382
788.872
789.37
789.871
790.372
790.873
791.388
791.887
792.38
792.885
793.383
793.874
794.38
794.891
795.391
795.876
796.375
796.888
797.383
797.882
798.379
798.879
799.4
