9.41108
12.2338
22.738
22.9228
22.9409
23.5719
23.9769
26.2896
26.302
26.3212
27.8895
27.9057
27.9178
27.9377
27.9576
29.8238
34.5105
34.5254
40.3694
40.3909
40.4143
48.7173
48.9483
48.9653
48.9855
49.0056
49.0303
54.0993
55.2402
59.9453
62.7291
62.7412
62.7672
62.7826
65.4031
66.305
66.3267
66.3473
66.3653
66.3867
66.4076
66.4257
66.4485
66.4829
66.4935
68.2496
68.2723
68.29
68.3097
68.3303
68.3497
68.3702
68.3895
68.4099
68.4305
69.3979
69.4175
71.3615
71.3783
71.3973
74.0156
75.0368
75.0539
78.1038
78.3025
78.3132
78.3332
78.354
81.1281
81.5558
83.3368
89.337
90.4335
96.5141
96.5299
96.5517
96.5695
96.5895
96.6097
96.6287
96.6497
96.6702
96.6928
96.7248
96.7372
96.75
96.7693
96.7885
96.8106
96.8299
96.8548
96.869
96.8893
96.9258
96.9374
96.9493
96.9694
96.99
97.0098
98.7449
111.766
113.892
113.914
118.89
120.461
120.48
120.501
120.687
121.555
121.574
123.315
123.501
123.517
123.538
126.358
129.881
133.924
134.351
