0.000101911
0.00528779
0.0134831
0.00249022
0.000745332
0.0156905
0.000611388
0.00098615
0.00113834
0.00124572
0.0045915
0.00136737
0.00182252
0.00128847
0.00169188
0.00321738
0.00665167
0.00125355
0.00103824
0.00206538
0.00587751
0.000363715
0.00412966
0.00144499
0.00161809
0.00171941
0.00634472
0.00251425
0.0118109
0.000364436
0.00832811
0.000824666
0.00293154
0.00155289
0.00285152
0.000603005
0.00226735
0.00330733
0.00113369
0.00195219
0.00329581
0.00154469
0.004458
0.00113101
0.000577279
0.00045125
0.00379982
0.00120403
0.00102307
0.00193003
0.00119271
0.00105887
0.00104866
0.00104208
0.00130877
0.00153724
0.0013313
0.00533123
0.00222689
0.000825756
0.00695366
0.00473835
0.00109208
0.011219
0.010406
0.000753711
0.00102692
0.00132753
0.000663402
0.00313401
0.00412907
0.000622462
0.000632936
0.00589525
0.000796243
0.00271326
0.000611449
0.00151872
0.000796282
0.000817099
0.00161554
0.00124988
0.00418735
0.000745062
0.000787005
0.00165702
0.000724555
0.000761909
0.00177339
0.00110388
0.00618218
0.000823043
0.00105241
0.000685134
0.000783706
0.0010991
0.00152625
0.00153021
0.00141325
0.00469963
0.0026134
0.000462731
0.00138331
0.000906833
0.000423735
0.000274652
0.000326844
0.0057856
0.00204943
0.00089275
0.00592606
0.00489479
0.00128214
0.000841124
0.00120229
0.00512497
0.0113827
0.0103427
