0.00758709
0.00153029
0.000894245
0.00191579
0.0160788
0.0237153
0.00969033
0.00901998
0.0127319
0.0195075
0.00273692
0.00399755
0.0120241
0.00398701
0.0171114
0.00108844
0.00343313
0.00675273
0.00103689
0.0013292
0.009861
0.00365588
0.00181781
0.00393931
0.00741195
0.000832185
0.00401378
0.00234428
0.0102807
0.00753938
0.00191721
0.00143337
0.00151346
0.0060973
0.0110733
0.00547199
0.00143257
0.00647644
0.0131078
0.00490609
0.00483968
0.00252301
0.00119674
0.000646941
0.00112233
0.0247206
0.00503184
0.0202587
0.00314791
0.0107172
0.000567412
0.000953807
0.00503015
0.00346446
0.00485407
0.019995
0.00198266
0.00315331
0.00591
0.00486896
0.00709528
0.001065
0.00169986
0.00107496
0.00166904
0.00563604
0.000680484
0.00219434
0.00303207
0.00240315
0.0055146
0.00413382
0.0128037
0.00369422
0.00146988
0.00170266
0.00342015
0.00242114
0.00444687
0.0121311
0.00162425
0.00330629
0.00118106
0.00418683
0.00661111
0.009844
0.00318583
0.0058352
0.00256636
0.00402382
0.0046144
0.00311625
0.0058739
0.00157178
0.0020925
0.000796263
0.000616359
0.00873963
0.0109617
0.0112234
0.00496676
0.00727776
0.00160109
0.00257127
0.00207613
0.000980971
0.00442835
0.000940898
0.00295865
0.0048428
0.00848126
0.00184376
0.0117734
0.00114144
0.00215732
0.0144356
0.0104397
0.00156332
0.000910011
0.0054846
0.0101574
0.00835828
0.00620979
0.0169241
