7.88419
9.4271
11.1014
12.2499
13.9001
14.9964
16.307
18.0931
18.3169
18.5478
18.7722
19.2449
20.5801
21.412
21.8853
22.7534
22.9643
23.1313
23.5851
23.9978
25.6584
26.0837
26.334
27.9806
29.8483
31.5423
33.2425
34.5467
34.9348
36.7155
38.4106
39.4896
39.9223
40.4344
42.0755
43.7893
45.4856
47.2427
47.8858
48.7409
49.0491
50.7146
52.349
54.1168
54.3319
54.585
55.2655
55.6563
55.8473
57.6067
58.8452
59.9652
61.0216
62.804
63.3937
65.1928
65.4222
66.5161
68.4543
69.4409
71.1713
71.4172
72.2298
74.0293
74.8336
75.0814
76.7775
78.1229
78.3753
80.0193
80.9055
81.1438
81.5857
83.3562
85.066
86.3592
88.0675
89.3506
90.4493
92.1928
92.378
93.88
94.3098
95.849
97.0348
98.7709
100.511
102.255
104.011
105.737
107.473
109.227
109.654
110.282
111.787
112.225
112.455
113.941
115.664
117.399
117.622
118.695
118.909
119.791
120.522
120.701
121.597
123.337
123.559
125.273
126.137
126.37
126.612
126.802
128.574
129.91
131.587
133.274
133.942
134.366
136.042
137.821
138.719
140.373
