2.66141
2.85412
3.07531
3.27527
3.48326
3.69135
3.9271
4.12671
4.32584
4.5624
4.78744
4.98783
5.2034
5.42877
5.66811
5.87124
6.07095
6.30177
6.50575
6.696
6.93819
7.14141
7.3837
7.60686
7.84114
8.07428
8.31144
8.54921
8.78266
8.97792
9.15681
9.39352
9.5985
9.82313
10.0096
10.2492
10.463
10.6589
10.8875
11.0897
11.338
11.5395
11.7443
11.9741
12.2178
12.4144
12.6433
12.8507
13.0629
13.2382
13.4598
13.686
13.8747
14.1095
14.314
14.5275
14.7169
14.9552
15.1564
15.3847
15.6177
15.851
16.0573
16.2833
16.5088
16.7442
16.9807
17.1764
17.4107
17.6537
17.8497
18.0712
18.2925
18.5162
18.7578
18.994
19.2292
19.4332
19.6597
19.8889
20.1244
20.3146
20.5582
20.759
20.962
21.1864
21.3963
21.6223
21.8567
22.0855
22.2864
22.4835
22.7118
22.9099
23.1127
23.3125
23.545
23.7438
23.9665
24.1722
24.4079
24.6047
24.8042
25.0098
25.246
25.4454
25.6344
25.8728
26.0705
26.272
26.4688
26.7035
26.9349
27.1702
27.4012
27.6422
27.8733
28.1086
28.3466
28.5468
28.7437
28.9436
29.1745
29.3779
29.5746
29.8031
30.0112
30.2506
30.4519
30.684
30.9183
31.1156
31.3077
31.5224
31.7329
31.9557
32.1982
32.3937
32.587
32.8198
33.0158
33.2227
33.4198
33.658
33.8573
34.0562
34.2944
34.4933
34.6972
34.9027
35.1322
35.3299
35.5268
35.7685
35.9981
36.233
36.4628
36.6969
36.9334
37.1274
37.3291
37.5568
37.7633
37.9654
38.2053
38.3875
38.5936
38.8231
39.0552
39.2555
39.4731
39.7057
39.9114
40.1499
40.3589
40.5575
40.7928
41.0274
41.2293
41.4321
41.62
41.8511
42.0544
42.2602
42.4994
42.7338
42.941
43.1777
43.3737
43.5708
43.7733
43.9775
44.2052
44.4068
44.6073
44.8256
45.0494
45.2539
45.4696
45.7026
45.9208
46.1217
46.3165
46.5245
46.7512
46.9861
47.2193
47.4178
47.6594
47.8598
48.0899
48.2912
48.4935
48.705
48.9315
49.1311
49.3662
49.5933
49.8302
50.0231
50.265
50.4973
50.6994
50.9278
51.1553
51.3878
51.6183
51.8544
52.0976
52.327
52.5386
52.7404
52.9816
53.1846
53.399
53.6346
53.8794
54.0843
54.3144
54.5507
54.7617
54.9816
55.2117
55.4116
55.6246
55.8319
56.0547
56.2852
56.4797
56.6789
56.9111
57.1422
57.3607
57.5864
57.7884
57.9891
58.2295
58.4286
58.6388
58.8347
59.0705
59.2743
59.5004
59.7132
59.9347
60.1536
60.3764
60.609
60.8147
61.0054
61.2074
61.4453
61.6445
61.8458
62.047
62.2808
62.5142
62.7078
62.9369
63.142
63.378
63.5834
63.8258
64.0269
64.2516
64.458
64.701
64.9304
65.1613
65.3898
65.5821
65.8098
66.0515
66.2928
66.4817
66.6901
66.9122
67.1128
67.3515
67.5823
67.8159
68.0168
68.2342
68.4813
68.7066
68.9091
69.1554
69.3858
69.5816
69.7835
70.0209
70.2468
70.4469
70.6878
70.9189
71.1546
71.3462
71.5828
71.7832
72.0263
72.2175
72.4481
72.6551
72.8943
73.0984
73.3255
73.5267
73.7544
73.9976
74.1954
74.3884
74.596
74.8185
75.0197
75.2232
75.4295
75.6591
75.8579
76.097
76.3305
76.5605
76.7652
76.9988
77.2032
77.4183
77.6389
77.8425
78.0832
78.2727
78.5093
78.712
78.9388
79.143
79.3809
79.6059
79.8095
80.007
80.2147
80.4351
80.647
80.8799
81.1133
81.3199
81.54
81.7465
81.9503
82.1781
82.4081
82.6392
82.8802
83.0883
83.3129
83.5429
83.7449
83.95
84.1485
84.3883
84.5842
84.8176
85.0536
85.2928
85.5042
85.7194
85.9444
86.1421
86.3455
86.59
86.7975
87.0205
87.2182
87.4232
87.621
87.8532
88.0532
88.2925
88.4985
88.6891
88.9167
89.1181
89.3209
89.548
89.7936
89.9877
90.1901
90.4215
90.6274
90.8581
91.0999
91.328
91.5343
91.7365
91.94
92.1695
92.3659
92.5976
92.8063
92.9987
93.2275
93.4567
93.666
93.865
94.0643
94.2985
94.5315
94.7286
94.9677
95.1675
95.4052
95.6295
95.8285
96.0328
96.261
96.4991
96.724
96.925
97.1582
97.3925
97.6291
97.8257
98.0623
98.26
98.4964
98.723
98.9228
99.1571
99.3898
99.6194
99.8299
100.062
100.269
100.498
100.725
100.932
101.129
101.337
101.558
101.762
101.996
102.237
102.456
102.648
102.882
103.113
103.314
103.543
103.757
103.994
104.197
104.425
104.67
104.902
105.107
105.315
105.527
105.719
105.951
106.161
106.394
106.591
106.791
106.999
107.229
107.458
107.665
107.912
108.144
108.369
108.572
108.8
108.998
109.202
109.436
109.632
109.832
110.035
110.268
110.467
110.667
110.873
111.108
111.307
111.509
111.743
111.975
112.213
112.442
112.65
112.848
113.075
113.285
113.483
113.679
113.881
114.111
114.31
114.551
114.775
114.973
115.203
115.41
115.643
115.841
116.068
116.297
116.538
116.771
116.978
117.175
117.378
117.602
117.816
118.046
118.243
118.453
118.677
118.876
119.113
119.346
119.573
119.777
120.008
120.249
120.447
120.669
120.872
121.082
121.31
121.54
121.781
122.01
122.214
122.409
122.619
122.827
123.064
123.287
123.486
123.712
123.949
124.15
124.383
124.613
124.817
125.056
125.257
125.462
125.669
125.905
126.103
126.342
126.588
126.789
127.01
127.206
127.413
127.644
127.884
128.114
128.32
128.556
128.763
129.007
129.225
129.431
129.658
129.861
130.057
130.262
130.492
130.691
130.922
131.122
131.356
131.562
131.777
131.978
132.181
132.42
132.621
132.825
133.026
133.252
133.457
133.686
133.889
134.129
134.331
134.562
134.767
134.964
135.165
135.389
135.591
135.821
136.021
136.247
136.449
136.656
136.896
137.125
137.326
137.562
137.798
138.008
138.249
138.479
138.701
138.899
139.107
139.281
139.483
139.709
139.906
140.136
140.339
140.571
140.802
141.009
141.242
141.447
141.671
141.904
142.105
142.307
142.544
142.775
143.005
143.209
143.445
143.648
143.877
144.079
144.285
144.487
144.72
144.951
145.155
145.387
145.589
145.79
146.001
146.222
146.423
146.628
146.854
147.087
147.322
147.561
147.791
148.023
148.261
148.49
148.726
148.93
149.152
149.355
149.556
149.76
149.968
150.168
150.398
150.598
150.8
151.037
151.266
151.468
151.669
151.874
152.102
152.303
152.509
152.737
152.97
153.201
153.433
