0.202240
0.202297
0.202365
0.202423
0.202474
0.202531
0.202598
0.202657
0.202710
0.202777
0.202843
0.209114
0.297894
0.468053
0.637085
0.760842
0.860293
0.948255
0.986588
1.007017
1.305783
1.656514
1.970109
2.145823
2.237013
2.302475
2.367899
2.452660
2.581262
2.721242
2.865244
3.006615
3.086341
3.129458
3.186958
3.289179
3.402739
3.495679
3.592933
3.669711
3.754949
3.824863
3.894380
3.978311
4.066033
4.143151
4.243157
4.340220
4.420577
4.462891
4.504160
4.576120
4.679329
4.835721
5.000869
5.190473
5.398453
5.654930
5.868597
6.095466
6.296473
6.501534
6.685141
6.901480
7.119666
7.344268
7.560391
7.735201
7.923969
8.105895
8.256176
8.403489
8.568383
8.721684
8.867730
8.985472
9.102530
9.250612
9.464103
9.682020
9.891392
10.087450
10.341639
10.557835
10.765097
10.992586
11.179642
11.394669
11.621864
11.854777
12.061946
12.273212
12.517776
12.724264
12.925319
13.121445
13.346998
13.530957
13.732914
13.896259
14.090026
14.270788
14.462698
14.664052
14.912506
15.129621
15.349744
15.602836
15.811442
16.000164
16.156740
16.288953
16.392370
16.525147
16.716234
16.956557
17.204130
17.434794
17.634333
17.768637
17.867195
17.926654
17.959462
18.009235
18.093750
18.231910
18.380422
18.581778
18.757171
18.936989
19.078305
19.183983
19.295589
19.431742
19.578555
19.765723
19.946193
20.060524
20.141418
20.224348
20.301392
20.387514
20.488839
20.633261
20.784253
20.959058
21.188533
21.395445
21.608142
21.813043
22.009463
22.131587
22.228044
22.305952
22.390744
22.531403
22.721316
22.947090
23.182773
23.381960
23.575077
23.796232
23.986551
24.155105
24.345582
24.523407
24.720994
24.947352
25.153280
25.303455
25.429530
25.553237
25.636255
25.730926
25.837962
25.953976
26.072919
26.178827
26.247207
26.294576
26.372631
26.521132
26.683132
26.867057
27.099629
27.335315
27.514849
27.677963
27.771952
27.830111
27.869625
27.926954
28.037285
28.173975
28.349586
28.594775
28.867944
29.102142
29.332601
29.589549
29.828545
30.020157
30.204131
30.387116
30.607240
30.830566
31.061764
31.267093
31.514547
31.725532
31.969033
32.177470
32.384641
32.591774
32.839201
33.057637
33.307107
33.532952
33.720126
33.840942
33.948536
34.045929
34.139042
34.269237
34.432602
34.567853
34.672386
34.810533
34.982719
35.183315
35.416811
35.634549
35.900852
36.132019
36.356775
36.602767
36.831451
37.005396
37.182207
37.331744
37.454178
37.635673
37.865581
38.070570
38.273172
38.413628
38.573117
38.763621
38.951982
39.149203
39.376424
39.597955
39.779602
39.992515
40.189981
40.396775
40.637279
40.816956
40.956984
41.060827
41.155183
41.229607
41.333987
41.451722
41.618049
41.773463
41.948066
42.109026
42.265238
42.452972
42.667991
42.933109
43.157257
43.366534
43.560782
43.778578
43.990789
44.177020
44.398000
44.592189
44.826778
45.021265
45.205462
45.327599
45.517120
45.728805
45.976493
46.199160
46.418889
46.652631
46.853237
47.080066
47.301538
47.527982
47.723469
47.919792
48.145878
48.341699
48.573323
48.812606
49.047099
49.246329
49.473926
49.703696
49.930853
50.128187
50.351360
50.575594
50.777277
50.988186
51.230270
51.461430
51.660767
51.902962
52.138139
52.361886
52.550617
52.779095
52.980064
53.213840
53.415252
53.652870
53.855612
54.085008
54.274587
54.497472
54.694944
54.925788
55.151207
55.331028
55.513120
55.701017
55.911423
56.107556
56.301466
56.467900
56.620473
56.743143
56.902019
57.084721
57.288290
57.472492
57.695611
57.919166
58.102277
58.280081
58.399501
58.514307
58.606154
58.719577
58.839036
59.028807
59.194611
59.338842
59.453500
59.577066
59.726647
59.892439
60.089683
60.246490
60.406327
60.546653
60.669159
60.818459
60.969256
61.135652
61.300759
61.360029
61.448935
61.642446
61.837180
62.037006
62.196116
62.312967
62.423928
62.556259
62.754582
62.933704
63.149558
63.400996
63.682663
63.955694
64.174820
64.414338
64.614953
64.808452
65.028343
65.198163
65.396111
65.592006
65.809254
66.040600
66.312294
66.533255
66.757731
66.906554
67.025066
67.154454
67.281555
67.428142
67.618494
67.828855
68.014390
68.202137
68.420589
68.611845
68.819328
69.023744
69.219717
69.389191
69.561932
69.739946
69.954830
70.147836
70.382988
70.584436
70.781879
71.003254
71.226366
71.428459
71.640120
71.856180
72.106965
72.343414
72.543149
72.775981
72.976028
73.209691
73.439493
73.639514
73.841494
74.077028
74.314616
74.545323
74.744768
74.979964
75.220383
75.442934
75.602941
75.739556
75.823769
75.912880
76.020519
76.139418
76.308988
76.511594
76.731923
76.933100
77.174751
77.387096
77.638952
77.884618
78.093303
78.297675
78.495960
78.720252
78.911282
79.134082
79.348727
79.559176
79.739081
79.951302
80.159872
80.337866
80.540410
80.712195
80.914139
81.086721
81.291503
81.508557
81.746650
81.958821
82.174721
82.425892
82.642975
82.894890
83.112790
83.370295
83.585852
83.796367
84.001344
84.233890
84.463155
84.659046
84.888036
85.095155
85.254409
85.350347
85.430105
85.483481
85.539664
85.630587
85.743913
85.894593
86.081812
86.324662
86.530835
86.726339
86.917908
87.146113
87.341264
87.535547
87.758287
87.979658
88.206747
88.428677
88.615651
88.793055
88.985147
89.150651
89.331705
89.528889
89.735192
89.982714
90.196987
90.402909
90.515103
90.555981
90.622490
90.724936
90.891695
91.064151
91.289929
91.530565
91.775320
92.004626
92.186932
92.352397
92.503407
92.670452
92.817280
92.988846
93.129809
93.285014
93.503060
93.714841
93.953229
94.164607
94.361523
94.540932
94.762614
94.992913
95.183562
95.399425
95.574444
95.724386
95.874828
96.046764
96.257435
96.476371
96.646501
96.795482
96.936071
97.080031
97.258366
97.444609
97.617033
97.831718
98.057095
98.246166
98.467180
98.691981
98.887240
99.114639
99.301930
99.481981
99.678940
99.865835
100.024516
100.208690
100.378073
100.507746
100.636108
100.735882
100.845887
100.979412
101.105069
101.243974
101.390198
101.592341
101.776025
101.986359
102.164747
102.291153
102.423759
102.548675
102.694185
102.861000
103.071347
103.245949
103.460745
103.671619
103.936592
104.166794
104.429542
104.593189
104.672026
104.784399
104.817574
104.851177
104.930806
105.096164
105.265563
105.456217
105.603957
105.760844
105.890741
106.045014
106.173053
106.299592
106.419901
106.549978
106.659715
106.793413
106.916177
107.074189
107.254206
107.423713
107.507090
107.581209
107.648841
107.746608
107.898568
108.088436
108.331690
108.514425
108.594527
108.626088
108.657919
108.723951
108.825876
108.977397
109.135501
109.278900
109.424406
109.586083
109.836861
110.201796
110.514604
110.859261
111.314687
111.802917
111.821812
111.838376
111.866838
111.880531
111.883423
111.899770
111.901830
111.907164
111.910730
111.926847
111.955119
111.985889
112.017987
112.042197
112.057655
112.078755
112.111339
112.140450
112.166683
112.183496
112.193145
112.202627
112.212941
112.231520
112.244263
112.276057
112.307937
112.333013
112.345396
112.360609
112.376878
112.386206
112.408013
112.412254
112.420113
112.426334
112.442048
112.462196
112.470669
112.474148
112.477903
112.481038
112.494188
112.500178
112.517028
112.540012
112.561382
112.575445
112.581259
112.588670
112.602722
112.611052
112.624885
