0.000000
0.000000
0.000000
41.647999
41.743000
41.757000
42.022999
42.055000
43.594002
48.021999
50.792000
51.268002
61.667999
73.619003
77.412003
85.139000
86.660004
87.037003
88.521004
90.412003
111.886002
127.762001
144.287003
154.093002
156.160004
156.949997
164.688995
174.182007
184.617004
192.923004
197.505997
201.957001
205.761002
219.875000
233.054001
250.718994
259.457001
264.674988
271.459991
278.683014
285.709991
295.186005
302.449005
306.813995
309.710999
311.510986
313.002991
315.670990
316.114990
316.115997
320.156006
320.345001
320.613007
323.200012
330.066010
332.065002
332.596008
332.598999
332.605988
332.610992
332.641998
332.696991
334.559998
334.561005
334.561005
334.561005
334.561005
334.562012
335.476013
336.058014
336.058014
336.058014
336.062012
336.062012
336.101013
336.101013
336.149994
345.502991
367.653992
369.967010
371.402008
371.757996
372.824005
372.958008
373.036011
373.053009
373.053986
373.071991
373.160004
375.226990
378.238007
378.773987
379.207001
382.932007
388.007996
395.848999
402.774994
405.859009
407.460999
407.713989
407.816986
407.960999
408.016998
408.027008
408.199005
420.432007
436.114014
448.674011
456.393005
468.846008
472.729004
473.809998
474.265991
475.290985
478.136993
487.716003
489.201996
493.973999
504.690002
507.910004
514.005981
519.953979
523.359009
527.229980
534.901978
539.223999
543.931030
553.705017
564.604980
567.817993
570.721008
572.914001
577.161011
580.632019
583.828979
587.281006
592.244019
595.710999
600.177002
604.713989
612.559998
619.273010
627.427979
644.085999
653.893005
659.982971
674.744995
684.760010
693.982971
707.327026
707.466980
707.468994
707.473999
711.604980
721.078003
721.664001
722.085999
722.098022
722.112000
722.174988
722.221008
722.252991
722.387024
722.406006
722.427979
722.559021
722.572998
722.575989
722.650024
722.650024
723.476013
725.340027
725.362976
725.960022
733.236023
736.366028
739.244995
744.828979
749.392029
757.843018
765.184021
771.318970
781.213013
786.562988
791.341003
800.064026
805.390991
810.294006
818.088989
822.859009
825.143005
825.807007
825.950989
825.955994
825.955994
825.955994
825.955994
826.046997
826.057983
826.057983
826.057983
826.057983
826.057983
826.057983
826.057983
826.059021
826.059021
826.059021
828.919006
828.919006
829.366028
830.031006
833.567993
846.617004
848.484985
848.817993
849.168030
852.132996
856.213013
862.549011
868.043030
875.270020
884.552979
895.559998
898.742004
903.418030
904.176025
904.221985
904.280029
904.289978
905.916992
920.497009
921.307983
922.684021
925.534973
927.104004
928.715027
930.130981
935.940979
939.263000
945.648010
953.481018
958.749023
958.961975
959.804993
959.999023
963.437012
966.724976
972.953003
977.908020
982.010986
991.268982
992.632019
992.783997
998.572998
1013.911987
1016.306030
1017.119019
1018.096008
1019.718994
1022.786987
1030.462036
1030.462036
1030.462036
1030.586060
1038.561035
1044.909058
1047.250977
1048.521973
1048.729980
1048.729980
1048.729980
1048.729980
1048.729980
1048.810059
1050.844971
1050.993042
1050.993042
1050.993042
1050.993042
1050.993042
1050.993042
1050.993042
1050.993042
1050.993042
1050.993042
1050.993042
1050.993042
1050.993042
1050.993042
1050.993042
1050.993042
1050.993042
1050.993042
1050.993042
1050.993042
1050.993042
1050.993042
1050.993042
1050.993042
1050.993042
1050.993042
1050.993042
1050.993042
1050.993042
