0.881137
0.88133
2.3085
2.84218
3.30797
3.81826
4.32605
4.81259
5.3123
5.81246
6.31277
6.81224
7.31213
7.84117
8.31199
8.81209
9.31308
9.82365
10.3172
10.816
11.3382
11.8163
12.3162
12.8509
13.3167
13.8164
14.3181
14.8209
15.3203
15.8511
16.3204
16.8206
17.3201
17.8498
18.3207
18.8218
19.3242
19.8242
20.3403
20.8238
21.3247
21.8569
22.3243
22.8245
23.3246
23.8242
24.3283
24.8286
25.3286
25.8282
26.3287
26.8279
27.3285
27.828
28.347
28.8321
29.3327
29.8329
30.3321
30.8323
31.3319
31.832
32.3327
32.8327
33.3355
33.8573
34.3371
34.8357
35.3361
35.836
36.3366
36.8367
37.3363
37.8382
38.3398
38.8399
39.3408
39.841
40.359
40.8401
41.341
41.8514
42.3404
42.8412
43.3739
43.844
44.3443
44.844
45.3439
45.8441
46.3447
46.8442
47.3442
47.8601
48.3472
48.848
49.3664
49.8476
50.3484
50.8486
51.3484
51.8547
52.3491
52.8485
53.3514
53.8797
54.353
54.8521
55.3518
55.8519
56.3525
56.8523
57.361
57.8528
58.3557
58.856
59.3564
59.8564
60.3766
60.8568
61.3571
61.8567
62.3556
62.8569
63.3782
63.8602
64.3602
64.861
65.3899
65.8602
66.3607
66.8603
67.3603
67.8602
68.3604
68.8631
69.3859
69.864
70.3645
70.8646
71.3647
71.8644
72.365
72.8945
73.3643
73.8649
74.3887
74.869
75.3679
75.8684
76.3683
76.8679
77.3676
77.8684
78.3685
78.8686
79.3813
79.8718
80.372
80.8804
81.3729
81.8721
82.372
82.8804
83.3724
83.8724
84.3885
84.8724
85.3785
85.8763
86.3764
86.8761
87.3759
87.8761
88.3762
88.8765
89.376
89.8769
90.3759
90.879
91.3804
91.8796
92.3804
92.8805
93.3803
93.88
94.381
94.8826
95.4054
95.8843
96.3841
96.8838
97.3928
97.8848
98.3847
98.8845
99.3902
99.8846
100.384
100.884
101.389
101.889
102.388
102.889
103.389
103.889
104.388
104.903
105.388
105.888
106.395
106.892
107.392
107.912
108.392
108.892
109.393
109.892
110.392
110.895
111.397
111.896
112.397
112.896
113.397
113.896
114.396
114.897
115.41
115.896
116.396
116.896
117.401
117.9
118.402
118.9
119.4
119.9
120.4
120.901
121.401
121.901
122.41
122.904
123.404
123.904
124.405
124.904
125.404
125.905
126.404
126.904
127.413
127.906
128.408
128.908
129.431
129.911
130.408
130.922
131.408
131.908
132.409
132.912
133.412
133.924
134.413
134.912
135.412
135.913
136.412
136.913
137.412
137.913
138.416
138.917
139.416
139.916
140.417
140.916
141.417
141.916
142.417
142.917
143.417
143.921
144.42
144.92
145.421
145.921
146.421
146.92
147.42
147.923
148.425
148.924
149.425
149.924
150.424
150.925
151.425
151.925
152.424
152.924
153.425
