PlannedQuinticReference planningReference(
    n_segments = 33,
    p_x = {
      -55.58, -54.83, -54.83, -54.83, -54.08, -53.33,
      -52.58, -51.83, -51.08, -50.33, -49.58, -48.83,
      -48.08, -47.33, -46.58, -45.83, -45.08, -44.33,
      -43.58, -42.83, -42.08, -41.33, -40.58, -39.83,
      -39.08, -38.33, -37.58, -36.83, -36.08, -35.33,
      -34.58, -33.83, -33.08, -32.33, -32.33, -32.33,
      -32.33, -32.33, -32.33, -32.33, -32.33, -32.33,
      -32.33, -32.33, -32.33, -32.33, -32.33, -32.33,
      -32.33, -32.33, -32.33, -32.33, -32.33, -32.33,
      -32.33, -32.33, -32.33, -32.33, -32.33, -32.33,
      -32.33, -32.33, -32.33, -32.33, -32.33, -32.33,
      -32.33, -32.33, -32.33, -32.33, -32.33, -32.33,
      -32.33, -32.33, -32.33, -32.33, -32.33, -32.33,
      -32.33, -32.33, -32.33, -32.33, -32.33, -32.33,
      -32.33, -32.33, -32.33, -32.33, -32.33, -32.33,
      -32.33},
    p_y = {
      -24.48, -23.73, -22.98, -22.23, -22.23, -22.23,
      -22.23, -22.23, -22.23, -22.23, -22.23, -22.23,
      -22.23, -22.23, -22.23, -22.23, -22.23, -22.23,
      -22.23, -22.23, -22.23, -22.23, -22.23, -22.23,
      -22.23, -22.23, -22.23, -22.23, -22.23, -22.23,
      -22.23, -22.23, -22.23, -22.23, -22.23, -22.23,
      -22.23, -22.23, -22.23, -22.23, -22.23, -22.23,
      -22.23, -22.23, -22.23, -22.23, -22.23, -22.23,
      -22.23, -22.23, -22.23, -22.23, -22.23, -22.23,
      -22.23, -22.23, -22.23, -22.23, -22.23, -22.23,
      -22.23, -22.23, -22.23, -22.23, -22.23, -22.23,
      -22.23, -22.23, -22.23, -22.23, -22.23, -22.23,
      -22.23, -22.23, -22.23, -22.23, -22.23, -22.23,
      -22.23, -22.23, -22.23, -22.23, -22.23, -22.23,
      -22.23, -22.23, -22.23, -22.23, -22.23, -22.23,
      -22.23},
    p_z = {
      1.9, 1.9, 1.9, 1.9, 1.9, 1.9,
      1.9, 1.9, 1.9, 1.9, 1.9, 1.9,
      1.9, 1.9, 1.9, 1.9, 1.9, 1.9,
      1.9, 1.9, 1.9, 1.9, 1.9, 1.9,
      1.9, 1.9, 1.9, 1.9, 1.9, 1.9,
      1.9, 1.9, 1.9, 1.9, 1.9, 1.9,
      1.9, 1.9, 1.9, 1.9, 1.9, 1.9,
      1.9, 1.9, 1.9, 1.9, 1.9, 1.9,
      1.9, 1.9, 1.9, 1.9, 1.9, 1.9,
      1.9, 1.9, 1.9, 1.9, 1.9, 1.9,
      1.9, 1.9, 1.9, 1.9, 1.9, 1.9,
      1.9, 1.9, 1.9, 1.9, 1.9, 1.9,
      1.9, 1.9, 1.9, 1.9, 1.9, 1.9,
      1.9, 1.9, 1.9, 1.9, 1.9, 1.9,
      1.9, 1.9, 1.9, 1.9, 1.9, 1.9,
      1.9},
    segment_duration = {
      1.32582521472, 0.9375, 0.9375, 0.9375, 0.9375, 0.9375,
      0.9375, 0.9375, 0.9375, 0.9375, 0.9375, 0.9375,
      0.9375, 0.9375, 0.9375, 0.9375, 0.9375, 0.9375,
      0.9375, 0.9375, 0.9375, 0.9375, 0.9375, 0.9375,
      0.9375, 0.9375, 0.9375, 0.9375, 0.9375, 0.9375,
      0.9375, 0.9375, 0.9375, 1, 1, 1,
      1, 1, 1, 1, 1, 1,
      1, 1, 1, 1, 1, 1,
      1, 1, 1, 1, 1, 1,
      1, 1, 1, 1, 1, 1,
      1, 1, 1, 1, 1, 1,
      1, 1, 1, 1, 1, 1,
      1, 1, 1, 1, 1, 1,
      1, 1, 1, 1, 1, 1,
      1, 1, 1, 1, 1, 1});
