9.50072
12.3079
22.3601
22.5488
22.5586
22.5798
22.5997
22.771
22.793
23.2488
25.7703
25.7877
25.8077
25.8285
27.5482
27.5602
27.5714
29.2797
41.775
42.1992
42.2128
42.2286
50.7177
64.454
65.1315
65.144
65.1649
65.1844
66.9001
66.9152
67.0911
67.1119
67.1341
67.7235
67.7438
67.7639
67.7845
67.8043
67.8239
67.8437
67.8627
67.8832
69.5185
69.5326
69.5487
69.5591
69.5803
69.6002
69.6195
69.7159
69.7375
69.9193
69.932
69.9472
77.4271
81.1587
81.1709
83.6469
83.6632
83.6839
83.7052
85.359
91.4988
91.7052
91.7234
97.9153
100.336
100.348
100.367
100.388
100.407
100.428
102.076
102.09
102.109
102.129
102.152
102.172
102.188
102.208
102.94
102.953
102.972
102.99
103.014
103.14
103.151
103.175
103.19
103.211
103.232
103.251
103.272
103.291
103.314
103.333
116.263
116.282
117.804
117.824
123.402
124.9
124.911
124.931
124.951
132.971
132.99
137.249
138.939
138.961
152.465
152.48
152.491
152.511
152.533
154.359
155.954
156.154
186.863
189.528
189.549
189.568
189.588
189.608
189.627
189.649
189.672
189.688
189.72
189.739
189.76
189.779
189.8
189.818
189.842
189.863
189.879
189.901
189.92
189.951
189.968
189.991
190.006
190.03
190.047
190.067
190.093
190.124
190.14
190.159
190.18
190.199
190.223
190.24
190.262
190.282
190.299
190.324
190.343
190.359
190.383
190.41
190.428
190.45
190.467
190.489
190.509
190.532
190.548
190.572
190.587
190.609
190.632
190.652
190.668
190.693
190.71
190.732
190.751
190.77
190.793
190.81
190.832
190.85
190.87
190.896
190.91
190.93
190.955
190.97
190.991
191.011
191.03
191.052
191.071
191.093
191.115
191.132
191.151
191.176
191.191
191.212
191.233
191.26
191.282
191.309
191.323
191.344
191.37
191.393
191.411
191.437
191.451
191.467
191.483
191.506
191.528
191.543
191.566
191.583
191.603
191.625
191.643
191.664
191.679
191.703
191.727
191.743
191.765
191.789
191.803
191.823
191.847
191.864
191.88
191.903
191.923
191.946
191.964
191.983
192.003
192.026
192.049
192.077
192.106
192.124
192.144
192.167
192.183
192.207
192.223
192.243
192.267
192.283
192.31
192.332
192.352
192.375
192.396
192.413
192.435
192.454
192.471
192.494
192.508
192.527
192.545
192.564
192.588
192.603
192.623
192.645
192.662
192.685
192.707
192.723
192.737
192.763
192.784
192.803
192.822
192.846
192.863
192.885
192.91
192.936
192.951
192.975
192.991
193.011
193.032
193.051
193.072
193.093
193.113
193.133
193.152
193.178
193.204
193.225
193.245
193.266
193.287
193.307
193.327
193.347
193.367
193.383
193.403
193.424
193.448
193.463
193.485
193.504
193.522
193.545
193.565
193.585
193.612
193.634
193.652
193.676
193.69
193.711
193.735
193.751
193.775
193.793
193.814
193.832
193.851
193.875
193.893
193.91
193.935
193.953
193.972
193.993
194.011
194.033
194.052
194.073
194.094
194.112
194.131
194.158
194.189
194.217
194.232
194.249
194.263
194.287
194.303
194.324
194.35
194.373
194.39
194.415
194.431
194.451
194.478
194.508
194.524
194.545
194.567
194.582
194.603
194.628
194.644
194.668
194.682
194.703
194.725
194.743
194.768
194.783
194.802
194.827
194.843
194.863
194.887
194.909
194.932
194.957
194.97
194.992
195.012
195.032
195.055
195.071
195.091
195.114
195.131
195.153
195.17
195.19
195.215
195.232
195.251
195.271
195.294
195.313
195.335
195.35
195.373
195.394
195.411
195.436
195.453
195.474
195.492
195.511
195.534
195.556
195.579
195.602
195.629
195.643
195.666
195.688
195.703
195.725
195.75
195.766
195.781
195.805
195.826
195.847
195.868
195.89
195.906
195.926
195.948
195.968
195.983
196.008
196.029
196.048
196.067
196.087
196.111
196.133
196.147
196.171
196.185
196.209
196.232
196.247
196.269
196.29
196.307
196.331
196.346
196.367
196.391
196.413
196.435
196.459
196.475
196.497
196.518
196.535
196.56
196.574
196.594
196.62
196.634
196.65
196.667
196.69
196.711
196.73
196.746
196.767
196.788
196.81
196.827
196.847
196.87
196.885
196.909
196.932
196.949
196.971
196.986
197.008
197.031
197.047
197.071
197.087
197.107
197.133
197.147
197.167
197.191
197.206
197.228
197.248
197.267
197.293
197.315
197.335
197.359
197.375
197.395
197.418
197.435
197.456
197.478
197.496
197.521
197.539
197.555
197.58
197.596
197.619
197.638
197.656
197.679
197.696
197.714
197.742
197.756
197.774
197.8
197.815
197.84
197.855
197.875
197.901
197.914
197.936
197.957
197.975
197.999
198.014
198.035
198.06
198.075
198.096
198.119
198.135
198.16
198.176
198.19
198.207
198.226
198.252
198.266
198.29
198.308
198.326
198.347
198.367
198.387
198.412
198.427
198.447
198.47
198.486
198.511
198.529
198.547
198.573
198.587
198.608
198.631
198.653
198.674
198.699
198.715
198.735
198.755
198.775
198.798
198.815
198.835
198.856
198.876
198.896
198.918
198.936
198.961
198.98
198.995
199.021
199.062
199.084
199.099
199.12
199.141
199.16
199.181
199.2
199.218
199.243
199.257
199.28
199.304
199.319
199.342
199.361
199.379
199.403
199.419
199.44
199.462
199.487
199.507
199.533
199.564
199.578
199.6
199.618
199.638
199.662
199.681
199.695
199.721
199.742
199.761
199.783
199.798
199.821
199.842
199.859
199.883
199.898
199.92
199.943
199.958
199.981
200
200.019
200.042
200.058
200.08
200.104
200.127
200.147
200.171
200.187
200.208
200.232
200.247
200.273
200.301
200.329
200.347
200.367
200.389
200.407
200.43
200.449
200.467
200.492
200.507
200.536
200.56
200.584
200.599
200.622
200.64
200.659
200.682
200.698
200.724
200.739
200.758
200.782
200.799
200.819
200.845
200.86
200.879
200.905
200.928
200.947
200.966
200.99
201.011
201.028
201.047
201.071
201.087
201.107
201.132
201.148
201.167
201.19
201.206
201.233
201.248
201.267
201.292
201.309
201.328
201.35
201.369
201.391
201.404
201.421
201.445
201.461
201.486
201.501
201.522
201.548
201.561
201.584
201.602
201.621
201.637
201.65
201.675
201.69
201.712
201.737
201.75
201.774
201.794
201.81
201.837
201.854
201.873
201.894
201.911
201.935
201.952
201.971
201.995
202.011
202.032
202.055
202.075
202.092
202.113
202.132
202.155
202.171
202.192
202.21
202.231
202.251
202.277
202.291
202.313
202.333
202.352
202.375
202.391
202.411
202.431
202.452
202.474
202.493
202.511
202.535
202.551
202.57
202.59
202.611
202.632
202.654
202.673
202.694
202.709
202.723
202.743
202.766
202.785
202.805
202.827
202.843
202.864
202.888
202.905
202.928
202.943
202.963
202.989
203.003
203.024
203.047
203.063
203.087
203.104
203.123
203.145
203.164
203.184
203.203
203.222
203.245
203.264
203.283
203.306
203.322
203.344
203.378
203.406
203.424
203.443
203.468
203.483
203.504
203.528
203.543
203.565
203.578
203.605
203.628
203.643
203.663
203.687
203.703
203.728
203.743
203.762
203.787
203.809
203.825
203.842
203.863
203.888
203.906
203.927
203.948
203.963
203.982
204.012
204.036
204.05
204.077
204.09
204.111
204.136
204.15
204.175
204.192
204.211
204.235
204.251
204.272
204.292
204.31
204.336
204.352
204.372
204.396
204.411
204.432
204.455
204.474
204.495
204.515
204.534
204.556
204.571
204.596
204.615
204.631
204.655
204.674
204.691
204.714
204.731
204.753
204.774
204.79
204.818
204.831
204.851
204.877
204.89
204.911
204.936
204.951
204.974
204.992
205.018
205.044
205.069
205.083
205.104
205.128
205.146
205.167
205.183
205.203
205.217
205.231
205.255
205.271
205.296
205.312
205.331
205.355
205.37
205.393
205.414
205.43
205.458
205.486
205.505
205.523
205.548
205.563
205.584
205.608
205.622
205.646
205.66
205.683
205.709
205.723
205.744
205.767
205.783
205.805
205.823
205.842
205.865
205.883
205.905
205.922
205.942
205.967
205.983
206.002
206.026
206.043
206.063
206.094
206.112
206.133
206.156
206.173
206.194
206.214
206.231
206.254
206.271
206.296
206.313
206.333
206.352
206.375
206.391
206.415
206.436
206.454
206.477
206.494
206.512
206.532
206.552
206.575
206.59
206.611
206.635
206.651
206.674
206.697
206.735
206.751
206.772
206.791
206.811
206.832
206.854
206.87
206.892
206.912
206.931
206.963
206.989
207.006
207.027
207.046
207.063
207.087
207.102
207.123
207.148
207.162
207.186
207.209
207.223
207.245
207.264
207.286
207.306
207.323
207.347
207.368
207.383
207.397
207.412
207.44
207.454
207.476
207.494
207.517
207.536
207.559
207.574
207.6
207.615
207.634
207.659
207.675
207.695
207.718
207.735
207.759
207.776
207.795
207.822
207.847
207.867
207.887
207.907
207.926
207.948
207.968
207.986
208.009
208.027
208.049
208.072
208.087
208.111
208.129
208.147
208.172
208.186
208.207
208.231
208.247
208.277
208.297
208.315
208.338
208.357
208.374
208.399
208.416
208.436
208.456
208.475
208.496
208.516
208.537
208.558
208.574
208.594
208.621
208.634
208.656
208.679
208.694
208.718
208.75
208.769
208.787
208.812
208.829
208.85
208.871
208.887
208.915
208.94
208.954
208.972
208.986
209.011
209.031
209.046
209.069
209.089
209.108
209.128
209.149
209.178
209.198
209.221
209.24
209.258
209.275
209.298
209.322
209.353
209.37
209.39
209.407
209.429
209.452
209.467
209.492
209.512
209.527
209.55
209.568
209.591
209.608
209.627
209.649
209.67
209.687
209.708
209.728
209.746
209.773
209.791
209.807
209.83
209.847
209.869
209.89
209.906
209.933
209.946
209.969
209.989
210.007
210.028
210.047
210.081
210.101
210.124
210.138
210.16
210.184
210.2
210.23
210.249
210.267
210.29
210.31
210.327
210.35
210.368
210.388
210.412
210.43
210.447
210.469
210.487
210.512
210.53
210.547
210.572
210.587
210.607
210.63
210.647
210.661
210.678
210.701
210.724
210.74
210.763
210.779
210.8
210.823
210.843
210.863
210.881
210.899
210.921
210.941
210.962
210.983
210.998
211.022
211.041
211.059
211.082
211.1
211.119
211.142
211.16
211.181
211.203
211.221
211.245
211.259
211.279
211.305
211.319
211.339
211.361
211.379
211.404
211.418
211.44
211.463
211.479
211.503
211.521
211.538
211.563
211.578
211.599
211.622
211.638
211.666
211.691
211.706
211.728
211.75
211.766
211.79
211.803
211.819
211.841
211.859
211.885
211.899
211.919
211.944
211.959
211.983
212.001
212.021
212.04
212.06
212.081
212.102
212.123
212.143
212.16
212.179
212.204
212.219
212.238
212.262
212.278
212.301
212.321
212.339
212.363
212.383
212.399
212.424
212.439
212.465
212.482
212.501
212.526
212.552
212.567
212.59
212.609
212.629
212.652
212.666
212.69
212.707
212.728
212.749
212.77
212.787
212.812
212.828
212.852
212.87
212.887
212.911
212.936
212.964
212.98
213.007
213.02
213.041
213.065
213.081
213.103
213.124
213.143
213.169
213.196
213.21
213.234
213.256
213.272
213.294
213.312
213.339
213.363
213.389
213.403
213.427
213.446
213.463
213.486
213.502
213.523
213.546
213.564
213.586
213.602
213.622
213.644
213.664
213.682
213.708
213.723
213.744
213.778
213.797
213.814
213.838
213.856
213.875
213.899
213.915
213.934
213.96
213.978
213.996
214.016
214.035
214.058
214.075
214.096
214.118
214.135
214.158
214.179
214.194
214.22
214.235
214.255
214.28
214.295
214.316
214.337
214.355
214.379
214.395
214.409
214.438
214.454
214.479
214.495
214.515
214.538
214.555
214.577
214.596
214.611
214.637
214.656
214.675
214.7
214.714
214.735
214.759
214.776
214.799
214.812
214.837
214.86
214.875
214.897
214.918
214.934
214.959
214.976
214.995
215.02
215.038
215.055
215.088
215.107
215.126
215.148
215.167
215.187
215.212
215.226
215.242
215.269
215.286
215.311
215.327
215.346
215.37
215.389
215.41
215.431
215.447
215.467
215.487
215.509
215.531
215.547
215.57
215.592
215.607
215.632
215.645
215.667
215.689
215.71
215.727
215.751
215.767
215.79
215.808
215.831
215.851
215.871
215.887
215.907
215.931
215.951
215.967
215.987
216.011
216.026
216.049
216.07
216.085
216.11
216.128
216.146
216.171
216.186
216.207
216.231
216.247
216.269
216.288
216.309
216.328
216.349
216.369
216.392
216.407
216.429
216.448
216.471
216.492
216.508
216.53
216.544
216.566
216.591
216.607
216.627
216.65
216.671
216.689
216.711
216.726
216.752
216.779
216.801
216.818
216.839
216.854
216.878
216.897
216.919
216.941
216.959
216.982
217.01
217.03
217.047
217.072
217.092
217.108
217.13
217.147
217.167
217.187
217.207
217.231
217.248
217.27
217.294
217.322
217.351
217.369
217.388
217.412
217.429
217.452
217.469
217.489
217.509
217.529
217.552
217.574
217.59
217.616
217.643
217.658
217.679
217.704
217.719
217.74
217.761
217.788
217.81
217.837
217.852
217.871
217.897
217.91
217.936
217.951
217.971
217.997
218.024
218.039
218.063
218.08
218.099
218.124
218.139
218.159
218.183
218.202
218.231
218.253
218.271
218.29
218.315
218.331
218.352
218.375
218.39
218.415
218.428
218.451
218.474
218.491
218.511
218.533
218.553
218.574
218.591
218.611
218.635
218.66
218.678
218.703
218.719
218.739
218.763
218.779
218.801
218.821
218.839
218.859
218.881
218.897
218.924
218.94
218.963
218.98
219
219.021
219.039
219.059
219.082
219.096
219.11
219.133
219.154
219.175
219.193
219.214
219.236
219.253
219.276
219.291
219.315
219.329
219.351
219.375
219.393
219.413
219.434
219.45
219.472
219.496
219.512
219.535
219.559
219.579
219.599
219.625
219.658
219.681
219.699
219.722
219.741
219.759
219.78
219.8
219.823
219.841
219.861
219.883
219.904
219.924
219.944
219.959
219.984
219.999
220.024
220.046
220.077
220.106
220.126
220.143
220.167
220.184
220.207
220.223
220.243
220.263
220.282
220.303
220.322
220.343
220.364
220.383
220.404
220.426
220.448
220.465
220.486
220.503
220.525
220.545
220.563
220.587
220.602
220.622
220.643
220.658
220.686
220.703
220.722
220.746
220.765
220.785
220.807
220.822
220.844
220.858
220.883
220.906
220.924
220.944
220.963
220.983
221.005
221.023
221.043
221.058
221.082
221.103
221.123
221.143
221.162
221.183
221.202
221.223
221.242
221.263
221.283
221.298
221.325
221.343
221.365
221.388
221.403
221.423
221.449
221.472
221.491
221.515
221.53
221.543
221.564
221.584
221.608
221.622
221.646
221.664
221.683
221.708
221.722
221.744
221.757
221.771
221.79
221.81
221.835
221.851
221.875
221.898
221.927
221.943
221.966
221.988
222.002
222.03
222.043
222.063
222.086
222.103
222.122
222.143
222.164
222.197
222.212
222.231
222.253
222.272
222.29
222.313
222.33
222.354
222.373
222.397
222.411
222.432
222.453
222.474
222.493
222.516
222.533
222.551
222.576
222.592
222.61
222.628
222.642
222.67
222.697
222.711
222.733
222.755
222.771
222.796
222.81
222.847
222.864
222.89
222.911
222.931
222.955
222.971
222.996
223.016
223.031
223.055
223.068
223.082
