6.7979e-05
0.00999141
0.000544694
0.01022
0.000522781
0.00123465
0.00127958
0.000879458
0.00230236
0.0110617
0.00378279
0.0015606
0.00149803
0.00213385
0.0103385
0.00164357
0.000953384
0.00914648
0.000537959
0.000929523
0.00091403
0.00258713
0.00387059
0.00341364
0.00937186
0.00146287
0.00249533
0.00175435
0.00638698
0.000628499
0.000872761
0.00147226
0.00105681
0.00132629
0.0019853
0.00179277
0.00198027
0.00169846
0.00116856
0.00124876
0.000751
0.00127603
0.000504453
0.00162016
0.00237197
0.00113705
0.00153351
0.00221321
0.00108207
0.00160417
0.00342564
0.000628029
0.00323318
0.00107658
0.0014711
0.000649032
0.000463802
0.0169494
0.000434548
0.0014655
0.00298677
0.00103855
0.00451598
0.00248311
0.000982038
0.0052585
0.00242297
0.000991809
0.000818454
0.00157918
0.000792324
0.00114331
0.00115909
0.00332701
0.00223806
0.00228486
0.00448745
0.0048729
0.00120539
0.000877063
0.00137652
0.00251829
0.00128089
0.000620078
0.00387172
0.00132
0.000978862
0.00492397
0.000657397
0.00105935
0.00198603
0.000896133
0.00150558
0.000940513
0.00325105
0.00336931
0.000511356
0.000633718
0.000816538
0.0011432
0.00358024
0.0025517
0.000556248
0.00116703
0.000757925
0.00536663
0.000789072
0.00707319
0.000340755
0.00695437
0.00568128
0.00148677
0.00121165
0.00079436
0.00268995
0.00087854
0.00316799
0.000519374
0.00073036
0.00485513
0.00656511
0.00563739
0.00553426
0.00646803
0.00439064
0.00677035
0.00934505
0.00578422
0.00438742
0.00487689
0.00570368
0.0043474
0.0059026
0.00431202
0.0083661
0.00881761
0.00434824
0.00642798
0.00619819
0.00422292
0.00589642
0.00874729
0.00440562
0.00791484
0.00517764
0.00434872
0.0105302
0.0100794
0.00550164
0.00487558
0.00422557
0.00427474
0.00913602
0.00563125
0.00777086
0.0081092
0.00427144
0.0106058
0.00915234
0.00498629
0.00778155
0.00431635
0.00530432
0.00736807
0.00486106
0.00642016
0.00697917
0.0102536
0.0056054
0.009045
0.00432353
0.00539679
0.00878673
0.00415328
0.00477221
0.00909695
0.00504039
0.00789573
0.00564149
0.00471399
0.0072393
0.00436274
0.00713008
0.0042152
0.00448048
0.00988865
0.00425637
0.00441147
0.00943423
0.00427939
0.00570074
0.00592199
0.00425545
0.00424765
0.00467292
0.00699292
0.00961918
0.0054691
0.00471896
0.00995592
0.00476449
0.00617729
0.00627464
0.00424231
0.00442779
0.0101518
0.00419791
0.00573355
0.0116184
0.00595009
0.00442136
0.0104759
0.0044143
0.00423196
0.00482367
0.00779326
0.00964509
0.00441727
0.00845293
0.00516392
0.00442031
0.00740471
0.00453623
0.00613548
0.00426059
0.0043192
0.00840576
0.00484138
0.00659767
0.0102546
0.00423643
0.00566983
0.00888547
0.00535886
0.00424134
0.00495441
0.0045745
0.00748593
0.00642094
0.0050879
0.00429881
0.00786248
0.0102891
0.0108323
0.00439311
0.0050485
0.00595025
0.00842582
0.00430606
0.00846258
0.00523014
0.00439343
0.00849129
0.004243
0.00432004
0.00603075
0.00621739
0.00888202
0.00995694
0.00676571
0.00844981
0.00794888
0.00430402
0.00845718
0.00432456
0.00830035
0.00693494
0.00564516
0.0104322
0.00449872
0.00448765
0.00644375
0.00442058
0.00659833
0.00874217
0.00485401
0.00418992
0.00477574
0.00545794
0.00473343
0.00425314
0.00739239
0.00460886
0.00647184
0.0113413
0.0100624
0.00421855
0.00429115
0.00478837
0.00488019
0.00536091
0.00520293
0.00645238
0.00700941
0.00663051
0.0071401
0.00570122
0.00433015
0.00534579
0.00614536
0.00684354
0.00817507
0.00884596
0.00789119
0.00833929
0.00871828
0.00855553
0.00425884
0.0047744
0.00540542
0.00957136
0.00436311
0.00655381
0.00556668
0.00445283
0.00648484
0.00617131
0.00686611
0.00497121
0.00692228
0.0059137
0.00980678
0.00431941
0.00492503
0.00937671
0.0051805
0.00846841
0.00666492
0.00429551
0.0055391
0.00538758
0.00867819
0.00730844
0.00426508
0.00890308
0.00667635
0.00609272
0.00744034
0.00449904
0.00663696
0.00530754
0.00544892
0.00742231
0.00626445
0.00510162
0.0117556
0.0109927
0.0104236
0.00529115
0.004308
0.00440809
0.00866472
0.00457998
0.00640539
0.0115583
0.00723001
0.00430055
0.00906782
0.0044777
0.00424556
0.00432621
0.00906035
0.00497924
0.00651309
0.00880735
0.00421442
0.0048841
0.00945606
0.004645
0.00972074
0.00419569
0.0052257
0.00757309
0.00456054
0.00984353
0.00453528
0.00439443
0.00880581
0.00441551
0.00554234
0.00891692
0.00423595
0.00568792
0.0104347
0.00424199
0.00502033
0.0053121
0.00549242
0.00905618
0.00476612
0.00462468
0.00432108
0.00489828
0.00669427
0.00426133
0.00434355
0.00793058
0.00567155
0.00475968
0.00440184
0.00662886
0.00677733
0.00875224
0.00425497
0.0071512
0.00793206
0.00460758
0.00941685
0.00654971
0.00812727
0.00538006
0.00510432
0.00755399
0.00912977
0.00418426
0.00435556
0.00934033
0.00420738
0.00769208
0.00959909
0.00433278
0.00571318
0.0109848
0.00672152
0.00566256
0.00538574
0.00543545
0.00705871
0.00715444
0.0093141
0.00423668
0.00476387
0.00603122
0.00581897
0.00421255
0.00568531
0.00680109
0.00618654
0.00442336
0.00428531
0.00843452
0.0106097
0.00478043
0.0089817
0.00416535
0.00646023
0.00966376
0.00439202
0.00704611
0.0080079
0.00441919
0.00902076
0.00423787
0.00495452
0.00880593
0.0047716
0.00446452
0.00918029
0.00435343
0.00616948
0.00747618
0.00487415
0.00911478
0.00425193
0.00422114
0.00948329
0.00449816
0.00422977
0.00578597
0.00769777
0.00845558
0.00721691
0.00440474
0.00477485
0.00540769
0.00708588
0.00442822
0.00476511
0.00783973
0.00423453
0.00711046
0.010427
0.00669545
0.00858156
0.00439727
0.00617471
0.00841525
0.00421892
0.00874045
0.0042504
0.00437506
0.0104653
0.00418975
0.00510884
0.00907321
0.00432226
0.00592604
0.00625268
0.0045365
0.0104105
0.00418576
0.00552154
0.00846006
0.00436443
0.00441434
0.00892783
0.00455174
0.00648181
0.00788583
0.00568374
0.0109372
0.0060431
0.0046616
0.00903395
0.00531193
0.00924003
0.00805773
0.00557488
0.00810485
0.00493405
0.00454394
0.0109319
0.004236
0.00448761
0.00963077
0.0043826
0.00967882
0.00450732
0.00452976
0.0101506
0.00431752
0.00535407
0.00420024
0.0043154
0.00829643
0.00450113
0.00534978
0.0102428
0.00429251
0.00525339
0.00779187
0.00445658
0.00930525
0.00516575
0.00435193
0.00507063
0.00434177
0.00921905
0.00421907
0.0071293
0.00602615
0.00440098
0.00454964
0.00464329
0.00434358
0.0101263
0.00432147
0.00461062
0.00839781
0.00428922
0.00840483
0.00631274
0.00436972
0.0107815
0.004209
0.00576512
0.00888719
0.00420863
0.00454674
0.0089349
0.00431685
0.00554861
0.0051521
0.00423061
0.00759206
0.00430931
0.00429459
0.004357
0.0051442
0.00596816
0.00830192
0.00645504
0.0105777
0.00907869
0.0050654
0.0108106
0.00452832
0.00907516
0.0043982
0.00507885
0.00774711
0.00548486
0.00724885
0.00558628
0.00434754
0.00896119
0.00417557
0.0050098
0.00949269
0.00455667
0.00836456
0.00620065
0.0043298
0.00813116
0.00445372
0.00610034
0.00847497
0.00451374
0.00426357
0.00786506
0.0102053
0.00421665
0.00545402
0.00427993
0.00428336
0.00782131
0.0063999
0.00426914
0.00678962
0.00813525
0.00672115
0.00837993
0.00427163
0.00634886
0.00730344
0.00476681
0.00919829
0.00416255
0.00507336
0.00943011
0.00428939
0.0070119
0.00550917
0.00534214
0.00856823
0.00423376
0.00494438
0.00913213
0.00459312
0.00433519
0.00938789
0.00423999
0.00594193
0.00909417
0.0049739
0.0102807
0.00696986
0.00435366
0.00478498
0.00527598
0.00613244
0.00471544
0.0077528
0.00704394
0.00512256
0.0093031
0.00435627
0.00434025
0.00567633
0.00927854
0.0047737
0.00772756
0.00594652
0.00450397
0.00846425
0.00428264
0.00908812
0.00432331
0.00431963
0.00727181
0.00488341
0.00452703
0.00992398
0.00549644
0.00486629
0.0100692
0.00583248
0.00478131
0.0045532
0.00766981
0.00901402
0.00426018
0.0042066
0.00838054
0.00478369
0.0042537
0.00954545
0.00527891
0.00426938
0.00728817
0.00429952
0.0074005
0.00574869
0.00423003
0.00902543
0.00638325
0.00512931
0.00773218
0.00643392
0.00816013
0.00421352
0.00535073
0.00912082
0.00521634
0.00978498
0.00417009
0.00497396
0.00972087
0.00428265
0.0072707
0.00545602
0.00431905
0.00428277
0.00446335
0.00973155
0.0042299
0.00598973
0.0105038
0.00432161
0.00816836
0.00709331
0.00445555
0.010226
0.00794859
0.00428594
0.0080359
0.00437857
0.0062264
0.00609632
0.00447025
0.00930941
0.00418438
0.00563698
0.00908266
0.00453327
0.00589428
0.00628395
0.00427918
0.00855859
0.00437839
0.00607931
0.0046514
0.00444238
0.00491368
0.00425359
0.00440574
0.00625004
0.00547001
0.00558045
0.00804357
0.00435079
0.00555397
0.0043872
0.00640654
0.0080044
0.00686999
0.00426725
0.00663469
0.00422472
0.0045958
0.00447622
0.00426231
0.00599009
0.00788372
0.00643452
0.00795269
0.00425348
0.00447291
0.00452972
0.00788963
0.00707004
0.00722384
0.0088414
0.00475869
0.00618882
0.00958614
0.00663757
0.0103021
0.00419689
0.00428955
0.0101803
0.00426983
0.00661098
0.00820462
0.00426084
0.00851173
0.00531673
0.00438734
0.00503303
0.00493698
0.00537547
0.0046119
0.00430651
0.00752162
0.0060578
0.00456425
0.0077206
0.00441198
0.00642191
0.00443104
0.00793315
0.00618563
0.00467128
0.0096488
0.00421455
0.0055274
0.00887968
0.00438794
0.00647818
0.00441183
0.00690027
0.00915745
0.00577989
0.00521085
0.00879297
0.00519507
0.0101578
0.0049393
0.00443219
0.00888099
0.00435404
0.00648623
0.00428622
0.00454109
0.00968306
0.00725456
0.00914733
0.00962395
0.00424127
0.00481978
0.00452443
0.00820716
0.00451054
0.0100778
0.00427964
0.00476636
0.00893575
0.00416986
0.00849869
0.00576936
0.00425515
0.00623858
0.00477714
0.00539444
0.00615093
0.00424676
0.0100783
0.00560306
0.00567598
0.00991869
0.00414484
0.00455696
0.00894199
0.00721601
0.00822278
0.008781
0.00735628
0.00970674
0.00428687
0.00977236
0.00428828
0.00437206
0.00818954
0.00784731
0.00440391
0.00757053
0.00434382
0.00701067
0.00693749
0.00439905
0.00442843
0.00416958
0.00459203
0.0108679
0.00423802
0.00480731
0.0100185
0.0046419
0.00790645
0.00560983
0.00429001
0.00519185
0.0101401
0.00476365
0.00568914
0.00965641
0.00799207
0.00893792
0.00542905
0.00441878
0.00425231
0.00428468
0.00873999
0.00455129
0.0102373
0.00492757
0.00424798
0.00927487
0.00427149
0.00654131
0.00757901
0.00420182
0.00457209
0.00698798
0.00679271
0.00467659
0.00968637
0.0042751
0.00563221
0.00869218
0.00420222
0.00787459
0.00418894
0.0043485
0.0106069
0.00424834
0.00533892
0.0088362
0.00448175
0.00719346
0.00444089
0.00450233
0.00523249
0.00466126
0.007065
0.00420204
0.00433357
0.00829202
0.00437183
0.00450223
0.00778821
0.00467706
0.00516104
0.00439219
0.00583922
0.00502605
0.00911274
0.00670329
0.00803697
0.00726385
0.00423821
0.00765705
0.00510572
0.00429228
0.00661675
0.00510627
0.00603583
0.0090665
0.00441334
0.00868825
0.00972381
0.00807258
0.0101663
0.00788729
0.00572642
0.00492237
0.00597753
0.00867103
0.00460824
0.00437069
0.00878915
0.00459189
0.00774641
0.0106895
0.00524471
0.00491498
0.00587551
0.00428556
0.00426671
0.00485538
0.00781083
0.00428466
0.00528736
0.00514664
0.00438323
0.00429646
0.00978119
0.00782015
0.00840144
0.00784118
0.00420039
0.00733702
0.00420391
0.00430652
0.00907393
0.00419868
0.00751043
0.0100786
0.00430838
0.00663038
0.00544171
0.00771664
0.00776878
0.00462486
0.00820112
0.00885772
0.004188
0.00411901
0.00424597
0.008136
0.0051409
0.007691
0.00531081
0.00736694
0.00634983
0.00879169
0.00436377
0.00976824
0.0048722
0.00426891
0.00839116
0.00449485
0.00562289
0.00797058
0.00426097
0.00869257
0.00519179
0.00526463
0.0113313
0.00420003
0.00486981
0.00520341
0.00479229
0.00427165
0.0057444
0.00572219
0.00441975
0.00597152
0.00472472
0.006176
0.00425034
0.00423401
0.00835221
0.00688511
0.00468115
0.00883173
0.00424497
0.00454814
0.00864971
0.004231
0.00437496
0.00788642
0.00427314
0.00533319
0.00675115
0.00436233
0.00885827
0.00497433
0.00541809
0.00647651
0.00563623
0.00570933
0.00495683
0.00477665
0.00838536
0.00421248
0.00438936
0.0106991
0.00441995
0.00633134
0.00830854
0.00433369
0.00733535
0.00450196
0.00627109
0.00510211
0.00982463
0.00704795
0.00793808
0.00853978
0.00414689
0.0124454
0.00961983
0.0043835
0.00425689
0.00439515
0.00824688
0.00843347
0.00425446
0.00705787
0.00665748
0.00555938
0.00629373
0.00699267
0.00434071
0.00798287
0.0110918
0.00709134
0.00766029
0.00458463
0.00775051
0.0119719
0.0106595
0.00739788
0.00631288
0.00464859
0.00707778
0.00974455
0.00425207
0.00923783
0.00952186
0.004407
0.00757378
0.00569467
0.0044958
0.00635212
0.00557249
0.0064292
0.00783333
0.00431065
0.00589925
0.00628022
0.00466218
0.010952
0.00449858
0.00519737
0.00797654
0.00430755
0.00667755
0.00762137
0.00471294
0.0100292
0.0043052
0.00636412
0.00425921
0.00421788
0.00547158
0.00511667
0.00685501
0.0075092
0.00980928
0.00429912
0.00517333
0.00909802
0.00593205
0.00436166
0.00620838
0.00480153
0.00779819
0.00711148
0.00426382
0.00768658
0.00662469
0.00602154
0.0103205
0.00425699
0.00441969
0.00673616
0.00462746
0.00972846
0.00812628
0.00460748
0.00956116
0.00445942
0.00436429
0.00747135
0.00503333
0.00414988
0.00429618
0.0062429
0.0097247
0.00564557
0.00926256
0.00420812
0.00559885
0.00887056
0.00891051
0.00888354
0.00606815
0.00420637
0.006577
0.00646525
0.00723614
0.00879591
0.00431336
0.00771359
0.00618079
0.00455035
0.00821829
0.00462156
0.00539369
0.00826776
0.00558636
0.00645313
0.00784642
0.00663534
0.0100799
0.00429641
0.0043265
0.0100153
0.00425673
0.00428175
0.00667564
0.0044865
0.00946213
0.00424939
0.00578981
0.00917461
0.00496228
0.0086367
0.00588514
0.00431857
0.00883548
0.00428385
0.00506858
0.00825615
0.00437735
0.0112673
0.00838456
0.00425003
0.00547179
0.00760514
0.00427962
0.00746337
0.00410739
0.00472502
0.00649372
0.00486114
0.00964489
0.00427193
0.00499733
0.00941036
0.00430062
0.00818461
0.00642447
0.00663877
0.00438337
0.00524379
0.00648732
0.00771606
0.00821542
0.00801498
0.00556967
0.0045832
0.00943661
0.00432061
0.00428302
0.0083131
0.00428384
0.00709043
0.00697321
0.0048216
0.00854653
0.00810012
0.00528033
0.00968956
0.00522712
0.010655
0.00721505
0.00701258
0.0118156
0.00956509
0.00446902
0.00738725
0.00640545
0.00667031
0.00986677
0.0046253
0.00779271
0.00420957
0.00584314
0.0069705
0.00752256
0.00425732
0.00971822
0.0057373
0.0087299
0.00752858
0.00428918
0.00840037
0.00456605
0.00885352
0.00501815
0.0106915
0.00423339
0.00464325
0.00905464
0.00428892
0.00619454
0.00652686
0.00435042
0.0114368
0.0100513
0.00431095
0.00816278
0.00971383
0.00554505
0.00855833
0.0058074
0.00417828
0.00435107
0.0109256
0.00423551
0.00851626
0.00845053
0.00428419
0.00715568
0.00429501
0.00457508
0.00423576
0.00574542
0.007178
0.00420835
0.00435144
0.00510896
0.00624994
0.00430513
0.00938274
0.0042411
0.00570453
0.00432542
0.0072872
0.00421431
0.00754335
0.00594721
0.0046497
0.00917171
0.00428789
0.00453128
0.0100809
0.0043106
0.00601038
0.00577518
0.00440317
0.00725964
0.00443496
0.0052809
0.00773132
0.0042486
0.00718467
0.00421467
0.00437254
0.00962236
0.00436574
0.00577128
0.0101243
0.0042405
0.00555304
0.00646534
0.0048749
0.00950015
0.00486503
0.00417465
0.00805589
0.00421714
0.00876767
0.00490664
0.00430373
0.00818945
0.00440396
0.00654392
0.00622732
0.00432338
0.00712039
0.0055233
0.00470301
0.0095761
0.00434983
0.00477298
0.00858953
0.0052614
0.00866793
0.00419077
0.00648531
0.00931459
0.0047355
0.00699599
0.00754579
0.00435881
0.00900452
0.00501745
0.00446658
0.00950757
0.00427251
0.00461162
0.00591703
0.0048386
0.00439824
0.00616623
0.0052942
0.00425804
0.0101667
0.0042375
0.00429933
0.00660869
0.00426195
0.00795265
0.00469733
0.00436152
0.00758857
0.0069989
0.00748909
0.00871759
0.00425121
0.00485757
0.00532409
0.00754291
0.00893851
0.00437571
0.00832463
0.00957995
0.00445473
0.00905277
0.00431544
0.00426404
0.00750553
0.00743226
0.00550744
0.00883385
0.00452704
0.00778759
0.00565162
0.00848696
0.00948422
0.00439515
0.00453207
0.00446305
0.00913749
0.00922941
0.00458636
0.00433653
0.00902581
0.00433003
0.00589076
0.00862783
0.00422946
0.00739406
0.00636323
0.00435492
0.00905743
0.00448245
0.00453174
0.00809831
0.0043033
0.00661327
0.00671177
0.00425562
0.0056306
0.00670632
0.00602536
0.00965793
0.00431154
0.00715261
0.00636992
0.00919189
0.00936775
0.00554943
0.00836034
0.00418686
0.00432121
0.00885013
0.00460781
0.00459071
0.00843848
0.00910895
0.00678865
0.00950409
0.00439075
0.00967326
0.00531651
0.0110407
0.00753447
0.00847886
0.00429407
0.00755091
0.00629579
0.00837615
0.0110716
0.00781924
0.00454447
0.00750733
0.00836018
0.00421916
0.0103054
0.00885967
0.00595228
0.00837601
0.0045201
0.00516473
0.00429979
0.00466753
0.00853381
0.00569487
0.00709575
0.0114485
0.0114849
0.00804354
0.00644724
0.00441507
0.00898633
0.00638902
0.00944689
0.00592783
0.00615724
0.00599892
0.00455434
0.00789694
0.00885103
0.00435934
0.0113371
0.00955189
0.00430823
0.0048746
0.00938822
0.00432367
0.00625979
0.00598276
0.00444439
0.00436622
0.010529
0.00540049
0.00513289
0.00991637
0.00442679
0.00998458
0.00503311
0.00489497
0.011676
0.00455932
0.00433567
0.00857334
0.00555342
0.00463479
0.00876881
0.00433532
0.0045246
0.00845324
0.00863135
0.00426641
0.00683566
0.00593845
0.00466694
0.0089415
0.00453138
0.00596855
0.00904811
0.0042789
0.00809458
0.00417604
0.0043234
0.00816923
0.00433635
0.00484265
0.00724981
0.00672878
0.00779688
0.00504042
0.00441123
0.00824065
0.00425445
0.00436462
0.0085767
0.0047259
0.00478106
0.00890212
0.00561711
0.00671617
0.00603337
0.00432564
0.0050872
0.00696254
0.00419447
0.00940504
0.00535044
0.00821765
0.00551814
0.00552039
0.00671599
0.00439876
0.00423263
0.00776035
0.0041472
0.00444567
0.00715206
0.00722982
0.00894338
0.00642751
0.00748989
0.00917613
0.00683362
0.00983917
0.00491006
0.00905211
0.0042082
0.00434463
0.00873469
0.00602261
0.00709383
0.0081235
0.00434883
0.00511785
0.00882526
0.00577133
0.00888168
0.00432852
0.00484905
0.00518549
0.0105658
0.0116377
0.00704572
0.00462283
0.00813985
0.00625562
0.00471015
0.00607859
0.00553393
0.0091934
0.00595594
0.00624619
0.00835152
0.00969748
0.00962021
0.00939241
0.00476278
0.00990415
0.00424183
0.0101548
0.0114693
0.0100925
0.00789544
0.00778156
0.00495097
0.00878038
0.00579962
0.00895631
0.0046815
0.00424363
0.00469295
0.00431332
0.00499826
0.00419
0.00426763
0.00560575
0.00473726
0.00504496
0.00429172
0.0101177
0.00614857
0.00807306
0.0042369
0.00747729
0.00690842
0.00485835
0.00937237
0.00417289
0.00441155
0.00429434
0.00434037
0.00661675
0.00494423
0.0043536
0.00772184
0.00751821
0.00760894
0.00954605
0.00455855
0.00578694
0.00434009
0.00437189
0.00767455
0.005404
0.00590755
0.00478655
0.00432625
0.00725423
0.00432068
0.00427969
0.00424562
0.00446564
0.00511007
0.00446786
0.00456699
0.00437239
0.00433224
0.00437637
0.00428259
0.00427908
0.00439733
0.0050132
0.00433886
0.00670643
0.00441524
0.00607436
0.00935971
0.00425064
0.00446309
0.0105435
0.00555757
0.00453
0.00926831
0.00426805
0.00439889
0.00569284
0.00510483
0.00916222
0.004298
0.00837266
0.00551692
0.00481108
0.0104549
0.00439945
0.00510991
0.00428935
0.00440546
0.00429041
0.0043018
0.00801307
0.00522873
0.00896562
0.0116924
0.00823126
0.0043441
0.00802185
0.00426826
0.00425116
0.0109927
0.00427351
0.00518802
0.00837053
0.00429454
0.00453291
0.00483476
0.00495003
0.00431993
0.00520849
0.00419676
0.00600467
0.00469769
0.0043914
0.0063856
0.00445994
0.00694445
0.00612843
0.00420643
0.00512675
0.00588479
0.00677514
0.00795623
0.00651034
0.00885676
0.00657914
0.00434484
0.0105878
0.00472367
0.00440932
0.00437966
0.0042979
0.0116935
0.0103976
0.00446048
0.00632043
0.00788593
0.00478023
0.00943391
0.00434643
0.00575376
0.00579106
0.0106666
0.00481891
0.00444831
0.00909553
0.00421901
0.00906665
0.00940916
0.00425867
0.00811832
0.00419039
0.00429355
