7.84308
9.51552
11.1688
12.3202
14.062
15.1768
16.2767
17.9924
18.204
18.8607
19.0512
20.1505
21.0437
21.4829
22.1283
22.3719
22.6205
22.8132
23.2607
24.919
25.5675
25.8474
27.5935
29.298
31.0365
32.7017
34.4559
36.167
36.5885
36.8008
37.663
39.4375
40.4899
41.7965
42.2469
43.901
45.7094
47.4347
49.1967
50.7368
50.9612
52.7754
54.4313
55.1188
55.3534
57.0852
57.5518
59.3086
59.7311
60.1756
61.8746
63.586
64.471
65.2037
66.68
66.9354
67.1516
67.9073
69.6417
69.7614
69.9624
70.1593
71.1644
72.8908
73.3188
74.6332
76.3621
76.781
77.4372
77.6869
79.4459
80.7297
80.9357
81.193
81.4053
81.8605
83.7287
85.3964
86.4378
88.1768
89.9284
91.5168
91.7529
93.4135
95.205
95.8765
96.5633
97.2085
97.9348
99.6835
100.449
102.23
103.041
103.361
105.192
106.918
108.685
110.391
111.894
113.437
115.168
116.038
116.304
117.846
119.502
121.16
122.737
122.959
123.173
123.419
124.972
125.545
126.209
127.937
129.714
131.429
131.667
132.532
133.013
134.686
135.557
137.266
138.984
140.632
141.088
142.867
144.643
145.93
146.397
147.028
148.794
149.658
150.09
150.519
150.952
152.554
154.376
155.974
156.176
157.489
159.163
159.404
161.146
162.929
164.727
166.475
168.234
169.971
171.709
173.495
175.184
176.882
178.641
180.392
182.14
183.863
184.096
184.328
184.929
186.656
186.886
187.07
188.838
