0.00110211
0.00110507
0.00235827
0.00167131
0.023875
0.0218877
0.00608013
0.0138166
0.013229
0.0107834
0.00923698
0.00866246
0.000787719
0.00444541
0.0144777
0.00186946
0.00235827
0.00298041
0.00226565
0.0122514
0.0010547
0.00173383
0.00355877
0.007903
0.00141284
0.00372598
0.0096433
0.00119636
0.00196968
0.0105674
0.0091171
0.0112694
0.0197571
0.00255867
0.00853114
0.00646552
0.0122851
0.00415152
0.00650006
0.00315774
0.0105222
0.00536384
0.0013401
0.00464643
0.0115197
0.00264553
0.00470707
0.0181295
0.00083938
0.00455708
0.00417706
0.0075187
0.00116756
0.00154838
0.0054997
0.00141849
0.00130515
0.00464661
0.00372818
0.00694638
0.00434824
0.0090443
0.00974236
0.00078827
0.000922973
0.00296533
0.0168952
0.0064684
0.000814298
0.0135839
0.00788685
0.00441526
0.00489056
0.00269089
0.0148503
0.00331418
0.00621805
0.0178273
0.00328874
0.00198796
0.00173166
0.00202727
0.010086
0.00317578
0.00603572
0.00281925
0.0165268
0.00360027
0.00436652
0.00163725
0.00264308
0.00146745
0.0113404
0.00444105
0.00564492
0.00332007
0.00246291
0.00146455
0.00333312
0.0101032
0.00184979
0.0117126
0.00193425
0.00393915
0.00448552
0.00160664
0.0105163
0.00110695
0.0018098
0.000978371
0.00201124
0.00676991
0.0109174
0.00202903
0.000842702
0.00235772
0.00107273
0.00544022
0.00595241
0.0072865
0.0150296
0.00409348
0.0101361
0.00159203
0.0179154
0.0128342
0.000996733
0.00812605
0.0069423
0.00120977
0.00404968
0.00748799
0.0117341
0.00100102
0.00148774
0.00362195
0.0053039
0.00372064
0.0010443
0.00306192
0.00123756
0.0122322
0.00701011
0.00634909
0.00485491
0.0126361
0.00777651
0.00527271
0.00441086
0.00842487
0.00605861
0.00409867
0.00318703
0.00636472
0.00603286
0.000946893
0.00964966
0.00142293
0.00723911
0.0173844
0.00390071
0.00381331
0.00287425
