2.68542
2.914
3.14662
3.35232
3.58312
3.8135
4.02016
4.22993
4.45967
4.69804
4.89204
5.10146
5.32924
5.54015
5.74257
5.97417
6.23158
6.44465
6.63352
6.86484
7.07541
7.28368
7.51582
7.7452
7.9784
8.17883
8.42324
8.62301
8.82347
9.05596
9.23059
9.4845
9.68145
9.88239
10.107
10.3049
10.4971
10.7238
10.919
11.1557
11.3661
11.6053
11.8211
12.0485
12.2858
12.5237
12.7265
12.9577
13.1475
13.3657
13.5862
13.8073
14.0269
14.2148
14.4615
14.7043
14.9133
15.137
15.3682
15.564
15.7985
16.0247
16.2576
16.4981
16.701
16.9267
17.1267
17.3288
17.56
17.7632
17.9688
18.1793
18.4085
18.6023
18.8377
19.0325
19.2705
19.5013
19.7067
19.9313
20.1307
20.3618
20.5588
20.7981
21.0325
21.2386
21.4661
21.6674
21.9064
22.1019
22.3332
22.5269
22.7597
23.0016
23.2273
23.4224
23.6303
23.8513
24.0494
24.2538
24.4568
24.6842
24.8964
25.0875
25.3181
25.5464
25.7511
25.9905
26.2185
26.4242
26.6481
26.8509
27.0941
27.3189
27.5225
27.7196
27.9547
28.1954
28.398
28.6213
28.8194
29.0166
29.2526
29.4526
29.6954
29.9016
30.126
30.3616
30.5924
30.7986
31.0242
31.2331
31.4322
31.6601
31.8566
32.0538
32.2477
32.4511
32.6851
32.8859
33.0914
33.3192
33.5557
33.791
34.0214
34.2316
34.431
34.6559
34.8589
35.106
35.3036
35.4971
35.7381
35.9418
36.1557
36.3311
36.5648
36.7783
36.9836
37.2138
37.4179
37.6445
37.8481
38.0723
38.3139
38.5137
38.7355
38.9724
39.2082
39.4151
39.6448
39.8473
40.0295
40.2259
40.4597
40.6581
40.8624
41.0926
41.3226
41.5221
41.762
41.9775
42.1863
42.3812
42.5847
42.8253
43.0286
43.2274
43.4601
43.6622
43.8835
44.1211
44.3208
44.555
44.7626
44.979
45.2149
45.4487
45.6852
45.9192
46.114
46.3225
46.5501
46.7482
46.9844
47.2206
47.416
47.6582
47.8344
48.0618
48.2966
48.4979
48.7289
48.9629
49.1691
49.4078
49.6366
49.8412
50.041
50.2485
50.4629
50.7039
50.9411
51.1709
51.3728
51.5999
51.8401
52.0701
52.2956
52.5331
52.7598
52.9631
53.1662
53.3721
53.6049
53.7933
54.0105
54.1894
54.4174
54.6494
54.8876
55.0968
55.3249
55.5352
55.736
55.9739
56.2024
56.4028
56.6405
56.8621
57.072
57.3065
57.5357
57.7399
57.968
58.2046
58.4084
58.6401
58.8484
59.0741
59.2794
59.5108
59.7104
59.9456
60.1576
60.3803
60.6026
60.8044
61.0303
61.2337
61.4715
61.6577
61.855
62.0566
62.2556
62.4759
62.7006
62.9364
63.1346
63.3662
63.5692
63.811
64.0089
64.2407
64.4389
64.6674
64.8711
65.1014
65.3399
65.5418
65.7799
65.9855
66.2192
66.4617
66.6576
66.8843
67.0801
67.2722
67.4817
67.7115
67.9412
68.1724
68.4164
68.6413
68.8446
69.0494
69.2784
69.5073
69.7029
69.9083
70.1397
70.3389
70.5355
70.7423
70.9447
71.1426
71.3803
71.607
71.805
72.041
72.2422
72.4714
72.6807
72.8798
73.1073
73.3083
73.5096
73.7506
73.9826
74.1814
74.4093
74.6191
74.8508
75.0585
75.2556
75.4888
75.685
75.8845
76.1281
76.3326
76.56
76.7642
76.9894
77.1893
77.4157
77.6624
77.8864
78.0927
78.29
78.5234
78.7574
78.9897
79.197
79.4274
79.6281
79.8591
80.0407
80.2717
80.4986
80.7122
80.9215
81.1475
81.3742
81.6082
81.8439
82.0511
82.2781
82.4729
82.7131
82.9089
83.1441
83.3805
83.6147
83.8493
84.0508
84.2852
84.4762
84.7046
84.9096
85.1153
85.3459
85.5582
85.7787
85.9854
86.2169
86.4243
86.6552
86.8848
87.0932
87.3273
87.5246
87.7219
87.9251
88.1646
88.388
88.6234
88.8636
89.0555
89.2567
89.4529
89.6848
89.9103
90.1425
90.3475
90.5797
90.806
91.0506
91.2773
91.4823
91.6928
91.9233
92.1259
92.3185
92.5226
92.7297
92.9638
93.1952
93.4006
93.6224
93.8248
94.057
94.2982
94.4981
94.7256
94.9532
95.1847
95.3816
95.6116
95.8632
96.0954
96.2936
96.5338
96.7319
96.9662
97.1938
97.4367
97.6765
97.8981
98.104
98.3269
98.573
98.8095
99.0221
99.2274
99.4654
99.664
99.8948
100.097
100.322
100.533
100.762
100.961
101.187
101.423
101.657
101.855
102.06
102.288
102.493
102.716
102.927
103.126
103.357
103.596
103.819
104.051
104.287
104.516
104.724
104.922
105.177
105.397
105.598
105.834
106.035
106.267
106.461
106.705
106.901
107.133
107.326
107.566
107.795
107.997
108.232
108.432
108.672
108.875
109.083
109.312
109.513
109.717
109.951
110.17
110.371
110.612
110.814
111.037
111.239
111.472
111.673
111.879
112.12
112.317
112.547
112.756
112.981
113.183
113.409
113.609
113.852
114.045
114.276
114.486
114.684
114.915
115.154
115.382
115.587
115.812
116.015
116.253
116.456
116.691
116.895
117.123
117.317
117.553
117.788
117.982
118.211
118.417
118.616
118.847
119.048
119.282
119.48
119.672
119.884
120.103
120.315
120.512
120.713
120.945
121.141
121.356
121.578
121.783
122.007
122.247
122.484
122.713
122.948
123.153
123.379
123.579
123.814
124.017
124.228
124.453
124.658
124.882
125.08
125.289
125.522
125.754
125.978
126.187
126.422
126.621
126.857
127.064
127.292
127.491
127.716
127.921
128.155
128.379
128.583
128.792
129.021
129.263
129.496
129.696
129.916
130.107
130.345
130.548
130.771
130.974
131.208
131.411
131.653
131.883
132.083
132.287
132.517
132.754
132.953
133.181
133.387
133.616
133.815
134.016
134.248
134.449
134.661
134.895
135.126
135.325
135.522
135.724
135.929
136.158
136.367
136.593
136.794
137.023
137.225
137.464
137.656
137.887
138.095
138.293
138.494
138.692
138.922
139.124
139.353
139.558
139.781
139.983
140.183
140.384
140.619
140.82
141.059
141.299
141.502
141.73
141.928
142.165
142.363
142.594
142.833
143.068
143.296
143.5
143.744
143.975
144.184
144.406
144.631
144.83
145.071
145.3
145.5
145.706
145.908
146.149
146.379
146.589
146.82
147.016
147.247
147.449
147.684
147.891
148.11
148.348
148.549
148.778
148.976
149.203
149.405
149.635
149.834
150.066
150.271
150.496
150.702
150.941
151.142
151.371
151.578
151.78
152.004
152.242
152.448
152.645
152.847
153.077
153.283
153.513
153.715
153.941
154.145
154.343
154.574
154.813
155.04
155.274
155.499
155.705
155.936
156.142
156.372
156.573
156.799
157.003
157.245
157.474
157.683
157.883
158.087
158.317
158.511
158.717
158.94
159.15
159.374
159.585
159.814
160.018
160.251
160.451
160.687
160.891
161.126
161.338
161.57
161.797
161.996
162.234
162.463
162.668
162.901
163.107
163.342
163.574
163.818
164.018
164.258
164.492
164.704
164.932
165.134
165.363
165.571
165.778
166.01
166.219
166.449
166.681
166.905
167.107
167.343
167.544
167.783
168.016
168.215
168.445
168.657
168.884
169.082
169.322
169.554
169.754
169.951
170.159
170.359
170.582
170.786
171.02
171.263
171.464
171.693
171.895
172.131
172.322
172.566
172.795
172.995
173.227
173.476
173.675
173.873
174.074
174.301
174.503
174.73
174.93
175.166
175.396
175.601
175.795
176.006
176.231
176.439
176.67
176.868
177.094
177.3
177.537
177.755
177.989
178.217
178.422
178.626
178.864
179.065
179.304
179.495
179.699
179.928
180.133
180.374
180.591
180.825
181.025
181.255
181.451
181.69
181.893
182.124
182.323
182.551
182.782
182.98
183.222
183.45
183.647
183.851
184.075
184.315
184.516
184.71
184.911
185.152
185.347
185.547
185.757
185.956
186.185
186.39
186.626
186.851
187.054
187.281
187.487
187.716
187.92
188.158
188.382
188.622
188.821
189.051
189.281
189.509
189.715
189.947
190.176
190.405
190.648
190.846
191.047
191.255
191.463
191.674
191.876
192.101
192.305
192.504
192.733
192.971
193.173
193.379
193.606
193.809
194.042
194.245
194.474
194.678
194.905
195.109
195.346
195.575
195.775
195.978
196.181
196.408
196.646
196.88
197.08
197.311
197.533
197.752
197.952
198.186
198.423
198.649
198.852
199.058
199.253
199.483
199.691
199.894
200.122
200.324
200.53
200.734
200.956
201.163
201.4
201.631
201.869
202.071
202.273
202.506
202.705
202.939
203.14
203.373
203.574
203.804
204.007
204.207
204.407
204.611
204.813
205.014
205.213
205.453
205.655
205.86
206.09
206.291
206.521
206.73
206.959
207.157
207.393
207.629
207.842
208.068
208.273
208.505
208.744
208.968
209.173
209.384
209.586
209.787
209.985
210.225
210.426
210.657
210.893
211.095
211.334
211.573
211.799
212.034
212.274
212.475
212.699
212.931
213.135
213.335
213.541
213.774
213.973
214.175
214.405
214.607
214.808
215.033
215.237
215.443
215.641
215.867
216.081
216.305
216.54
216.774
216.977
217.176
217.384
217.585
217.783
218.019
218.227
218.424
218.656
218.893
219.092
219.325
219.555
219.789
219.995
220.218
220.421
220.654
220.853
221.054
221.294
221.525
221.753
221.983
222.193
222.393
222.623
222.841
223.064
