1.84542
1.84568
2.37027
2.90189
3.37449
3.88435
4.37414
4.87413
5.37416
5.87475
6.37397
6.87443
7.37816
7.87779
8.42329
8.87771
9.37856
9.883
10.3782
10.8775
11.378
11.8814
12.3824
12.8821
13.382
13.882
14.3824
14.9135
15.3821
15.8843
16.3866
16.8864
17.3869
17.8865
18.4086
18.8861
19.3859
19.8866
20.3859
20.886
21.3904
21.9066
22.39
22.8901
23.3905
23.8907
24.3898
24.8968
25.3904
25.8904
26.3945
26.8934
27.3944
27.8942
28.3984
28.8941
29.3943
29.9022
30.3943
30.8951
31.3985
31.898
32.3978
32.8989
33.3979
33.8978
34.3986
34.8986
35.3987
35.9056
36.4021
36.9022
37.4181
37.9017
38.4023
38.9027
39.4153
39.9023
40.4067
40.9064
41.4065
41.9059
42.4061
42.9056
43.4065
43.9067
44.4065
44.9062
45.4062
45.9195
46.4103
46.9102
47.4163
47.91
48.4105
48.9107
49.4104
49.9117
50.4145
50.9413
51.414
51.9145
52.4375
52.9144
53.4193
53.9139
54.4176
54.9149
55.4148
55.9184
56.4184
56.9178
57.4184
57.9178
58.4184
58.9177
59.4177
59.9459
60.4182
60.9182
61.4222
61.9217
62.4222
62.9366
63.4227
63.9221
64.439
64.9226
65.4225
65.9255
66.4619
66.9257
67.4264
67.9414
68.4268
68.926
69.426
69.9259
70.4265
70.945
71.4308
71.93
72.4299
72.9299
73.43
73.9298
74.4306
74.9298
75.4302
75.93
76.4336
76.9345
77.4333
77.9335
78.4344
78.9345
79.4346
79.9338
80.4346
80.938
81.4378
81.9382
82.4377
82.9376
83.4385
83.9376
84.4382
84.938
85.4381
85.9379
86.4381
86.9405
87.4421
87.9425
88.4418
88.9421
89.453
89.9424
90.4421
90.9417
91.4423
91.9443
92.4464
92.9641
93.4467
93.9459
94.4466
94.9533
95.4466
95.9464
96.4466
96.9663
97.4502
97.9497
98.4502
98.9504
99.4656
99.9505
100.451
100.961
101.45
101.951
102.455
102.954
103.454
103.954
104.454
104.955
105.454
105.954
106.461
106.954
107.456
107.958
108.458
108.958
109.458
109.958
110.458
110.958
111.472
111.958
112.459
112.981
113.462
113.963
114.486
114.962
115.463
115.962
116.462
116.962
117.462
117.982
118.467
118.966
119.48
119.966
120.467
120.966
121.466
121.967
122.484
122.966
123.466
123.966
124.47
124.972
125.471
125.978
126.47
126.97
127.491
127.97
128.471
128.974
129.497
129.975
130.474
130.974
131.475
131.974
132.474
132.975
133.474
133.974
134.474
134.98
135.477
135.979
136.478
136.978
137.478
137.978
138.494
138.996
139.479
139.983
140.482
140.982
141.502
141.982
142.482
142.982
143.5
143.983
144.482
144.982
145.5
145.986
146.486
147.017
147.486
147.986
148.486
148.987
149.487
149.986
150.496
150.986
151.49
152.004
152.491
152.99
153.513
153.99
154.491
154.99
155.499
155.99
156.491
157.004
157.491
157.994
158.512
158.994
159.495
159.995
160.494
160.994
161.494
161.997
162.498
162.999
163.498
164.018
164.498
164.999
165.499
166.01
166.499
166.999
167.499
168.016
168.502
169.002
169.502
170.002
170.502
171.02
171.503
172.002
172.502
173.003
173.506
174.007
174.506
175.007
175.507
176.007
176.507
177.006
177.506
178.007
178.506
179.007
179.51
180.01
180.51
181.025
181.51
182.01
182.51
183.01
183.511
184.01
184.516
185.01
185.514
186.014
186.514
187.014
187.515
188.015
188.514
189.014
189.514
190.015
190.514
191.018
191.529
192.026
192.527
193.018
193.522
194.018
194.524
195.019
195.518
196.029
196.523
197.031
197.539
198.022
198.529
199.022
199.523
200.022
200.53
201.022
201.525
202.026
202.526
203.027
203.528
204.026
204.526
205.026
205.527
206.026
206.526
207.027
207.53
208.031
208.531
209.031
209.531
210.03
210.53
211.03
211.531
212.034
212.531
213.032
213.541
214.035
214.538
215.038
215.534
216.034
216.544
217.034
217.536
218.039
218.538
219.039
219.539
220.046
220.545
221.043
221.543
222.043
222.538
223.039
