0.000000
0.000000
0.000000
41.557999
41.745998
41.993999
42.035000
42.050999
43.721001
48.792999
50.714001
55.004002
66.408997
72.992996
82.029999
86.156998
88.487000
94.099998
95.582001
97.182999
117.305000
133.688004
149.716003
156.272995
160.391998
162.981995
165.029007
179.768005
188.970001
193.091995
198.067993
202.281998
209.145004
219.505005
239.054993
253.649002
263.082001
268.365997
277.509003
285.175995
292.122009
302.096985
304.880005
306.765991
308.665009
311.480011
313.184998
313.703003
316.433990
318.221008
318.274994
318.877991
322.308014
326.313995
330.128998
330.359009
330.359985
330.368988
330.369995
330.394989
331.000000
332.609985
332.609985
332.609985
332.609985
332.609985
332.612000
332.906006
335.911011
341.575989
356.428986
367.178009
368.419006
370.263000
372.916992
376.151001
381.842010
385.373993
387.138000
389.226013
393.852997
399.601013
405.095001
405.950989
406.148987
406.851990
406.859985
406.915985
406.942993
406.949005
406.951996
406.951996
406.953003
406.953003
406.953003
406.953003
407.058990
407.670990
411.105011
419.621002
424.778992
429.312012
431.256012
432.441986
433.976013
436.515015
442.342987
447.273987
454.303986
458.321991
459.885010
460.282013
467.182007
474.208008
476.795013
480.035004
485.170990
492.649994
496.787994
499.983002
502.993988
509.480988
511.817993
512.880005
517.338989
526.638977
534.362000
538.869019
545.067993
550.351990
565.843994
572.833984
575.731018
579.513977
582.049988
585.080994
588.447021
592.875000
595.695007
598.994995
602.711975
606.617981
610.702026
615.405029
617.835999
621.476013
632.367981
642.504028
654.924011
662.804993
666.742981
677.802979
697.056030
712.086975
720.094971
721.172974
721.268005
721.273010
721.400024
734.049988
734.789001
735.250000
735.304993
735.310974
735.325989
735.380981
735.426025
735.763977
735.827026
735.877991
735.914001
735.927979
735.927979
735.968994
738.075012
738.260010
738.276978
738.276978
738.276978
738.900024
747.986023
763.531006
768.549011
774.252014
776.257019
777.578003
784.142029
786.617004
788.306030
794.247009
801.122986
812.021973
814.302979
816.932007
820.468994
825.372009
832.599976
836.914978
838.564026
838.981018
838.992004
838.997986
839.004028
839.004028
839.054016
844.508972
844.518982
844.520020
848.942017
849.885986
849.885986
849.885986
849.885986
849.885986
849.885986
849.885986
849.888000
850.827026
850.843018
851.093994
851.958984
853.997986
857.197021
860.538025
862.947021
865.750977
871.554016
875.547974
881.418030
888.973022
898.908020
904.309998
907.588013
912.426025
912.601013
912.619019
912.646973
912.646973
925.818970
926.367981
926.875977
927.666992
933.543030
934.625977
935.549988
936.723999
938.922974
941.992981
944.161011
951.005005
953.992981
958.671997
964.452026
965.049011
965.465027
968.181030
985.729004
996.588013
996.588989
996.625977
996.807007
996.887024
996.888000
996.893005
996.893982
996.893982
997.534973
999.346985
1000.674988
1008.635010
1010.791016
1013.659973
1020.062012
1020.270996
1020.375977
1020.408020
1020.408997
1020.408997
1020.408997
1020.543030
1025.654053
1026.046997
1026.291992
1026.649048
1028.744995
1029.713989
1029.746948
1030.874023
1040.662964
1050.776001
1054.338989
1058.031006
1061.663940
1064.709961
1067.421021
1069.255981
1070.188965
1071.902954
1082.163940
1088.959961
1094.928955
1099.488037
1102.170044
1102.786987
1103.109009
1103.109009
1103.125000
1103.136963
1103.234009
1104.926025
1112.112061
1114.126953
1118.255981
1119.598999
1122.045044
1124.218994
1125.530029
1126.113037
1126.259033
1126.275024
1126.275024
1126.275024
1126.275024
1126.277954
1126.370972
1126.691040
1126.756958
1126.756958
1126.756958
1126.756958
1126.764038
1126.764038
1126.764038
1126.764038
1126.764038
1126.764038
1126.764038
1126.764038
1126.764038
1126.764038
1126.765991
1126.765991
1126.765991
1126.786987
1126.989990
1127.213013
1127.412964
1127.468018
1127.469971
1127.530029
1127.535034
1127.550049
1127.578003
1127.583984
1127.583984
1127.583984
1127.604004
1127.604004
1127.616943
1127.635986
1127.640015
1127.644043
1127.645996
1128.130981
1131.827026
1136.996948
1143.563965
1147.598999
1152.201050
1156.905029
1161.124023
1167.599976
1173.368042
1177.098022
1181.157959
1182.182007
1183.649048
1184.012939
1184.102051
1184.156982
1184.223022
1184.227051
1184.232056
1184.232056
1184.234009
1184.237061
1184.237061
1184.237061
1184.237061
1184.237061
1184.237061
1184.237061
1184.237061
1184.237061
1184.237061
1184.237061
1184.237061
1184.237061
1184.237061
1184.237061
1184.237061
1184.237061
1184.237061
1184.237061
1184.237061
1184.237061
1184.237061
1184.237061
1184.237061
1184.237061
1184.237061
1184.237061
1184.237061
1184.237061
1184.237061
1184.237061
1184.237061
1184.237061
1184.237061
1184.237061
1184.237061
1184.237061
1184.237061
1184.237061
1184.237061
1184.237061
1184.237061
1184.237061
1184.237061
1184.237061
1184.237061
1184.237061
1184.237061
1184.237061
1184.237061
1184.237061
1184.237061
1184.237061
1184.237061
1184.237061
1184.237061
1184.237061
1184.237061
1184.237061
