2.75438
2.95467
3.16333
3.36474
3.57023
3.79847
4.03846
4.24093
4.43608
4.67193
4.8731
5.07744
5.27285
5.52202
5.72603
5.95411
6.16343
6.3944
6.62266
6.8583
7.05245
7.27285
7.48185
7.69191
7.92549
8.13454
8.36795
8.59359
8.81028
9.03048
9.24598
9.46441
9.6962
9.92991
10.126
10.3265
10.5129
10.7441
10.9743
11.2155
11.4595
11.6886
11.9263
12.13
12.3333
12.5359
12.7754
13.0122
13.2191
13.4452
13.6436
13.8593
14.0982
14.3438
14.5359
14.7708
14.9764
15.1651
15.373
15.5989
15.8019
16.0313
16.2636
16.4597
16.6904
16.8944
17.1277
17.3636
17.6078
17.8072
18.0343
18.2492
18.4437
18.6675
18.8673
19.0748
19.2803
19.5034
19.7343
19.939
20.1642
20.3615
20.6009
20.8004
21.0013
21.1976
21.4043
21.6118
21.8072
22.012
22.2451
22.4458
22.6839
22.9131
23.1464
23.333
23.5789
23.8053
24.0355
24.237
24.4737
24.7075
24.9386
25.1746
25.4045
25.6016
25.8354
26.0374
26.277
26.5091
26.7138
26.9365
27.1703
27.4102
27.5993
27.8433
28.0433
28.2383
28.4365
28.6762
28.9079
29.1013
29.3429
29.5731
29.7829
29.9813
30.21
30.4487
30.6431
30.8529
31.0572
31.2615
31.4898
31.6926
31.8921
32.0913
32.3257
32.5239
32.7277
32.9559
33.1906
33.39
33.6314
33.8697
34.0624
34.2636
34.4614
34.6948
34.9284
35.1324
35.3651
35.5695
35.8057
36.0038
36.2135
36.4553
36.6408
36.8783
37.0728
37.2823
37.5176
37.7532
37.9872
38.2116
38.4563
38.6869
38.9184
39.1497
39.3473
39.5433
39.7777
40.0155
40.209
40.4152
40.612
40.8177
41.0178
41.2247
41.4463
41.6854
41.9178
42.123
42.359
42.6012
42.7919
43.0233
43.2525
43.4612
43.6518
43.8869
44.0948
44.2981
44.4969
44.7268
44.9326
45.1605
45.4144
45.6119
45.8094
46.0118
46.2209
46.4345
46.6483
46.8406
47.0756
47.2867
47.4832
47.7181
47.9191
48.1479
48.3901
48.593
48.8095
49.0122
49.2111
49.4335
49.6433
49.8435
50.0483
50.2749
50.51
50.7058
50.9042
51.1054
51.3115
51.5141
51.7397
51.9466
52.1562
52.3854
52.5962
52.8017
53.0206
53.2264
53.4351
53.6354
53.8426
54.0734
54.3053
54.5328
54.7343
54.9657
55.1653
55.3702
55.5991
55.8066
56.0326
56.2712
56.4991
56.7023
56.9054
57.1379
57.3715
57.6051
57.8068
58.0396
58.2362
58.4703
58.6731
58.9041
59.104
59.3107
59.538
59.775
59.9741
60.1789
60.3777
60.5788
60.7779
61.0075
61.2074
61.4098
61.6115
61.8414
62.0431
62.2434
62.4774
62.7087
62.9122
63.1428
63.3472
63.5793
63.8116
64.0106
64.2128
64.415
64.6115
64.8511
65.0826
65.2833
65.5139
65.7123
65.9465
66.1492
66.3454
66.5465
66.7807
66.989
67.2188
67.4447
67.6474
67.8488
68.0545
68.2523
68.4872
68.7209
68.9535
69.1858
69.3868
69.6168
69.854
70.0883
70.2839
70.5168
70.7202
70.9512
71.155
71.3839
71.6202
71.826
72.0504
72.2822
72.483
72.6887
72.9173
73.1161
73.3212
73.518
73.7204
73.9221
74.1282
74.3515
74.5545
74.7928
74.9955
75.2223
75.4225
75.6559
75.8573
76.0927
76.3204
76.5574
76.7879
76.9906
77.2193
77.4196
77.6545
77.8552
78.0574
78.2961
78.527
78.7281
78.9285
79.161
79.3958
79.597
79.7935
80.0292
80.2289
80.4578
80.696
80.9273
81.1575
81.3608
81.5951
81.7947
82.0014
82.2281
82.4303
82.6306
82.8308
83.0588
83.2636
83.5013
83.7282
83.9315
84.1606
84.3639
84.5632
84.7994
85.0279
85.2328
85.4627
85.6981
85.9353
86.1602
86.3995
86.5993
86.7979
86.9963
87.2377
87.4645
87.6678
87.8655
88.104
88.3024
