0.202240
0.202300
0.202356
0.202418
0.202473
0.202540
0.202599
0.202662
0.202715
0.202781
0.202839
0.254321
0.383753
0.560956
0.697152
0.825385
0.910755
0.984628
0.999465
1.241198
1.592318
1.893393
2.111065
2.210172
2.282525
2.337726
2.406232
2.504679
2.627197
2.796768
2.954638
3.058048
3.124129
3.181849
3.268917
3.377404
3.494683
3.619152
3.725163
3.818846
3.902094
3.980086
4.057949
4.130904
4.213585
4.304789
4.420089
4.538133
4.621977
4.655141
4.703456
4.787025
4.924510
5.106574
5.289700
5.527828
5.748348
5.972515
6.187764
6.409031
6.570751
6.751263
6.945936
7.128002
7.349114
7.544066
7.775313
8.000876
8.220634
8.402591
8.604501
8.761668
8.902439
9.057916
9.217932
9.425269
9.653839
9.898372
10.116328
10.280938
10.505819
10.727130
10.983157
11.188924
11.379914
11.564823
11.753165
11.948199
12.156220
12.370823
12.616423
12.826573
13.066182
13.291693
13.509192
13.664869
13.921181
14.146031
14.353721
14.523212
14.740161
14.981974
15.238114
15.499950
15.748132
15.948310
16.159451
16.319476
16.466994
16.565830
16.659541
16.816191
17.032429
17.273914
17.481134
17.701124
17.863420
17.994884
18.091709
18.156238
18.188347
18.245403
18.354886
18.508279
18.656031
18.799985
18.970461
19.149681
19.315375
19.495622
19.702127
19.904545
20.133482
20.314990
20.471615
20.592258
20.707887
20.826319
20.964847
21.129556
21.286210
21.416549
21.592588
21.820765
22.048096
22.270834
22.472555
22.694332
22.914428
23.083633
23.254614
23.376501
23.509260
23.638731
23.793484
23.995863
24.182421
24.391043
24.559269
24.733894
24.951160
25.175825
25.404732
25.631061
25.859203
26.090721
26.318773
26.553891
26.762932
26.968189
27.201077
27.424786
27.612907
27.790792
27.954469
28.111851
28.276180
28.442451
28.604497
28.713666
28.770801
28.806182
28.873932
28.988763
29.125127
29.320101
29.538524
29.733275
29.926496
30.149385
30.337586
30.502301
30.639204
30.829712
30.880131
31.031005
31.302295
31.558416
31.777440
31.972209
32.175295
32.410323
32.602260
32.778123
32.976562
33.153512
33.341403
33.558720
33.725696
33.889092
34.032839
34.146531
34.275435
34.385139
34.486547
34.585068
34.666989
34.752144
34.836289
34.947990
35.090276
35.239897
35.408926
35.591630
35.783073
35.978246
36.203436
36.396364
36.590685
36.824260
37.026663
37.233123
37.478317
37.694779
37.932895
38.027295
38.085362
38.298943
38.425089
38.629679
38.745447
38.842789
38.938154
39.026873
39.074528
39.102703
39.120365
39.126698
39.135260
39.140673
39.144580
39.146442
39.152833
39.156172
39.158096
39.160257
39.161843
39.163348
39.165421
39.171375
39.179604
39.189453
39.196335
39.197154
39.198300
39.199823
39.201025
39.204018
39.208296
39.213239
39.217437
39.221583
39.222480
39.223256
39.223808
39.224195
39.224944
39.225309
39.225974
39.226239
39.226644
39.227196
39.227679
39.227805
39.227992
39.228123
39.228313
39.228475
39.228693
39.228835
39.229057
39.229198
39.229279
39.229294
39.229345
39.229361
39.229390
39.229436
39.229448
39.229497
39.229511
39.229556
39.229570
39.229614
39.229629
39.229679
39.229695
39.229720
39.229762
39.229776
39.229819
39.229837
39.229883
39.229900
39.229945
39.229963
39.230007
39.230024
39.230042
39.230080
39.230099
39.230135
39.230158
39.230199
39.230220
39.230262
39.230285
39.230325
39.230350
39.230390
39.230414
39.230455
39.230480
39.230500
39.230532
39.230555
39.230587
39.230611
39.230643
39.230668
39.230708
39.230732
39.230752
39.230785
39.230806
39.230840
39.230860
39.230896
39.230916
39.230952
39.230972
39.231015
39.231036
39.231081
39.231098
39.231114
39.231153
39.231168
39.231208
39.231221
39.231262
39.231277
39.231327
39.231344
39.231372
39.231416
39.231427
39.231474
39.231484
39.231530
39.231539
39.231588
39.231597
39.231645
39.231656
39.231710
39.231721
39.231775
39.231787
39.231824
39.231878
39.231885
39.231941
39.231947
39.232010
39.232021
39.232063
39.232118
39.232125
39.232181
39.232194
39.232256
39.232266
39.232324
39.232336
39.232401
