1.09101
1.09118
2.31306
2.84668
3.3141
3.81405
4.3137
4.81323
5.31678
5.81649
6.31755
6.81798
7.31736
7.81741
8.31815
8.81717
9.3172
9.81735
10.3268
10.8205
11.3214
11.8209
12.3334
12.8216
13.3214
13.8216
14.344
14.822
15.3214
15.8247
16.3255
16.8263
17.3252
17.8253
18.3258
18.8254
19.3255
19.8261
20.3328
20.8263
21.3292
21.8291
22.3297
22.8291
23.3333
23.8301
24.3297
24.8299
25.3301
25.8359
26.3333
26.8335
27.334
27.8437
28.3339
28.834
29.3435
29.8338
30.334
30.8532
31.3373
31.8374
32.3378
32.8381
33.3373
33.8697
34.3373
34.8375
35.3652
35.841
36.3413
36.8421
37.3421
37.8412
38.3419
38.8412
39.3475
39.8415
40.3416
40.8459
41.3453
41.8454
42.3591
42.8456
43.3458
43.845
44.3457
44.8457
45.3455
45.8457
46.35
46.8493
47.3498
47.8495
48.3494
48.8493
49.3501
49.8501
50.3494
50.8523
51.3544
51.8537
52.3534
52.8534
53.3539
53.8535
54.3534
54.8541
55.3566
55.8581
56.358
56.8582
57.358
57.8573
58.3582
58.8577
59.3579
59.8584
60.3622
60.8615
61.3619
61.8611
62.362
62.8616
63.3612
63.8621
64.3653
64.8655
65.3661
65.8661
66.3654
66.866
67.3657
67.8683
68.3699
68.8696
69.3695
69.8702
70.3693
70.8692
71.3698
71.8697
72.3692
72.8692
73.3693
73.8738
74.3732
74.8734
75.3735
75.8737
76.3744
76.874
77.3733
77.8758
78.377
78.8777
79.3777
79.8779
80.3774
80.8773
81.3776
81.8807
82.3816
82.8819
83.3823
83.8812
84.3814
84.8815
85.3812
85.8812
86.3821
86.8848
87.3863
87.8851
88.3849
