0.000000
0.000000
0.000000
41.623001
41.689999
41.756001
42.032001
42.049999
43.451000
48.722000
50.629002
51.618000
66.693001
73.117996
76.485001
86.016998
88.182999
93.263000
95.214996
96.971001
111.568001
129.231003
150.421005
156.832993
160.591003
160.916000
166.660004
175.468002
185.320999
192.940994
197.686005
201.718994
205.901001
219.766006
233.238998
247.298996
262.362000
267.082001
272.339996
283.404999
289.750000
299.045013
303.845001
305.941986
308.234009
310.593994
312.188995
313.533997
313.601990
318.110992
318.566986
318.821991
320.588013
326.915009
329.928986
330.967987
331.033997
331.040009
331.050995
331.054993
331.061005
331.071991
332.454010
332.494995
332.494995
342.006012
344.338013
344.363007
350.208008
362.257996
367.398010
370.515991
375.622986
379.817993
384.122986
387.157013
391.618011
396.321991
400.140991
402.516998
403.938995
405.165985
405.786987
406.283997
406.670013
406.973999
408.273987
408.296997
408.431000
408.868011
408.873993
409.033997
409.739014
411.071991
412.908997
417.881989
421.579987
425.028992
425.214996
425.214996
425.214996
425.214996
425.214996
425.225006
425.268005
425.276001
425.277008
425.279999
425.320007
425.812988
425.817993
425.819000
425.819000
425.819000
425.819000
425.819000
425.819000
425.819000
425.821014
425.821014
425.821014
425.821014
425.821014
425.821014
425.821014
425.821014
425.821014
425.821014
425.821014
425.821014
425.821014
425.821014
425.821014
425.821014
425.821014
425.821014
425.821014
425.821014
425.821014
425.821014
425.821014
425.821014
425.821014
425.821014
425.821014
425.821014
425.821014
425.821014
425.821014
425.821014
425.821014
425.821014
425.821014
425.821014
425.821014
425.821014
425.821014
425.821014
425.821014
425.821014
425.821014
425.821014
425.821014
425.821014
425.821014
425.821014
425.821014
425.821014
425.821014
425.821014
425.821014
425.821014
425.821014
425.821014
425.821014
