0.00026982
0.000491292
0.000592802
0.0049237
0.0161594
0.00321459
0.00115492
0.00682285
0.008661
0.00110298
0.000992321
0.00151669
0.00104097
0.00123432
0.00190946
0.00194268
0.000792011
0.00153355
0.0012034
0.00402621
0.000778302
0.00162061
0.000581385
0.00174985
0.00144222
0.00852209
0.00127017
0.00146979
0.00202639
0.00135285
0.013979
0.00582901
0.000782288
0.0118395
0.000294629
0.000742616
0.000763326
0.000855087
0.00132441
0.00106411
0.000988195
0.00073898
0.00723019
0.000611564
0.0102062
0.0087441
0.000437925
0.00159224
0.0023362
0.0012218
0.000524006
0.00111405
0.00731177
0.000633637
0.00285303
0.000853297
0.00487193
0.00181376
0.00157023
0.00141368
0.00105161
0.000698932
0.0163019
0.00640761
