10.1818
17.5414
17.7718
17.7975
20.3891
20.8476
20.8657
20.8922
23.6854
23.6977
23.7172
23.7385
23.7575
23.7783
23.7988
24.9907
27.4452
27.4582
27.4781
27.5007
27.5183
27.5385
27.6792
27.7008
27.7198
27.7472
27.7605
27.781
27.8013
27.8213
27.8539
27.8752
27.8851
42.78
45.4011
45.4213
45.4416
45.8302
45.8421
45.8612
45.8818
45.9014
46.0676
55.7475
55.7749
57.6931
57.8854
57.9065
57.927
66.1503
69.6691
70.1379
71.4003
71.4142
71.4362
71.6105
71.6305
71.6471
73.9984
74.0182
74.0375
79.593
81.9533
81.9723
