0.00864584
0.00128095
0.0111716
0.00308017
0.00934581
0.0187723
0.00142905
0.00654334
0.00110684
0.00245596
0.00270287
0.0013206
0.0053887
0.00147177
0.00520863
0.00115448
0.00331093
0.0119788
0.00641112
0.00843327
0.00910183
0.00751318
0.000888832
0.000843901
0.00104098
0.0101837
0.00567394
0.018706
0.0214323
0.00549963
0.00277161
0.00183108
0.00322203
0.00375158
0.003222
0.00451578
0.0127793
0.00321148
0.00179136
0.0101674
0.00586006
0.0124968
0.00154305
0.00100642
0.00072628
0.0035908
0.0113513
0.00293367
0.0170677
0.0112703
0.00553987
0.000618301
0.00188569
0.00117782
0.034379
0.00474008
0.00644564
0.000770682
0.00216982
0.00992735
0.00188321
0.0205308
0.00495059
0.0033816
0.00403112
0.00378428
0.000900033
0.0222996
0.000910044
0.0188663
0.000271665
0.00113117
0.000445987
0.00266019
0.00220332
0.00133293
0.0337265
0.0255079
0.000319062
0.00124528
0.000448167
0.0371556
0.000561986
0.00162772
0.0195082
0.000879061
0.000628384
0.0020457
0.00145853
