7.95359
10.2017
12.0318
13.544
15.2388
16.9394
17.5621
17.8192
19.4445
20.4028
20.9076
22.6097
23.4458
23.8186
25.0142
26.7464
27.56
27.9163
29.6516
31.4135
33.1498
34.8958
36.6094
37.2865
38.57
40.1115
40.7507
40.9877
41.6578
42.8022
44.5629
45.4528
45.6319
45.9244
46.0834
47.8649
49.6257
51.348
52.0153
52.2625
53.5546
55.2852
55.7856
57.2815
57.7056
57.9485
59.6363
61.3955
63.1615
66.1902
67.9379
68.1689
69.6902
70.1577
70.8069
71.4576
71.6642
73.317
74.059
75.7392
77.4711
79.1815
79.6173
80.256
81.9895
83.7086
85.3931
86.2873
87.9616
89.2398
90.773
91.6651
93.2251
94.4673
96.1669
97.2461
98.8389
99.9342
101.641
102.502
104.173
105.07
106.61
107.49
109.028
110.602
112.29
113.183
114.742
