2.72895
2.96507
3.1892
3.38644
3.61574
3.82331
4.02902
4.23153
4.46615
4.70434
4.90828
5.1318
5.33426
5.5464
5.77601
5.98698
6.21735
6.45699
6.65387
6.84989
7.08535
7.29022
7.49187
7.69284
7.91357
8.1193
8.35907
8.58344
8.79723
9.00276
9.22626
9.41647
9.66634
9.88606
10.0908
10.3099
10.5382
10.7395
10.938
11.1724
11.3723
11.5698
11.7672
12.0072
12.2066
12.443
12.6463
12.8664
13.092
13.2894
13.5305
13.7628
13.9729
14.1672
14.3721
14.5682
14.77
14.9931
15.2198
15.4213
15.6242
15.8328
16.0709
16.263
16.4684
16.7044
16.9101
17.1077
17.3353
17.5305
17.7618
17.9597
18.1628
18.3583
18.5602
18.7654
18.9984
19.2241
19.4279
19.6666
19.8955
20.1318
20.3627
20.599
20.8345
21.039
21.2737
21.5021
21.7341
21.9663
22.1702
22.3985
22.5989
22.7969
23.0338
23.2359
23.4294
23.6662
23.8706
24.0704
24.3086
24.5328
24.772
24.9787
25.2075
25.4474
25.646
25.8862
26.0758
26.2769
26.5113
26.7335
26.9662
27.2009
27.4332
27.6643
27.8694
28.1058
28.3319
28.537
28.775
28.9967
29.1974
29.3967
29.6309
29.8626
30.0665
30.2949
30.5341
30.7328
30.9657
31.1694
31.3899
31.6313
31.833
32.0663
32.2673
32.4974
32.7023
32.9348
33.1279
33.3574
33.5642
33.7942
33.9823
34.1839
34.4172
34.6376
34.8761
35.0826
35.2824
35.5259
35.7209
35.9264
36.1402
36.3339
36.5801
36.7982
37.0294
37.2705
37.4745
37.6942
37.8987
38.1265
38.3262
38.5563
38.7613
38.9555
39.1984
39.4252
39.6572
39.8575
40.0887
40.2943
40.5294
40.7332
40.9583
41.1573
41.3897
41.6244
41.8575
42.0853
42.3133
42.5149
42.7537
42.9828
43.2119
43.4501
43.6473
43.8796
44.0837
44.3184
44.5502
44.7818
44.9795
45.1824
45.3875
45.6123
45.8134
46.0494
46.2827
46.5111
46.7229
46.9562
47.1597
47.3898
47.6229
47.8496
48.0467
48.2817
48.4846
48.7221
48.9259
49.1237
49.3597
49.5999
49.8229
50.0277
50.2559
50.4589
50.6906
50.8964
51.1378
51.3346
51.5698
51.79
52.0006
52.2429
52.4684
52.6943
52.8986
53.0937
53.3019
53.5393
53.7654
53.968
54.1955
54.3968
54.6396
54.8605
55.066
55.2616
55.4912
55.732
55.9374
56.1651
56.3643
56.601
56.8022
57.035
57.2709
57.4752
57.6741
57.8745
58.104
58.3017
58.5295
58.7572
58.9799
59.1764
59.4085
59.6129
59.8091
60.0125
60.2435
60.4736
60.7013
60.9469
61.1755
61.3807
61.6116
61.8143
62.0195
62.2556
62.4897
62.7193
62.9229
63.1281
63.3534
63.5965
63.8007
64.036
64.2401
64.4407
64.6446
64.8797
65.1226
65.3174
65.5214
65.7488
65.9586
66.1789
66.4156
66.6487
66.8445
67.0539
67.2808
67.4826
67.6857
67.9206
68.1591
68.3541
68.5551
68.7869
68.9913
69.2242
69.4247
69.6589
69.8966
70.1239
70.3213
70.5561
70.7605
70.9602
71.1809
71.3835
71.5843
71.7836
72.0202
72.2118
72.4144
72.6166
72.8621
73.0827
73.3013
73.5219
73.7532
73.987
74.1831
74.4214
74.6557
74.8988
75.1172
75.316
75.5221
75.7175
75.9526
76.1612
76.3602
76.5528
76.7823
76.9856
77.2177
77.4588
77.6607
77.8927
78.093
78.3294
78.5091
78.7121
78.9414
79.1432
79.3439
79.5714
79.7762
79.9802
80.2426
80.4593
80.6623
80.8631
81.0609
81.2648
81.4941
81.6939
81.9246
82.1667
82.3678
82.5985
82.7988
82.9994
83.2287
83.4632
83.6924
83.9006
84.1193
84.3157
84.5507
84.7503
84.9431
85.1601
85.3752
85.6045
85.8054
86.0085
86.2438
86.4447
86.6457
86.8732
87.0744
87.3043
87.5087
87.7441
87.9446
88.1506
88.3759
88.5755
88.7765
88.9826
89.2104
89.4441
89.6439
89.8762
90.1092
90.31
90.5102
90.7438
90.976
91.1763
91.4392
91.6473
91.8521
92.1003
92.3096
92.5125
92.7575
92.9798
93.2139
93.4156
93.6221
93.8472
94.0483
94.2512
94.4521
94.6751
94.8799
95.1149
95.3167
95.5457
95.7466
95.9475
96.1514
96.3798
96.5809
96.7886
97.0125
97.2185
97.4508
97.6883
97.9137
98.1148
98.3719
98.5832
98.7843
99.0161
99.2218
99.4516
99.6526
99.8829
100.084
100.316
100.516
100.755
100.983
101.185
101.386
101.624
101.854
102.059
102.261
102.485
102.689
102.889
103.091
103.319
103.52
103.72
103.923
104.157
104.36
104.56
104.792
105.019
105.222
105.464
105.693
105.893
106.127
106.363
106.593
106.824
107.027
107.257
107.459
107.689
107.891
108.122
108.323
108.561
108.792
108.993
109.227
109.458
109.665
109.895
110.123
110.325
110.563
110.791
110.993
111.22
111.423
111.625
111.832
112.062
112.263
112.496
112.727
112.964
113.166
113.368
113.602
113.834
114.072
114.294
114.502
114.73
114.936
