1.88392
1.88404
2.40818
2.95266
3.40832
3.91896
4.41269
4.9237
5.41289
5.91639
6.41679
6.9164
7.41603
7.91713
8.41698
8.91621
9.41687
9.91652
10.4174
10.9169
11.417
11.9167
12.4167
12.9167
13.4165
13.9168
14.4208
14.9206
15.4217
15.9201
16.4208
16.9394
17.421
17.9211
18.425
18.9247
19.4418
19.9248
20.4247
20.9252
21.4275
21.9251
22.4247
22.9248
23.4297
23.9286
24.4286
24.9284
25.4475
25.9285
26.4287
26.9282
27.4334
27.9326
28.4324
28.9323
29.4333
29.9327
30.4329
30.9326
31.4328
31.9331
32.4326
32.9354
33.437
33.9369
34.437
34.9366
35.4366
35.9393
36.4407
36.9412
37.4747
37.9407
38.4408
38.9557
39.4407
39.9408
40.4407
40.9585
41.4433
41.9442
42.445
42.945
43.4504
43.9443
44.4449
44.945
45.4451
45.9443
46.4447
46.9569
47.4486
47.9484
48.4482
48.9481
49.4484
49.9488
50.4591
50.949
51.4494
51.953
52.4686
52.953
53.4526
53.9683
54.4525
54.9531
55.4531
55.9524
56.4539
56.9569
57.4754
57.9568
58.4569
58.9799
59.457
59.9568
60.4739
60.959
61.461
61.961
62.4897
62.9613
63.4609
63.9609
64.4606
64.9606
65.4609
65.9609
66.4611
66.9631
67.4828
67.9642
68.4651
68.9914
69.4653
69.9646
70.4649
70.9648
71.4653
71.9686
72.4682
72.9689
73.4685
73.9872
74.4685
74.9686
75.4683
75.9686
76.4688
76.9858
77.4712
77.973
78.4726
78.9724
79.4727
79.9808
80.4725
80.973
81.4942
81.9736
82.4762
82.9994
83.4771
83.9771
84.4763
84.9763
85.4766
85.9765
86.4772
86.977
87.4796
87.9801
88.4811
88.9804
89.4807
89.981
90.4804
90.9814
91.4826
91.9844
92.4841
92.9851
93.4851
93.9849
94.4843
94.9842
95.4843
95.9845
96.4849
96.9885
97.4894
97.9888
98.4882
98.989
99.4882
99.9886
100.489
100.988
101.492
101.992
102.493
103.007
103.492
103.993
104.493
104.993
105.495
105.996
106.496
106.997
107.497
107.997
108.497
108.997
109.497
109.996
110.496
110.997
111.497
112.001
112.5
113.001
113.5
114
114.503
115
