0.000000
0.000000
0.000000
41.646000
41.743999
41.973999
42.033001
42.055000
43.165001
48.297001
50.577000
52.511002
64.824997
74.208000
77.753998
85.658997
89.693001
93.272003
94.335999
95.089996
95.414001
96.582001
107.899002
129.882004
137.291000
148.830002
150.524994
150.695999
155.690002
165.251007
178.128998
199.697998
208.436996
211.031998
213.291000
214.820007
217.856003
223.197998
230.710999
237.563004
243.904007
245.906006
249.296005
255.389008
263.210999
268.522003
269.781006
269.854004
271.290009
272.160004
272.170990
272.170990
274.272003
274.496002
274.628998
274.673004
274.708008
274.708008
274.885986
274.963989
274.967010
274.967010
274.967010
275.028015
275.028015
275.028015
275.028015
275.096008
275.528992
277.634003
278.644012
286.985992
301.132996
304.674988
308.716003
314.223999
317.828003
323.295013
333.007996
347.065002
347.937988
349.317993
349.714996
351.338989
354.144012
355.895996
356.520996
356.557007
368.154999
372.932007
376.785004
379.677002
379.718994
379.773010
379.841003
379.851013
379.858002
379.898987
380.222992
380.247986
381.209015
391.576996
411.471008
411.898010
412.643005
417.278015
420.989990
424.846985
428.078003
432.791992
435.894012
439.246002
444.233002
448.723999
449.144012
450.332001
450.338989
450.346985
450.562012
450.606995
450.707001
452.029999
459.690002
464.621002
471.669006
481.904999
501.449005
505.477997
510.160004
512.700012
513.195007
513.377991
514.296021
517.276001
521.344971
526.052979
530.661011
533.468994
536.114990
539.797974
543.018982
545.232971
547.708984
549.864014
554.531006
558.476990
571.206970
584.885010
593.719971
602.956970
606.598999
611.362000
613.343994
614.877991
616.361023
617.033997
619.005981
621.762024
624.869995
624.978027
625.034973
625.059021
625.081970
625.137024
626.616028
627.963013
628.908020
629.619995
629.619995
629.619995
629.619995
629.619995
629.619995
629.619995
629.619995
629.619995
629.619995
629.619995
629.619995
629.619995
629.619995
629.619995
629.619995
629.619995
629.619995
629.619995
629.619995
629.619995
629.619995
629.619995
629.619995
629.619995
629.619995
629.619995
629.619995
629.619995
629.619995
629.619995
629.619995
629.619995
629.619995
629.619995
629.619995
629.619995
629.619995
629.619995
629.619995
629.619995
629.619995
629.619995
629.619995
629.619995
629.619995
629.619995
629.619995
629.619995
629.619995
629.619995
629.619995
629.619995
629.619995
629.619995
629.619995
629.619995
629.624023
630.987976
631.297974
631.297974
