0.000122511
0.00836052
0.0310267
0.000736576
0.000949105
0.000833763
0.00137051
0.000931772
0.0136343
0.00132562
0.00128114
0.00120629
0.00152762
0.00159433
0.00111797
0.000943975
0.00171327
0.00302548
0.0086406
0.0163031
0.00122632
0.00103637
0.000934156
0.00256346
0.00698413
0.00347854
0.00250369
0.00328205
0.000839193
0.00128522
0.000594913
0.000983934
0.00101761
0.000844706
0.00464608
0.000538604
0.00092096
0.00617943
0.000395749
0.00197315
0.000688711
0.00026943
0.00345835
0.00545124
0.001432
0.000578904
0.0014654
0.000902213
0.0010145
0.0010564
0.00100596
0.00109465
0.00771444
0.000755643
0.0006592
0.00051401
0.00173328
0.00890947
0.000771411
0.00193765
0.000687793
0.000655516
0.000999961
0.0104042
0.00343411
0.000719745
0.00126778
0.000805413
0.000603356
0.00431464
0.00666927
0.00127916
0.00308882
0.00111774
0.00580311
0.00064805
0.0010424
0.000833325
0.00121477
0.000307677
0.000855102
0.00127883
0.0013038
0.00276956
0.001981
0.00105459
0.000585877
0.00130523
0.00151217
0.00128517
0.00121686
0.000358327
0.00273475
0.000751771
0.000610897
0.000712239
0.000709266
0.00107379
0.000984812
0.000450121
0.00930948
0.000470029
0.000975965
0.000408568
0.000592019
0.00429654
0.000659987
0.00292977
0.00191727
0.00241735
0.000413251
0.00644166
0.00120591
0.000477447
0.0165948
0.0017874
0.00520499
0.000500114
0.00237319
0.00420883
0.000480421
0.000465097
0.00333773
0.000509885
0.00260525
0.00763491
0.000873237
0.000907736
0.00896532
0.00544291
