9.45796
12.2788
22.2779
22.2949
22.3076
22.3277
22.3474
22.3676
22.9519
22.9673
25.2637
25.2832
25.3035
25.3234
27.004
27.0152
27.2035
35.9052
36.1105
37.4247
37.4382
37.4505
38.043
38.0653
38.0889
38.1061
38.1249
48.5978
48.6147
48.6355
50.1669
50.1879
50.2081
50.2271
52.3909
52.4076
52.4279
53.9644
53.9789
60.3797
60.3988
73.1826
86.6137
97.8358
97.8521
97.8629
97.8838
97.9034
97.924
97.9431
97.9633
97.9835
98.0321
98.0437
98.9194
103.271
103.292
103.32
103.331
103.352
103.37
103.391
103.412
106.133
110.775
110.793
110.813
110.833
110.854
110.877
110.9
110.914
110.978
110.996
111.02
111.035
111.056
111.075
111.095
111.115
111.136
111.156
113.064
114.721
114.74
114.76
114.779
119.108
122.624
123.103
123.124
123.142
123.165
123.351
123.362
123.383
123.403
123.423
123.443
128.642
128.888
133.351
133.371
133.391
133.411
133.434
133.591
134.049
136.712
136.733
136.751
143.285
143.299
143.319
149.092
150.312
150.337
153.422
154.573
158.079
158.094
158.115
158.138
158.155
158.177
158.578
163.974
195.384
195.643
195.66
