7.91314
9.48015
11.2281
12.2926
14.0365
15.1143
16.1869
17.9802
18.1643
18.6284
18.8327
20.1045
20.7507
21.2017
22.3905
22.9806
24.6436
25.0643
25.3377
27.0384
27.2162
27.4384
29.161
30.9091
32.4641
32.6999
33.1384
33.7718
35.4994
35.9244
36.1245
37.4718
38.1494
39.7912
41.5293
43.3247
44.3825
44.619
46.3051
46.6874
48.4052
48.6555
50.2481
51.9613
52.1925
52.4487
54.007
55.7812
57.5537
58.659
60.4199
60.6066
62.312
64.1518
65.23
65.4867
67.2121
68.3989
69.9389
71.5692
73.2038
74.9273
75.7627
77.3079
78.9668
80.2313
81.7819
83.5814
84.4364
85.9524
86.6316
88.3307
90.0101
91.8273
93.4005
94.9751
96.7096
97.396
98.0675
98.9369
100.054
101.774
103.432
105.224
105.462
106.147
106.384
108.103
109.852
110.937
111.189
112.833
113.08
114.801
116.435
118.221
119.128
120.809
122.648
122.854
123.182
123.468
125.086
126.869
128.661
128.903
132.921
133.451
133.611
133.811
134.069
135.849
136.771
138.576
140.325
140.818
142.436
143.352
145.154
147.019
147.253
148.128
148.39
149.104
149.821
150.354
150.547
152.328
152.975
153.439
154.594
154.772
156.589
158.196
158.593
159.699
161.476
162.153
164
165.799
166
167.716
168.604
168.807
170.587
172.284
173.824
175.517
176.654
177.1
177.35
177.596
179.357
179.596
181.338
183.134
184.969
186.753
188.564
189.708
190.347
191.946
192.201
192.435
192.644
194.256
195.396
195.683
197.528
199.345
215.74
217.457
252.747
254.335
256.092
