0.0148875
0.00217142
0.00209861
0.00204274
0.0386803
0.00767741
0.0121778
0.029794
0.00574479
0.019202
0.0143961
0.0143438
0.00405956
0.0151018
0.00351992
0.00234105
0.00136757
0.0136894
0.00268447
0.00289832
0.00194374
0.00434595
0.0101431
0.014533
0.00560819
0.00183164
0.0031012
0.00629502
0.00115568
0.00179076
0.00219557
0.00197742
0.00736774
0.0129036
0.00221086
0.00597023
0.00444116
0.0160497
0.0192267
0.00515666
0.0013297
0.00134992
0.000978611
0.0105332
0.00235862
0.00221013
0.00858676
0.00343174
0.00741215
0.00180687
0.00120542
0.0119612
0.00105048
0.0130392
0.00174884
0.0205615
0.0140732
0.000778944
0.0167548
0.0065645
0.00187058
0.000888054
0.00765307
0.00139285
0.00748142
0.000589535
0.000531645
0.00710419
0.00119938
0.00167079
0.000780589
0.000611927
0.00026662
0.00210635
0.00173204
0.00077256
0.00312615
0.00535803
0.00559672
0.00229616
0.00186958
0.00307586
0.00164791
0.00277751
0.0113455
0.00442998
0.0137646
0.00459079
0.00117029
0.00334079
0.000846593
0.0108111
0.0055051
0.00234946
0.00438262
0.00727194
0.00229432
0.00217917
0.00601297
0.00389993
0.000856142
0.00471626
0.00266489
0.00273775
0.00271183
0.00441264
0.0268074
0.00102017
0.00103431
0.0126296
0.00245078
0.00992853
0.000738504
0.0009898
0.00291039
0.0122985
0.00957399
0.0134627
0.0114326
0.0165868
0.00233366
0.000644135
0.0037345
0.000873342
0.00234697
0.0034743
0.00444145
0.00900826
0.00110142
0.000951613
0.00265025
0.0021359
0.00695659
0.00162944
0.002068
0.000867636
0.0055309
0.00297004
0.00977727
0.0047692
0.00221849
0.00522861
0.000959601
0.0010157
0.00103086
0.00114363
0.00564092
0.0031168
0.00328617
0.00105847
0.00271813
0.00544273
0.00307845
0.00326082
0.00355173
0.00355473
0.00282307
0.00596117
0.00588698
0.0052133
0.00835371
0.00400997
0.00602896
0.00412615
0.00147891
0.00122948
0.00149385
0.00845534
0.0104195
0.00672577
0.00940857
0.00714287
0.00853316
0.0169779
0.00927892
