2.63517
2.9011
3.08524
3.30053
3.50157
3.73601
3.93797
4.14509
4.38027
4.60921
4.84083
5.0432
5.27576
5.49401
5.72021
5.9271
6.12008
6.35369
6.55229
6.74702
6.98417
7.21904
7.46506
7.68763
7.88616
8.12124
8.33184
8.52942
8.7684
9.00294
9.21559
9.44694
9.68029
9.89265
10.0941
10.3281
10.5503
10.7705
11.0069
11.2092
11.4185
11.615
11.8497
12.0576
12.2592
12.4992
12.6982
12.9339
13.1438
13.3737
13.5736
13.7936
13.988
14.2201
14.4718
14.6734
14.9024
15.0947
15.3087
15.5429
15.7332
15.9709
16.1646
16.3884
16.6324
16.8612
17.0561
17.2671
17.5033
17.7265
17.9393
18.1475
18.3738
18.5982
18.8083
19.0455
19.2373
19.4353
19.6388
19.8691
20.0737
20.2967
20.5346
20.7342
20.9336
21.1769
21.3731
21.5736
21.7737
22.0042
22.2346
22.4768
22.6872
22.9269
23.1265
23.3568
23.5607
23.7893
23.9852
24.1875
24.4279
24.6223
24.8225
25.0356
25.2498
25.451
25.6828
25.9217
26.1212
26.3198
26.5562
26.7792
26.9885
27.1865
27.4233
27.6367
27.862
28.0909
28.3019
28.4973
28.7062
28.93
29.1407
29.3767
29.6053
29.8071
30.0088
30.2421
30.4769
30.6846
30.8819
31.1166
31.3439
31.546
31.7874
32.0118
32.2434
32.4424
32.6859
32.888
33.1227
33.3245
33.5325
33.7561
33.9563
34.1892
34.39
34.5874
34.7869
35.0235
35.2569
35.4862
35.6823
35.8909
36.0899
36.3191
36.5258
36.7542
36.9533
37.1652
37.3965
37.5939
37.8293
38.0304
38.2284
38.4675
38.693
38.9266
39.1264
39.3544
39.5553
39.7663
39.9623
40.199
40.4242
40.6262
40.8552
41.0796
41.3097
41.5167
41.7441
41.9392
42.1514
42.3915
42.6359
42.8563
43.0602
43.306
43.5207
43.7515
43.9508
44.1749
44.3668
44.593
44.8003
45.0041
45.2324
45.4358
45.6272
45.8377
46.0391
46.273
46.4761
46.6719
46.9071
47.1027
47.31
47.5413
47.7418
47.945
48.1658
48.3835
48.5803
48.7843
49.0083
49.2474
49.4458
49.6773
49.9123
50.1537
50.3426
50.5839
50.8103
51.0453
51.2786
51.4983
51.7317
51.9367
52.1691
52.3759
52.6237
52.8577
53.0745
53.3041
53.5236
53.7435
53.9467
54.1724
54.4245
54.6676
54.9088
55.0888
55.3218
55.5309
55.7605
55.9586
56.1964
56.4317
56.6383
56.8872
57.0922
57.3344
57.5342
57.7579
57.9957
58.2353
58.4434
58.6452
58.8533
59.0758
59.2776
59.4776
59.7283
59.9284
60.1716
60.3676
60.5845
60.7712
60.9985
61.1971
61.3964
61.6356
61.8372
62.0661
62.2999
62.5515
62.7555
62.9422
63.1802
63.4349
63.6416
63.8729
64.1264
64.3319
64.5843
64.782
65.0041
65.2048
65.4489
65.6959
65.8952
66.0955
66.3208
66.5233
66.7241
66.9314
67.1709
67.4115
67.6591
67.8994
68.1448
68.3887
68.592
68.8261
69.0325
69.2658
69.4726
69.706
69.9058
70.1551
70.3683
70.6035
70.8557
71.0974
71.303
71.5435
71.7806
71.9903
72.2341
72.4431
72.6782
72.9265
73.1673
73.3717
73.5757
73.7776
74.0168
74.2126
74.4561
74.7024
74.9079
75.1061
75.3032
75.5036
75.7443
75.946
76.1961
76.441
76.6499
76.8746
77.0765
77.2834
77.4845
77.7236
77.9211
78.1112
78.3089
78.5063
78.706
78.9432
79.1424
79.3665
79.5767
79.8119
80.0093
80.2113
80.4223
80.6695
80.8643
81.0955
81.3467
81.55
81.7673
81.9932
82.2052
82.4007
82.6442
82.8763
83.0705
83.3124
83.5568
83.7565
83.987
84.196
84.422
84.6208
84.8301
85.0603
85.2576
85.4575
85.6919
85.9361
86.1832
86.3844
86.5875
86.7919
86.9932
87.1936
87.3966
87.6
87.8285
88.0669
88.316
88.5649
88.8114
89.0699
89.2686
89.5033
89.7496
89.9981
90.2428
90.4551
90.6643
90.8692
91.1163
91.3681
91.5664
91.8075
92.0465
92.254
92.5024
92.7318
92.9411
93.1421
93.3805
93.6392
93.8347
94.0356
94.2763
94.5248
94.7598
94.9634
95.176
95.4055
95.6146
95.8485
96.0516
96.2836
96.4869
96.6936
96.9325
97.1359
97.3801
97.5909
97.8196
98.0243
98.2301
98.4282
98.6702
98.9051
99.153
99.3547
99.558
99.7927
100.043
100.237
100.488
100.734
100.926
101.136
101.336
101.536
101.761
101.967
102.203
102.412
102.608
102.815
103.019
103.261
103.455
103.698
103.891
104.144
104.383
104.588
104.788
104.998
105.21
105.439
105.64
105.869
106.11
106.359
106.566
106.796
106.993
107.193
107.448
107.699
107.878
108.083
108.305
108.505
108.707
108.91
109.157
109.426
109.617
109.821
110.059
110.27
110.509
110.754
110.955
111.188
111.433
111.635
111.878
112.119
112.358
112.556
112.813
113.051
113.301
113.502
113.747
113.992
114.233
114.47
114.707
114.905
115.132
115.358
115.56
115.768
116.016
116.215
116.418
116.683
116.88
117.114
117.364
117.571
117.77
117.99
118.198
118.402
118.643
118.882
119.087
119.331
119.538
119.738
119.979
120.181
120.386
120.589
120.792
120.998
121.234
121.475
121.673
121.929
122.156
122.401
122.606
122.84
123.087
123.336
123.525
123.745
123.98
124.192
124.386
124.619
124.86
125.068
125.273
125.518
125.717
125.914
126.164
126.412
126.608
126.855
127.105
127.345
127.543
127.778
127.979
128.181
128.386
128.624
128.867
129.108
129.357
129.599
129.837
130.049
130.249
130.516
130.712
130.954
131.151
131.35
131.588
131.789
131.984
132.223
132.424
132.653
132.854
133.098
133.332
133.577
133.781
134.034
134.275
134.515
134.707
134.945
135.152
135.393
135.587
135.824
136.068
136.271
136.489
136.691
136.894
137.13
137.373
137.619
137.864
138.097
138.348
138.56
138.79
138.999
139.23
139.418
139.617
139.816
140.058
140.296
140.543
140.791
141.031
141.275
141.513
141.713
141.947
142.199
142.404
142.606
142.833
143.062
143.268
143.504
143.758
143.95
144.203
144.399
144.638
144.879
145.132
145.338
145.574
145.806
146.035
146.28
146.491
146.737
146.992
147.236
147.44
147.664
147.913
148.115
148.374
148.582
148.815
149.064
149.31
149.567
149.797
150.054
150.301
150.532
150.735
150.93
151.171
151.41
151.617
151.826
152.058
152.309
152.521
152.757
152.962
153.16
153.406
153.637
153.875
154.117
154.33
154.556
154.759
154.998
155.24
155.482
155.684
155.89
156.093
156.333
156.57
156.777
156.984
157.229
157.419
157.62
157.827
158.057
158.315
158.558
158.755
158.96
159.194
159.445
159.689
159.891
160.117
160.365
160.615
160.816
161.05
161.251
161.453
161.687
161.892
162.134
162.382
162.619
162.868
163.125
163.322
163.529
163.723
163.96
164.166
164.399
164.599
164.843
165.084
165.333
165.538
165.78
165.983
166.185
166.428
166.629
166.874
167.07
167.303
167.499
167.699
167.902
168.14
168.386
168.587
168.795
169.039
169.235
169.464
169.677
169.909
170.115
170.362
170.576
170.814
171.009
171.21
171.427
171.63
171.833
172.034
172.272
172.473
172.721
172.964
173.204
173.407
173.606
173.807
174.038
174.23
174.467
174.669
174.872
175.097
175.296
175.502
175.741
175.99
176.238
176.441
176.64
176.848
177.087
177.336
177.574
177.779
178.007
178.259
178.498
178.738
178.936
179.142
179.344
179.581
179.783
179.988
180.226
180.432
180.675
180.92
181.119
181.324
181.523
181.751
182.002
182.23
182.438
182.679
182.888
183.119
183.323
183.579
183.795
184.009
184.226
184.465
184.707
184.954
185.154
185.397
185.592
185.83
186.036
186.274
186.529
186.736
186.974
187.177
187.427
187.623
187.839
188.068
188.304
188.548
188.793
188.986
189.195
189.44
189.685
189.922
190.129
190.329
190.552
190.758
191.003
191.253
191.486
191.687
191.932
192.181
192.419
192.631
192.869
193.109
193.356
193.59
193.793
194.038
194.243
194.483
194.688
194.929
195.126
195.366
195.613
195.852
196.055
196.296
196.53
196.779
197.02
197.257
197.506
197.744
197.989
198.189
198.434
198.664
198.907
199.11
199.313
199.559
199.81
200.034
200.235
200.442
200.679
200.923
201.163
201.404
201.612
201.852
202.055
202.303
202.514
202.752
202.999
203.243
203.483
203.732
203.944
204.171
204.411
204.612
204.816
205.043
205.247
205.496
205.734
205.975
206.18
206.386
206.611
206.813
207.043
207.246
207.475
207.684
207.907
208.116
208.319
208.555
208.8
209.043
209.283
209.486
209.735
209.943
210.146
210.352
210.59
210.791
211.04
211.248
211.491
211.74
211.979
212.179
212.383
212.583
212.785
212.988
213.192
213.428
213.667
213.911
214.116
214.355
214.602
214.844
215.054
215.292
215.496
215.695
215.936
216.136
216.346
216.554
216.784
216.994
217.195
217.427
217.631
217.874
218.075
218.322
218.523
218.723
218.931
219.163
219.407
219.651
219.855
220.099
220.347
220.558
220.783
221.023
221.223
221.425
221.671
221.871
222.119
222.319
222.524
222.724
222.963
223.207
223.455
223.659
223.903
224.152
224.358
224.591
224.791
224.997
225.197
225.436
225.679
225.923
226.127
226.371
226.615
226.863
227.064
227.266
227.499
227.699
227.901
228.13
228.336
228.571
228.773
228.978
229.21
229.459
229.659
229.907
230.111
230.315
230.563
230.807
231.05
231.291
231.535
231.779
232.023
232.266
232.472
232.673
232.907
233.155
233.4
233.605
233.806
234.04
234.278
234.526
234.727
234.971
235.175
235.378
235.611
235.815
236.067
236.275
236.477
236.71
236.911
237.151
237.351
237.591
237.831
238.039
238.275
238.478
238.719
238.968
239.207
239.41
239.643
239.883
240.083
240.327
240.527
240.735
240.935
241.135
241.336
241.579
241.78
241.987
242.219
242.418
242.667
242.881
243.115
243.315
243.517
243.763
244.011
244.217
244.451
244.7
244.903
245.147
245.347
245.551
245.795
245.998
246.203
246.41
246.611
246.817
247.021
247.251
247.491
247.74
247.951
248.153
248.383
248.588
248.831
249.035
249.279
249.486
249.723
249.927
250.128
250.367
250.611
250.855
251.099
251.302
251.543
251.787
252.027
252.271
252.512
252.721
252.959
253.199
253.403
253.603
253.852
254.063
254.296
254.499
254.74
254.979
255.186
255.415
255.621
255.851
256.06
256.295
256.534
256.779
256.983
257.223
257.428
