0.000000
0.000000
0.000000
0.000000
41.750999
41.772999
42.023998
42.066002
43.189999
48.285000
50.487999
51.756001
64.505997
72.682999
77.642998
85.426003
87.017998
87.111000
89.056000
91.098000
105.536003
121.315002
144.209000
150.830002
155.041000
157.011002
159.548004
170.242004
184.483002
189.281998
194.016998
198.529999
205.393997
216.970001
229.492996
254.572998
264.790009
269.987000
280.282990
287.729004
294.632996
303.470001
306.458008
308.701996
310.929993
314.092987
315.079987
316.761993
318.592987
318.815002
318.821991
320.737000
324.678986
328.459991
330.929993
330.932007
331.388000
332.320007
332.860992
332.907013
333.082001
337.761993
346.910004
363.920990
368.196991
370.584991
374.342987
379.838989
384.557007
387.854004
390.911987
392.984009
395.609009
402.027008
404.296997
405.675995
407.487000
407.557007
407.614990
407.765015
407.933990
408.003998
408.141998
415.837006
429.098999
443.022003
455.388000
461.130005
465.488007
468.032990
469.042999
470.682007
475.842987
478.764008
484.959015
489.726013
490.934998
492.828003
497.319000
500.407990
502.615997
504.782990
515.901001
522.604980
528.497986
535.041016
540.947998
547.603027
549.672974
549.674011
549.674988
549.674988
549.677002
554.918030
558.812988
562.971008
562.973999
562.976013
563.185974
568.453979
569.351990
572.030029
578.825012
578.856995
578.867004
578.867004
578.867004
582.919006
582.919006
582.919006
582.919006
582.919006
582.919006
582.919006
582.919006
582.919006
582.926025
583.012024
583.012024
585.429016
587.182983
589.664001
590.268982
590.270996
590.281982
590.281982
590.281982
590.495972
590.570007
590.674988
591.026978
591.036011
591.039001
594.679993
596.525024
596.525024
596.525024
596.525024
596.676025
596.700989
596.703979
596.713989
596.715027
597.283997
597.283997
597.284973
597.284973
597.284973
597.284973
597.284973
597.284973
597.284973
597.284973
597.284973
597.284973
597.284973
597.284973
597.284973
597.284973
597.401978
597.401978
597.401978
597.401978
597.439026
597.439026
597.439026
597.439026
597.439026
597.439026
597.439026
598.739990
608.007019
618.004028
621.931030
623.937012
624.140015
624.143982
624.646973
625.671997
628.523987
629.439026
629.526978
629.538025
632.807007
638.124023
640.828979
641.846008
641.875000
642.632996
654.135010
663.846985
665.463013
667.296021
677.419006
677.419006
677.419006
677.419006
686.250000
688.710022
692.815979
693.586975
698.413025
698.418030
700.809998
710.468018
711.557983
711.879028
711.971985
711.973022
711.973022
711.973022
711.973022
711.973022
712.041016
718.291992
719.890015
721.755981
722.489990
730.562012
732.578979
732.578979
737.966980
739.809998
741.828003
744.603027
745.101013
746.739014
746.752014
746.763000
746.768982
747.760986
748.028992
751.403015
751.408997
751.851013
756.981995
759.093994
760.146973
761.706970
768.543030
776.000000
777.580994
778.659973
779.619995
780.567993
782.708008
789.851013
791.737000
791.960999
791.960999
796.517029
810.296997
812.364014
813.361023
813.435974
816.809998
827.958984
827.958984
827.958984
836.145996
839.263000
839.354004
839.354004
845.635986
855.495972
856.202026
856.208984
857.094971
860.677002
860.817993
860.817993
861.354004
867.026001
871.853027
878.129028
882.607971
893.565979
907.883972
914.341003
919.760986
921.702026
922.666992
926.664978
933.622986
952.109009
960.559998
965.570984
971.838989
976.599976
978.312012
981.362000
986.630005
987.973999
995.471985
1002.991028
1004.773987
1005.465027
1005.908020
1006.473022
1006.687988
1006.702026
1006.706970
1006.706970
1006.706970
1006.719971
1006.736023
1006.737000
1007.973022
1008.689026
1011.739014
1014.492004
1016.091003
1017.992981
1027.962036
1034.083984
1040.409058
1046.068970
1049.259033
1053.005981
1055.370972
1055.657959
1055.665039
1055.801025
1056.305054
1056.500000
1056.500977
1056.840942
1056.890015
1056.890015
1057.167969
1063.373047
1065.982056
1068.550049
1070.401978
1070.766968
1070.796021
1071.262939
1072.616943
1073.532959
1073.652954
1073.688965
1073.713989
1073.900024
1074.151001
1074.350952
1074.407959
1074.407959
1074.407959
1074.407959
1074.407959
1074.410034
1074.415039
1074.420044
1074.421997
1074.808960
1078.128052
1085.612061
1090.040039
1094.561035
1099.488037
1106.260986
1110.909058
1117.109985
1119.479980
1121.551025
1124.324951
1127.129028
1127.864014
1130.338989
1130.977051
1131.072021
1131.197021
1131.237061
1131.321045
1131.879028
1131.879028
1131.880981
1132.152954
1132.152954
1132.152954
1132.152954
1132.152954
1132.152954
1132.152954
1132.152954
1132.152954
1132.152954
1132.152954
1132.152954
1132.152954
1132.152954
1132.152954
1132.152954
1132.152954
1132.152954
1132.152954
1132.152954
1132.152954
1132.152954
1132.152954
1132.152954
1132.152954
1132.152954
1132.152954
1132.152954
1132.152954
1132.152954
1132.152954
1132.152954
1132.152954
1132.152954
1132.152954
1132.152954
1132.152954
1132.152954
1132.152954
1132.152954
1132.152954
1132.152954
1132.152954
1132.152954
1132.152954
1132.152954
1132.152954
1132.152954
1132.152954
1132.152954
1132.152954
1132.152954
1132.152954
1132.152954
1132.152954
1132.152954
1132.152954
1132.152954
1132.152954
1132.152954
1132.152954
1132.152954
1132.152954
1132.152954
1132.152954
1132.152954
1132.152954
1132.152954
1132.152954
1132.152954
1132.152954
1132.152954
1132.152954
1132.152954
1132.152954
1132.152954
1132.152954
1132.152954
1132.152954
1132.152954
1132.152954
1132.152954
1132.152954
1132.152954
1132.152954
1132.152954
1132.152954
1132.152954
1132.152954
1132.152954
1132.152954
1132.152954
1132.152954
1132.152954
1132.152954
1132.152954
1132.152954
1132.152954
1132.152954
1132.152954
1132.152954
1132.152954
1132.152954
1132.152954
1132.152954
1132.152954
1132.152954
1132.152954
1132.152954
1132.152954
1132.152954
1132.152954
1132.152954
1132.152954
1132.152954
1132.152954
