0.882194
0.882413
2.31072
2.8109
3.3104
3.81441
4.31437
4.81439
5.31401
5.81442
6.31406
6.81457
7.31417
7.81469
8.33215
8.81733
9.318
9.8182
10.3283
10.8187
11.3185
11.8179
12.3183
12.8184
13.3179
13.8205
14.3223
14.8224
15.3222
15.822
16.3218
16.8226
17.3224
17.8221
18.3224
18.8327
19.3279
19.8269
20.3262
20.826
21.3264
21.8263
22.3277
22.8261
23.3267
23.8304
24.3303
24.8308
25.33
25.8303
26.3308
26.8304
27.3301
27.8301
28.3308
28.8316
29.335
29.8346
30.3341
30.8345
31.344
31.8348
32.3345
32.8341
33.334
33.8382
34.3384
34.8382
35.3382
35.8467
36.3386
36.8386
37.3397
37.8425
38.3424
38.8425
39.3546
39.8426
40.3424
40.8555
41.3423
41.8419
42.343
42.8565
43.3466
43.8461
44.3669
44.8464
45.3469
45.8461
46.3466
46.8461
47.3461
47.8464
48.3835
48.8503
49.3507
49.8502
50.351
50.8503
51.35
51.8501
52.3762
52.858
53.3501
53.8547
54.354
54.8544
55.3544
55.8547
56.3544
56.854
57.3551
57.8542
58.355
58.8587
59.3579
59.8577
60.3682
60.8584
61.3588
61.8583
62.3587
62.8584
63.359
63.8731
64.363
64.8628
65.3622
65.8623
66.3626
66.863
67.3627
67.8626
68.3628
68.8691
69.3659
69.8663
70.3686
70.8666
71.3659
71.8667
72.3668
72.8666
73.3721
73.8668
74.3669
74.8702
75.3699
75.8699
76.37
76.8753
77.3701
77.871
78.3699
78.871
79.3742
79.8741
80.3736
80.8741
81.3739
81.8736
82.3748
82.8769
83.3744
83.8743
84.3752
84.8779
85.3804
85.8783
86.378
86.8778
87.3786
87.8784
88.3785
88.8782
89.3784
89.8798
90.3825
90.8824
91.382
91.8809
92.3818
92.8825
93.3821
93.8818
94.3825
94.8826
95.3832
95.8859
96.3866
96.8865
97.3866
97.8861
98.3866
98.9055
99.3872
99.8871
100.39
100.891
101.391
101.89
102.412
102.89
103.391
103.891
104.39
104.89
105.394
105.895
106.395
106.895
107.393
107.895
108.394
108.895
109.395
109.895
110.395
110.9
111.399
111.898
112.398
112.899
113.399
113.898
114.398
114.905
115.402
115.903
116.403
116.902
117.402
117.902
118.402
118.903
119.403
119.903
120.402
120.903
121.407
121.929
122.406
122.907
123.407
123.907
124.407
124.906
125.41
125.914
126.412
126.911
127.411
127.91
128.41
128.911
129.411
129.913
130.414
130.914
131.414
131.914
132.424
132.921
133.414
133.915
134.415
134.915
135.418
135.919
136.418
136.919
137.418
137.919
138.418
138.918
139.419
139.919
140.418
140.922
141.423
141.922
142.422
142.923
143.422
143.922
144.423
144.922
145.422
145.922
146.423
146.926
147.44
147.926
148.426
148.926
149.426
149.927
150.426
150.93
151.427
151.926
152.427
152.93
153.431
153.931
154.43
154.93
155.43
155.93
156.43
156.93
157.431
157.933
158.434
158.934
159.445
159.934
160.435
160.934
161.434
161.934
162.435
162.934
163.437
163.96
164.439
164.939
165.439
165.983
166.438
166.939
167.438
167.942
168.443
168.942
169.464
169.942
170.442
170.942
171.442
171.942
172.443
172.965
173.447
173.947
174.467
174.947
175.446
175.946
176.446
176.946
177.446
177.946
178.446
178.946
179.449
179.95
180.451
180.951
181.451
181.95
182.45
182.95
183.451
183.95
184.47
184.954
185.455
185.955
186.454
186.974
187.454
187.954
188.454
188.955
189.455
189.954
190.454
190.955
191.486
191.959
192.458
192.958
193.458
193.958
194.458
194.958
195.458
195.959
196.463
196.962
197.462
197.962
198.463
198.963
199.463
199.963
200.463
200.963
201.463
201.965
202.466
202.966
203.466
203.967
204.466
204.966
205.466
205.966
206.466
206.967
207.469
207.971
208.47
208.971
209.47
209.97
210.471
210.971
211.47
211.971
212.471
212.975
213.475
213.974
214.474
214.975
215.474
215.975
216.475
216.974
217.475
217.975
218.478
218.978
219.478
219.978
220.478
220.978
221.478
221.978
222.478
222.978
223.479
223.978
224.482
224.983
225.483
225.982
226.483
226.982
227.483
227.983
228.482
228.982
229.482
229.986
230.486
230.987
231.486
231.986
232.487
232.987
233.487
233.987
234.486
234.987
235.49
235.99
236.49
236.991
237.49
237.991
238.491
238.99
239.491
239.99
240.491
240.994
241.495
241.995
242.494
242.994
243.494
243.995
244.495
244.994
245.495
245.994
246.494
246.999
247.499
247.999
248.499
248.998
249.498
250
250.502
251.002
251.502
252.002
252.503
253.003
253.502
254.003
254.502
255.002
255.503
256.007
256.506
257.007
257.507
