14.5919
18.8485
18.8596
22.9904
23.0095
23.0399
23.0579
23.0701
23.0888
23.8775
26.0015
26.8855
26.9001
34.511
34.9586
44.2707
44.2841
45.122
47.6679
48.561
48.9471
48.9666
48.9868
49.1611
51.5982
52.4994
52.5201
52.5414
53.3429
54.2141
58.5858
58.6042
58.6236
58.6333
58.6443
58.6646
58.6842
58.7045
58.7253
58.767
62.2549
62.6773
65.5295
69.9104
74.1908
75.7682
92.6644
97.2691
97.7002
97.7182
100.116
100.761
104.673
106.406
106.418
106.605
108.109
115.157
115.168
115.187
115.198
115.218
115.229
115.247
117.736
117.751
117.77
126.944
132.646
135.944
136.142
136.155
136.165
136.176
136.196
136.206
136.351
136.368
136.387
136.409
136.428
136.448
137.012
138.664
141.947
141.965
152.322
168.02
179.64
179.661
186.792
186.808
186.829
186.848
186.859
186.868
187.025
190.545
191.222
191.242
191.947
196.319
196.521
196.541
196.554
200.192
200.213
210.306
210.326
210.349
210.368
210.39
210.406
210.426
215.769
218.804
220.297
220.311
226.608
226.627
226.819
231.783
234.877
234.893
234.912
234.932
234.943
235.532
237.214
237.44
237.457
254.34
254.361
254.382
254.397
254.412
254.432
256.242
256.262
261.079
261.093
261.111
261.13
265.85
271.361
276.109
277.149
278.868
278.881
282.298
286.594
287.977
287.987
287.997
288.018
288.038
288.157
288.167
288.568
288.58
288.599
288.624
288.639
288.66
288.682
292.876
294.824
294.838
295.295
298.656
299.319
302.079
304.179
304.199
304.219
308.804
311.049
312.872
312.889
312.899
314.791
314.811
321.158
326.244
326.672
338.097
338.115
338.337
338.349
338.366
338.386
338.397
338.416
338.437
338.457
338.48
377.793
377.803
380.144
384.115
384.135
384.154
384.173
390.838
391.468
391.479
391.499
395.249
395.675
412.338
422.529
429.888
436.769
440.295
440.305
442.015
446.193
446.209
465.378
465.398
465.417
465.437
465.458
465.787
465.806
465.817
465.838
465.856
465.867
465.887
465.907
493.351
519.159
553.676
553.686
553.705
553.716
553.726
553.746
553.766
553.776
553.795
553.904
553.935
553.964
553.994
554.024
554.054
554.091
554.13
554.16
554.19
554.221
554.259
554.295
554.333
554.363
554.394
554.424
554.455
554.505
554.543
554.578
554.609
554.642
554.68
554.715
554.755
554.795
554.835
554.875
554.926
554.964
555.005
555.045
555.084
555.114
555.152
555.19
555.22
555.25
555.279
555.31
555.34
555.373
555.412
555.45
555.481
555.521
555.552
555.595
555.627
555.657
555.696
555.737
555.776
555.815
555.851
555.895
555.934
555.972
556.012
556.042
556.083
556.121
556.16
556.191
556.221
556.261
556.291
556.321
556.351
556.381
556.412
556.441
556.472
556.502
556.532
556.562
556.592
556.622
556.653
556.692
556.722
556.752
556.794
556.832
556.862
556.898
556.937
556.968
557.007
557.039
557.077
557.111
557.148
557.178
557.213
557.243
557.273
557.303
557.333
557.363
557.393
557.423
557.453
557.483
557.513
557.545
557.584
557.616
557.653
557.684
557.714
557.748
557.779
557.819
557.849
557.879
557.909
557.95
557.989
558.019
558.061
558.098
558.128
558.163
558.193
558.23
558.267
558.298
558.337
558.372
558.402
558.432
558.473
558.512
558.546
558.584
558.614
558.652
558.683
558.712
558.752
558.787
558.817
558.847
558.878
558.908
558.938
558.968
559.004
559.033
559.065
559.103
559.133
559.164
559.194
559.225
559.264
559.293
559.324
559.354
559.384
559.413
559.446
559.485
559.516
559.554
559.584
559.616
559.65
559.689
559.72
559.761
559.799
559.833
559.864
559.894
559.924
559.958
559.99
560.029
560.059
560.094
560.129
560.159
560.19
560.22
560.259
560.29
560.322
560.359
560.4
560.439
560.479
560.509
560.539
560.569
560.599
560.629
560.659
560.69
560.72
560.75
560.78
560.812
560.85
560.881
560.92
560.951
560.99
561.03
561.069
561.099
561.13
561.16
561.194
561.225
561.257
561.295
561.324
561.355
561.385
561.417
561.456
561.499
561.529
561.56
561.59
561.62
561.651
561.681
561.721
561.76
561.79
561.825
561.855
561.897
561.937
561.975
562.005
562.035
562.065
562.095
562.126
562.165
562.204
562.236
562.281
562.321
562.36
562.39
562.42
562.45
562.481
562.52
562.55
562.591
562.635
562.665
562.695
562.725
562.766
562.804
562.834
562.864
562.895
562.934
562.964
562.996
563.034
563.065
563.099
563.131
563.17
563.2
563.23
563.26
563.292
563.322
563.365
563.396
563.426
563.456
563.486
563.516
563.546
563.576
563.607
563.637
563.666
563.697
563.727
563.758
563.787
563.819
563.859
563.898
563.927
563.957
563.987
564.019
564.057
564.087
564.117
564.147
564.178
564.207
564.237
564.267
564.296
564.327
564.357
564.387
564.419
564.457
564.487
564.517
564.547
564.577
564.621
564.657
564.687
564.717
564.747
564.778
564.819
564.857
564.887
564.917
564.952
564.982
565.012
565.041
565.072
565.106
565.137
565.167
565.198
565.237
565.268
565.298
565.328
565.357
565.389
565.428
565.458
565.487
565.52
565.558
565.587
565.618
565.648
565.678
565.708
565.738
565.768
565.798
565.831
565.868
565.898
565.928
565.958
565.988
566.028
566.058
566.089
566.128
566.158
566.187
566.22
566.258
566.288
566.328
566.358
566.388
566.419
566.458
566.498
566.529
566.558
566.588
566.619
566.658
566.688
566.719
566.748
566.785
566.824
566.854
566.884
566.914
566.943
566.976
567.014
567.043
567.073
567.104
567.144
567.173
567.206
567.244
567.274
567.304
567.334
567.364
567.394
567.425
567.455
567.484
567.514
567.545
567.575
567.613
567.645
567.689
567.72
567.759
567.789
567.829
567.869
567.899
567.938
567.969
567.998
568.029
568.058
568.089
568.12
568.159
568.189
568.219
568.248
568.279
568.309
568.338
568.368
568.399
568.429
568.46
568.499
568.529
568.569
568.599
568.63
568.659
568.689
568.719
568.749
568.779
568.81
568.84
568.869
568.9
568.941
568.98
569.009
569.041
569.071
569.101
569.13
569.16
569.19
569.222
569.266
569.306
569.335
569.365
569.403
569.441
569.471
569.512
569.551
569.581
569.622
569.662
569.701
569.741
569.77
569.801
569.831
569.861
569.892
569.923
569.962
569.991
570.021
570.051
570.081
570.111
570.141
570.171
570.201
570.236
570.266
570.297
570.337
570.367
570.396
570.426
570.462
570.508
570.546
570.577
570.607
570.637
570.667
570.707
570.737
570.768
570.807
570.837
570.866
570.897
570.937
570.966
570.997
571.027
571.057
571.087
571.117
571.146
571.177
571.207
571.248
571.287
571.326
571.356
571.387
571.417
571.447
571.478
571.517
571.547
571.577
571.607
571.638
571.677
571.717
571.757
571.797
571.827
571.857
571.887
571.917
571.946
571.977
572.016
572.047
572.077
572.107
572.147
572.187
572.217
572.247
572.277
572.307
572.337
572.368
572.408
572.439
572.478
572.518
572.557
572.587
572.617
572.649
572.687
572.717
572.747
572.777
572.807
572.837
572.867
572.897
572.929
572.967
572.998
573.038
573.067
573.097
573.134
573.164
573.204
573.234
573.278
573.318
573.348
573.383
573.419
573.458
573.497
573.527
573.557
573.587
573.617
573.657
573.687
573.727
573.766
573.796
573.827
573.857
573.887
573.916
573.948
573.991
574.021
574.057
574.087
574.118
574.147
574.188
574.22
574.254
574.293
574.323
574.362
574.393
574.423
574.455
574.497
574.528
574.558
574.588
574.633
574.663
574.693
574.725
574.764
574.803
574.842
574.883
574.912
574.944
574.983
575.013
575.042
575.073
575.103
575.133
575.163
575.193
575.223
575.254
575.293
575.325
575.369
575.399
575.43
575.469
575.5
575.531
575.57
575.6
575.629
575.659
575.69
575.72
575.75
575.791
575.83
575.86
575.89
575.92
575.95
575.981
576.01
576.04
576.085
576.126
576.166
576.196
576.227
576.265
576.296
576.326
576.355
576.386
576.416
576.446
576.487
576.526
576.557
576.59
576.627
576.669
576.707
576.745
576.776
576.811
576.841
576.87
576.9
576.93
576.96
576.99
577.021
577.061
577.091
577.12
577.151
577.181
577.226
577.256
577.286
577.326
577.365
577.396
577.426
577.455
577.485
577.515
577.547
577.586
577.625
577.655
577.686
577.715
577.747
577.788
577.827
577.866
577.898
577.936
577.967
577.996
578.036
578.066
578.096
578.131
578.161
578.192
578.222
578.252
578.282
578.312
578.342
578.374
578.412
578.442
578.472
578.512
578.542
578.572
578.608
578.648
578.687
578.727
578.767
578.806
578.836
578.865
578.896
578.926
578.957
578.987
579.017
579.047
579.077
579.117
579.157
579.187
579.227
579.257
579.287
579.319
579.357
579.387
579.418
579.448
579.488
579.518
579.547
579.578
579.608
579.637
579.668
579.698
579.729
579.768
579.798
579.828
579.857
579.888
579.918
579.948
579.978
580.014
580.053
580.083
580.113
580.142
580.173
580.203
580.233
580.263
580.293
580.323
580.353
580.383
580.413
580.443
580.474
580.513
580.543
580.575
580.616
580.655
580.694
580.734
580.764
580.794
580.824
580.864
580.894
580.924
580.954
580.984
581.013
581.043
581.073
581.103
581.133
581.164
581.194
581.233
581.264
581.294
581.323
581.354
581.385
581.424
581.454
581.483
581.514
581.544
581.574
581.604
581.636
581.674
581.714
581.744
581.774
581.815
581.854
581.895
581.926
581.965
582.004
582.034
582.064
582.104
582.134
582.164
582.194
582.224
582.254
582.284
582.314
582.348
582.38
582.419
582.449
582.479
582.514
582.554
582.584
582.615
582.645
582.675
582.705
582.735
582.765
582.801
582.831
582.872
582.91
582.94
582.969
582.999
583.035
583.065
583.095
583.126
583.155
583.184
583.215
583.25
583.289
583.319
583.35
583.39
583.42
583.456
583.496
583.535
583.575
583.608
583.645
583.681
583.72
583.75
583.78
583.81
583.84
583.882
583.92
583.951
583.99
584.02
584.05
584.08
584.11
584.14
584.17
584.21
584.241
584.27
584.3
584.33
584.361
584.4
584.432
584.471
584.51
584.54
584.573
584.611
584.65
584.68
584.711
584.741
584.771
584.801
584.833
584.871
584.901
584.931
584.961
585.001
585.033
585.071
585.101
585.131
585.161
585.19
585.221
585.252
585.293
585.332
585.371
585.401
585.431
585.461
585.491
585.526
585.556
585.586
585.616
585.656
585.685
585.715
585.745
585.78
585.816
585.846
585.877
585.916
585.947
585.976
586.016
586.046
586.077
586.107
586.137
586.167
586.207
586.247
586.286
586.316
586.345
586.376
586.406
586.436
586.467
586.497
586.526
586.557
586.587
586.617
586.659
586.697
586.738
586.777
586.807
586.848
586.878
586.907
586.937
586.966
586.997
587.032
587.062
587.092
587.122
587.154
587.199
587.239
587.281
587.317
587.347
587.378
587.408
587.454
587.493
587.527
587.563
587.593
587.622
587.654
587.693
587.723
587.753
587.784
587.813
587.844
587.879
587.909
587.939
587.969
587.999
588.029
588.06
588.089
588.121
588.159
588.189
588.219
588.249
588.292
588.328
588.358
588.388
588.427
588.459
588.498
588.538
588.578
588.618
588.648
588.678
588.708
588.741
588.779
588.818
588.851
588.889
588.929
588.959
588.999
589.028
589.068
589.109
589.139
589.169
589.198
589.229
589.259
589.288
589.319
589.349
589.379
589.409
589.439
589.469
589.499
589.53
589.56
589.589
589.619
589.65
589.68
589.72
589.751
589.79
589.819
589.854
589.885
589.924
589.964
589.994
590.024
590.055
590.094
590.124
590.153
590.184
590.224
590.254
590.284
590.325
590.365
590.405
590.445
590.484
590.514
590.544
590.584
590.614
590.644
590.673
590.705
590.736
590.774
590.806
590.846
590.885
590.915
590.945
590.978
591.015
591.045
591.075
591.105
591.135
591.166
591.195
591.225
591.255
591.285
591.315
591.345
591.375
591.405
591.437
591.476
591.507
591.546
591.585
591.615
591.65
591.68
591.71
591.745
591.776
591.805
591.836
591.866
591.896
591.937
591.976
592.016
592.048
592.086
592.116
592.146
592.175
592.205
592.24
592.271
592.301
592.331
592.36
592.393
592.431
592.461
592.501
592.531
592.561
592.591
592.621
592.651
592.681
592.712
592.742
592.782
592.812
592.842
592.872
592.901
592.931
592.964
593.002
593.036
593.072
593.102
593.131
593.162
593.195
593.232
593.262
593.293
593.332
593.361
593.391
593.422
593.459
593.498
593.527
593.563
593.604
593.642
593.672
593.702
593.743
593.782
593.812
593.842
593.872
593.901
593.932
593.962
593.992
594.032
594.062
594.092
594.132
594.173
594.214
594.253
594.292
594.324
594.364
594.402
594.433
594.462
594.493
594.523
594.553
594.593
594.634
594.673
594.703
594.733
594.764
594.804
594.843
594.884
594.923
594.953
594.993
595.023
595.053
595.083
595.112
595.142
595.173
595.203
595.233
595.263
595.292
595.324
595.353
595.384
595.414
595.443
595.473
595.503
595.533
595.564
595.603
595.632
595.663
595.693
595.723
595.753
595.783
595.813
595.843
595.873
595.902
595.933
595.963
595.992
596.023
596.053
596.082
596.113
596.144
596.173
596.203
596.234
596.263
596.295
596.335
596.374
596.404
596.433
596.465
596.503
596.533
596.564
596.594
596.624
596.664
596.694
596.734
596.774
596.813
596.855
596.893
596.923
596.954
596.984
597.014
597.043
597.074
597.104
597.133
597.164
597.194
597.223
597.253
597.284
597.314
597.344
597.374
597.404
597.434
597.464
597.494
597.525
597.555
597.585
597.614
597.645
597.675
597.705
597.734
597.766
597.805
597.835
597.865
597.894
597.924
597.955
597.985
598.014
598.044
598.075
598.105
598.135
598.175
598.215
598.245
598.275
598.316
598.356
598.395
598.425
598.455
598.485
598.515
598.546
598.585
598.625
598.661
598.701
598.742
598.78
598.81
598.84
598.87
598.9
598.93
598.961
598.991
599.021
599.051
599.082
599.121
599.151
599.181
599.21
599.241
599.271
599.311
599.342
599.381
599.411
599.441
599.481
599.511
599.542
599.581
599.611
599.641
599.671
599.705
599.742
599.781
599.811
599.841
599.871
599.901
599.931
599.961
599.991
600.021
600.051
600.081
600.113
600.152
600.19
600.221
600.251
600.281
600.311
600.341
600.371
600.406
600.436
600.476
600.517
600.556
600.596
600.626
600.667
600.697
600.726
600.756
600.786
600.815
600.846
600.876
600.906
600.936
600.975
601.014
601.052
601.081
601.112
601.143
601.182
601.212
601.242
601.272
601.308
601.347
601.377
601.418
601.459
601.497
601.527
601.557
601.587
601.618
601.658
601.698
601.737
601.768
601.81
601.847
601.877
601.918
601.947
601.98
602.018
602.057
602.087
602.118
602.15
602.189
602.219
602.258
602.299
602.338
602.368
602.398
602.429
602.468
602.498
602.528
602.558
602.588
602.618
602.65
602.689
602.729
602.768
602.798
602.828
602.859
602.898
602.928
602.957
602.988
603.018
603.049
603.088
603.118
603.148
603.179
603.209
603.238
603.269
603.299
603.329
603.359
603.389
603.419
603.452
603.488
603.518
603.549
603.579
603.612
603.652
603.695
603.734
603.763
603.794
603.824
603.854
603.893
603.924
603.963
603.994
604.034
604.064
604.095
604.134
604.164
604.195
604.234
604.264
604.293
604.324
604.354
604.384
604.414
604.444
604.475
604.504
604.545
604.584
604.614
604.654
604.696
604.733
604.774
604.813
604.845
604.884
604.923
604.953
604.982
605.014
605.045
605.084
605.114
605.144
605.174
605.21
605.25
605.29
605.331
605.37
605.409
605.449
605.479
605.509
605.54
605.569
605.6
605.639
605.669
605.7
605.729
605.759
605.789
605.82
605.851
605.89
605.921
605.961
606
606.03
606.061
606.102
606.139
606.171
606.21
606.24
606.27
606.3
606.33
606.36
606.391
606.431
606.475
606.505
606.536
606.565
606.605
606.635
606.665
606.701
606.74
606.769
606.8
606.829
606.861
606.891
606.921
606.951
606.991
607.031
607.061
607.091
607.121
607.153
607.19
607.22
607.251
607.281
607.312
607.351
607.381
607.411
607.44
607.471
607.502
607.541
607.581
607.623
607.661
607.701
607.74
607.771
607.8
607.831
607.861
607.891
607.921
607.951
607.981
608.012
608.042
608.081
608.111
608.141
608.171
608.202
608.231
608.261
608.291
608.321
608.35
608.381
608.411
608.441
608.471
608.506
608.535
608.566
608.605
608.64
608.67
608.701
608.73
608.761
608.791
608.831
608.861
608.901
608.931
608.961
608.991
609.02
609.05
609.08
609.113
609.151
609.184
609.222
609.251
609.281
609.311
609.351
609.381
609.411
609.441
609.471
609.501
609.531
609.561
609.592
609.625
609.661
609.691
609.721
609.752
609.781
609.812
609.842
609.872
609.902
609.932
609.963
610.002
610.032
610.063
610.103
610.133
610.163
610.204
610.243
610.273
610.303
610.333
610.364
610.403
610.439
610.478
610.508
610.538
610.567
610.599
610.638
610.669
610.708
610.738
610.768
610.798
610.828
610.858
610.893
610.922
610.953
610.983
611.013
611.045
611.083
611.113
611.143
611.173
611.203
611.234
611.264
611.294
611.329
611.36
611.4
611.429
611.459
611.489
611.519
611.554
611.583
611.614
611.644
611.674
611.704
611.734
611.763
611.794
611.824
611.853
611.883
611.914
611.944
611.984
612.014
612.043
612.076
612.114
612.154
612.195
612.235
612.265
612.294
612.333
612.364
612.403
612.434
612.464
612.494
612.524
612.554
612.584
612.614
612.654
612.69
612.729
612.759
612.789
612.818
612.85
612.89
612.93
612.969
612.999
613.029
613.059
613.09
613.119
613.15
613.19
613.22
613.25
613.28
613.31
613.339
613.369
613.401
613.44
613.47
613.499
613.528
613.559
613.589
613.619
613.653
613.69
613.719
613.75
613.779
613.809
613.849
613.89
613.919
613.95
613.989
614.019
614.05
614.079
614.109
614.139
614.17
614.21
614.24
614.28
614.31
614.345
614.376
614.415
614.448
614.485
614.515
614.544
614.575
614.605
614.634
614.664
614.695
614.726
614.755
614.789
614.826
614.856
614.886
614.916
614.946
614.976
615.008
615.047
615.086
615.115
615.146
615.176
615.206
615.239
615.276
615.306
615.336
615.366
615.395
615.426
615.465
615.495
615.527
615.566
615.596
615.626
615.656
615.696
615.725
615.756
615.785
615.816
615.846
615.876
615.909
615.946
615.977
616.007
616.037
616.066
616.097
616.126
616.156
616.186
616.216
616.247
616.277
616.306
616.343
616.381
616.412
616.442
616.471
616.502
616.531
616.562
616.592
616.622
616.651
616.682
616.712
616.742
616.772
616.802
616.831
616.861
616.897
616.937
616.968
616.998
617.037
617.067
617.097
617.127
617.157
617.188
617.221
617.261
617.297
617.328
617.357
617.388
617.422
617.454
617.494
617.533
617.563
617.593
617.623
617.654
617.693
617.733
617.763
617.793
617.833
617.873
617.913
617.945
617.985
618.023
618.055
618.093
618.123
618.153
618.183
618.212
618.244
618.273
618.303
618.333
618.363
618.393
618.423
618.453
618.483
618.512
618.542
618.573
618.603
618.633
618.666
618.703
618.733
618.763
618.793
618.823
618.853
618.884
618.913
618.943
618.973
619.003
619.033
619.063
619.093
619.123
619.154
619.193
619.223
619.254
619.283
619.313
619.343
619.374
619.413
619.443
619.473
619.503
619.534
619.575
619.613
619.643
619.679
619.719
619.752
619.792
619.829
619.858
619.889
619.928
619.959
619.988
620.023
620.056
620.094
620.125
620.164
620.205
620.244
620.274
620.304
620.334
620.364
620.394
620.424
620.454
620.484
620.514
620.544
620.576
620.614
620.644
620.674
620.705
620.746
620.785
620.815
620.855
620.885
620.915
620.955
620.995
621.035
621.065
621.095
621.125
621.156
621.199
621.235
621.265
621.295
621.324
621.357
621.396
621.426
621.456
621.486
621.515
621.546
621.576
621.616
621.646
621.676
621.706
621.746
621.786
621.816
621.857
621.896
621.925
621.962
621.991
622.02
622.05
622.08
622.111
622.141
622.17
622.201
622.231
622.261
622.292
622.332
622.37
622.4
622.431
622.461
622.491
622.521
622.551
622.581
622.611
622.64
622.67
622.701
622.73
622.761
622.791
622.821
622.852
622.881
622.911
622.941
622.971
623.001
623.032
623.062
623.091
623.122
623.152
623.182
623.212
623.242
623.272
623.312
623.342
623.372
623.403
623.442
623.473
623.503
623.542
623.583
623.622
623.653
623.694
623.732
623.762
623.794
623.835
623.872
623.903
623.941
623.973
624.013
624.045
624.083
624.112
624.142
624.173
624.202
624.233
624.263
624.293
624.322
624.353
624.383
624.413
624.443
624.473
624.502
624.533
624.563
624.594
624.634
624.673
624.704
624.742
624.773
624.812
624.842
624.872
624.902
624.932
624.962
624.993
625.023
625.063
625.093
625.133
625.164
625.203
625.233
625.273
625.303
625.333
625.362
625.392
625.423
625.454
625.493
625.523
625.553
625.583
625.613
625.643
625.674
625.704
625.734
625.774
625.814
625.844
625.874
625.914
625.944
625.973
626.004
626.033
626.064
626.094
626.124
626.154
626.194
626.224
626.274
626.306
626.344
626.387
626.425
626.465
626.504
626.534
626.563
626.593
626.624
626.654
626.683
626.714
626.744
626.774
626.804
626.835
626.874
626.914
626.944
626.974
627.003
627.034
627.064
627.094
627.124
627.154
627.184
627.213
627.244
627.274
627.304
627.334
627.365
627.395
627.434
627.464
627.495
627.525
627.555
627.585
627.615
627.645
627.675
627.705
627.735
627.766
627.805
627.834
627.864
627.894
627.925
627.955
627.984
628.015
628.048
628.086
628.124
628.155
628.185
628.225
628.267
628.306
628.349
628.38
628.409
628.44
628.47
628.507
628.545
628.575
628.605
628.635
628.665
628.695
628.725
628.755
628.796
628.825
628.855
628.885
628.915
628.946
628.975
629.005
629.036
629.066
629.106
629.135
629.17
629.21
629.24
629.27
629.3
629.33
629.36
629.4
629.431
629.463
629.5
629.531
629.561
629.59
629.62
629.651
629.682
629.721
629.751
629.781
629.811
629.841
629.871
629.901
629.931
629.961
629.991
630.022
630.051
630.081
630.112
630.142
630.171
630.201
630.232
630.264
630.302
630.332
630.361
630.392
630.421
630.452
630.482
630.512
630.542
630.572
630.612
630.641
630.671
630.701
630.731
630.761
630.791
630.822
630.852
630.881
630.912
630.942
630.972
631.002
631.031
631.062
631.092
631.121
631.152
631.192
631.222
631.252
631.284
631.322
631.351
631.382
631.412
631.442
631.482
631.513
631.552
631.582
631.612
631.642
631.672
631.714
631.752
631.782
631.823
631.853
631.892
631.922
631.953
631.982
632.012
632.042
632.072
632.103
632.133
632.173
632.203
632.233
632.265
632.303
632.333
632.374
632.413
632.444
632.485
632.524
632.554
632.584
632.615
632.654
632.684
632.714
632.754
632.784
632.814
632.844
632.874
632.904
632.934
632.966
633.005
633.044
633.074
633.104
633.134
633.165
633.204
633.244
633.285
633.324
633.354
633.384
633.414
633.444
633.473
633.503
633.534
633.573
633.606
633.645
633.674
633.704
633.734
633.766
633.809
633.848
633.88
633.919
633.959
633.989
634.024
634.056
634.094
634.124
634.154
634.184
634.215
634.255
634.294
634.324
634.354
634.388
634.419
634.459
634.489
634.519
634.559
634.589
634.619
634.649
634.68
634.709
634.76
634.801
634.839
634.869
634.9
634.931
634.97
635.01
635.04
635.07
635.1
635.13
635.16
635.2
635.24
635.28
635.311
635.354
635.39
635.43
635.46
635.49
635.52
635.55
635.58
635.61
635.64
635.669
635.7
635.73
635.77
635.8
635.83
635.86
635.889
635.923
635.96
635.99
636.021
636.06
636.091
636.13
636.16
636.19
636.22
636.25
636.28
636.311
636.341
636.371
636.4
636.438
636.476
636.505
636.536
636.576
636.606
636.636
636.668
636.711
636.752
636.781
636.811
636.851
636.881
636.921
636.951
636.982
637.021
637.051
637.081
637.11
637.141
637.171
637.201
637.231
637.261
637.291
637.322
637.352
637.392
637.422
637.453
637.491
637.522
637.552
637.582
637.622
637.662
637.691
637.721
637.751
637.781
637.822
637.861
637.891
637.921
637.951
637.981
638.011
638.041
638.071
638.101
638.132
638.172
638.201
638.233
638.272
638.311
638.341
638.371
638.411
638.441
638.471
638.501
638.531
638.561
638.592
638.624
638.661
638.691
638.722
638.751
638.782
638.822
638.852
638.892
638.922
638.952
638.982
639.015
639.06
639.097
639.13
639.167
639.197
639.227
639.256
639.286
639.318
639.357
639.387
639.422
639.452
639.496
639.532
639.572
639.602
639.632
639.672
639.707
639.737
639.776
639.806
639.836
639.867
639.906
639.936
639.976
640.006
640.036
640.071
640.102
640.131
640.162
640.193
640.222
640.251
640.282
640.312
640.342
640.372
640.402
640.432
640.463
640.492
640.522
640.551
640.582
640.612
640.642
640.672
640.702
640.731
640.763
640.792
640.823
640.862
640.898
640.93
640.97
641.008
641.039
641.069
641.098
641.128
641.158
641.188
641.22
641.259
641.288
641.328
641.36
641.398
641.428
641.458
641.488
641.519
641.55
641.58
641.619
641.649
641.678
641.709
641.739
641.768
641.799
641.839
641.87
641.909
641.939
641.981
642.018
642.048
642.079
642.109
642.139
642.169
642.199
642.229
642.259
642.289
642.319
642.349
642.38
642.41
642.441
642.47
642.5
642.53
642.56
642.602
642.64
642.67
642.701
642.74
642.772
642.81
642.84
642.87
642.9
642.94
642.974
643.01
643.04
643.07
643.109
643.142
643.18
643.21
643.24
643.27
643.3
643.33
643.366
643.405
643.435
643.466
643.498
643.536
643.566
643.605
643.635
643.665
643.698
643.736
643.776
643.815
643.845
643.885
643.92
643.956
643.986
644.025
644.055
644.085
644.116
644.146
644.176
644.206
644.246
644.286
644.316
644.346
644.376
644.408
644.447
644.486
644.516
644.546
644.586
644.617
644.657
644.717
644.757
644.789
644.827
644.867
644.907
644.946
644.976
645.006
645.036
645.066
645.096
645.127
645.166
645.207
645.246
645.276
645.307
645.337
645.367
645.397
645.427
645.467
645.497
645.527
645.556
645.587
645.617
645.647
645.677
645.718
645.757
645.787
645.817
645.847
645.889
645.928
645.967
645.997
646.03
646.067
646.1
646.133
646.174
646.212
646.242
646.282
646.321
646.351
646.381
646.411
646.442
646.481
646.511
646.542
646.574
646.611
646.641
646.671
646.7
646.731
646.761
646.791
646.821
646.851
646.881
646.912
646.942
646.972
647.002
647.032
647.061
647.092
647.122
647.157
647.187
647.217
647.248
647.277
647.308
647.338
647.368
647.402
647.433
647.463
647.492
647.522
647.552
647.583
647.613
647.643
647.674
647.714
647.754
647.794
647.823
647.855
647.894
647.924
647.954
647.993
648.023
648.053
648.083
648.113
648.143
648.173
648.202
648.233
648.284
648.323
648.354
648.393
648.434
648.463
648.503
648.543
648.58
648.619
648.658
648.698
648.738
648.768
648.808
648.84
648.878
648.908
648.938
648.978
649.008
649.038
649.069
649.109
649.139
649.169
649.199
649.23
649.27
649.309
649.339
649.369
649.399
649.429
649.459
649.489
649.52
649.55
649.58
649.611
649.65
649.691
649.73
649.773
649.81
649.85
649.88
649.909
649.939
649.969
650
650.03
650.061
650.1
650.14
650.169
650.2
650.23
650.266
650.305
650.335
650.364
650.394
650.425
650.464
650.497
650.539
650.578
650.615
650.655
650.701
650.74
650.78
650.81
650.841
650.881
650.923
650.961
651
651.039
651.072
651.114
651.15
651.19
651.221
651.26
651.3
651.33
651.36
651.39
651.421
651.451
651.491
651.531
651.561
651.591
651.621
651.661
651.691
651.721
651.762
651.803
651.842
651.883
651.923
651.961
651.994
652.031
652.062
652.101
652.14
652.171
652.211
652.252
652.291
652.321
652.351
652.391
652.421
652.452
652.491
652.522
652.562
652.601
652.642
652.681
652.712
652.742
652.782
652.812
652.842
652.882
652.921
652.952
652.981
653.021
653.052
653.091
653.121
653.152
653.182
653.211
653.242
653.271
653.301
653.331
653.37
653.4
653.43
653.46
653.491
653.521
653.555
653.591
653.631
653.661
653.692
653.731
653.761
653.792
653.831
653.862
653.901
653.931
653.964
654.002
654.041
654.082
654.113
654.152
654.192
654.222
654.251
654.284
654.323
654.362
654.401
654.432
654.461
654.493
654.532
654.561
654.592
654.621
654.651
654.682
654.722
654.762
654.793
654.832
654.862
654.902
654.937
654.967
654.997
655.026
655.057
655.087
655.117
655.147
655.178
655.208
655.25
655.288
655.318
655.348
655.378
655.419
655.463
655.504
655.542
655.572
655.603
655.643
655.672
655.703
655.733
655.775
655.813
655.844
655.886
655.923
655.953
655.983
656.014
656.046
656.084
656.114
656.144
656.173
656.204
656.234
656.264
656.294
656.324
656.365
656.405
656.444
656.484
656.525
656.565
656.594
656.624
656.654
656.684
656.716
656.754
656.784
656.814
656.844
656.874
656.904
656.943
656.973
657.004
657.047
657.079
657.118
657.148
657.189
657.218
657.248
657.281
657.318
657.349
657.389
657.429
657.459
657.489
657.52
657.559
657.589
657.619
657.649
657.681
657.719
657.749
657.779
657.811
657.851
657.889
657.93
657.969
658
658.029
658.059
658.089
658.119
658.159
658.189
658.22
658.25
658.28
658.31
658.35
658.382
658.42
658.45
658.48
658.512
658.553
658.59
658.622
658.66
658.691
658.733
658.772
658.811
658.84
658.88
658.91
658.94
658.97
659.033
659.07
659.101
659.141
659.17
659.201
659.24
659.27
659.31
659.352
659.381
659.42
659.461
659.5
659.53
659.57
659.61
659.65
659.681
659.72
659.75
659.78
659.82
659.85
659.882
659.92
659.96
659.99
660.02
660.061
660.1
660.13
660.16
660.19
660.221
660.26
660.291
660.321
660.352
660.381
660.421
660.451
660.484
660.522
660.563
660.602
660.632
660.662
660.693
660.732
660.772
660.802
660.833
660.862
660.904
660.943
660.982
661.022
661.062
661.102
661.141
661.171
661.202
661.241
661.272
661.303
661.342
661.372
661.402
661.433
661.462
661.502
661.534
661.573
661.614
661.655
661.692
661.722
661.752
661.784
661.822
661.856
661.887
661.917
661.954
661.984
662.021
662.052
662.082
662.112
662.155
662.192
662.222
662.252
662.282
662.312
662.342
662.372
662.402
662.432
662.462
662.493
662.533
662.573
662.603
662.633
662.663
662.693
662.733
662.773
662.804
662.843
662.873
662.913
662.944
662.986
663.023
663.053
663.086
663.123
663.157
663.188
663.219
663.26
663.298
663.328
663.358
663.388
663.418
663.448
663.49
663.529
663.568
663.599
663.629
663.669
663.709
663.749
663.787
663.817
663.848
663.878
663.908
663.937
663.967
663.998
664.028
664.068
664.108
664.138
664.168
664.199
664.238
664.268
664.299
664.329
664.358
664.388
664.419
664.448
664.478
664.508
664.538
664.568
664.599
664.638
664.669
664.729
664.759
664.795
664.834
664.874
664.904
664.934
664.964
664.995
665.024
665.054
665.087
665.125
665.154
665.185
665.215
665.245
665.274
665.304
665.335
665.365
665.396
665.436
665.475
665.505
665.535
665.565
665.595
665.626
665.665
665.695
665.724
665.755
665.786
665.816
665.854
665.886
665.925
665.966
666.005
666.035
666.065
666.105
666.135
666.165
666.194
666.225
666.266
666.296
666.337
666.375
666.409
666.446
666.475
666.505
666.535
666.565
666.595
666.625
666.656
666.686
666.716
666.746
666.776
666.806
666.837
666.876
666.906
666.936
666.966
667.001
667.031
667.061
667.091
667.121
667.157
667.189
667.226
667.257
667.296
667.336
667.366
667.406
667.436
667.466
667.497
667.536
667.569
667.606
667.637
667.679
667.716
667.746
667.781
667.811
667.841
667.871
667.902
667.941
667.972
668.002
668.042
668.081
668.111
668.151
668.18
668.21
668.241
668.27
668.301
668.331
668.361
668.395
668.426
668.456
668.488
668.526
668.556
668.587
668.616
668.647
668.682
668.712
668.742
668.772
668.812
668.852
668.883
668.923
668.961
668.991
669.022
669.052
669.082
669.112
669.142
669.172
669.202
669.232
669.263
669.297
669.33
669.367
669.397
669.427
669.457
669.487
669.518
669.556
669.588
669.627
669.667
669.707
669.747
669.787
669.826
669.856
669.897
669.936
669.966
669.996
670.026
670.057
670.097
670.128
670.167
670.205
670.236
670.266
670.296
670.327
670.357
670.387
670.417
670.447
670.478
670.518
670.557
670.587
670.617
670.648
670.69
670.731
670.763
670.792
670.822
670.852
670.882
670.913
670.942
670.973
671.013
671.043
671.073
671.103
671.133
671.163
671.193
671.223
671.253
671.283
671.313
671.356
671.393
671.434
671.463
671.493
671.523
671.554
671.594
671.623
671.657
671.699
671.729
671.758
671.792
671.829
671.869
671.91
671.951
671.989
672.029
672.071
672.108
672.138
672.168
672.199
672.238
672.268
672.297
672.327
672.357
672.389
672.421
672.462
672.493
672.533
672.562
672.593
672.622
672.653
672.683
672.713
672.743
672.774
672.804
672.837
672.874
672.905
672.934
672.975
673.016
673.054
673.084
673.114
673.144
673.174
673.205
673.235
673.266
673.304
673.334
673.372
673.414
673.451
673.481
673.511
673.55
673.585
673.615
673.645
673.675
673.704
673.736
673.775
673.805
673.835
673.865
673.895
673.925
673.964
673.994
674.031
674.073
674.11
674.15
674.18
674.21
674.242
674.282
674.323
674.36
674.39
674.42
674.451
674.481
674.522
674.562
674.591
674.626
674.656
674.686
674.716
674.746
674.776
674.815
674.845
674.875
674.905
674.946
674.986
675.03
675.06
675.09
675.12
675.15
675.181
675.211
675.241
675.271
675.301
675.331
675.361
675.393
675.431
675.461
675.491
675.521
675.551
675.581
675.611
675.641
675.673
675.712
675.742
675.772
675.802
675.842
675.872
675.902
675.932
675.961
675.992
676.023
676.062
676.094
676.131
676.161
676.191
676.222
676.256
676.294
676.333
676.372
676.402
676.451
676.487
676.521
676.557
676.587
676.618
676.647
676.677
676.708
676.741
676.777
676.809
676.847
676.888
676.928
676.963
677.003
677.042
677.071
677.102
677.137
677.171
677.207
677.237
677.267
677.297
677.336
677.366
677.396
677.426
677.456
677.486
677.516
677.546
677.576
677.606
677.636
677.667
677.706
677.745
677.778
677.817
677.857
677.887
677.927
677.975
678.012
678.042
678.072
678.102
678.132
678.162
678.192
678.228
678.258
678.298
678.332
678.363
678.393
678.423
678.454
678.495
678.535
678.573
678.602
678.633
678.663
678.695
678.733
678.764
678.81
678.849
678.878
678.908
678.938
678.968
678.998
679.028
679.068
679.097
679.131
679.168
679.198
679.228
679.258
679.288
679.319
679.359
679.398
679.428
679.458
679.488
679.519
679.559
679.589
679.628
679.658
679.689
679.719
679.749
679.778
679.818
679.848
679.877
679.908
679.937
679.968
679.998
680.029
680.059
680.089
680.119
680.149
680.179
680.209
680.238
680.268
680.299
680.329
680.359
680.389
680.42
680.45
680.491
680.53
680.56
680.589
680.62
680.649
680.679
680.71
680.75
680.78
680.81
680.84
680.88
680.91
680.94
680.98
681.009
681.04
681.069
681.1
681.13
681.173
681.211
681.253
681.29
681.322
681.36
681.401
681.43
681.461
681.49
681.53
681.559
681.589
681.619
681.65
681.68
681.71
681.74
681.78
681.81
681.84
681.88
681.91
681.94
681.97
682
682.029
682.06
682.09
682.12
682.151
682.181
682.21
682.241
682.271
682.301
682.331
682.361
682.391
682.42
682.451
682.484
682.521
682.561
682.591
682.63
682.67
682.7
682.73
682.771
682.8
682.83
682.86
682.89
682.923
682.962
683.003
683.041
683.071
683.111
683.143
683.18
683.215
683.246
683.276
683.307
683.347
683.387
683.417
683.456
683.487
683.517
683.556
683.586
683.617
683.657
683.698
683.736
683.766
683.796
683.827
683.867
683.897
683.936
683.966
683.996
684.026
684.067
684.098
684.14
684.177
684.207
684.247
684.276
684.309
684.354
684.392
684.422
684.452
684.482
684.512
684.543
684.572
684.603
684.644
684.682
684.712
684.743
684.782
684.812
684.842
684.872
684.902
684.932
684.972
685.002
685.032
685.062
685.092
685.122
685.152
685.183
685.213
685.243
685.273
685.303
685.333
685.368
685.4
685.439
685.478
685.518
685.548
685.591
685.629
685.67
685.708
685.738
685.768
685.8
685.838
685.868
685.899
685.938
685.968
685.999
686.038
686.068
686.098
686.128
686.168
686.198
686.228
686.258
686.288
686.318
686.349
686.379
686.408
686.438
686.468
686.5
686.538
686.568
686.598
686.628
686.664
686.693
686.722
686.752
686.782
686.813
686.843
686.873
686.903
686.933
686.964
687.003
687.032
687.062
687.092
687.122
687.152
687.182
687.222
687.252
687.283
687.313
687.343
687.373
687.403
687.443
687.473
687.502
687.533
687.569
687.6
687.638
687.669
687.699
687.729
687.758
687.789
687.82
687.859
687.889
687.92
687.95
687.989
688.019
688.051
688.09
688.129
688.159
688.189
688.219
688.25
688.28
688.32
688.35
688.38
688.42
688.451
688.49
688.52
688.56
688.591
688.631
688.661
688.691
688.72
688.76
688.79
688.821
688.85
688.88
688.91
688.94
688.97
689
689.031
689.061
689.101
689.13
689.159
689.19
689.22
689.25
689.279
689.31
689.339
689.37
689.403
689.44
689.474
689.505
689.541
689.581
689.628
689.668
689.706
689.745
689.775
689.805
689.835
689.865
689.895
689.925
689.955
689.985
690.025
690.055
690.087
690.125
690.161
690.202
690.24
690.27
690.3
690.341
690.381
690.42
690.461
690.5
690.531
690.57
690.602
690.641
690.68
690.709
690.739
690.77
690.804
690.835
690.876
690.916
690.956
690.986
691.025
691.056
691.085
691.116
691.146
691.175
691.205
691.235
691.266
691.296
691.326
691.356
691.385
691.416
691.446
691.476
691.506
691.55
691.586
691.617
691.647
691.676
691.717
691.757
691.797
691.827
691.857
691.887
691.916
691.947
691.976
692.007
692.037
692.077
692.107
692.137
692.167
692.197
692.227
692.257
692.286
692.317
692.346
692.378
692.417
692.447
692.477
692.508
692.54
692.578
692.609
692.648
692.688
692.728
692.768
692.799
692.838
692.868
692.898
692.937
692.968
693.007
693.037
693.077
693.117
693.146
693.177
693.207
693.236
693.267
693.297
693.327
693.358
693.399
693.438
693.468
693.497
693.528
693.573
693.605
693.642
693.673
693.713
693.743
693.783
693.818
693.849
693.878
693.918
693.948
693.978
694.007
694.037
694.067
694.097
694.127
694.157
694.187
694.218
694.248
694.278
694.318
694.348
694.378
694.408
694.438
694.468
694.498
694.529
694.568
694.599
694.639
694.675
694.705
694.764
694.793
694.823
694.854
694.884
694.913
694.945
694.984
695.024
695.054
695.084
695.114
695.154
695.184
695.224
695.254
695.285
695.315
695.354
695.385
695.424
695.464
695.504
695.534
695.564
695.606
695.644
695.674
695.704
695.734
695.764
695.794
695.824
695.854
695.884
695.913
695.944
695.973
696.006
696.045
696.084
696.115
696.145
696.174
696.207
696.25
696.28
696.319
696.349
696.379
696.41
696.439
696.469
696.5
696.539
696.569
696.599
696.643
696.679
696.712
696.751
696.789
696.819
696.849
696.881
696.92
696.95
696.98
697.01
697.04
697.069
697.1
697.131
697.17
697.21
697.25
697.28
697.311
697.351
697.391
697.431
697.47
697.501
697.531
697.56
697.591
697.621
697.65
697.68
697.711
697.741
697.772
697.811
697.841
697.871
697.901
697.932
697.971
698.001
698.031
698.061
698.091
698.121
698.151
698.181
698.211
698.241
698.271
698.302
698.34
698.371
698.401
698.441
698.471
698.502
698.544
698.581
698.611
698.641
698.681
698.726
698.755
698.785
698.815
698.845
698.876
698.916
698.956
698.998
699.035
699.075
699.105
699.136
699.165
699.195
699.225
699.255
699.285
699.315
699.345
699.375
699.414
699.451
699.481
699.521
699.551
699.591
699.632
699.671
699.701
699.731
699.761
699.802
699.831
699.871
699.901
699.931
699.962
699.992
700.021
700.051
700.081
700.112
700.142
700.173
700.213
700.253
700.292
700.322
700.352
700.382
700.412
700.442
700.473
700.503
700.543
700.583
700.623
700.662
700.692
700.722
700.753
700.783
700.817
700.853
700.884
700.924
700.966
701.003
701.033
701.067
701.103
701.133
701.164
701.204
701.234
701.273
701.303
701.333
701.363
701.403
701.434
701.463
701.495
701.545
701.576
701.613
701.644
701.684
701.723
701.754
701.784
701.814
701.854
701.884
701.914
701.944
701.984
702.014
702.044
702.074
702.104
702.134
702.164
702.193
702.224
702.254
702.293
702.324
702.354
702.393
702.423
702.454
702.484
702.514
702.544
702.574
702.604
702.643
702.673
702.703
702.733
702.763
702.793
702.833
702.879
702.911
702.948
702.978
703.021
703.058
703.094
703.133
703.163
703.193
703.223
703.254
703.295
703.333
703.364
703.394
703.423
703.453
703.483
703.514
703.544
703.574
703.604
703.635
703.674
703.705
703.75
703.789
703.82
703.86
703.89
703.92
703.953
703.994
704.025
704.056
704.095
704.125
704.156
704.199
704.229
704.259
704.29
704.332
704.369
704.4
704.44
704.47
704.5
704.53
704.56
704.6
704.63
704.66
704.69
704.73
704.76
704.79
704.83
704.86
704.9
704.93
704.96
704.991
705.031
705.071
705.111
705.158
705.196
705.238
705.276
705.316
705.346
705.375
705.406
705.436
705.466
705.496
705.527
705.566
705.606
705.636
705.666
705.696
705.726
705.756
705.799
705.837
705.885
705.926
705.962
705.991
706.022
706.052
706.081
706.114
706.152
706.192
706.222
706.262
706.292
706.322
706.352
706.381
706.412
706.442
706.472
706.502
706.532
706.562
706.592
706.622
706.652
706.702
706.732
706.762
706.793
706.833
706.872
706.902
706.933
706.973
707.012
707.042
707.074
707.112
707.141
707.172
707.201
707.233
707.263
707.292
707.322
707.351
707.382
707.414
707.452
707.482
707.512
707.542
707.572
707.602
707.632
707.662
707.692
707.723
707.762
707.792
707.823
707.853
707.883
707.913
707.953
707.982
708.013
708.043
708.073
708.103
708.134
708.164
708.193
708.223
708.254
708.283
708.315
708.353
708.383
708.413
708.443
708.473
708.503
708.534
708.574
708.614
708.644
708.674
708.723
708.76
708.799
708.839
708.871
708.909
708.939
708.969
708.999
709.039
709.07
709.11
709.149
709.179
709.209
709.249
709.288
709.318
709.348
709.379
709.413
709.443
709.473
709.504
709.533
709.563
709.593
709.623
709.653
709.684
709.729
709.76
709.799
709.839
709.869
709.898
709.929
709.959
709.989
710.019
710.059
710.089
710.119
710.149
710.179
710.219
710.249
710.278
710.309
710.341
710.379
710.41
710.45
710.48
710.509
710.54
710.578
710.609
710.649
710.678
710.709
710.747
710.784
710.814
710.845
710.885
710.915
710.953
710.984
711.014
711.053
711.084
711.115
711.153
711.183
711.213
711.244
711.274
711.304
711.334
711.364
711.394
711.424
711.454
711.484
711.514
711.545
711.588
711.624
711.654
711.684
711.714
711.744
711.775
711.816
711.854
711.885
711.915
711.945
711.974
712.006
712.045
712.075
712.105
712.137
712.175
712.205
712.235
712.265
712.296
712.326
712.356
712.386
712.417
712.456
712.496
712.526
712.556
712.586
712.616
712.65
712.681
712.711
712.751
712.79
712.83
712.86
712.895
712.935
712.977
713.016
713.055
713.085
713.116
713.156
713.185
713.216
713.245
713.277
713.307
713.347
713.387
713.426
713.46
713.496
713.535
713.566
713.596
713.626
713.656
713.686
713.717
713.747
713.787
713.819
713.857
713.886
713.926
713.958
713.995
714.026
714.056
714.086
714.116
714.158
714.196
714.226
714.256
714.286
714.316
714.346
714.376
714.407
714.437
714.477
714.509
714.548
714.588
714.625
714.662
714.703
714.734
714.778
714.815
714.852
714.882
714.912
714.942
714.975
715.012
715.043
715.082
715.112
715.142
715.173
715.203
715.233
715.263
715.299
715.338
715.369
715.409
715.448
715.478
715.508
715.538
715.569
715.598
715.628
715.668
715.698
715.738
715.769
715.809
715.85
715.888
715.918
715.948
715.978
716.011
716.049
716.079
716.118
716.148
716.178
716.209
716.239
716.269
716.3
716.33
716.369
716.399
716.429
716.459
716.499
716.529
716.564
716.594
716.624
716.654
716.684
716.714
716.744
716.774
716.804
716.844
716.884
716.918
716.949
716.979
717.009
717.052
717.092
717.129
717.169
717.199
717.229
717.259
717.299
717.33
717.368
717.399
717.429
717.459
717.498
717.528
717.558
717.589
717.618
717.65
717.689
717.721
717.759
717.789
717.829
717.859
717.894
717.923
717.953
717.983
718.014
718.044
718.074
718.104
718.134
718.164
718.194
718.224
718.254
718.284
718.317
718.354
718.384
718.414
718.444
718.474
718.503
718.534
718.564
718.594
718.624
718.654
718.684
718.714
718.754
718.793
718.824
718.863
718.893
718.929
718.968
718.998
719.029
719.059
719.089
719.12
719.16
719.189
719.221
719.263
719.299
719.331
719.369
719.399
719.43
719.47
719.5
719.53
719.559
719.591
719.621
719.659
719.69
719.73
719.77
719.8
719.83
719.86
719.89
719.929
719.959
720.002
720.039
720.08
720.12
720.149
720.179
720.209
720.239
720.269
720.301
720.343
720.38
720.424
720.46
720.491
720.521
720.551
720.585
720.621
720.661
720.691
720.722
720.761
720.791
720.831
720.862
720.9
720.93
720.959
720.989
721.02
721.059
721.09
721.121
721.161
721.19
721.221
721.25
721.282
721.322
721.36
721.392
721.43
721.462
721.502
721.54
721.57
721.6
721.631
721.661
721.691
721.721
721.751
721.781
721.811
721.841
721.874
721.912
721.942
721.976
722.006
722.036
722.066
722.096
722.126
722.156
722.186
722.216
722.246
722.277
722.317
722.347
722.388
722.427
722.457
722.489
722.527
722.557
722.6
722.637
722.668
722.698
722.737
722.767
722.797
722.827
722.857
722.887
722.917
722.947
722.977
723.006
723.037
723.067
723.103
723.142
723.172
723.203
723.233
723.273
723.315
723.353
723.392
723.422
723.452
723.482
723.513
723.543
723.583
723.625
723.663
723.693
723.724
723.757
723.788
723.818
723.848
723.878
723.908
723.938
723.968
723.999
724.029
724.059
724.088
724.118
724.149
724.18
724.219
724.251
724.289
724.319
724.35
724.395
724.425
724.465
724.505
724.545
724.574
724.604
724.634
724.673
724.703
724.733
724.793
724.825
724.863
724.893
724.933
724.963
724.993
725.025
725.055
725.094
725.135
725.174
725.214
725.245
725.288
725.325
725.355
725.385
725.415
725.445
725.475
725.515
725.545
725.575
725.607
725.645
725.68
725.71
725.74
725.77
725.81
725.84
725.881
725.92
725.95
725.981
726.02
726.05
726.08
726.12
726.161
726.203
726.24
726.27
726.31
726.34
726.37
726.41
726.44
726.47
726.499
726.529
726.56
726.589
726.62
726.66
726.69
726.72
726.754
726.785
726.814
726.845
726.875
726.905
726.935
726.966
726.996
727.029
727.06
727.1
727.141
727.18
727.21
727.24
727.27
727.3
727.33
727.361
727.391
727.431
727.462
727.5
727.53
727.56
727.591
727.631
727.661
727.692
727.731
727.762
727.792
727.822
727.852
727.884
727.921
727.951
727.981
728.011
728.041
728.071
728.101
728.141
728.171
728.202
728.231
728.271
728.301
728.331
728.361
728.391
728.421
728.462
728.501
728.531
728.564
728.6
728.63
728.661
728.691
728.721
728.751
728.792
728.831
728.862
728.892
728.921
728.951
728.981
729.011
729.041
729.071
729.113
729.151
729.182
729.212
729.241
729.284
729.321
729.351
729.381
729.412
729.442
729.472
729.502
729.532
729.562
729.591
729.622
729.653
729.693
729.731
729.762
729.792
729.823
729.862
729.892
729.932
729.972
730.001
730.032
730.062
730.092
730.123
730.164
730.203
730.242
730.282
730.312
730.343
730.382
730.411
730.444
730.493
730.536
730.568
730.597
730.629
730.667
730.697
730.733
730.766
730.799
730.83
730.867
730.898
730.928
730.958
730.997
731.038
731.078
731.108
731.137
731.168
731.198
731.229
731.268
731.298
731.329
731.368
731.399
731.429
731.464
731.494
731.525
731.565
731.595
731.625
731.654
731.694
731.724
731.754
731.784
731.816
731.855
731.894
731.934
731.974
732.014
732.055
732.084
732.127
732.164
732.194
732.223
732.254
732.284
732.314
732.343
732.373
732.404
732.434
732.474
732.504
732.534
732.564
732.594
732.624
732.666
732.706
732.745
732.774
732.805
732.845
732.885
732.917
732.954
732.984
733.015
733.045
733.084
733.114
733.144
733.174
733.204
733.234
733.265
733.294
733.324
733.354
733.385
733.424
733.454
733.485
733.515
733.544
733.574
733.604
733.635
733.667
733.705
733.735
733.775
733.805
733.835
733.865
733.896
733.925
733.955
733.985
734.025
734.055
734.085
734.124
734.155
734.184
734.214
734.247
734.285
734.315
734.345
734.375
734.408
734.445
734.485
734.515
734.555
734.585
734.615
734.645
734.675
734.705
734.735
734.765
734.796
734.826
734.856
734.885
734.915
734.945
734.976
735.02
735.055
735.086
735.115
735.148
735.186
735.216
735.246
735.276
735.306
735.336
735.378
735.416
735.446
735.476
735.506
735.536
735.566
735.596
735.627
735.666
735.696
735.726
735.756
735.787
735.817
735.857
735.897
735.927
735.957
735.987
736.027
736.057
736.087
736.117
736.147
736.176
736.211
736.247
736.277
736.307
736.337
736.367
736.397
736.427
736.457
736.487
736.517
736.546
736.58
736.617
736.647
736.676
736.706
736.737
736.776
736.806
736.846
736.881
736.912
736.951
736.982
737.023
737.062
737.091
737.122
737.151
737.181
737.212
737.242
737.272
737.312
737.342
737.373
737.412
737.442
737.473
737.512
737.543
737.573
737.603
737.633
737.662
737.693
737.723
737.752
737.782
737.812
737.842
737.876
737.913
737.943
737.973
738.003
738.035
738.074
738.113
738.143
738.173
738.214
738.254
738.294
738.334
738.373
738.414
738.444
738.483
738.513
738.543
738.573
738.61
738.648
738.688
738.718
738.748
738.777
738.808
738.837
738.867
738.897
738.928
738.958
738.988
739.019
739.058
739.089
739.119
739.149
739.179
739.209
739.239
739.269
739.298
739.328
739.359
739.389
739.419
739.449
739.48
739.519
739.561
739.598
739.629
739.66
739.699
739.729
739.759
739.799
739.84
739.883
739.914
739.947
739.984
740.015
740.054
740.084
740.114
740.144
740.174
740.204
740.236
740.274
740.304
740.334
740.364
740.393
740.424
740.454
740.484
740.523
740.559
740.589
740.622
740.659
740.69
740.73
740.773
740.81
740.849
740.889
740.919
740.949
740.979
741.009
741.052
741.089
741.119
741.149
741.179
741.209
741.239
741.269
741.301
741.339
741.369
741.399
741.429
741.459
741.489
741.52
741.559
741.589
741.619
741.65
741.68
741.725
741.756
741.795
741.835
741.875
741.906
741.943
741.98
742.011
742.05
742.08
742.11
742.141
742.18
742.21
742.241
742.271
742.301
742.331
742.372
742.406
742.438
742.476
742.514
742.551
742.581
742.616
742.649
742.686
742.716
742.745
742.775
742.806
742.836
742.866
742.907
742.938
742.977
743.018
743.056
743.086
743.116
743.146
743.186
743.216
743.249
743.287
743.327
743.368
743.406
743.436
743.476
743.517
743.556
743.586
743.616
743.657
743.686
743.716
743.748
743.786
743.817
743.847
743.877
743.907
743.947
743.982
744.012
744.042
744.078
744.119
744.162
744.192
744.223
744.262
744.292
744.321
744.352
744.382
744.412
744.441
744.472
744.502
744.532
744.562
744.592
744.622
744.655
744.693
744.722
744.764
744.802
744.832
744.862
744.892
744.922
744.953
744.992
745.022
745.052
745.081
745.112
745.143
745.173
745.203
745.233
745.263
745.299
745.339
745.378
745.408
745.448
745.478
745.513
745.544
745.573
745.603
745.633
745.663
745.693
745.724
745.763
745.793
745.823
745.853
745.893
745.933
745.972
746.014
746.054
746.092
746.132
746.162
746.192
746.222
746.252
746.292
746.322
746.352
746.382
746.412
746.442
746.472
746.502
746.533
746.563
746.593
746.623
746.653
746.683
746.713
746.757
746.793
746.823
746.853
746.884
746.914
746.944
746.974
747.004
747.043
747.073
747.103
747.133
747.174
747.213
747.243
747.275
747.313
747.343
747.373
747.403
747.433
747.463
747.494
747.523
747.553
747.583
747.614
747.644
747.674
747.709
747.741
747.779
747.809
747.84
747.87
747.899
747.929
747.959
747.989
748.019
748.05
748.09
748.13
748.16
748.19
748.221
748.26
748.291
748.33
748.36
748.39
748.42
748.45
748.479
748.511
748.549
748.58
748.609
748.642
748.68
748.71
748.74
748.77
748.801
748.831
748.861
748.891
748.921
748.962
749.001
749.031
749.061
749.091
749.121
749.162
749.191
749.221
749.25
749.281
749.321
749.351
749.387
749.426
749.456
749.486
749.516
749.545
749.578
749.616
749.646
749.676
749.719
749.757
749.796
749.84
749.871
749.902
749.934
749.97
750.001
750.046
750.076
750.105
750.136
750.171
750.211
750.242
750.281
750.311
750.34
750.371
750.411
750.445
750.481
750.522
750.562
750.592
750.623
750.662
750.691
750.731
750.771
750.812
750.842
750.881
750.911
750.942
750.981
751.011
751.042
751.08
751.11
751.141
751.171
751.201
751.231
751.261
751.291
751.321
751.352
751.391
751.421
751.451
751.482
751.517
751.547
751.58
751.62
751.65
751.689
751.727
751.757
751.797
751.84
751.877
751.906
751.937
751.967
751.998
752.027
752.057
752.088
752.118
752.148
752.178
752.209
752.249
752.291
752.329
752.369
752.398
752.438
752.468
752.498
752.531
752.568
752.607
752.637
752.667
752.697
752.727
752.757
752.788
752.818
752.847
752.878
752.908
752.938
752.977
753.008
753.051
753.082
753.112
753.142
753.172
753.203
753.25
753.288
753.328
753.358
753.388
753.428
753.459
753.498
753.539
753.577
753.617
753.647
753.686
753.726
753.756
753.787
753.826
753.868
753.907
753.937
753.977
754.008
754.049
754.088
754.124
754.163
754.203
754.243
754.282
754.313
754.345
754.383
754.413
754.453
754.482
754.513
754.544
754.583
754.623
754.665
754.703
754.733
754.763
754.809
754.849
754.888
754.919
754.958
754.999
755.038
755.078
755.108
755.138
755.168
755.2
755.239
755.269
755.299
755.331
755.37
755.409
755.449
755.479
755.509
755.538
755.568
755.599
755.629
755.66
755.699
755.73
755.76
755.79
755.819
755.851
755.89
755.92
755.96
755.99
756.02
756.05
756.08
756.11
756.141
756.18
756.21
756.24
756.279
756.315
756.354
756.384
756.424
756.455
756.485
756.524
756.554
756.585
756.614
756.644
756.675
756.704
756.735
756.765
756.795
756.824
756.855
756.887
756.925
756.965
756.994
757.024
757.055
757.085
757.115
757.146
757.185
757.215
757.256
757.286
757.325
757.355
757.385
757.425
757.455
757.485
757.52
757.55
757.58
757.61
757.64
757.67
757.7
757.729
757.761
757.79
757.819
757.85
757.881
757.92
757.95
757.98
758.01
758.04
758.07
758.101
758.141
758.181
758.221
758.261
758.291
758.331
758.37
758.403
758.441
758.471
758.501
758.543
758.581
758.612
758.651
758.691
758.731
758.761
758.791
758.821
758.851
758.88
758.91
758.942
758.971
759.001
759.031
759.063
759.102
759.132
759.162
759.202
759.242
759.272
759.311
759.341
759.371
759.41
759.44
759.481
759.515
759.545
759.584
759.626
759.664
759.694
759.727
759.772
759.811
759.851
759.891
759.931
759.97
760
760.03
760.061
760.091
760.125
760.158
760.196
760.226
760.257
760.286
760.317
760.347
760.378
760.417
760.448
760.494
760.533
760.572
760.61
760.649
760.688
760.728
760.758
760.788
760.819
760.85
760.887
760.92
760.958
760.988
761.017
761.049
761.087
761.117
761.158
761.202
761.233
761.262
761.293
761.332
761.363
761.393
761.424
761.469
761.508
761.538
761.568
761.598
761.629
761.668
761.698
761.738
761.77
761.809
761.849
761.888
761.918
761.95
761.988
762.02
762.06
762.099
762.139
762.179
762.21
762.249
762.289
762.329
762.359
762.389
762.419
762.449
762.489
762.52
762.559
762.598
762.638
762.678
762.708
762.738
762.769
762.801
762.839
762.879
762.914
762.944
762.974
763.005
763.035
763.074
763.105
763.144
763.174
763.207
763.243
763.274
763.304
763.344
763.377
763.414
763.444
763.474
763.504
763.534
763.563
763.594
763.624
763.654
763.684
763.714
763.744
763.774
763.804
763.844
763.876
763.914
763.945
763.976
764.015
764.047
764.077
764.116
764.156
764.196
764.235
764.265
764.297
764.335
764.378
764.414
764.444
764.474
764.517
764.556
764.594
764.634
764.664
764.694
764.724
764.754
764.784
764.814
764.845
764.875
764.905
764.935
764.965
764.995
765.026
765.068
765.105
765.14
765.17
765.201
765.24
765.281
765.321
765.361
765.399
765.43
765.46
765.491
765.53
765.561
765.6
765.63
765.661
765.701
765.741
765.771
765.811
765.852
765.89
765.931
765.97
766.001
766.04
766.08
766.121
766.16
766.19
766.22
766.253
766.299
766.33
766.361
766.401
766.431
766.466
766.496
766.535
766.566
766.596
766.625
766.655
766.685
766.715
766.747
766.785
766.825
766.855
766.888
766.925
766.955
766.985
767.015
767.056
767.096
767.137
767.175
767.215
767.248
767.286
767.33
767.367
767.406
767.436
767.466
767.496
767.526
767.556
767.59
767.627
767.667
767.697
767.729
767.767
767.808
767.849
767.889
767.931
767.969
768.008
768.048
768.088
768.129
768.169
768.208
768.248
768.278
768.309
768.348
768.379
768.418
768.458
768.502
768.534
768.572
768.612
768.653
768.692
768.732
768.773
768.812
768.854
768.892
768.922
768.952
768.981
769.011
769.042
769.072
769.102
769.132
769.176
769.213
769.242
769.284
769.322
769.362
769.392
769.422
769.454
769.494
769.533
769.564
769.603
769.643
769.674
769.715
769.754
769.793
769.823
769.854
769.896
769.933
769.964
770.003
770.033
770.063
770.099
770.141
770.178
770.208
770.238
770.268
770.303
770.333
770.363
770.394
770.424
770.453
770.483
770.515
770.555
770.594
770.623
770.654
770.684
770.715
770.756
770.793
770.824
770.854
770.884
770.914
770.944
770.974
771.004
771.034
771.064
771.094
771.128
771.157
771.195
771.234
771.266
771.305
771.335
771.365
771.395
771.425
771.455
771.496
771.535
771.568
771.605
771.635
771.665
771.695
771.725
771.756
771.79
771.83
771.87
771.9
771.94
771.97
772.009
772.04
772.069
772.099
772.129
772.16
772.2
772.23
772.271
772.315
772.345
772.375
772.405
772.435
772.466
772.496
772.535
772.575
772.604
772.635
772.675
772.705
772.745
772.787
772.829
772.86
772.893
772.931
772.97
773.012
773.051
773.091
773.13
773.161
773.2
773.24
773.281
773.32
773.349
773.38
773.42
773.449
773.479
773.51
773.54
773.57
773.6
773.63
773.661
773.705
773.735
773.767
773.808
773.846
773.876
773.916
773.947
773.986
774.016
774.057
774.097
774.136
774.166
774.197
774.236
774.266
774.297
774.338
774.377
774.407
774.437
774.467
774.497
774.527
774.557
774.592
774.622
774.652
774.682
774.712
774.742
774.782
774.811
774.841
774.872
774.912
774.942
774.974
775.012
775.042
775.082
775.112
775.141
775.172
775.202
775.232
775.262
775.292
775.323
775.352
775.383
775.423
775.463
775.503
775.533
775.563
775.593
775.623
775.653
775.683
775.713
775.743
775.774
775.804
775.844
775.874
775.904
775.933
775.963
775.993
776.023
776.054
776.084
776.123
776.154
776.183
776.223
776.264
776.305
776.348
776.379
776.409
776.448
776.489
776.528
776.567
776.598
776.628
776.66
776.698
776.728
776.758
776.799
776.83
776.861
776.899
776.939
776.983
777.013
777.054
777.093
777.123
777.153
777.193
777.223
777.254
