0.00702002
0.00945172
0.000868013
0.00337733
0.00167902
0.0102051
0.00100685
0.00190581
0.00135082
0.0117184
0.00248882
0.0156876
0.000470977
0.0104814
0.00350314
0.0182385
0.000926918
0.000535736
0.00663248
0.0208901
0.0109653
0.00115098
0.00106677
0.000664368
0.0203158
0.0207509
0.00120218
0.00270759
0.000677467
0.0135505
0.01323
0.000920441
0.000696229
0.000640031
0.000742161
0.00141268
0.000970258
0.000858451
0.00150279
0.0129783
0.000426681
0.0149854
0.0225935
0.00383999
0.00103996
0.0123988
0.00066511
0.00041997
0.00209926
0.000930219
0.0120832
0.014788
0.00245197
0.0240486
0.00114312
0.0029475
0.0152334
0.000606659
0.00135924
0.000709509
0.000770441
0.000783284
0.00241387
0.00122289
0.0164979
0.00122282
0.000694138
0.00203139
0.000565284
0.00963021
0.00747478
0.000462086
0.000564343
0.000725351
0.00044326
0.000401433
0.00474755
0.00157446
0.000996127
0.00240028
0.0011011
0.00174926
0.0192226
0.00487686
0.0126072
0.000450803
0.00869874
0.000594646
0.0120474
0.0031602
0.00450896
0.000770791
0.000842999
0.000585066
0.000441219
0.000486675
0.00213659
0.005131
0.000492849
0.000545053
0.0112516
0.000946985
0.00232708
0.00166706
0.00107055
0.00143834
0.00237289
0.0013124
0.00149927
0.00469571
0.00270859
0.0054059
0.00129445
0.00145605
0.0032984
0.000392336
0.00683528
0.000618576
0.0119689
0.00159885
0.0135601
0.00567588
0.00510322
0.000683799
0.000800207
0.000794024
0.00140893
0.0114326
0.000592139
0.00660802
0.00289423
0.00069761
0.000956436
0.00195991
0.00148034
0.00206057
0.00188742
0.00167742
0.00225932
0.000401073
0.00366182
0.00134333
0.00105404
0.0277552
0.000883598
0.00134677
0.000579075
0.0181079
0.000622935
0.00490858
0.00212286
0.034724
0.000533346
0.000641275
0.000669602
0.000859966
0.000642625
0.000620242
0.000481459
0.00260222
0.00239167
0.00708014
0.00065549
0.00243272
0.00468624
0.00493925
0.00446334
0.000626685
0.00264832
0.0208648
0.00884572
0.0135962
0.00143165
0.000545262
0.000936602
0.0022775
0.00116225
0.0278471
0.000516783
0.000748702
0.0267194
0.00108007
0.043904
0.00224589
0.0138322
0.00220548
0.000965219
0.00147901
0.000718822
0.00107907
0.0010723
0.001085
0.000811464
0.000815737
0.000843198
0.00435783
0.000646108
0.000670171
0.00973936
0.0223031
0.00192839
0.00107696
0.00118797
0.000942918
0.00106733
0.00154235
0.00159549
0.000949691
0.00571956
0.00175177
0.0243436
0.000938545
0.000761015
0.0102466
0.000457845
0.0237901
0.00328034
0.000484091
0.0209729
0.000894781
0.00101517
0.000991889
0.00151426
0.000582074
0.000881279
0.001218
0.00119098
0.001137
0.00112902
0.00110661
0.00133181
0.00617585
0.00629336
0.000654288
0.000557016
0.000592476
0.00117114
0.000755861
0.00110758
0.000822771
0.000885586
0.00109344
0.0209199
0.0208983
0.0206684
0.0202457
0.0203009
0.0204673
0.0203364
0.0204519
0.0205929
0.0206768
0.0205809
0.0203644
0.0202605
0.0205972
0.0203858
0.0204281
0.0208684
0.0223026
0.0207011
0.0208794
0.0246364
0.0205094
0.0234414
0.0213568
0.0208843
0.0211723
0.0223799
0.021314
0.0209452
0.0203344
0.0206946
0.0211701
0.0207328
0.0206537
0.0207338
0.0202977
0.0206824
0.0206534
0.0204008
0.0203028
0.0204392
0.0203706
0.0206749
0.02061
0.0206053
0.020948
0.0208182
0.0210593
0.0208218
0.0206958
0.0209469
0.0210185
0.0213588
0.0210336
0.0210443
0.0207706
0.0246029
0.0234033
0.0212364
0.0220888
0.0208051
0.0224076
0.0209342
0.0209079
0.0208023
0.0208479
0.0207797
0.0207237
0.0205499
0.0201606
0.0200644
0.0204805
0.0202107
0.0202537
0.020597
0.0204186
0.0202917
0.0205698
0.0203035
0.0207014
0.0203395
0.0207314
0.0204444
0.0227623
0.0206263
0.0205248
0.0203359
0.020234
0.0202603
0.0203275
0.0223579
0.0204374
0.0202554
0.0204208
0.0206352
0.0257028
0.0206303
0.0202512
0.0203041
0.0202421
0.0201562
0.0203674
0.020351
0.0202372
0.0201954
0.020071
0.0199543
0.0203724
0.0202977
0.0203503
0.020435
0.0205448
0.0203586
0.0201335
0.0203653
0.0202633
0.0202718
0.0204783
0.0203446
0.0207067
0.0207469
0.0230757
0.0204787
0.0201994
0.0206207
0.0203281
0.027203
0.0205525
0.0208127
0.0204642
0.0205818
0.0206313
0.0206639
0.0207956
0.0210102
0.0245891
0.0203282
0.0207747
0.0207449
0.0204317
0.0206173
0.0205635
0.0208981
0.020497
0.0204155
0.0205073
0.0205122
0.0203543
0.0203436
0.0203297
0.0201809
0.0225712
0.0203553
0.0202282
0.0203989
0.0201903
0.0202281
0.0204283
0.0201634
0.0202733
0.0202506
0.0202202
0.0202596
0.0220505
0.0206824
0.0203503
0.0204425
0.0204976
0.0220389
0.0206671
0.0207415
0.0209318
0.0232095
0.0212271
0.0237908
0.0206102
0.0203231
0.0208167
0.024516
0.020723
0.0207899
0.0205179
0.0206558
0.0256414
0.0204337
0.0204417
0.021023
0.0208287
0.0207758
0.0204205
0.0207021
0.0208542
0.0207024
0.0209654
0.0204424
0.0204851
0.020265
0.0201822
0.0202886
0.0203466
0.0205598
0.0208086
0.0202598
0.020588
0.0217646
0.0204503
0.0205972
0.0203927
0.0214016
0.0208646
0.0203944
0.0203833
0.0203628
0.0202152
0.0202434
0.0205564
0.0208283
0.0229036
0.0204302
0.0203189
0.0205352
0.020149
0.020275
0.0205786
0.024419
0.0203025
0.0204174
0.0205105
0.0206946
0.0205989
0.0210207
0.0209918
0.0205278
0.0204339
0.0252302
0.0210644
0.0232318
0.0235004
0.0209492
0.021104
0.0209274
0.0209577
0.020518
0.0207867
0.0211799
0.0207863
0.0206159
0.0277532
0.0215398
0.0209399
0.0207025
0.0208235
0.0205347
0.0213897
0.0208892
0.0206196
0.0219607
0.0259136
0.0203175
0.0207285
0.0206678
0.0212748
0.0206251
0.0202243
0.0200597
0.0213323
0.0202049
0.0204169
0.0220285
0.0204099
0.0203002
0.0201953
0.0216989
0.0204514
0.0209403
0.0205769
0.0200821
0.0227525
0.0203322
0.0257166
0.0205846
0.0210549
0.020408
0.0203086
0.0204708
0.0201648
0.0206389
0.0213501
0.0201794
0.0202265
0.0203048
0.0205489
0.020447
0.0204102
0.0205947
0.0223022
0.020507
0.0201366
0.0202627
0.0202317
0.0201099
0.0204476
0.0202543
0.0200906
0.0201263
0.0201886
0.0202175
0.0200747
0.0202675
0.0203089
0.0204675
0.0205471
0.020565
0.0202876
0.0204463
0.0203472
0.0202704
0.0205105
0.0202591
0.0203299
0.0203638
0.0201742
0.0199823
0.0202443
0.0204077
0.0207318
0.0204635
0.0201543
0.0202152
0.0255308
0.0202246
0.0202048
0.0200012
0.020177
0.0245293
0.0201618
0.0203004
0.020478
0.0204803
0.0205571
0.0200334
0.0202822
0.0201575
0.0212974
0.0203519
0.0202289
0.0201064
0.0201784
0.0204078
0.0203277
0.0204308
0.0203611
0.0205584
0.0205669
0.0203945
0.0206313
0.0203439
0.0238189
0.020653
0.0203868
0.0202965
0.0203903
0.0203339
0.0205556
0.0206161
0.0206811
0.0206189
0.0201431
0.0201586
0.0203593
0.0205357
0.0204527
0.0209383
0.0205373
0.0210958
0.0201731
0.0205391
0.0205949
0.0205339
0.0202307
0.0202231
0.0201496
0.0203222
0.0203715
0.0202191
0.020188
0.0205021
0.0204894
0.0203927
0.0204405
0.0201103
0.0201989
0.022977
0.0202548
0.0202832
0.0201755
0.0202213
0.0203985
0.0201707
0.0201952
0.0205719
0.0202471
0.0202212
0.0203258
0.0203236
0.0202052
0.020461
0.0201283
0.0203973
0.0206728
0.0200368
0.0204437
0.0204506
0.0225413
0.0254163
0.0202251
0.0201336
0.0203818
0.0204187
0.0206154
0.0201865
0.0203482
0.0209115
0.0205717
0.0203393
0.020119
0.0201659
0.0199889
0.0208243
0.0203381
0.0201813
0.0199513
0.0201217
0.0203679
0.0199836
0.0202391
0.0203876
0.0204812
0.020828
0.0205546
0.0204181
0.0204256
0.0204054
0.020342
0.0202741
0.0203442
0.0202172
0.0202754
0.0203934
0.0202041
0.0205135
0.0204075
0.020377
0.0206163
0.0204088
0.0201287
0.0204573
0.0210704
0.0202819
0.0201528
0.0201396
0.0200609
0.0204902
0.0269795
0.0206604
0.0201896
0.0201107
0.0271433
0.0210984
0.0205265
0.0206244
0.0205363
0.0204611
0.0203982
0.0203806
0.0205429
0.0203361
0.0203008
0.020417
0.0204044
0.0205293
0.021119
0.0205519
0.0207093
0.0203417
0.0203723
0.0202888
0.0204336
0.0205906
0.0204891
0.0202533
0.0205933
0.0255745
0.0204794
0.0207074
0.0205743
0.0203278
0.0204244
0.020475
0.0255908
0.0208975
0.0208329
0.0207806
0.0202801
0.0204519
0.0203267
0.0205772
0.0206785
0.0211152
0.0202909
0.020334
0.0201595
0.020329
0.0204303
0.0202009
0.0203904
0.0202654
0.0203868
0.0201972
0.0202109
0.0200673
0.0201359
0.0202936
0.021205
0.0210567
0.0204664
0.0206241
0.0203667
0.0203142
0.0203685
0.0216339
0.020342
0.020085
0.0204126
0.0202207
0.021825
0.0204425
0.0205314
0.0204881
0.0208449
0.0202539
0.0200793
0.0201956
0.020447
0.020173
0.0204426
0.0296527
0.0203646
0.0203158
0.0202819
0.0203325
0.0202917
0.0202488
0.020273
0.0203743
0.0201869
0.0205903
0.0203979
0.0207676
0.0217075
0.0206713
0.0206523
0.0207028
0.020429
0.0204922
0.0225444
0.0205165
0.0203112
0.020457
0.0203409
0.0204012
0.0204149
0.0203327
0.0204617
0.0203914
0.0205913
0.0208168
0.020645
0.0204088
0.0203891
0.0207773
0.0207079
0.0205678
0.0202979
0.02618
0.0205388
0.0202889
0.0256124
0.0267051
0.0204491
0.0205062
0.0204573
0.0202563
0.0204166
0.020201
0.0208204
0.0203049
0.0211909
0.0201974
0.0202647
0.0202363
0.0204806
0.0202918
0.0202759
0.0216561
0.0242485
0.0202594
0.0203939
0.0204398
0.0205336
0.0203773
0.0215699
0.0231599
0.0204179
0.0207632
0.0201183
0.0205069
0.020378
0.0204093
0.0203299
0.0253507
0.0204503
0.02032
0.0206028
0.0204462
0.0203717
0.0203226
0.0205856
0.0208846
0.020435
0.0206208
0.0207259
0.020233
0.0221019
0.0204311
0.0205618
0.0203502
0.0202672
0.0203189
0.0207685
0.0202654
0.0206102
0.0205064
0.0204423
0.0202642
0.0205046
0.0251947
0.0205103
0.0207085
0.0203794
0.0202822
0.0216106
0.0204847
0.020367
0.0201431
0.0202384
0.0202203
0.0201783
0.0204211
0.0207892
0.0207786
0.0203368
0.0205779
0.0203191
0.0200741
0.0206125
0.0205446
0.0204004
0.0264814
0.0208115
0.0205056
0.0211599
0.0201836
0.0202441
0.0201933
0.020111
0.020174
0.0201075
0.0205174
0.0204001
0.0206289
0.0210093
0.0204769
0.0204553
0.0203404
0.0236404
0.0217189
0.0201762
0.0201647
0.020034
0.0201627
0.0202469
0.0203726
0.0203161
0.0203855
0.0202332
0.0201746
0.0205548
0.020286
0.0203046
0.0202012
0.0204558
0.0202951
0.0201611
0.0202309
0.0202224
0.0205362
0.0211042
0.0203391
0.0203295
0.0203738
0.0200489
0.0215495
0.020474
0.0206144
0.0200896
0.0201358
0.0198686
0.0215464
0.0226789
0.0218883
0.020811
0.0207109
0.0206952
0.0204837
0.0205693
0.0204553
0.0204299
0.0205043
0.0248282
0.0203235
0.020679
0.0204364
0.0201484
0.0202228
0.020639
0.0204564
0.0204987
0.0204661
0.0203205
0.0204335
0.0203219
0.0202775
0.0204241
0.0203487
0.0212508
0.0217718
0.0217061
0.0216636
0.0205922
0.0205124
0.0199488
0.0199393
0.0201609
0.0211393
0.0201915
0.0203499
0.0202376
0.0202701
0.020556
0.0205084
0.0210826
0.0207625
0.020341
0.0202895
0.0215477
0.0204462
0.0201251
0.0201551
0.0200834
0.0205829
0.020311
0.0199146
0.020173
0.0202848
0.0201895
0.0203594
0.0199972
0.0199323
0.0204532
0.0203344
0.0203457
0.0203256
0.0201586
0.0200096
0.020127
0.0205158
0.0271082
0.0203489
0.0205109
0.0202383
0.0200898
0.0203249
0.0203128
0.0206559
0.0205136
0.020214
0.0204629
0.020292
0.0203533
0.0202385
0.0202694
0.0204489
0.0205265
0.0205691
0.0218128
0.0204162
0.0221993
0.0208696
0.0206016
0.0204783
0.0204593
0.0203128
0.0212048
0.0202931
0.0202791
0.0208107
0.020319
0.0202642
0.0202493
0.0204503
0.020299
0.0200507
0.0205505
0.0204236
0.0204349
0.0202711
0.020365
0.0202616
0.0202956
0.022109
0.0205671
0.0205353
0.0203701
0.0204645
0.0208451
0.0204773
0.0202092
0.0224798
0.0204384
0.0205888
0.0202325
0.0204175
0.0311198
0.0204294
0.0215404
0.0202896
0.0208793
0.0206415
0.0203146
0.0202771
0.0204152
0.0201925
0.0203287
0.020353
0.0201488
0.0201052
0.0204554
0.0204428
0.0206529
0.0211975
0.020515
0.0205503
0.020414
0.0260643
0.0205944
0.0200993
0.0204156
0.0201571
0.0202589
0.0205056
0.0199769
0.0202488
0.0202554
0.0203774
0.0216807
0.0204047
0.0201871
0.0202576
0.0202881
0.0220867
0.0202309
0.0202222
0.0204593
0.0202618
0.0202783
0.0203493
0.0202118
0.0205159
0.0203504
0.0204656
0.0203006
0.0202859
0.0211355
0.022398
0.0202552
0.0207442
0.0230938
0.0202464
0.0201266
0.0202796
0.0208094
0.0204767
0.0204404
0.0208379
0.0224219
0.0208503
0.0207996
0.020577
0.0202218
0.0207087
0.0204921
0.0201169
0.0201626
0.0206523
0.0205646
0.0203181
0.0202047
0.0206503
0.0203133
0.0206666
0.0207777
0.020216
0.0207799
0.0205676
0.0203326
0.0202105
0.0205756
0.0206508
0.0204666
0.0204331
0.020215
0.0208315
0.0203052
0.0202417
0.020714
0.0205679
0.0205735
0.0205777
0.0206878
0.0204614
0.0204738
0.0201236
0.0204011
0.0203762
0.0203603
0.020355
0.0212447
0.0228538
0.0205573
0.0205122
0.0202888
0.0202472
0.0201167
0.0202893
0.0202313
0.020192
0.0203313
0.0203377
0.0204663
0.020197
0.020045
0.0201271
0.0235148
0.0202047
0.0204284
0.0204636
0.0204266
0.0203469
0.0203634
0.0206302
0.0204203
0.0208559
0.0206315
0.0201994
0.0204997
0.0219084
0.0204326
0.0201897
0.0200153
0.0201619
0.0207098
0.0201354
0.0202867
0.0211106
0.0201487
0.0202294
0.0205314
0.0205416
0.0204352
0.0222578
0.0203567
0.0207498
0.0206488
0.0204326
0.0212305
0.0202316
0.0201111
0.0202878
0.0200309
0.0201191
0.0200621
0.020315
0.0203767
0.0202228
0.0219408
0.0263391
0.0205112
0.0230608
0.0202379
0.0199392
0.0204223
0.0205057
0.0268726
0.0207353
0.0243028
0.0204588
0.020401
0.0203074
0.020127
0.0200957
0.020239
0.0203091
0.020263
0.0203561
0.0205466
0.0202263
0.0202866
0.0205629
0.0206626
0.0203106
0.0202449
0.0208275
0.0202688
0.0228648
0.0205416
0.0204127
0.0203334
0.0204131
0.020438
0.0204092
0.0206329
0.0204379
0.0204795
0.0203769
0.0207823
0.0205622
0.0208014
0.0208068
0.020436
0.0204117
0.0205582
0.0203798
0.0214972
0.0203826
0.0229396
0.0207306
0.0208265
0.0204129
0.020424
0.0203486
0.020302
0.0205039
0.0202
0.0204348
0.019928
0.020249
0.0200182
0.0200333
0.0203414
0.0202842
0.0203513
0.0203264
0.0203986
0.0205641
0.0204327
0.0205018
0.0204368
0.0201087
0.0201161
0.0203743
0.0207072
0.0206692
0.0223311
0.0208214
0.0204896
0.0202869
0.0209135
0.020357
0.0206025
0.0206594
0.0207087
0.0202306
0.0206811
0.020405
0.0204628
0.0206189
0.0206727
0.020353
0.0204749
0.0207713
0.02074
0.0205791
0.0209133
0.0203607
0.0201259
0.020127
0.0205388
0.0204912
0.0201739
0.0203286
0.0204802
0.0201809
0.0204456
0.0216833
0.0218002
0.0204779
0.0205764
0.0203921
0.0231788
0.0204232
0.0204572
0.020276
0.0203842
0.0204056
0.0206561
0.0203537
0.0203992
0.0202932
0.020385
0.0201679
0.0200307
0.0203639
0.0203385
0.0201413
0.0203871
0.0212157
0.02086
0.0206253
0.0200956
0.0250054
0.0203537
0.0200391
0.0245862
0.0200925
0.0200487
0.0204209
0.0201563
0.020383
0.0203005
0.0206237
0.0207132
0.023125
0.0204862
0.0204449
0.0201448
0.0203465
0.0201685
0.0239287
0.0201418
0.0200486
0.0202936
0.0203328
0.0225078
0.0204806
0.0201205
0.0201121
0.0202649
0.0202185
0.0202675
0.0201535
0.0201896
0.0203481
0.0201838
0.0203258
0.0204487
0.0204745
0.0202805
0.0204047
0.0206317
0.0202065
0.0233938
0.0203307
0.0240847
0.0203411
0.0200666
0.0203103
0.0202418
0.0239057
0.0206659
0.020411
0.020458
0.0203822
0.0203091
0.0201444
0.0200666
0.0270455
0.0206911
0.0201571
0.0202246
0.0219876
0.0203867
0.0203132
0.020327
0.0217773
0.0204533
0.020055
0.0200924
0.0201178
0.0201132
0.02041
0.0206567
0.0204243
0.0207126
0.0205507
0.0204328
0.0206928
0.0208636
0.0203566
0.0209016
0.020535
0.0222445
0.0225663
0.0204707
0.0203515
0.0202082
0.020422
0.0205529
0.0204149
0.0205733
0.0202839
0.0207728
0.020149
0.0204583
0.0212994
0.0209008
0.0206597
0.0210951
0.0203954
0.020483
0.0205626
0.0203631
0.0203584
0.0202399
0.0202437
0.0202235
0.020378
0.0201466
0.0201861
0.0203213
0.0199506
0.020139
0.0201719
0.0204703
0.0203503
0.0201989
0.0202879
0.020071
0.0201185
0.0206641
0.0204496
0.0202545
0.0203389
0.020408
0.0201888
0.0203708
0.0205644
0.0208929
0.0202459
0.0203299
0.0202044
0.0204401
0.0204143
0.0199713
0.0202683
0.0201704
0.0201892
0.0204279
0.0204147
0.0201275
0.0201125
0.0203101
0.0202645
0.0215108
0.0206432
0.0203227
0.0201769
0.0201633
0.0220898
0.0203398
0.0203244
0.0201741
0.0204833
0.0204606
0.0205337
0.020513
0.021512
0.0201567
0.0209547
0.0223268
0.0205317
0.0204268
0.0205594
0.0202893
0.0200452
0.020243
0.0202795
0.0202141
0.0202993
0.0204975
0.0202148
0.0198611
0.0201313
0.0200486
0.020007
0.020419
0.0203389
0.020232
0.0201448
0.0202449
0.0201708
0.0205437
0.0204083
0.0203145
0.020258
0.0203121
0.0203103
0.0205204
0.0203533
0.0205208
0.0204259
0.0200725
0.0201108
0.0201911
0.0202354
0.0201984
0.020164
0.0201744
0.0202608
0.0203213
0.0201428
0.0203709
0.0205229
0.0204124
0.0202513
0.0203648
0.0217896
0.0206692
0.0203203
0.0202144
0.020369
0.0204779
0.0202197
0.0205806
0.0203403
0.0203801
0.0200674
0.0206045
0.0203804
0.0204477
0.0202529
0.0202468
0.0202456
0.0208232
0.0202105
0.0203473
0.0201588
0.0202806
0.0200339
0.0201497
0.0206425
0.0203563
0.0201579
0.0202926
0.0203589
0.0205104
0.020542
0.0204466
0.020682
0.0202725
0.0204199
0.0209464
0.0203171
0.0203737
0.0202801
0.0203189
0.0205518
0.0203533
0.0246684
0.0202088
0.0204484
0.0202021
0.0200784
0.0203447
0.0206807
0.0203739
0.0204673
0.0201276
0.0200313
0.0203141
0.0206656
0.0224886
0.0213803
0.0203721
0.0205845
0.0203641
0.0201029
0.0203118
0.0201514
0.020322
0.0201151
0.0205116
0.0203576
0.0205695
0.0206486
0.0207173
0.0201609
0.0209925
0.0205544
0.0203749
0.0202306
0.0201648
0.0201227
0.020257
0.0205086
0.0204529
0.0203666
0.0297797
0.0222021
0.0206512
0.0202203
0.0200166
0.0201904
0.0207387
0.0207207
0.0201114
0.0202873
0.0203287
0.0203802
0.0205311
0.0207012
0.0225819
0.0205929
0.0203582
0.0201287
0.02021
0.0207895
0.020567
0.0206705
0.0206234
0.020708
0.0226735
0.0204393
0.0205102
0.0207813
0.0204785
0.0229477
0.0205327
0.0207213
0.0203768
0.0204045
0.0201025
0.0206298
0.0204634
0.0204121
0.0221697
0.0204809
0.0207204
0.0202862
0.0215304
0.0206606
0.0203878
0.0203042
0.0203843
0.0202422
0.0203298
0.0219754
0.0204802
0.02055
0.0206831
0.0203141
0.02028
0.0206017
0.0205274
0.020443
0.0202429
0.0202374
0.0203931
0.0205387
0.0204965
0.0202637
0.0202444
0.0205853
0.0203721
0.0201727
0.0203567
0.020449
0.0205483
0.0204729
0.0201482
0.0202602
0.0201908
0.0201203
0.0201176
0.0202747
0.0203824
0.0235646
0.0203086
0.0265109
0.0206158
0.0203977
0.0206749
0.0207777
0.0206365
0.0203673
0.0203839
0.0205399
0.0203359
0.0204641
0.0205736
0.0203225
0.0206464
0.0205977
0.0216185
0.0202747
0.0203691
0.0203778
0.0202184
0.0200429
0.0204265
0.0200144
0.0201429
0.0204135
0.0201794
0.0202238
0.0203984
0.0203222
0.0203174
0.0219207
0.0204901
0.0205244
0.0204367
0.0203863
0.0204878
0.0203439
0.0202326
0.0200587
0.0205095
0.0201437
0.0205186
0.0203518
0.02031
0.0203752
0.0201952
0.0202872
0.0212416
0.0219578
0.0211892
0.0210334
0.0205622
0.0206009
0.0206355
0.0203352
0.0204585
0.0205024
0.0201958
0.0206122
0.0201725
0.0201684
0.0208188
0.0201517
0.02008
0.0203184
0.0204236
0.0210276
0.0211379
0.0207295
0.0205637
0.0205487
0.0227875
0.0203311
0.0214879
0.0204348
0.0204562
0.0201977
0.0203615
0.0204144
0.0202408
0.0207661
0.0217053
0.02036
0.0202341
0.0205846
0.0206879
0.0206039
0.0204577
0.0203269
0.0201946
0.0203853
0.0201405
0.0204273
0.0204344
0.020837
0.0203885
0.0204652
0.0214655
0.021714
0.0205343
0.020661
0.0200456
0.0200633
0.0201826
0.0204707
0.0201031
0.0201778
0.0204877
0.0220566
0.0203869
0.0205431
0.0201532
0.0202042
0.0203351
0.0202713
0.0202722
0.0203685
0.022141
0.0204901
0.020733
0.0204699
0.0206251
0.0203276
0.020372
0.0201814
0.0201653
0.0206149
0.0201778
0.0201479
0.0202547
0.0205105
0.0205517
0.020375
0.0203501
0.0202518
0.0200622
0.0202565
0.0202032
0.0201218
0.0201736
0.0203329
0.0206681
0.0205748
0.0203884
0.0204974
0.0255907
0.0203994
0.0203939
0.0203412
0.0203126
0.0205289
0.0204131
0.0202868
0.0204494
0.0203583
0.0203257
0.0205048
0.020426
0.020398
0.0205772
0.0203394
0.0204316
0.020261
0.0202011
0.0226551
0.0205893
0.0231889
0.0204293
0.0203766
0.0207176
0.0203791
0.0202752
0.0205196
0.0200994
0.0207324
0.0206059
0.0203451
0.0204523
0.0202646
0.0203696
0.0240992
0.0203742
0.0203271
0.0201771
0.0200767
0.0202264
0.0199734
0.0201948
0.0205705
0.020259
0.0203862
0.0205663
0.020576
0.0202589
0.020892
0.0203569
0.0201703
0.0204537
0.0204994
0.0206584
0.0206318
0.0204163
0.0199684
0.0207125
0.0202304
0.0260049
0.0207621
0.0205423
0.0202243
0.0202886
0.0216267
0.0205538
0.0205708
0.020491
0.0204329
0.0205947
0.0203055
0.020237
0.0203287
0.0204224
0.020392
0.0201793
0.0205437
0.0204198
0.0228967
0.0206582
0.0201957
0.0203175
0.0203435
0.020282
0.0202395
0.0204011
0.0203067
0.0203617
0.0205422
0.0205366
0.0202827
0.0202386
0.0203085
0.0205015
0.0220197
0.0201821
0.0204244
0.0200813
0.0202615
0.0201057
0.0201785
0.020294
0.020543
0.0203059
0.0199778
0.0202422
0.0204999
0.0205758
0.0205244
0.020054
0.0199981
0.0232234
0.020679
0.0207081
0.0206562
0.0205351
0.0205547
0.0203139
0.0205383
0.0204325
0.0202697
0.0204431
0.0203457
0.0200803
0.0200958
0.0203037
0.0202141
0.0201288
0.0204722
0.0260266
0.0205013
0.0205193
0.0208283
0.0201296
0.0202246
0.0216127
0.0209406
0.0205379
0.020204
0.0201855
0.0200228
0.0201602
0.0202179
0.0204814
0.0204732
0.020468
0.0203725
0.0204621
0.0204786
0.0202336
0.0201362
0.0217188
0.0206279
0.0202073
0.0201445
0.0201116
0.0204806
0.0201745
0.0201989
0.0230403
0.0206289
0.0200136
0.0201384
0.0201851
0.0205195
0.0202911
0.0206382
0.0202566
0.0200813
0.0203624
0.0204584
0.0204825
0.020322
0.0201433
0.0203579
0.0206338
0.0205043
0.0203883
0.0210747
0.0204258
0.0204643
0.0206222
0.0205629
0.0232616
0.0205289
0.0202542
0.0198667
0.0198857
0.0200379
0.0200114
0.020263
0.0203457
0.0203307
0.0204789
0.0202601
0.0203961
0.0203974
0.0204456
0.0205856
0.0204503
0.0203432
0.0203619
0.0218822
0.020456
0.0203612
0.0202579
0.020646
0.0204045
0.0204174
0.0207774
0.020757
0.0204325
0.0202012
0.0203333
0.021373
0.0201787
0.0204112
0.0213579
0.0205533
0.0204227
0.0203992
0.0204035
0.0206266
0.0202591
0.0203629
0.020232
0.0201316
0.0202888
0.0202942
0.0239186
0.0203637
0.0206436
0.0201666
0.0203387
0.0202369
0.0203918
0.0202047
0.0202153
0.0203584
0.0200634
0.0201013
0.0202484
0.0201223
0.0202835
0.020359
0.0202534
0.0202659
0.0201898
0.0201658
0.0201501
0.0203196
0.0202327
0.0203569
0.0199597
0.0204386
0.0204389
0.0204259
0.02043
0.020329
0.020031
0.0203259
0.0254783
0.0205132
0.0211958
0.0201875
0.0205554
0.0205259
0.0204925
0.0202512
0.0203363
0.0203434
0.0202674
0.0233912
0.020296
0.0201725
0.0201819
0.02044
0.0204617
0.0203216
0.0207903
0.020572
0.0202124
0.020388
0.0202659
0.0203249
0.0206285
0.0204909
0.0203652
0.020456
0.0202046
0.0211707
0.0209556
0.0228335
0.0227641
0.0206092
0.0204654
0.0205931
0.0205217
0.0202569
0.0204687
0.020442
0.0203627
0.0204795
0.0202267
0.0204614
0.0203632
0.0203451
0.0201163
0.0202347
0.0202417
0.0202038
0.0203056
0.0204929
0.0203697
0.0203762
0.0242615
0.0203527
0.0201674
0.0200029
0.0202504
0.0202203
0.020284
0.0204383
0.0200729
0.020238
0.0203161
0.0202951
0.0200921
0.0201256
0.0201721
0.0203516
0.0198675
0.0205067
0.0201526
0.0201877
0.0203421
0.0202621
0.0201941
0.0203239
0.0205446
0.0201952
0.0202874
0.0202932
0.0203228
0.0217779
0.0205537
0.020411
0.026048
0.0204305
0.0237207
0.0242495
0.0204308
0.0199968
0.02027
0.0203768
0.0202521
0.020104
0.0204178
0.0203879
0.0203253
0.0205652
0.0206188
0.020744
0.0205249
0.0202775
0.0200308
0.0204001
0.0204278
0.0203404
0.0203494
0.0203419
0.020176
0.0204027
0.0206934
0.0222193
0.0203665
0.0203347
0.0203257
0.0204149
0.0218661
0.0209284
0.0207949
0.0204446
0.0203413
0.0205506
0.0206696
0.0205123
0.0220181
0.020347
0.0203069
0.0201133
0.0206221
0.0239334
0.0203561
0.0202887
0.0201685
0.0200363
0.0203891
0.0202037
0.0201086
0.0203816
0.0201319
0.0202088
0.0205176
0.0209829
0.0206253
0.0204345
0.0202196
0.0204937
0.0204843
0.0206084
0.0206116
0.0202775
0.020276
0.0202154
0.0267066
0.020221
0.0199799
0.0203395
0.0201855
0.0201925
0.0202496
0.0202701
0.0202098
0.0201926
0.0200919
0.0209947
0.021987
0.0200651
0.0199789
0.0203755
0.0201853
0.0202069
0.0202819
0.0203285
0.0203045
0.0203933
0.0204795
0.0199292
0.0201142
0.0200177
0.0205927
0.0205157
0.020684
0.020268
0.0205382
0.0204583
0.0201293
0.0200843
0.0200996
0.0203163
0.0201371
0.0200213
0.0202683
0.0203226
0.0204658
0.0204533
0.0202872
0.0202798
0.0212157
0.0201759
0.020469
0.0205715
0.0205523
0.0221432
0.0201755
0.0205967
0.0215911
0.0203523
0.0205455
0.0224407
0.0206315
0.0204195
0.0223814
0.0232931
0.0202931
0.0207437
0.0202203
0.0207659
0.0206135
0.0230886
0.0203609
0.0202273
0.0203651
0.0203362
0.02017
0.0201396
0.0203016
0.0202793
0.0202048
0.0201142
0.0201862
0.0207064
0.0201992
0.0201863
0.0201808
0.0203677
0.0204273
0.0217594
0.0206591
0.0204098
0.0212637
0.0204345
0.0205491
0.0201417
0.0204757
0.0202639
0.0203584
0.0203858
0.0202411
0.0204897
0.0203404
0.0205065
0.0204595
0.0206244
0.0207525
0.0206859
0.0201902
0.0206666
0.0202095
0.0203686
0.0201764
0.0199529
0.0199403
0.0200638
0.0202923
0.020141
0.0201203
0.0198986
0.0200923
0.0201583
0.0200177
0.0203215
0.0203239
0.0205621
0.0208146
0.0203702
0.0205368
0.0205283
0.0202433
0.0202732
0.0200946
0.0200528
0.0202023
0.020297
0.020492
0.0214706
0.0203063
0.0203401
0.0298724
0.0202347
0.0204152
0.0240339
0.0206085
0.0205731
0.0204577
0.0203365
0.020509
0.0204039
0.0207645
0.0203812
0.0205221
0.0205124
0.0202644
0.0205269
0.0204053
0.0215925
0.0206317
0.0204135
0.02048
0.0205225
0.0202608
0.0201223
0.020264
0.0204742
0.0205628
0.0202299
0.0201753
0.0201645
0.0201333
0.0203881
0.0204654
0.0203305
0.0210515
0.0213432
0.0204128
0.0202275
0.0204111
0.020409
0.020705
0.0204737
0.0206482
0.0203933
0.0204447
0.0203875
0.0202844
0.0218934
0.0204478
0.0202735
0.0203789
0.0202755
0.0203916
0.0204257
0.0202755
0.0203101
0.0232759
0.0216809
0.0204032
0.0209205
0.0205351
0.0205098
0.0224265
0.0204387
0.0253536
0.0203328
0.0201468
0.0202431
0.0200807
0.0201911
0.0204351
0.0202757
0.0202677
0.0203924
0.0202946
0.0202453
0.0203106
0.0206419
0.0208848
0.0204134
0.020278
0.0203662
0.0203567
0.020534
0.0202316
0.020305
0.0204603
0.0204436
0.0206349
0.0201556
0.0201791
0.0201904
0.0201914
0.0201808
0.0201545
0.0202169
0.0204358
0.0203788
0.0203535
0.0203522
0.0205921
0.0203339
0.0203161
0.0201176
0.0201417
0.0204618
0.0204629
0.0203225
0.0202894
0.020344
0.0201845
0.0201708
0.0200381
0.0201757
0.0202486
0.0205676
0.0204403
0.0202013
0.0202436
0.0202752
0.0202142
0.0201656
0.0202652
0.0203375
0.0203393
0.0203034
0.0203237
0.0203629
0.0201356
0.0202515
0.0201566
0.0201154
0.0200951
0.0206232
0.0203058
0.0206923
0.0203872
0.0203445
0.0202448
0.0201587
0.020109
0.0202818
0.0204731
0.0202889
0.0203567
0.0202014
0.0205296
0.020262
0.0203704
0.0199972
0.0202624
0.0202122
0.0202104
0.0202203
0.0206717
0.0204546
0.0203817
0.0203947
0.0229884
0.0206944
0.0203081
0.0203949
0.0202199
0.0200668
0.0206385
0.0208237
0.0205488
0.020399
0.0206416
0.0203179
0.020403
0.0223511
0.0204523
0.020861
0.0207826
0.0211073
0.0205969
0.0204498
0.0205693
0.0202439
0.02019
0.0205648
0.0204902
0.0204484
0.0205278
0.0204906
0.0202621
0.020206
0.0200761
0.0203725
0.0203905
0.0206439
0.0205178
0.0206014
0.0201231
0.0204289
0.0201769
0.0203864
0.0205083
0.0205894
0.0203244
0.0203136
0.0205076
0.0204405
0.0202262
0.0202947
0.0203184
0.0201927
0.020372
0.0206618
0.0207193
0.0207036
0.0203792
0.0203938
0.0204213
0.0203769
0.0202906
0.020595
0.0206493
0.0205993
0.0204701
0.0203023
0.0202446
0.0203185
0.020105
0.0202568
0.0202623
0.0203683
0.0203073
0.0205842
0.0201124
0.0204212
0.020368
0.0222225
0.0203896
0.0205309
0.0210193
0.0207096
0.0205073
0.0203859
0.0203545
0.0215775
0.0204417
0.0202218
0.0202505
0.0205548
0.0209614
0.0215974
0.0205154
0.0205103
0.0202039
0.0239686
0.0202914
0.0203085
0.0200591
0.020321
0.0204515
0.0204499
0.0203554
0.0202436
0.0212016
0.0200305
0.0206706
0.0208667
0.0203815
0.0202894
0.0201134
0.0224189
0.0202562
0.0203515
0.0202496
0.0202044
0.0206518
0.0205021
0.0207098
0.0207124
0.0208475
0.0207089
0.0201714
0.0249177
0.0205598
0.0207074
0.0204679
0.0206313
0.020398
0.0201112
0.0206271
0.0203647
0.0201619
0.0201947
0.0203143
0.0201172
0.0203102
0.0203336
0.0202259
0.0205491
0.0201738
0.0222203
0.0202963
0.0203443
0.0204342
0.0205865
0.0202807
0.0205354
0.0205114
0.0203179
0.020511
0.0204339
0.0205622
0.0203106
0.0201591
0.0202232
0.0200962
0.0268846
0.0203877
0.0202391
0.0203451
0.0207282
0.020366
0.0204252
0.0203092
0.0263384
0.0205922
0.0204201
0.0205459
0.0205947
0.0205308
0.0205288
0.0204563
0.0213442
0.0205356
0.0201436
0.0202383
0.0202132
0.0202091
0.0203966
0.0201703
0.0200657
0.020057
0.0202647
0.020323
0.0203028
0.020524
0.0203339
0.0201179
0.020373
0.0204781
0.0201745
0.0215238
0.0204402
0.0205329
0.0203309
0.0201289
0.0201777
0.0204778
0.0207379
0.0205605
0.0204277
0.0203833
0.0202397
0.0204227
0.0202239
0.020291
0.0203296
0.0202392
0.0202884
0.0214556
0.0203155
0.0219571
0.0216249
0.0203615
0.0202921
0.0207761
0.020687
0.0204225
0.02053
0.0206838
0.0203909
0.0202734
0.0202946
0.022971
0.0205695
0.0208749
0.0206536
0.0203472
0.0204074
0.0205213
0.02057
0.0207213
0.020469
0.0204958
0.0201893
0.0202168
0.0281731
0.0204285
0.0239834
0.0204023
0.0202037
0.0201447
0.0199343
0.0201491
0.0202952
0.0203835
0.020462
0.0249131
0.020373
0.0237963
0.0208985
0.0209079
0.0204761
0.0203667
0.02063
0.0250385
0.0206585
0.0204928
0.0204288
0.0201573
0.0201317
0.0201865
0.0203693
0.0206544
0.0201256
0.0202266
0.0202745
0.0203385
0.0201101
0.0202873
0.0204528
0.019972
0.0199293
0.0201822
0.0199835
0.020222
0.020298
0.0202912
0.0203201
0.0203643
0.0200912
0.0202938
0.0201092
0.0204199
0.0202845
0.0202624
0.0202946
0.0201154
0.0201311
0.0205689
0.0202859
0.0208408
0.0206136
0.0253431
0.0204489
0.0206905
0.020348
0.0210109
0.0205348
0.0203766
0.0207498
0.0205031
0.0207092
0.0223736
0.0211934
0.020309
0.0204162
0.0202961
0.0203254
0.0200736
0.0200772
0.0204474
0.0204674
0.022373
0.0202652
0.0203325
0.0202701
0.0200798
0.020514
0.0201527
0.0202552
0.0205758
0.0203668
0.0203257
0.0204574
0.0204007
0.0229785
0.0205344
0.0203638
0.0206499
0.0204727
0.0203817
0.0204073
0.0200728
0.0202205
0.0203778
0.0203012
0.0203085
0.0203396
0.0204452
0.0206031
0.0204713
0.0204705
0.0202521
0.0204923
0.0206076
0.0225358
0.0212116
0.0201563
0.0202324
0.0202669
0.0203479
0.0204361
0.0202087
0.020333
0.0204447
0.0205404
0.0220209
0.0204837
0.0208155
0.0204523
0.0206848
0.0201978
0.0204006
0.0205186
0.0203598
0.0204992
0.0203536
0.0203874
0.0204897
0.0204603
0.020494
0.0205507
0.0223144
0.0205465
0.0206094
0.0207288
0.0204114
0.0205022
0.0225496
0.0206267
0.021084
0.020732
0.0206562
0.0207394
0.0246536
0.0257298
0.0211103
0.0204748
0.0204111
0.0204958
0.0204607
0.0208295
0.0208072
0.0204148
0.0209379
0.0205783
0.0208599
0.0209938
0.0205505
0.0229256
0.0222738
0.0209603
0.0205048
0.020524
0.0208415
0.0211999
0.0215594
0.0214539
0.0213373
0.0227614
0.0209169
0.0207523
0.0217474
0.0204244
0.0204065
0.0205554
0.0204704
0.0204875
0.0208539
0.0205529
0.0208718
0.0209652
0.0204809
0.0204513
0.0205293
0.0201687
0.0204623
0.0202661
0.0205996
0.0206609
0.0200311
0.0202952
0.0201601
0.020943
0.0205715
0.0205717
0.0204276
0.0205233
0.0205498
0.0205868
0.0202969
0.0203125
0.0228176
0.0205529
0.0204083
0.0202096
0.0229264
0.0204991
0.0236678
0.0202412
0.0204829
0.0208897
0.0205044
0.0205929
0.0206078
0.0204475
0.0201912
0.0202767
0.021755
0.0205958
0.0202463
0.0203026
0.020134
0.020493
0.0203546
0.0202789
0.0201312
0.0202249
0.0201129
0.0201172
0.0204111
0.0204007
0.020524
0.0212747
0.0203994
0.0202343
0.0202568
0.0203434
0.0201485
0.0205099
0.0203819
0.0249359
0.0201884
0.0201269
0.0200632
0.0200762
0.0200715
0.0201659
0.0203801
0.0247562
0.020341
0.02026
0.0200849
0.0204223
0.0205633
0.0202917
0.0203389
0.0202425
0.0202298
0.0208148
0.0211024
0.0207772
0.0204984
0.0221739
0.0209611
0.0206174
0.020517
0.0204999
0.0206227
0.0206577
0.0203737
0.0204646
0.0204598
0.0204109
0.0200807
0.02034
0.0308702
0.0204933
0.0205901
0.020496
0.0207131
0.0205245
0.0206807
0.0205263
0.0249116
0.0212155
0.0215913
0.0210542
0.0204938
0.0203383
0.020585
0.022627
0.0206633
0.0204662
0.0205791
0.0204341
0.0204943
0.0204639
0.0209073
0.0206586
0.0204966
0.0201667
0.0201583
0.0205437
0.0206675
0.0206744
0.0202976
0.0204086
0.0204163
0.0203471
0.0202337
0.0201669
0.0201755
0.020395
0.0203699
0.0202659
0.0206431
0.0215275
0.0204989
0.0232712
0.020636
0.0207382
0.0206094
0.0202839
0.0201037
0.0201096
0.0200764
0.0203607
0.0208703
0.0203344
0.0205137
0.0202956
0.0202582
0.0204295
0.0265651
0.0201789
0.0204797
0.02016
0.020112
0.0203879
0.0204273
0.0204219
0.0240063
0.0205565
0.0205262
0.020685
0.021296
0.0208092
0.0208838
0.0206744
0.0209179
0.0212103
0.0238789
0.0206699
0.0207228
0.0205185
0.0226719
0.0207862
0.0212613
0.0205818
0.0205764
0.020682
0.0209107
0.0203902
0.0204696
0.0202814
0.020345
0.020678
0.0206343
0.0206907
0.0204395
0.0204785
0.0206355
0.0207169
0.0205218
0.02064
0.020905
0.0220073
0.0208136
0.0226921
0.0219967
0.0205413
0.0225521
0.0211486
0.0208754
0.0209073
0.0207837
0.020598
0.0208889
0.0214278
0.0206508
0.0207448
0.0207171
0.0207042
0.0207535
0.0209425
0.0208111
0.0207005
0.0208796
0.0205105
0.0205539
0.020763
0.0204875
0.0208327
0.0208562
0.0212552
0.0204463
0.0210054
0.0209937
0.0205742
0.0204898
0.0204652
0.0202872
0.0203233
0.020186
0.0209479
0.0201489
0.0201002
0.0205427
0.0204217
0.0201812
0.0203777
0.0203655
0.0204396
0.0203874
0.0203359
0.0214576
0.0203697
0.0242755
0.020999
0.0210578
0.0208321
0.0207331
0.0204635
0.0208126
0.0210859
0.0206866
0.0206777
0.0207615
0.0205881
0.0235422
0.0208068
0.020823
0.0209518
0.020359
0.020833
0.0207168
0.0204374
0.0202923
0.023352
0.0227483
0.0203043
0.0205049
0.0208651
0.0202097
0.0227745
0.0207087
0.0202848
0.0206592
0.0204601
0.0206948
0.0206488
0.0209672
0.0208434
0.0208586
0.0209529
0.0205352
0.0207084
0.0257093
0.0207334
0.0204432
0.0204685
0.0204049
0.0204367
0.0202602
0.0203134
0.0207193
0.0206578
0.0230212
0.0206206
0.0204963
0.0205709
0.0205398
0.0207934
0.0255545
0.020671
0.0204692
0.0205176
0.0204902
0.0205469
0.020333
0.0205771
0.0205838
0.0227004
0.0205049
0.0209178
0.0207483
0.0205554
0.020687
0.0203339
0.0204632
0.022541
0.0204893
0.0202436
0.0203146
0.0202869
0.0205242
0.0204888
0.0204546
0.0205105
0.0205848
0.021225
0.0207203
0.0206552
0.0206982
0.0206306
0.0208454
0.0206507
0.0202661
0.0203666
0.0204166
0.0233486
0.020534
0.020379
0.0203682
0.0205549
0.020546
0.0205106
0.0206537
0.0207613
0.0206641
0.0246911
0.0209061
0.0208273
0.0207498
0.0213962
0.0203533
0.0205821
0.0208296
0.0207681
0.0207971
0.0210706
0.0208288
0.0203714
0.0208102
0.0207292
0.0206275
0.0208021
0.0205374
0.0202578
0.0209954
0.0208924
0.0206209
0.0203086
0.0219033
0.0218862
0.0211354
0.0208473
0.0207559
0.0209559
0.0205446
0.0204317
0.0204881
0.0207457
0.0206498
0.0204134
0.0213954
0.0205875
0.0206189
0.0204506
0.0207245
0.0204644
0.0204595
0.0202772
0.0205229
0.02039
0.023168
0.020431
0.0219999
0.0208595
0.0208789
0.020758
0.0226726
0.0208084
0.0204575
0.0204974
0.0204112
0.0202981
0.020404
0.0233501
0.0206624
0.0208941
0.0207219
0.0203404
0.0206934
0.0207286
0.0204614
0.0205492
0.0220603
0.0203747
0.0207028
0.0210591
0.020999
0.0206111
0.0206834
0.0212369
0.0207614
0.0205015
0.0206004
0.0205687
0.0204462
0.0214657
0.0205156
0.020626
0.0207647
0.0210584
0.0205606
0.0206968
0.0209631
0.0206181
0.0206928
0.0205917
0.0203209
0.0206332
0.0206477
0.020426
0.0203706
0.0213157
0.0206273
0.0205218
0.0204931
0.0210131
0.0207478
0.0222285
0.0210024
0.0208553
0.0206249
0.0210479
0.0209891
0.0207599
0.0212652
0.0208822
0.0203368
0.022466
0.0223505
0.0208155
0.020979
0.0207812
0.021064
0.0202417
0.0205392
0.0212194
0.0205736
0.0202801
0.0205127
0.0204612
0.0204892
0.0203777
0.0205542
0.0202845
0.0206758
0.022254
0.0208407
0.0227349
0.0241563
0.020831
0.0204724
0.0204848
0.0205111
0.0211545
0.0240504
0.0206679
0.0206799
0.0271611
0.0204264
0.020389
0.0204954
0.0206269
0.0206584
0.0200797
0.0204969
0.0204902
0.0203529
0.020271
0.0202858
0.0203333
0.0203745
0.0201639
0.0201963
0.020165
0.0205857
0.0207404
0.0205179
0.0204344
0.0204174
0.0204973
0.0202614
0.020638
0.020567
0.020539
0.0206346
0.0206672
0.0207776
0.0208254
0.0236381
0.0206938
0.020777
0.0212297
0.0206811
0.0242506
0.020532
0.0204732
0.0221722
0.0205216
0.0202022
0.020413
0.0203042
0.0202221
0.0205449
0.0225633
0.0208359
0.0212847
0.0213364
0.0204538
0.0205748
0.0210092
0.0208311
0.020515
0.0202839
0.0203695
0.020255
0.020225
0.0204644
0.0204048
0.0204734
0.0209419
0.0205866
0.0208133
0.0204371
0.0204871
0.0222843
0.0206663
0.0204312
0.0217875
0.0203515
0.0202968
0.0202013
0.0217618
0.0200381
0.0204251
0.0201852
0.0201966
0.0202947
0.0219596
0.020785
0.0208501
0.0207251
0.0206203
0.0202919
0.0208276
0.0206432
0.0206388
0.020518
0.0202256
0.0202318
0.0201929
0.0202704
0.0203949
0.020407
0.0201778
0.0203305
0.0203832
0.0203137
0.0202925
0.0203842
0.0204449
0.0205159
0.0225548
0.0210073
0.0208147
0.02041
0.0203625
0.0205917
0.0205511
0.0204821
0.0206659
0.0204762
0.0202425
0.0204747
0.0205204
0.0214877
0.020666
0.0205092
0.0206695
0.0209558
0.0208475
0.0207561
0.0207752
0.0207228
0.0204099
0.0202033
0.0204681
0.0204641
0.0208425
0.0205881
0.0225214
0.0206396
0.0239399
0.02054
0.0204023
0.0202543
0.0201794
0.020351
0.020209
0.0204976
0.0205365
0.0205475
0.0204005
0.0203601
0.0203564
0.0204724
0.0212709
0.0209236
0.0203423
0.0204677
0.0208699
0.025261
0.0204217
0.0204089
0.0204168
0.0203748
0.0203536
0.0207879
0.0208262
0.0208011
0.0208914
0.0208855
0.0210528
0.0208555
0.0207704
0.02064
0.0211563
0.0207511
0.0206653
0.0208472
0.0209085
0.0244273
0.0203963
0.0205422
0.0204376
0.0203861
0.02053
0.0204655
0.0211707
0.020498
0.0217204
0.020825
0.0208624
0.0208103
0.0205878
0.0205874
0.0201907
0.020303
0.0205004
0.0203089
0.0201182
0.020911
0.0204013
0.0242798
0.0203252
0.0206032
0.0204485
0.0206663
0.0205803
0.0204734
0.0201932
0.0203943
0.020223
0.0202553
0.0204585
0.0203108
0.0205418
0.0206233
0.0203639
0.0218384
0.020586
0.0206077
0.0203345
0.0202611
0.0202484
0.0199605
0.0203379
0.0205122
0.0204312
0.0204676
0.0203224
0.0247832
0.0204447
0.0204452
0.0203913
0.02073
0.0205279
0.0204942
0.0207216
0.0204705
0.0202839
0.0204566
0.0206824
0.0205548
0.0203037
0.0204267
0.0204961
0.0209307
0.0207991
0.0206579
0.0203771
0.0202842
0.0204309
0.0205138
0.0207161
0.0216661
0.0206406
0.0202201
0.020613
0.0204807
0.0203062
0.0204444
0.0202227
0.0205331
0.0201337
0.0204036
0.0207208
0.0213431
0.0206638
0.0205585
0.0202494
0.0205392
0.020552
0.0244177
0.0205811
0.0204896
0.0204679
0.0204185
0.0204579
0.0203647
0.0200751
0.0206033
0.0206336
0.0203235
0.0204529
0.0204929
0.0201843
0.0204231
0.0201142
0.0202645
0.0205282
0.0203772
0.0203665
0.0232709
0.0205952
0.0209677
0.0201734
0.0204234
0.0203589
0.0203541
0.0203297
0.020055
0.0240258
0.02079
0.0204618
0.0203619
0.0207827
0.0203989
0.0208022
0.0217227
0.0220351
0.0207009
0.0204791
0.0231516
0.0205349
0.0203385
0.0202356
0.0218035
0.020609
0.0202858
0.0204137
0.0203458
0.0203893
0.0203455
0.0228158
0.0247502
0.020398
0.0202766
0.0200155
0.0202653
0.0202881
0.0203726
0.0204801
0.0201763
0.0200354
0.0203133
0.0201652
0.0235076
0.0204536
0.020528
0.0204928
0.020398
0.0220086
0.0204315
0.020442
0.0206137
0.0202611
0.0200139
0.0202077
0.0202662
0.0217503
0.0203518
0.0202016
0.0201473
0.0244022
0.0204835
0.020521
0.0214981
0.020653
0.0206247
0.0203516
0.0204724
0.0204255
0.0203406
0.0204514
0.0204976
0.020532
0.0205773
0.0205403
0.0205309
0.0203399
0.0205274
0.0205593
0.0204388
0.0233916
0.0206117
0.0206889
0.0204138
0.0205613
0.0218733
0.0226567
0.0239063
0.0203921
0.0202138
0.0203411
0.0201311
0.020765
0.0206072
0.0208187
0.0202972
0.0253176
0.0202578
0.0202287
0.0205112
0.020614
0.0203324
0.0205863
0.0206345
0.0202715
0.0204823
0.0209788
0.0223088
0.0251175
0.0204432
0.0206484
0.0203921
0.0201877
0.0202615
0.0202156
0.0202163
0.0203001
0.0203494
0.0204511
0.0203397
0.020743
0.0205449
0.0202633
0.0202199
0.0202117
0.0201906
0.0201852
0.0201705
0.0204838
0.0225368
0.0204753
0.0209483
0.0203787
0.0202446
0.020361
0.0203013
0.0202227
0.0201798
0.0202658
0.020415
0.0205399
0.0207938
0.0206374
0.020471
0.0204116
0.0202165
0.0204503
0.0231293
0.0205323
0.0212864
0.0204706
0.0203968
0.0292338
0.0204576
0.0237837
0.020519
0.0204906
0.0205328
0.0204533
0.0204084
0.0205373
0.0236205
0.0206019
0.0216563
0.020594
0.0215
0.0208039
0.0262577
0.0217201
0.0204257
0.0202642
0.0204368
0.0202705
0.0237465
0.0204764
0.0201365
0.0202356
0.020257
0.0204281
0.0204805
0.0204846
0.0202152
0.0203897
0.0203359
0.0203968
0.0206439
0.0204866
0.0203275
0.0203195
0.0215455
0.0205033
0.0201385
0.0202664
0.0205205
0.0205261
0.0204799
0.0205485
0.0276286
0.0203378
0.0208925
0.0203052
0.0204874
0.0207411
0.0207023
0.0205065
0.020219
0.0206935
0.0204868
0.0239859
0.0202245
0.0204816
0.0204793
0.0203953
0.0205559
0.022343
0.0207059
0.0203749
0.020134
0.0201835
0.0202521
0.0205166
0.0209909
0.0271733
0.0209343
0.0202429
0.0202835
0.0203707
0.020792
0.0206957
0.0206063
0.020658
0.0201874
0.0235379
0.0206608
0.0202893
0.0203177
0.0203929
0.0207459
0.0213808
0.0216883
0.0205407
0.0202973
0.0206199
0.0208293
0.0209478
0.0205525
0.0202053
0.0204224
0.0203142
0.0204325
0.0203682
0.0202156
0.0200924
0.0202596
0.0202476
0.0201497
0.0202251
0.0202411
0.0200942
0.0203722
0.0201305
0.020288
0.0203241
0.0203873
0.0203953
0.0205756
0.0203812
0.0202369
0.020222
0.0203006
0.020343
0.0206477
0.0202401
0.0200867
0.0204097
0.0218885
0.0203463
0.0203741
0.0203196
0.0201849
0.0202521
0.0203357
0.020891
0.0205199
0.0204275
0.0204491
0.0206646
0.0212738
0.0205665
0.020492
0.0203242
0.0203428
0.0202409
0.0200985
0.0201856
0.0201942
0.0231571
0.020715
0.0232394
0.0205564
0.022004
0.0207161
0.0207684
0.0204286
0.0206076
0.0205167
0.0202229
0.020365
0.0199771
0.0201435
0.0203626
0.0203819
0.0203545
0.020272
0.0203855
0.0203548
0.0204199
0.0204528
0.0203926
0.0204138
0.0202852
0.0206459
0.0204028
0.0202789
0.0202733
0.0201919
0.020196
0.020227
0.0205433
0.0204542
0.0203782
0.0205183
0.0201965
0.0201737
0.0204398
0.0202916
0.0204351
0.0237029
0.0209044
0.0209284
0.0203601
0.0205332
0.0204284
0.0201822
0.0207037
0.0204931
0.0202675
0.0202868
0.0202474
0.0201948
0.0224023
0.0222569
0.020514
0.0204426
0.0212727
0.0208844
0.0222081
0.0205117
0.0205184
0.0205606
0.0203816
0.0208495
0.020551
0.0207211
0.0209927
0.0203659
0.0204684
0.0207815
0.0207344
0.0203643
0.0204707
0.020905
0.0205857
0.0210429
0.0203685
0.0206208
0.021693
0.0207152
0.0203932
0.0205366
0.0203948
0.0203751
0.0209276
0.0208351
0.0202601
0.0242468
0.0210763
0.0205291
0.0205101
0.0203197
0.0226059
0.0270556
0.0204701
0.0204443
0.0202644
0.020288
0.020377
0.0207077
0.0205247
0.0213282
0.0214859
0.020654
0.0205158
0.0204568
0.0204933
0.0205885
0.0205107
0.0203305
0.0202476
0.0199878
0.0204273
0.0203307
0.0203666
0.0203351
0.0206057
0.0201351
0.0199864
0.0208631
0.0200648
0.020168
0.0202185
0.0203623
0.0202882
0.0202833
0.0205366
0.0216673
0.0207408
0.0205043
0.0205062
0.0203018
0.0212154
0.0224052
0.0208793
0.0205069
0.0205746
0.0206205
0.020532
0.0205009
0.0211956
0.0205116
0.0209863
0.0202326
0.0206428
0.0204123
0.0204221
0.0205281
0.0211319
0.0205289
0.0203319
0.02039
0.0203273
0.0205694
0.0204266
0.0202607
0.0203019
0.020282
0.0200963
0.0204857
0.0204751
0.0202526
0.0201534
0.0202911
0.0202499
0.0201045
0.0201076
0.0202675
0.020198
0.0202885
0.0209555
0.0201132
0.0203761
0.0201736
0.0212407
0.0205976
0.0203474
0.0202768
0.0204432
0.0201363
0.0200842
0.0203085
0.0204762
0.0203541
0.0203646
0.0203764
0.0204102
0.0203852
0.0205938
0.0204956
0.0206076
0.0204192
0.0203907
0.0200879
0.0206933
0.0203526
0.0203937
0.0203487
0.0207571
0.0203225
0.0206102
0.0216893
0.0207328
0.0205774
0.0206049
0.0206066
0.0204946
0.0203308
0.0216559
0.0208076
0.0207394
0.0201137
0.0199362
0.0202364
0.0202092
0.0204763
0.0206202
0.0204638
0.0202829
0.0205174
0.021875
0.0203954
0.0202042
0.0203838
0.0208303
0.0205465
0.0204252
0.0201668
0.0204932
0.0205357
0.0206184
0.0204062
0.0204032
0.0204012
0.0202184
0.0202907
0.0203857
0.0205156
0.0204444
0.0202945
0.0211805
0.0201931
0.0201977
0.0206489
0.0202578
0.0205463
0.0202901
0.0204916
0.0203858
0.0203914
0.0213032
0.0206463
0.0248024
0.0208152
0.0207684
0.0207001
0.0283096
0.0236127
0.0213488
0.0204428
0.0206888
0.0206038
0.0205644
0.0205155
0.0203342
0.0202948
0.0204552
0.0203072
0.0203255
0.0203158
0.022088
0.0204731
0.0206406
0.020813
0.0207027
0.020331
0.0207491
0.0209923
0.0205309
0.0208221
0.0207816
0.020978
0.0208727
0.0205814
0.0204373
0.0205538
0.0204504
0.020329
0.0202834
0.0203649
0.0204456
0.0204494
0.0205299
0.0207415
0.0203587
0.0206283
0.0203069
0.0202378
0.0202564
0.0203869
0.0206585
0.0203732
0.0206709
0.0204112
0.0202327
0.0204114
0.0203871
0.020371
0.0202893
0.0205821
0.0203406
0.0201209
0.0205424
0.0240131
0.0209142
0.0202394
0.0200944
0.0204889
0.0206784
0.0204488
0.0205859
0.0203978
0.0203473
0.0203277
0.0202705
0.0207408
0.0205359
0.0206391
0.0202852
0.0205765
0.0202968
0.0203022
0.0205329
0.0203627
0.0202379
0.0203168
0.0202163
0.0204094
0.0202185
0.020513
0.0205523
0.0205496
0.0202875
0.0201781
0.0224987
0.0208424
0.0207732
0.0205663
0.0208676
0.0206214
0.0207553
0.0215732
0.0204356
0.0203634
0.0206698
0.0206597
0.0205428
0.0205778
0.0204897
0.0206971
0.0207213
0.020439
0.0206748
0.020221
0.0203734
0.0204193
0.0203524
0.0203494
0.0204995
0.0226545
0.0204932
0.0205244
0.0201542
0.0202955
0.025462
0.0202475
0.0203679
0.020313
0.0203332
0.0204387
0.0204924
0.0203331
0.020504
0.0203393
0.0206973
0.0200657
0.0203836
0.0204389
0.0204615
0.0204832
0.0205447
0.0203676
0.0202041
0.0205278
0.0206461
0.020636
0.0201868
0.0203655
0.0203356
0.0205054
0.0205068
0.02066
0.020999
0.0204026
0.0206863
0.0206848
0.0215724
0.0205221
0.0266056
0.0202285
0.0205506
0.0202688
0.0202937
0.0202888
0.0201822
0.0200305
0.0210623
0.0204343
0.0205268
0.0204847
0.0204684
0.0202721
0.0205736
0.0203753
0.0206586
0.0205114
0.0208107
0.0205116
0.0206105
0.0207765
0.0208182
0.0204927
0.0204326
0.0203521
0.0203227
0.0206006
0.0205155
0.0201363
0.0202468
0.0202426
0.0203512
0.0207056
0.0205575
0.0204718
0.0204221
0.0202549
0.0202582
0.0199731
0.0202884
0.0208288
0.0204383
0.0204295
0.0205066
0.020318
0.0204592
0.0254638
0.0204257
0.0203472
0.0205263
0.0200193
0.020369
0.0203173
0.0205498
0.0211218
0.0205998
0.0203444
0.0203146
0.0244242
0.0209581
0.0237975
0.022061
0.02066
0.0205362
0.0204719
0.0222155
0.0207098
0.020389
0.0203163
0.0204579
0.0206132
0.0205427
0.0204137
0.0205682
0.0205223
0.0203703
0.02036
0.0201663
0.0204705
0.0204624
0.0204994
0.0216573
0.0203168
0.0207105
0.0202698
0.020566
0.0204717
0.020426
0.0203413
0.0199923
0.0204222
0.0204754
0.0209892
0.0205096
0.0205837
0.0203878
0.0202505
0.0204465
0.0204209
0.0205249
0.0203924
0.0204276
0.0204721
0.0203971
0.0202961
0.0201188
0.0203684
0.0208511
0.0202962
0.0217385
0.0204715
0.0201162
0.0204345
0.0204454
0.0204822
0.0219916
0.0204804
0.0204519
0.0203546
0.0203781
0.0206517
0.0254904
0.0205799
0.0204994
0.0204058
0.0205603
0.0205278
0.0208516
0.0211498
0.0240062
0.0205777
0.0205865
0.0203883
0.0202236
0.0204248
0.0201555
0.020218
0.0200121
0.0201291
0.020536
0.0204085
0.0205111
0.0205076
0.0205225
0.0205979
0.0209694
0.0204661
0.0206885
0.0211954
0.0207012
0.0206738
0.0207762
0.0205881
0.0208509
0.0204646
0.0205497
0.0204887
0.0205561
0.0204681
0.0204792
0.0204196
0.0205619
0.020617
0.0206114
0.0204851
0.0207943
0.0209857
0.0205077
0.0205409
0.0203178
0.0205385
0.0203151
0.0202956
0.0201862
0.0201166
0.0206018
0.020583
0.0207527
0.0204247
0.0203402
0.0203766
0.0205674
0.0205124
0.0203283
0.0239711
0.0206584
0.0207637
0.0211103
0.0231859
0.0203294
0.0203818
0.0240554
0.0206194
0.0206844
0.0215721
0.0213021
0.0206015
0.020455
0.0205773
0.0207919
0.0203315
0.0207813
0.0205616
0.0202758
0.0219065
0.0321881
0.0203244
0.0204331
0.0206541
0.020616
0.0204782
0.0204088
0.0202956
0.020584
0.0209093
0.0205822
0.0205073
0.0205044
0.0208351
0.0205122
0.0202724
0.0202712
0.020334
0.0204606
0.0205805
0.0203123
0.0204982
0.0204843
0.0205247
0.0202854
0.0203914
0.020547
0.020334
0.0205073
0.0202702
0.0203338
0.0205285
0.0203943
0.0205444
0.0206548
0.020391
0.0204277
0.0206414
0.0203716
0.0204913
0.020719
0.0207184
0.0210129
0.0205757
0.0204093
0.0231453
0.0203386
0.0201492
0.0203239
0.0204286
0.0202991
0.0204128
0.0206552
0.0222832
0.0205932
0.0203943
0.020387
0.0200758
0.0203175
0.0203643
0.0200745
0.0203432
0.020246
0.0203051
0.02088
0.0205013
0.0205743
0.0206208
0.0205479
0.0216663
0.020436
0.020395
0.0204756
0.0208587
0.0241535
0.0204519
0.0210275
0.0208485
0.0205844
0.0202578
0.0248093
0.0204283
0.02025
0.0219109
0.0234405
0.0207452
0.0204478
0.0209334
0.0203924
0.020498
0.0209843
0.0207046
0.0205442
0.02044
0.0205455
0.0208175
0.0208047
0.0205153
0.020353
0.0206963
0.0207102
0.0204901
0.0204636
0.020486
0.020592
0.0209306
0.02084
0.0207133
0.0277042
0.0214025
0.0226565
0.021075
0.0205113
0.0207199
0.0201911
0.0204902
0.0204413
0.0206004
0.0202937
0.0214995
0.0206727
0.0206015
0.0206559
0.0203654
0.0205174
0.0201122
0.0206119
0.0231408
0.0205193
0.0280554
0.0247454
0.0251804
0.0203864
0.0206046
0.0201606
0.0201743
0.0201475
0.020672
0.021175
0.02052
0.0204376
0.0203263
0.0204307
0.0204734
0.0204528
0.0204752
0.0205718
0.0204634
0.0205181
0.0202813
0.0208618
0.0203047
0.0203033
0.0203645
0.0203119
0.0203712
0.0206723
0.0204634
0.0214661
0.0207045
0.0206685
0.0203899
0.0209831
0.0205003
0.0203898
0.0219205
0.0203033
0.0200916
0.0205692
0.0201796
0.0208575
0.0203531
0.0202673
0.0203207
0.0200785
0.0202527
0.020379
0.0206308
0.0203582
0.0204156
0.0201851
0.0205152
0.0205019
0.020416
0.0203122
0.0203659
0.0212531
0.0208786
0.0203796
0.0203526
0.0203362
0.0205312
0.0203186
0.0206718
0.0204677
0.0205639
0.020332
0.0204016
0.0203435
0.020565
0.0203274
0.0204669
0.0202972
0.0204866
0.0204194
0.0204916
0.0205034
0.0202223
0.0203382
0.0203109
0.0201452
0.0204982
0.0205337
0.0205755
0.0204693
0.0203118
0.0204606
0.0203595
0.0206488
0.0205473
0.0204649
0.0222366
0.0208034
0.0203513
0.0201354
0.0203765
0.0204748
0.0221451
0.0207759
0.0209937
0.0203005
0.020365
0.0209089
0.0207862
0.0202577
0.0203423
0.021545
0.0202579
0.0204028
0.020451
0.020657
0.0203977
0.0201792
0.0202701
0.020108
0.0201647
0.0204898
0.0256021
0.0204326
0.0205057
0.0204592
0.0202225
0.0205402
0.0203987
0.0206804
0.0202441
0.020262
0.0206198
0.0203619
0.0202806
0.0202343
0.0203501
0.020431
0.0202536
0.0204254
0.0203469
0.0226737
0.020308
0.0212745
0.0207783
0.0206436
0.020417
0.0205
0.0202937
0.0204754
0.0206005
0.0201548
0.020487
0.0284837
0.0205255
0.0202579
0.0206168
0.020776
0.0205906
0.0204261
0.0205761
0.0206585
0.0207581
0.02106
0.0203954
0.0202886
0.0206218
0.0202553
0.0204348
0.0203899
0.0207289
0.020403
0.0202636
0.0203612
0.0203017
0.0204102
0.0203551
0.0203964
0.0204635
0.0238214
0.0204381
0.0204876
0.0202924
0.0202535
0.020131
0.0204414
0.020667
0.0204009
0.0211838
0.0203588
0.0203815
0.0204106
0.02065
0.0204429
0.0204132
0.0204886
0.0218854
0.0206673
0.020322
0.0202334
0.0201971
0.0202341
0.020159
0.0204213
0.0201148
0.0202448
0.0206636
0.020641
0.0205902
0.0206673
0.0203725
0.0204825
0.0205024
0.0202975
0.020189
0.0206903
0.0204946
0.0205237
0.0203948
0.0261584
0.0211493
0.023355
0.0215727
0.020537
0.0207112
0.0203314
0.020651
0.0205105
0.0207422
0.0203741
0.0206029
0.0207316
0.0207633
0.0218538
0.0203975
0.0240625
0.0206451
0.0201357
0.0202083
0.0204763
0.0201912
0.0204288
0.0204045
0.0208054
0.0203013
0.0206466
0.0205503
0.0205175
0.0203248
0.0204921
0.0225769
0.0205054
0.0205082
0.0202567
0.0205106
0.0204212
0.0206441
0.0204846
0.0205034
0.0206274
0.0205225
0.0203932
0.0202591
0.0204433
0.0202954
0.0205242
0.0210211
0.02279
0.0213293
0.0217976
0.0206187
0.0208611
0.0211928
0.0223073
0.0208591
0.0278638
0.0204881
0.0202733
0.0204072
0.0201483
0.0236424
0.0206399
0.0204638
0.0203257
0.0203282
0.0205106
0.0206521
0.0204621
0.0205318
0.020372
0.0202942
0.0204897
0.0205384
0.0213036
0.0206371
0.0209935
0.0203292
0.0206122
0.0209934
0.0205223
0.020676
0.021076
0.0204814
0.0205312
0.0207237
0.0216772
0.0226937
0.020594
0.0201121
0.0200527
0.0205209
0.0233396
0.0205671
0.0215252
0.020449
0.0201984
0.0201888
0.0203685
0.0204774
0.0205346
0.021555
0.0204526
0.020425
0.0204374
0.0204532
0.020638
0.0206747
0.0204033
0.0207439
0.0204445
0.0203571
0.0204022
0.0203259
0.0202877
0.0205468
0.0204788
0.0203814
0.0207113
0.0205298
0.0249209
0.0204544
0.0203258
0.0204419
0.0238262
0.0236263
0.0204988
0.0205973
0.0202886
0.0203396
0.0216012
0.0205114
0.0208673
0.0206164
0.0206473
0.0206728
0.0204775
0.0203053
0.0203794
0.0207972
0.0208508
0.0204124
0.0201402
0.0205557
0.0205635
0.0208436
0.0205253
0.0206816
0.0203207
0.0248203
0.0203286
0.0200878
0.0205107
0.0204266
0.0203341
0.0203492
0.0207003
0.0206384
0.0206273
0.0206773
0.0207532
0.0205995
0.0204378
0.0234999
0.0206354
0.0205577
0.0203925
0.0204047
0.0206021
0.020223
0.0208308
0.020575
0.0205455
0.0206439
0.0203602
0.0203235
0.0203548
0.0205308
0.020657
0.0204953
0.02059
0.0206568
0.0203617
0.0207824
0.0202624
0.0205331
0.0205684
0.0205817
0.0204814
0.0212628
0.020038
0.0206034
0.0247563
0.0205764
0.0222958
0.020263
0.020223
0.0218556
0.0206906
0.0203431
0.0205596
0.0202556
0.0203905
0.0202609
0.0205613
0.0205744
0.0204874
0.0206365
0.0203021
0.0202966
0.020583
0.0204301
0.0205411
0.0205555
0.0209647
0.0210586
0.0206277
0.0205416
0.0203608
0.0202105
0.0203849
0.0205719
0.0203312
0.0206062
0.0241499
0.0212445
0.020751
0.0208324
0.0205499
0.0206317
0.0204345
0.0236196
0.0204302
0.02061
0.0203116
0.0203423
0.0204562
0.0205152
0.0205009
0.0223614
0.0205475
0.0209611
0.0200454
0.0203019
0.0203169
0.020505
0.0204867
0.0202359
0.0204077
0.0202976
0.0201627
0.0204602
0.0224547
0.0203239
0.0210351
0.0225957
0.0205518
0.02207
0.0223311
0.0204762
0.020307
0.0203324
0.0202799
0.0203297
0.0203484
0.0200247
0.0201638
0.020088
0.0203807
0.0204972
0.0229666
0.0205146
0.0203567
0.0205795
0.0203479
0.0205265
0.0207832
0.0204378
0.0202693
0.0205086
0.020486
0.0202487
0.0202331
0.0207333
0.0206387
0.0206188
0.020495
0.0206425
0.0206341
0.0228577
0.0204743
0.0205274
0.0240328
0.0204609
0.0203026
0.0209718
0.0204035
0.0205357
0.0204553
0.0206761
0.0203264
0.0202847
0.0202086
0.0203313
0.0207785
0.0203491
0.0202446
0.020253
0.0205821
0.0204868
0.0204167
0.0204949
0.0209124
0.0217869
0.0203768
0.0206642
0.0203506
0.0204375
0.0208657
0.0202972
0.0206365
0.0203152
0.020494
0.0207649
0.0206068
0.0202399
0.0213481
0.0204909
0.0203535
0.0203568
0.020222
0.0202698
0.0199613
0.0200471
0.0199857
0.0202295
0.0201258
0.0200321
0.0201615
0.0203935
0.0203417
0.0203055
0.0205612
0.021952
0.0207164
0.0201999
0.0205406
0.0203751
0.0203963
0.0206318
0.0207317
0.0205771
0.0203273
0.0202097
0.0208596
0.0204679
0.0203052
0.0202518
0.0204627
0.020537
0.020141
0.0204316
0.020594
0.0201668
0.02015
0.0203223
0.0206818
0.0209471
0.0208279
0.0204776
0.0203172
0.0203159
0.0243211
0.020157
0.0202265
0.0205132
0.0209293
0.02044
0.0202288
0.0203882
0.0203825
0.0203518
0.0218707
0.0203907
0.0206311
0.0207021
0.0204788
0.0203691
0.0205861
0.020775
0.0207272
0.0204327
0.0207613
0.0208125
0.0205221
0.0203637
0.0202792
0.0207854
0.020783
0.0228181
0.0203836
0.0204632
0.0202933
0.0203005
0.0202059
0.0205425
0.0202519
0.0202622
0.0200156
0.0201625
0.020115
0.020073
0.0201846
0.0204064
0.0201908
0.020112
0.024349
0.0203178
0.0199372
0.0203529
0.0204338
0.0203591
0.0204879
0.02049
0.0205025
0.0205458
0.0204844
0.0204824
0.0209797
0.0204363
0.0204101
0.0202928
0.0202269
0.020309
0.020288
0.0206865
0.0203161
0.0204758
0.0202035
0.0204519
0.0205258
0.0207102
0.0206947
0.0204734
0.0207289
0.0204744
0.0206713
0.0205651
0.0207467
0.0206019
0.021006
0.0232233
0.0204343
0.0203511
0.02024
0.0202993
0.020069
0.0204474
0.0202786
0.0204371
0.0202386
0.020477
0.020118
0.0203275
0.0203773
0.0204646
0.020571
0.0204335
0.0202918
0.0206624
0.0207683
0.0204887
0.023571
0.0205706
0.0202682
0.0205847
0.0202171
0.0203097
0.0208031
0.0204185
0.0206148
0.0206731
0.0201964
0.0200578
0.0202131
0.0204086
0.0203066
0.0205529
0.0204669
0.0231875
0.0205074
0.0205742
0.0204564
0.0203127
0.0233663
0.0205198
0.0206591
0.0202587
0.0203591
0.0202132
0.0203774
0.020383
0.020358
0.0202078
0.020158
0.0202473
0.0203396
0.0211378
0.0201892
0.0207225
0.0202578
0.0213929
0.0206048
0.0205986
0.020429
0.0204817
0.0203148
0.0206951
0.0203678
0.0204734
0.0205038
0.0234278
0.0207618
0.0211105
0.0205209
0.0206412
0.0202536
0.020213
0.0203082
0.0227982
0.0321298
0.0242045
0.020855
0.0205808
0.0204808
0.0204902
0.020429
0.0254828
0.0240207
0.0201989
0.0205764
0.0203926
0.0200675
0.0206796
0.020476
0.0202875
0.0287871
0.0207858
0.0203718
0.0203315
0.0203401
0.0203638
0.020828
0.0201906
0.0203118
0.0201985
0.0203177
0.0204323
0.0202823
0.0203715
0.0203921
0.020417
0.0211092
0.0205652
0.0203865
0.0201105
0.0205638
0.0203214
0.0203915
0.0203512
0.0227213
0.0205786
0.0203785
0.0206704
0.0204766
0.0205979
0.0207484
0.0203653
0.0204893
0.0208172
0.0203442
0.0201339
0.0202658
0.0202291
0.020376
0.0203806
0.0202925
0.0205513
0.0201566
0.0204045
0.0203504
0.020313
0.02026
0.0208331
0.020222
0.022301
0.0221063
0.0207462
0.0200844
0.0207388
0.0205745
0.0206147
0.0229358
0.020628
0.0205362
0.0205165
0.0204526
0.0206544
0.0203209
0.0203844
0.0203208
0.0201004
0.0202576
0.0205227
0.0205174
0.0205801
0.0204513
0.0206642
0.0204905
0.0202633
0.0204577
0.0202239
0.0201477
0.0202674
0.0199876
0.0200544
0.0227088
0.0203308
0.0202635
0.0204818
0.0204391
0.020266
0.020174
0.0211112
0.0201684
0.0203363
0.0204861
0.0203724
0.0204128
0.0208696
0.0202806
0.0205732
0.0203246
0.0201842
0.0226175
0.0204889
0.020268
0.0204843
0.0204108
0.0232072
0.0203399
0.0211326
0.020297
0.0205725
0.0203751
0.0202211
0.0204962
0.0205843
0.0202582
0.0205114
0.0208451
0.0208017
0.0204951
0.0206378
0.0204565
0.0202205
0.0207782
0.020242
0.0238827
0.0203362
0.0203259
0.0203703
0.0204274
0.0202908
0.0204086
0.0204005
0.0203195
0.020207
0.020547
0.022294
0.0203657
0.0203589
0.0204059
0.0202814
0.0199646
0.0202541
0.0203392
0.021866
0.0204141
0.0203581
0.0202884
0.0204019
0.0203242
0.0206353
0.0205183
0.0205991
0.0204531
0.0200913
0.0201346
0.0205788
0.0203475
0.0203622
0.0205535
0.0204402
0.0201277
0.0202957
0.0202704
0.0204601
0.0205513
0.0203191
0.0205418
0.0203595
0.0203499
0.0203585
0.0203361
0.0202337
0.0200895
0.0241336
0.0204151
0.0204205
0.0204146
0.0202926
0.0210211
0.0205625
0.0204174
0.0205346
0.0202522
0.0208352
0.0204173
0.0207554
0.0210952
0.0209102
0.0201896
0.0207783
0.020338
0.020255
0.0204816
0.020358
0.0204436
0.0205137
0.0206464
0.0209022
0.020764
0.0204233
0.0205758
0.020369
0.0203392
0.0203516
0.0203492
0.0205419
0.0202284
0.0206755
0.0203287
0.020305
0.0202621
0.02056
0.0205224
0.0237901
0.0207323
0.0204241
0.0205594
0.0204723
0.020259
0.020509
0.0203444
0.0202106
0.0203046
0.0206231
0.0207357
0.020593
0.0205577
0.0205384
0.0204363
0.0205533
0.0205375
0.0202945
0.0201883
0.0203917
0.0203145
0.020413
0.0204534
0.0202224
0.0204592
0.0202624
0.0205241
0.0202683
0.0203361
0.0203882
0.020594
0.0202944
0.0204434
0.020589
0.0206881
0.0205054
0.020408
0.0207521
0.0205746
0.0202614
0.0204304
0.0204025
0.0204571
0.0203035
0.0202065
0.0204588
0.0209333
0.0204465
0.0218891
0.0203471
0.0222405
0.0206762
0.020504
0.0216748
0.0204586
0.0204438
0.0204574
0.0207919
0.0213686
0.0243868
0.0204452
0.0201675
0.0204333
0.0216231
0.0204537
0.0204203
0.0204905
0.0203119
0.020157
0.0203904
0.0206757
0.0204492
0.020755
0.0203711
0.0206043
0.0202332
0.0203709
0.020151
0.0202296
0.028616
0.0206379
0.0205952
0.0206229
0.0203361
0.0208281
0.0213904
0.0238837
0.0213379
0.0206899
0.020495
0.0205409
0.0202506
0.0203251
0.0205915
0.023961
0.0205285
0.0203947
0.0204935
0.0202149
0.0204379
0.0203583
0.0202171
0.0210276
0.0204978
0.020228
0.0203064
0.0203363
0.0205738
0.0203944
0.0201637
0.020818
0.0203528
0.0204609
0.0204256
0.0208518
0.0204144
0.0219844
0.0206509
0.0206151
0.0306945
0.0205566
0.0202971
0.0204955
0.0206514
0.0204803
0.0202683
0.0202914
0.0206374
0.0202503
0.0205547
0.0203774
0.020509
0.0202944
0.0203259
0.0320019
0.0233718
0.0202463
0.0202716
0.0290496
0.0204028
0.0203792
0.0205642
0.0230721
0.0203932
0.0205492
0.0202828
0.0203829
0.0202891
0.0203766
0.0206044
0.0207462
0.0203974
0.0207272
0.0229427
0.020405
0.0205596
0.0205205
0.0208885
0.0206568
0.0206173
0.02339
0.0219399
0.0222381
0.0225437
0.0208079
0.0207347
0.0204082
0.0207618
0.0203755
0.0201763
0.0204006
0.0206866
0.0203823
0.0201152
0.0201641
0.0204347
0.0203754
0.0202575
0.02068
0.0204775
0.0204788
0.0262959
0.0205602
0.0203155
0.0271356
0.0221314
0.0254127
0.0203511
0.0206028
0.0205154
0.0201328
0.0202487
0.0204256
0.0204022
0.0202275
0.0201541
0.0203384
0.0204443
0.0204762
0.0202617
0.020305
0.0205367
0.0202224
0.0207269
0.0201862
0.0234547
0.0209028
0.0207068
0.0203667
0.0206138
0.0203735
0.0205976
0.0206338
0.020236
0.0203472
0.0201934
0.0200917
0.0203906
0.0204379
0.0206805
0.0204865
0.020187
0.0203191
0.0203374
0.0206864
0.0206595
0.0208354
0.0206161
0.0203511
0.0212779
0.0202918
0.0203056
0.0204765
0.0205814
0.0206555
0.0206959
0.0204865
0.0206142
0.0205764
0.0200273
0.0203689
0.0210189
0.0205308
0.0226026
0.0233843
0.0211478
0.020701
0.0206027
0.0205364
0.0204006
0.0206023
0.0203881
0.0204942
0.0206441
0.020501
0.0203975
0.0203977
0.0203411
0.0203362
0.0207115
0.0202732
0.0200458
0.0200522
0.020184
0.0204069
0.0202513
0.0235384
0.0204183
0.0203055
0.020427
0.0202736
0.0208326
0.0203878
0.0207114
0.0208334
0.0205095
0.0202396
0.0204514
0.0206523
0.0209409
0.0205884
0.0203864
0.0220405
0.0206688
0.0206947
0.0207051
0.0206144
0.020323
0.0202953
0.0202986
0.0203056
0.0200792
0.0203978
0.0208096
0.0204734
0.020303
0.0261484
0.0203953
0.0204301
0.0207291
0.0202176
0.0203984
0.0200866
0.0202549
0.0200426
0.0203743
0.0202931
0.0203654
0.020623
0.020626
0.0205301
0.0206044
0.0207572
0.0204522
0.0205406
0.0204774
0.0208855
0.0203345
0.0201474
0.0206766
0.0202472
0.0214423
0.0204756
0.0207172
0.0202467
0.0202804
0.0205788
0.0204304
0.0202911
0.020325
0.0204718
0.0204253
0.0203061
0.0205408
0.0207264
0.0207555
0.0206433
0.020282
0.0201626
0.0203127
0.02023
0.0215933
0.020373
0.0203642
0.020233
0.0205436
0.0205197
0.020431
0.0266412
0.0204675
0.0206458
0.0205724
0.0205173
0.0202614
0.0214558
0.0206913
0.0205175
0.0207795
0.0207201
0.0209696
0.020767
0.0242361
0.0209858
0.0206851
0.0204937
0.0205625
0.0207421
0.026357
0.0207236
0.0202609
0.0204609
0.0252935
0.0215764
0.0202309
0.0205504
0.0205297
0.0203222
0.0201769
0.0213183
0.0213938
0.0206913
0.0207547
0.0206907
0.0204009
0.0220745
0.0205037
0.0203481
0.02031
0.0204885
0.020639
0.0205176
0.0202911
0.0203755
0.0204463
0.0205977
0.0203081
0.0203383
0.0204266
0.0203633
0.020482
0.0204098
0.0203205
0.0203972
0.0204897
0.0203611
0.0205437
0.021014
0.0205826
0.0203222
0.0202881
0.0205008
0.0253166
0.0203579
0.0230675
0.0237464
0.0204375
0.0231688
0.0206748
0.0204392
0.0211975
0.0234801
0.0203083
0.0202322
0.0204494
0.0204162
0.02013
0.0201047
0.0200686
0.0202586
0.0205569
0.0206107
0.0205233
0.0208059
0.0207301
0.0233442
0.0207516
0.0205837
0.0204578
0.0207916
0.0203796
0.0204068
0.0200869
0.0205655
0.0204492
0.0202068
0.0203764
0.0206574
0.0202148
0.0201962
0.0206565
0.0204254
0.0204798
0.0204624
0.0211294
0.0204174
0.0206997
0.0207888
0.0245671
0.0203043
0.0206503
0.0204967
0.0204815
0.0205777
0.0258022
0.0216737
0.0206345
0.0204409
0.020592
0.0205422
0.0217483
0.0208275
0.0222908
0.0204442
0.0209751
0.0208804
0.0207145
0.0205442
0.0202183
0.0214505
0.0205457
0.021471
0.0204429
0.0204755
0.020288
0.0212816
0.0206387
0.0206684
0.0263208
0.0216936
0.0209373
0.0209333
0.0206727
0.0206639
0.0205878
0.0205388
0.0206466
0.0209003
0.020476
0.0206801
0.0205999
0.0206029
0.020859
0.0222883
0.0207719
0.0205145
0.0204431
0.0208963
0.0209138
0.0207024
0.0207016
0.0206205
0.0209312
0.0210395
0.0206054
0.0205169
0.0202875
0.0203986
0.0212698
0.0205549
0.020381
0.0201514
0.0222642
0.0207565
0.0205373
0.0205375
0.0205192
0.0205656
0.0203647
0.0203024
0.0206601
0.0207168
0.0212866
0.0205645
0.020499
0.0204399
0.0204859
0.0204182
0.0215897
0.0204055
0.0204508
0.0206234
0.0203836
0.0202101
0.0205497
0.0203707
0.0205281
0.020437
0.020573
0.0206548
0.0204144
0.0207443
0.0261662
0.0209305
0.0203637
0.0205068
0.020514
0.0208369
0.0205989
0.0205263
0.0209738
0.0202889
0.0203314
0.0202456
0.0206098
0.0204524
0.0202651
0.0200064
0.020282
0.0206082
0.0204183
0.0203617
0.0206496
0.0202965
0.0205422
0.020408
0.0203318
0.0202682
0.0202475
0.0205406
0.0207668
0.0208303
0.0205801
0.0207768
0.0205878
0.0203709
0.0205164
0.0205072
0.0204377
0.024841
0.0204135
0.0209181
0.0202147
0.020402
0.0202841
0.0203583
0.0202146
0.0205195
0.0202418
0.0199718
0.0201663
0.0205169
0.020513
0.0203672
0.0201776
0.0203323
0.0202472
0.0207741
0.020729
0.0208359
0.0206862
0.0207073
0.0210047
0.0204658
0.0205556
0.0205449
0.0220486
0.0203658
0.0204043
0.0204002
0.0223288
0.0210096
0.0205111
0.0206543
0.020677
0.0205468
0.020666
0.0204344
0.0204228
0.0203603
0.0202411
0.0200505
0.0203398
0.0200155
0.0204185
0.0201634
0.0202369
0.0205244
0.0208464
0.020765
0.0205921
0.0205635
0.0207384
0.0202778
0.0205043
0.0203139
0.0205345
0.0204774
0.0226559
0.0203925
0.0202602
0.0208759
0.0222158
0.020643
0.0200988
0.020322
0.0267731
0.0221042
0.0210542
0.0217626
0.0210616
0.0204245
0.0206198
0.0202113
0.0203629
0.0204791
0.0250879
0.0205264
0.0205397
0.0201431
0.0206892
0.0203341
0.020538
0.0205136
0.0204657
0.0206434
0.0203098
0.0268985
0.020676
0.0208221
0.0206639
0.0205458
0.0205533
0.0206542
0.0206335
0.0207479
0.0204251
0.0206154
0.0205995
0.0235391
0.0205392
0.0205006
0.0202259
0.0203264
0.0204301
0.0204934
0.0319296
0.0249478
0.0203621
0.0201346
0.0208196
0.0207989
0.0204915
0.0206818
0.020886
0.0207805
0.0204046
0.0206697
0.0202606
0.0204437
0.0209776
0.0204436
0.020206
0.0205729
0.0228116
0.020643
0.0210262
0.0206008
0.0202985
0.0203845
0.0203806
0.0218192
0.0218961
0.0207142
0.0215959
0.0205626
0.0221947
0.0203108
0.0206099
0.0206515
0.0201592
0.0202169
0.0204028
0.0206518
0.0207176
0.0213426
0.0207215
0.0208076
0.0206054
0.0206378
0.0202633
0.0204665
0.0203739
0.0206293
0.0204539
0.0208402
0.0252327
0.0207313
0.0207306
0.0213
0.0204417
0.0204358
0.0208988
0.0208732
0.0201574
0.0238796
0.020297
0.0203059
0.0204033
0.0208341
0.023009
0.0205012
0.0202623
0.0202629
0.0206555
0.0202377
0.0201261
0.0203153
0.0203363
0.0203489
0.0202391
0.0203401
0.0204734
0.0203944
0.0205662
0.0204626
0.0216249
0.0207915
0.0204241
0.0218164
0.0209448
0.0224745
0.021262
0.0208792
0.0214397
0.0208902
0.0208623
0.020394
0.0204137
0.0204542
0.0230823
0.0205631
0.0203438
0.0202454
0.0230458
0.0217794
0.020729
0.0206623
0.0202725
0.020355
0.0203178
0.0204554
0.0204405
0.0203429
0.0207263
0.0208437
0.0204214
0.0205683
0.0203864
0.0205471
0.0204884
0.0237097
0.0206411
0.0206266
0.0206792
0.0211035
0.02097
0.0206905
0.0209701
0.0204201
0.0208416
0.0205064
0.0208458
0.0216443
0.0206009
0.0207444
0.0205071
0.0205411
0.0212207
0.0206973
0.0208031
0.0209646
0.0208637
0.0209462
0.0206295
0.0211998
0.0207853
0.0212634
0.0210846
0.0206892
0.0212888
0.0207055
0.020772
0.0203622
0.0210696
0.029539
0.0203068
0.0207174
0.0209876
0.0206874
0.020333
0.0211268
0.0204248
0.020424
0.0205324
0.0204751
0.0204918
0.0204851
0.0205534
0.0217874
0.0210339
0.0206483
0.0207357
0.0206903
0.0208056
0.0204769
0.0207399
0.0207249
0.0213086
0.0204926
0.0234489
0.0206155
0.0205349
0.0233609
0.0213997
0.0248671
0.0264465
0.020553
0.0206009
0.020641
0.0205844
0.0204104
0.0205966
0.0241965
0.0205605
0.0204078
0.0203616
0.0206239
0.021583
0.0220517
0.0227723
0.0221994
0.0221522
0.0220044
0.0209559
0.0205813
0.0207518
0.0208592
0.0207837
0.0209132
0.0208389
0.0205371
0.0215013
0.0209477
0.0218069
0.0209135
0.0214358
0.0247586
0.0224628
0.0214686
0.020776
0.0214018
0.0209862
0.0216778
0.0213721
0.0212902
0.0210362
0.0206788
0.0210028
0.0204971
0.0204028
0.0203086
0.0203392
0.0203593
0.0205442
0.020402
0.0232116
0.0207312
0.0203908
0.0218743
0.0208406
0.0204269
0.0206855
0.0204713
0.0205963
0.021953
0.020685
0.021365
0.0206244
0.0207414
0.0215323
0.0214815
0.0210103
0.0207529
0.0204795
0.0211863
0.020718
0.0210275
0.0208415
0.0207409
0.0208966
0.0206181
0.0205017
0.0237746
0.0207813
0.0207345
0.0205969
0.0202974
0.0206594
0.020749
0.0206236
0.020664
0.0206176
0.0204599
0.0204584
0.0204202
0.0206123
0.0207276
0.0203431
0.0203868
0.0203273
0.0214548
0.0205081
0.0201318
0.0202869
0.0209996
0.02005
0.0202816
0.0204657
0.0204167
0.0205343
0.0200808
0.020376
0.0204462
0.0236715
0.0204127
0.0207175
0.0205162
0.020584
0.0203025
0.0205246
0.0201788
0.0211606
0.0202992
0.020453
0.0213834
0.0207759
0.0205454
0.0204975
0.0204029
0.0202769
0.0206293
0.0205189
0.0214922
0.0205292
0.0204269
0.0208283
0.0204565
0.020405
0.0204418
0.0203745
0.0205622
0.0204385
0.0202421
0.0204982
0.0212746
0.0211757
0.0205828
0.0216321
0.0252976
0.0204504
0.0205588
0.0207609
0.0206519
0.0203407
0.0203037
0.0207002
0.0205846
0.0205146
0.0205252
0.0208243
0.0205699
0.0206435
0.0221689
0.0243493
0.0209605
0.0233363
0.0209446
0.0209954
0.0219638
0.0210674
0.0210516
0.0207571
0.0215393
0.0208171
0.0207183
0.0205719
0.020719
0.0203457
0.0208202
0.0206263
0.0202668
0.0202937
0.0205399
0.0203218
0.0203399
0.0203921
0.0201911
0.0205092
0.0243727
0.0205157
0.0220171
0.0217374
0.0206819
0.020236
0.0206172
0.0214556
0.0208465
0.0209576
0.021154
0.0210383
0.0210515
0.0206392
0.0205907
0.020984
0.0208014
0.020712
0.0211311
0.0206825
0.0205129
0.0205443
0.0205866
0.0203582
0.0205615
0.0204102
0.0203457
0.0205053
0.0204286
0.020176
0.0203532
0.0204852
0.0203451
0.0204937
0.0203185
0.0207495
0.0207226
0.0202384
0.0231206
0.0205851
0.0202526
0.0204185
0.0204424
0.0204559
0.0206917
0.0204564
0.0202435
0.0204666
0.0202183
0.0207491
0.0206286
0.0203461
0.0205482
0.0205682
0.0206867
0.0203515
0.0202326
0.0204317
0.0205165
0.020183
0.0201968
0.0201154
0.0201498
0.0211693
0.0208111
0.0208138
0.0203697
0.0204994
0.0205229
0.0203279
0.0202523
0.0203975
0.020494
0.0207038
0.0208605
0.0207718
0.0203857
0.0205813
0.0216139
0.0214068
0.0244563
0.0209729
0.0204479
0.0204594
0.02126
0.0210645
0.0203983
0.0202535
0.0203331
0.0203786
0.0208293
0.0206231
0.0206244
0.0206447
0.0208858
0.021489
0.021258
0.0213974
0.0257112
0.0207053
0.0224079
0.021123
0.02043
0.0208641
0.0211794
0.0204703
0.0219265
