0.00400442
0.0077839
0.0236336
0.00183067
0.00918029
0.00913906
0.0127494
0.00161852
0.00930229
0.00522352
0.0309204
0.0157747
0.0188401
0.00213104
0.00409128
0.0181858
0.00573668
0.0010597
0.00083736
0.0141499
0.0103861
0.0121213
0.0154972
0.00306773
0.0014852
0.00696879
0.0165733
0.0150176
0.0169247
0.0118001
0.00576137
0.000819099
0.00438534
0.00263721
0.00581914
0.0147011
0.00454612
0.00261836
0.00252375
0.00150836
0.0121088
0.00386434
0.00205157
0.00243831
0.00308426
0.0169029
0.000755684
0.001156
0.00775689
0.0123292
0.00125795
0.00178511
0.000416824
0.00354771
0.02236
0.022438
0.00326465
0.00117641
0.0129179
0.00183176
0.00128065
0.000687409
0.00125658
0.010364
0.00156748
0.0162509
0.00453325
0.00891759
0.0110542
0.00270061
0.00337233
0.00349497
0.00197942
0.00281268
0.0208762
0.0315317
0.00841168
0.0175406
0.00188103
0.000795716
0.0162964
0.00877807
0.0190024
0.00605545
0.0102532
0.00194867
0.00211708
0.0202567
0.0102664
0.00920566
0.000971231
0.00136051
0.00118203
0.0070182
0.0219905
0.00625961
0.00239777
0.00108784
0.00495444
0.00531272
0.0127949
0.00150138
0.0118919
0.00119972
0.0109402
0.00797355
0.0088509
0.00356561
0.00777683
0.00783784
0.00540957
0.0169053
0.00712999
0.0130081
0.000869059
0.00788408
0.01384
0.000941816
0.00187869
0.0013067
0.00184232
0.004554
0.000946443
0.0016277
0.00169884
0.0150779
0.00266062
0.0169207
0.011217
0.00864388
0.0136019
0.00152778
0.00675608
0.00173942
0.000827324
0.0191289
0.0100157
0.0123094
0.0299959
0.00102065
0.0130811
0.0160303
0.0276454
0.00102713
0.000962239
0.00185681
0.0082072
0.00132321
0.00119588
0.0106529
0.00187587
0.00113632
0.0217301
0.0167528
0.0123942
0.00464721
0.00469449
0.00290725
0.00256986
0.00346473
0.0115232
0.0018054
0.000865986
0.0260457
0.0010878
0.000763558
0.00184844
0.00396882
0.00282343
0.0106965
0.000789618
0.00180402
0.00155313
0.0138242
0.00104166
0.0011019
0.0120189
0.00217622
0.00417039
0.00391708
0.00928245
0.00608264
0.00746665
0.00291089
0.00128641
0.00323184
0.00297747
0.00231588
0.00178231
0.000963728
0.000518872
0.00188711
0.00120283
0.00493202
0.00512961
0.00359994
0.00218459
0.00109284
0.0026132
0.00618985
0.00213702
0.00198013
0.00853232
0.00228525
0.00218109
0.00117581
0.00762778
0.00472092
0.00130783
0.00101264
0.00494922
0.0117312
0.00295548
0.00274688
0.00212891
0.0023479
0.00285451
0.0112704
0.00229495
0.013964
0.0105229
0.00232996
0.0015576
0.0151149
0.000955503
0.0170834
0.00883567
0.00099584
0.000857633
0.00198551
0.00159138
0.00126722
0.00376422
0.001411
0.0049404
0.00105752
0.00685549
0.0160131
0.00193464
0.00684604
0.00262933
0.00166585
0.000875229
0.0012028
0.00153357
0.000853321
0.000792093
0.00441105
0.000608314
0.000837801
0.00446246
0.00291406
0.00301736
0.00874065
0.00116851
0.00828254
0.00120463
0.00524946
0.000838961
0.00798222
0.00203302
0.0019208
0.00808774
0.000616642
0.000919733
0.0201
0.00107372
0.000570699
0.00324899
0.0130889
0.0101239
0.00921242
0.00103672
0.0128226
0.0217036
0.00370696
0.0013613
0.000751676
0.00338926
0.010401
0.00062693
0.0108839
0.0304178
0.00762331
0.000891422
0.00440815
0.00813131
0.00140886
0.0259011
0.000886776
0.00299544
0.00514639
0.0115644
0.00223525
0.00809788
0.00434013
0.00117242
0.00147383
0.00326278
0.00173161
0.00646316
0.00543149
0.00311938
0.0123725
0.0107832
0.00392611
0.0061818
0.00400089
0.00476887
0.00179419
0.00242085
0.00111506
0.0039134
0.00100445
0.00806098
0.00262683
0.00144545
0.0014336
0.0054973
0.00459742
0.0041641
0.00453219
0.00518699
0.00247681
0.00178733
0.0362611
0.0108413
0.0235726
0.0212771
0.000724495
0.00100687
0.00799552
0.00284882
0.00134707
0.00456276
0.00456255
0.00122989
0.00090107
0.00792337
0.0258815
0.00130554
0.00217964
0.00607976
0.00217427
0.00356128
0.00160106
0.00328133
0.00134532
0.00148545
0.00811521
0.00632177
0.00606358
0.00751007
0.00492693
0.00347676
0.0129284
0.00219001
0.00106118
0.00290395
0.00450791
0.00207882
0.00224348
0.00394842
0.00395631
0.0116144
0.00957017
0.0217014
0.0189396
0.0138709
0.00120648
0.0032982
0.00122018
0.0165559
0.00214485
0.0110221
0.00985241
0.00398333
0.0030968
0.00227601
0.00302118
0.00294099
0.00228982
0.00438821
0.00777827
0.000854203
0.00224332
0.00129715
0.017115
0.0135953
0.0110689
0.000697193
0.0234411
0.00148407
0.00320615
0.00309681
0.0312395
0.000807716
0.0174007
0.00191797
0.0268514
0.00799435
0.0142956
0.00153589
0.0130269
0.0157726
0.00142941
0.00828478
0.00460235
0.0125298
0.0154468
0.00123357
0.00164791
0.00165434
0.00472859
0.00346961
0.00481907
0.022038
0.00176799
0.00291143
0.00212343
0.00303264
0.00618703
0.0106914
0.00543133
0.0045819
0.00356196
0.00392179
0.00364289
0.0146463
0.00316209
0.00718048
0.00352388
0.00339211
0.011004
0.0134366
0.00733464
0.00818554
0.0098652
0.00773841
0.00422108
0.00258195
0.001756
0.00816983
0.00846382
0.00814592
0.00535021
0.00453764
0.00413606
0.00437482
0.0076609
0.00177828
0.0222325
0.00812902
0.00576711
0.0105107
0.007752
0.00613648
0.00398323
0.0032284
0.00204891
0.00676327
0.00740705
0.00202194
0.00734363
0.0144876
0.00329927
0.00262434
0.00166132
0.00916965
0.00723672
0.00655397
0.00372258
0.0173823
0.00730105
0.00323527
0.00311753
0.0142222
0.00229728
