7.86454
9.53466
11.2521
12.3548
12.6064
14.364
14.6184
16.3983
18.1378
18.883
20.631
20.8565
22.5562
23.1104
23.8996
24.7053
26.0246
26.9205
28.2379
29.1164
30.1885
30.8148
32.529
34.0589
34.5219
34.9826
36.7286
37.9918
38.4357
39.9368
41.2366
41.4617
43.177
44.3052
45.1448
46.8504
47.6852
48.5728
48.9985
49.1725
50.9238
51.6126
52.5607
53.362
54.2325
55.0938
56.8376
58.7845
58.9813
60.7281
62.2672
62.694
64.3934
65.5518
67.1869
68.8241
69.9298
71.6448
73.1284
74.2109
75.7867
76.1878
77.9388
78.3837
79.4446
79.9258
80.3542
82.1552
82.3629
84.1201
84.9824
86.2524
86.7046
88.2836
88.7561
90.5294
90.701
92.4911
92.6755
94.4206
96.1528
96.596
97.3053
97.7334
99.4736
100.136
100.778
101.231
102.928
103.81
104.691
106.428
106.623
108.127
109.799
111.572
113.23
113.872
115.271
115.372
116.252
117.78
118.162
118.362
119.882
121.611
121.796
123.543
125.287
126.969
128.747
130.5
132.242
132.449
132.656
133.783
135.525
135.955
136.228
136.459
137.025
138.684
140.43
141.977
143.218
144.963
146.197
147.016
148.688
149.53
151.035
152.335
152.801
154.491
156.268
156.69
158.213
159.531
159.989
161.045
162.82
164.604
164.845
165.004
166.323
167.356
167.572
168.035
169.751
171.467
171.669
171.896
172.109
173.869
174.481
174.934
176.226
177.76
178.799
179.681
180.094
181.806
183.495
185.032
186.889
187.046
188.781
190.564
191.263
191.462
191.957
193.689
195.386
195.865
196.34
196.569
196.731
198.493
200.235
201.96
203.758
204.665
206.414
208.175
209.884
210.106
210.447
212.278
213.988
215.783
217.49
218.822
220.322
221.987
223.793
225.523
226.647
226.837
227.008
228.281
230.045
231.796
233.548
234.954
235.553
237.224
237.481
239.148
240.906
242.638
243.913
245.751
247.493
249.296
250.919
252.635
254.453
256.041
256.283
258.001
258.237
259.775
261.151
262.591
262.792
264.567
265.18
265.868
266.014
267.302
269.041
269.22
270.083
271.372
271.576
273.427
274.089
274.809
275.26
276.135
276.952
277.16
277.981
278.891
280.565
282.315
284.004
284.875
286.616
286.805
287.261
288.06
288.18
288.365
288.698
289.681
291.375
292.675
292.892
294.628
294.849
295.314
296.912
298.666
299.331
300.976
302.097
303.778
304.232
305.963
307.489
308.37
308.822
309.916
310.824
311.072
312.91
314.548
314.833
316.076
316.537
318.113
319.014
320.271
321.176
321.343
322.239
323.869
325.624
326.258
326.691
327.965
329.717
331.42
332.911
334.158
334.37
335.041
336.829
338.126
338.502
340.272
341.969
343.733
345.427
345.619
347.138
347.366
348.988
350.741
351.853
353.517
354.363
356.068
356.286
357.964
359.642
361.004
361.237
362.948
363.188
364.918
366.665
368.389
370.085
371.839
372.895
373.539
375.241
376.954
377.813
378.684
380.157
381.931
383.628
384.187
385.854
387.574
387.823
388.496
388.686
388.903
390.423
390.86
391.521
391.674
393.177
394.85
395.261
395.697
397.432
399.137
400.891
402.665
404.394
406.09
407.584
408.665
410.412
412.131
412.358
414.02
414.691
415.137
416.857
417.054
418.827
419.04
420.756
422.549
423.637
424.29
424.496
426.213
427.998
429.298
429.914
430.116
431.831
433.579
435.285
436.78
437.893
439.617
440.074
440.322
442.032
442.874
444.196
445.975
446.222
446.838
448.572
449.234
449.464
450.603
450.768
451.409
452.916
453.815
455.058
455.744
456.598
458.386
458.808
460.515
461.387
461.603
462.313
464.056
464.691
465.477
465.918
466.23
467.982
469.686
471.413
473.099
473.744
475.47
476.302
477.406
479.187
480.893
482.643
484.384
484.623
484.834
486.581
488.38
488.825
490.557
492.234
493.376
495.161
496.9
498.621
500.346
502.094
503.865
505.546
506.163
506.369
508.112
509.891
511.597
513.292
513.723
514.824
516.623
518.303
519.195
520.902
522.6
524.306
526.056
527.809
529.501
531.256
532.969
534.054
534.944
536.019
537.742
537.944
538.153
539.899
541.619
542.055
543.771
545.493
547.263
548.984
550.705
551.341
551.551
553.277
553.807
