0.202240
0.202338
0.202436
0.202663
0.202793
0.202808
0.202882
0.203077
0.203272
0.203297
0.217720
0.341412
0.517574
0.682861
0.798419
0.891978
0.970965
0.984903
1.107535
1.435560
1.709881
2.041191
2.180806
2.249297
2.305981
2.360604
2.422356
2.514954
2.620432
2.740313
2.861419
2.987592
3.069850
3.132369
3.179314
3.245551
3.307007
3.368465
3.440052
3.501760
3.564304
3.638957
3.716368
3.782977
3.868013
3.941263
4.023757
4.088403
4.139497
4.211145
4.301000
4.446719
4.628825
4.800662
5.019889
5.249323
5.491184
5.662835
5.745875
5.771502
5.797479
5.838687
5.918760
6.040559
6.177361
6.337399
6.548567
6.744059
6.987851
7.236156
7.454928
7.709071
7.954705
8.187237
8.401138
8.580706
8.792323
8.982971
9.224427
9.461168
9.659353
9.888824
10.122508
10.324205
10.528242
10.744979
10.965156
11.156781
11.356658
11.562174
11.804670
12.037569
12.265840
12.485965
12.672936
12.891901
13.085161
13.315720
13.513546
13.708296
13.897027
14.110234
14.286464
14.486811
14.663698
14.881079
15.073838
15.269538
15.499443
15.695432
15.927015
16.130472
16.365312
16.592074
16.803445
17.015464
17.235663
17.433216
17.635903
17.864876
18.090529
18.280965
18.509296
18.707240
18.901727
19.119634
19.343961
19.541697
19.739178
19.920862
20.103914
20.254038
20.423573
20.616130
20.852842
21.098294
21.306143
21.546617
21.745523
21.955838
22.103900
22.210649
22.292672
22.365096
22.462050
22.595890
22.728235
22.893073
23.060308
23.191766
23.310248
23.401149
23.497591
23.607769
23.748418
23.950740
24.147684
24.397101
24.615427
24.864658
25.075628
25.279831
25.478768
25.712973
25.921909
26.135043
26.352088
26.473699
26.566376
26.676543
26.834628
26.921659
26.951433
27.031902
27.145174
27.264174
27.410406
27.613850
27.797984
28.001432
28.170457
28.346419
28.459452
28.539718
28.612962
28.678615
28.772469
28.874824
28.993992
29.129619
29.251647
29.349672
29.444090
29.538257
29.651853
29.800500
29.962641
30.174873
30.368030
30.599904
30.802815
31.010269
31.257484
31.467518
31.673248
31.866981
32.060496
32.203019
32.336661
32.454415
32.639098
32.848040
33.086996
33.362531
33.616295
33.813099
34.000472
34.188398
34.416414
34.644684
34.859468
35.090000
35.325993
35.558395
35.752554
35.950358
36.189118
36.436957
36.678305
36.877472
37.102213
37.297063
37.528724
37.725032
37.941180
38.100387
38.257264
38.417250
38.603011
38.778774
38.961072
39.186870
39.393661
39.616948
39.774539
39.967941
40.149752
40.367784
40.601310
40.807578
41.015883
41.215810
41.419734
41.577139
41.700978
41.788752
41.885940
41.972192
42.068991
42.193840
42.309296
42.384188
42.470314
42.572726
42.709348
42.873603
43.089765
43.321410
43.524443
43.755468
43.945443
44.146847
44.295138
44.439200
44.537050
44.617261
44.701935
44.807885
44.939673
45.127276
45.322571
45.497812
45.679866
45.866846
46.083315
46.280602
46.443478
46.565255
46.698071
46.810662
46.927773
47.063801
47.177489
47.317301
47.494745
47.732040
47.953089
48.220201
48.490933
48.751368
48.999967
49.190752
49.386588
49.547174
49.679592
49.780010
49.840132
49.912688
50.055466
50.231812
50.396975
50.518942
50.586913
50.646010
50.724335
50.812159
50.923801
51.062067
51.254560
51.445397
51.686531
51.901300
52.129099
52.356981
52.586854
52.845233
53.092603
53.291563
53.485760
53.710690
53.898251
54.101731
54.292764
54.494207
54.714027
54.910977
55.134615
55.312964
55.508897
55.702105
55.923502
56.129078
56.335657
56.564672
56.741110
56.916812
57.042270
57.165939
57.289142
57.516527
57.793075
58.005026
58.157713
58.262159
58.310688
58.344437
58.398477
58.463557
58.553285
58.635144
58.680452
58.803472
58.976692
59.173669
59.385019
59.581525
59.783678
60.015143
60.235255
60.454481
60.694656
60.904414
61.143915
61.338903
61.529809
61.751013
61.946421
62.177220
62.375405
62.612404
62.814728
63.012693
63.206097
63.427707
63.659081
63.861094
64.099469
64.299512
64.528012
64.759890
64.989636
65.214655
65.447463
65.684051
65.887310
66.119179
66.316917
66.547106
66.776248
66.970619
67.194999
67.392338
67.627374
67.829709
68.068420
68.264799
68.465362
68.637341
68.793210
68.927740
69.069029
69.240013
69.393110
69.545430
69.694728
69.853291
69.983225
70.150350
70.328600
70.530294
70.756458
70.966543
71.188399
71.415190
71.668658
71.873710
72.091005
72.281769
72.424931
72.571328
72.705279
72.866931
73.053798
73.286869
73.478649
73.699207
73.927080
74.119524
74.338960
74.561924
74.785869
75.013473
75.220608
75.433307
75.682122
75.886505
76.083871
76.316554
76.522087
76.726351
76.920277
77.045885
77.124621
77.257040
77.432570
77.659496
77.859452
78.096077
78.344808
78.555854
78.786575
78.950867
79.118807
79.322546
79.521866
79.732260
79.888638
80.025652
80.228780
80.426467
80.634729
80.868042
81.060567
81.279328
81.458751
81.630219
81.814445
81.960700
82.088883
82.189339
82.276843
82.416841
82.582763
82.819983
83.058188
83.286584
83.504166
83.652900
83.787943
83.941199
84.141499
84.355341
84.565012
84.795949
85.017930
85.206503
85.342567
85.436058
85.507849
85.598436
85.737149
85.884778
86.043366
86.186074
86.288500
86.433174
86.552338
86.674896
86.742761
86.843202
87.025011
87.240417
87.435267
87.575657
87.748090
87.973030
88.233691
88.447154
88.663684
88.888488
89.074507
89.291489
89.479407
89.668916
89.887596
90.067199
90.244792
90.439747
90.614920
90.791372
91.007527
91.191694
91.356464
91.511580
91.674796
91.862975
92.075601
92.294578
92.495844
92.708254
92.914439
93.108804
93.282906
93.525429
93.732113
93.966831
94.196291
94.386677
94.577798
94.806547
94.994996
95.180479
95.293232
95.368940
95.390475
95.414785
95.491034
95.594472
95.755926
95.966256
96.194854
96.423299
96.646016
96.920063
97.146538
97.381712
97.639021
97.846933
98.025284
98.213050
98.422726
98.647943
98.877510
99.094415
99.281278
99.478640
99.696246
99.910034
100.105816
100.327038
100.551280
100.743487
100.932852
101.152173
101.348015
101.580639
101.780153
102.020314
102.240920
102.503239
102.753677
102.997917
103.218905
103.399960
103.579770
103.741211
103.975991
104.179397
104.390086
104.584427
104.837011
105.069609
105.295423
105.474102
105.646696
105.818588
105.978099
106.192597
106.388166
106.639806
106.867869
107.097671
107.274056
107.421303
107.538740
107.656238
107.822733
108.029717
108.235328
108.427744
108.606288
108.776739
108.953351
109.167081
109.330775
109.515137
109.662774
109.767152
109.850636
109.928460
110.069286
110.250192
110.451889
110.611934
110.868170
111.060963
111.272934
111.449733
111.599524
111.752756
111.867578
111.972558
112.098802
112.211377
112.325284
112.417032
112.511989
112.642063
112.828514
112.983851
113.108004
113.275656
113.448755
113.627072
113.821363
114.023558
114.231761
114.420332
114.708607
114.928803
115.138788
115.341893
115.537861
115.712522
115.874299
116.026037
116.153413
116.264106
116.383366
116.567495
116.799214
117.018497
117.242407
117.457445
117.676629
117.828400
117.937880
117.992801
118.028129
118.086971
118.188265
118.362153
118.602555
118.808530
119.046324
119.246046
119.470320
119.663758
119.862206
120.107645
120.364937
120.620084
120.829257
121.034763
121.164454
121.270895
121.391767
121.496743
121.625424
121.750947
121.920911
122.116789
122.302848
122.503315
122.746848
122.953425
123.199453
123.427936
123.622337
123.798287
123.970229
124.078427
124.202627
124.338564
124.560062
124.783162
125.025608
125.225306
125.452909
125.644000
125.870922
126.098936
126.301738
126.543174
126.749048
126.975293
127.124463
127.247674
127.374111
127.531516
127.767139
127.982530
128.221136
128.431385
128.572659
128.689763
128.753688
128.783701
128.847774
128.964657
129.083575
129.243055
129.410642
129.613769
129.792038
130.010157
130.241984
130.444839
130.643694
130.835918
131.057621
131.225833
131.481882
131.718857
131.942290
132.166031
132.385112
132.629961
132.850622
133.075358
133.310217
133.522017
133.701537
133.877196
133.987081
134.065596
134.135918
134.267687
134.473193
134.692618
134.917998
135.143297
135.331483
135.575797
135.755809
135.957562
136.123557
136.348735
136.540176
136.719882
136.874560
137.026876
137.167533
137.303811
137.443899
137.532156
137.617175
137.693471
137.793456
137.891487
137.998733
138.113305
138.253458
138.395148
138.542203
138.765362
138.985453
139.233406
139.420783
139.622636
139.795025
139.977809
140.172285
140.317477
140.490421
140.679672
140.885470
141.067719
141.255436
141.471788
141.658246
141.861735
142.072960
142.275703
142.486778
142.659844
142.842585
143.077817
143.283153
143.485530
143.706346
143.897099
144.046120
144.147324
144.211066
144.280287
144.375300
144.529720
144.650513
144.695961
144.750008
144.857504
144.989112
145.153586
145.382423
145.598730
145.819949
146.064017
146.273807
146.435812
146.575006
146.717582
146.831391
146.965372
147.095708
147.282416
147.468931
147.707837
147.951272
148.177069
148.379964
148.523105
148.667599
148.793025
148.936696
149.125257
149.332437
149.543263
149.749778
149.916631
150.098881
150.263518
150.479216
150.713834
150.918608
151.152595
151.386790
151.552785
151.806382
152.024392
152.252744
152.482650
152.655677
152.801924
152.900886
153.006011
153.192282
153.398588
153.615696
153.809774
154.018036
154.253001
154.449305
154.671389
154.859003
155.047866
155.238087
155.458746
155.687359
155.919639
156.147640
156.379184
156.572155
156.758590
156.971994
157.151585
157.348493
157.493447
157.618749
157.689560
157.752240
157.831745
157.932916
158.094961
158.267170
158.502327
158.723912
158.964474
159.246319
159.481083
159.700880
159.921598
160.144388
160.404200
160.640244
160.908310
161.133278
161.388157
161.599493
161.844086
162.080891
162.279038
162.469832
162.688804
162.946385
163.170557
163.414354
163.644641
163.843310
164.072621
164.298529
164.523049
164.720055
164.954971
165.202462
165.412368
165.652918
165.823600
166.053165
166.288599
166.520027
166.721654
166.959064
167.196984
167.369065
167.636565
167.837407
168.071944
168.270703
168.469302
168.697959
168.897093
169.131073
169.330287
169.564767
169.764868
169.964001
170.193582
170.435367
170.645511
170.868629
171.069868
171.318327
171.533766
171.783534
171.991068
172.196202
172.433965
172.680961
172.892263
173.102293
173.346187
173.550819
173.782122
173.979424
174.173892
174.399390
174.622961
174.817992
175.031486
175.249035
175.423268
175.606759
175.760936
175.879184
176.034306
176.213844
176.415708
176.668274
176.930311
177.144898
177.333428
177.497707
177.594886
177.686808
177.764375
177.866836
177.982444
178.134049
178.353611
178.555162
178.757652
178.991375
179.211853
179.387946
179.533754
179.650506
179.698006
179.701680
179.746460
179.855058
180.015861
180.124755
180.154114
180.205373
180.309770
180.456476
180.643453
180.833705
181.085744
181.346138
181.568441
181.778471
182.004892
182.183578
182.367777
182.531633
182.657549
182.760175
182.830761
182.890650
182.987148
183.109468
183.255822
183.344852
183.405270
183.476764
183.610255
183.762257
183.967480
184.199152
184.433107
184.621603
184.827228
185.037145
185.224658
185.421875
185.623551
185.856698
186.040572
186.218292
186.341115
186.402705
186.439552
186.501127
186.591994
186.718411
186.908803
187.138117
187.388571
187.616604
187.886269
188.150310
188.368182
188.611255
188.854197
189.094884
189.299099
189.533171
189.735577
189.941285
190.173720
190.392328
190.583620
190.773763
190.939901
191.056175
191.170491
191.300760
191.415516
191.565792
191.716817
191.885685
192.073895
192.189564
192.286538
192.403037
192.512763
192.662843
192.821190
193.036662
193.143217
193.245969
193.432028
193.618260
193.895539
194.400636
195.425091
196.817084
197.548512
198.086271
198.750002
199.295048
199.837243
200.571426
201.533088
202.431970
202.914038
203.592739
204.459107
205.305420
206.269042
206.798424
207.524977
208.249460
209.177867
209.426368
209.766205
210.715676
211.896367
213.065262
213.177251
213.750305
214.605380
214.908895
215.302345
215.821698
216.234296
216.580831
216.952891
217.498326
217.981814
218.392894
218.904874
219.368174
219.637763
219.841463
219.978165
220.069762
220.159515
220.299346
220.490815
220.714444
220.963421
221.215845
221.421408
221.639884
221.813188
221.973696
222.126103
222.279170
222.428992
222.581682
222.770232
222.946706
223.167044
223.366760
223.603777
223.803385
223.997147
224.180668
224.392094
224.615981
224.823413
225.064029
225.258517
225.455529
225.641477
225.855319
226.028790
226.225642
226.436264
226.664033
226.866229
227.071323
227.291110
227.508405
227.694015
227.916929
228.120831
228.362506
228.565095
228.799761
229.027371
229.223024
229.451289
229.647872
229.881583
230.079657
230.275282
230.469894
230.672291
230.896111
231.083717
231.306506
231.537832
231.747124
231.955055
232.154298
232.350742
232.537226
232.734884
232.960192
233.202572
233.418440
233.641046
233.901928
234.128573
234.353162
234.615374
234.836144
235.052732
235.297861
235.521589
235.704367
235.882274
236.061401
236.277406
236.467506
236.662165
236.886810
237.086439
237.240436
237.381308
237.539357
237.672394
237.805234
237.959931
238.092989
238.239867
238.347543
238.482379
238.654092
238.822494
239.033241
239.232861
239.442920
239.655332
239.897208
240.091994
240.311223
240.519269
240.730561
240.947373
241.168767
241.405094
241.613594
241.864310
242.107947
242.349920
242.589335
242.813926
243.028799
243.245805
243.439194
243.666260
243.861070
244.078198
244.257427
244.467387
244.650328
244.842040
245.042194
245.276669
245.478870
245.678566
245.874511
246.100849
246.289562
246.467628
246.662854
246.826443
246.970835
247.202074
247.370394
247.553044
247.703547
247.869007
248.001798
248.130925
248.274690
248.434386
248.560886
248.737832
248.939696
249.106988
249.267332
249.445318
249.608375
249.775010
249.954741
250.081654
250.182578
250.277564
250.375940
250.475977
250.612751
250.737007
250.894123
251.053060
251.219732
251.383871
251.468833
251.508299
251.563468
251.652097
251.746527
251.841596
251.944748
252.036641
252.131529
252.261311
252.424817
252.561745
252.703761
252.873585
253.033082
253.175061
253.345656
253.514824
253.659508
253.807218
253.984252
254.165228
254.307257
254.438316
254.591537
254.732195
254.886295
255.080863
255.294857
255.484872
255.677915
255.867592
256.075237
256.230509
256.360300
256.491316
256.645688
256.796577
256.984845
257.173386
257.338771
257.507396
257.682430
257.898316
258.126449
258.339512
258.550145
258.713706
258.894001
259.079217
259.258951
259.505671
259.728065
259.960322
260.151300
260.315397
260.462128
260.558910
260.651114
260.772153
260.921829
261.095129
261.248533
261.387178
261.509000
261.575376
261.615772
261.675536
261.797394
261.940210
262.109736
262.332445
262.565530
262.770804
262.972531
263.205769
263.405113
263.642303
263.871372
264.096737
264.291450
264.487278
264.707839
264.881952
265.037688
265.168841
265.281069
265.343974
265.386139
265.441652
265.487466
265.540268
265.594893
265.673443
265.773486
265.872649
265.990485
266.106538
266.206133
266.312069
266.442563
266.553687
266.659565
266.765105
266.855966
266.948648
267.098188
267.284829
267.504899
267.699329
267.891385
268.130081
268.345479
268.591261
268.823686
269.037067
269.256226
269.490207
269.738844
269.945776
270.141313
270.363100
270.585753
270.822834
271.063266
271.263944
271.457235
271.641281
271.846548
272.026421
272.244387
272.435981
272.667321
272.869109
273.074588
273.308386
273.523831
273.751415
273.952283
274.173276
274.382264
274.537539
274.698757
274.797911
274.923473
275.029132
275.260099
275.525108
275.806615
276.063180
276.247378
276.410618
276.505244
276.552534
276.588889
276.663009
276.774755
276.938729
277.163090
277.358449
277.565953
277.756183
277.997376
278.201871
278.398669
278.583579
278.750382
278.925633
279.065196
279.186870
279.305222
279.400693
279.478055
279.540132
279.622014
279.740696
279.886392
280.060367
280.229979
280.445352
280.636220
280.830446
281.034249
281.237881
281.435613
281.610661
281.786174
281.954239
282.174435
282.307173
282.414893
282.488317
282.607229
282.770202
282.946815
283.124042
283.283877
283.543881
283.734907
283.885263
284.002108
284.090640
284.196650
284.343604
284.503778
284.683611
284.852102
285.013248
285.138279
285.280204
285.412213
285.600872
285.798533
286.018803
286.230158
286.443189
286.666338
286.918291
287.140702
287.364219
287.571214
287.769641
287.998061
288.219986
288.441494
288.701827
288.950568
289.172260
289.395521
289.641900
289.862032
290.070278
290.262808
290.457430
290.626418
290.882237
291.101716
291.323290
291.531895
291.742458
291.962249
292.175150
292.417977
292.620444
292.810610
293.022210
293.226369
293.407966
293.634927
293.878313
294.085325
294.288767
294.509971
294.716921
294.939484
295.145801
295.380245
295.558179
295.753602
295.979551
296.187884
296.380956
296.596086
296.815585
297.031625
297.256566
297.448484
297.634149
297.817572
297.989589
298.152846
298.292583
298.426686
298.561031
298.743946
298.919889
299.089254
299.249708
299.416920
299.600401
299.813178
300.043235
300.257417
300.446851
300.662676
300.873937
301.090664
301.276047
301.400770
301.496171
301.602795
301.724817
301.880066
302.058945
302.237219
302.471768
302.734349
302.972428
303.180775
303.394742
303.571948
303.748663
303.961483
304.179143
304.394486
304.588481
304.791181
304.990913
305.210310
305.418588
305.635654
305.842131
306.080925
306.293753
306.483451
306.671180
306.886261
307.082605
307.285608
307.476482
307.668590
307.874834
308.092829
308.324254
308.534029
308.737661
308.971239
309.172909
309.347420
309.466778
309.533643
309.573283
309.630406
309.702996
309.804297
309.958814
310.075086
310.120129
310.171594
310.253469
310.356476
310.497740
310.659249
310.855909
311.085553
311.322472
311.539566
311.775389
312.005063
312.239366
312.440989
312.633046
312.854715
313.042978
313.237794
313.430544
313.660969
313.895659
314.097874
314.329555
314.563668
314.763332
315.004392
315.220057
315.425732
315.638364
315.869408
316.093136
316.276352
316.542885
316.765979
317.002011
317.205188
317.421654
317.656243
317.854803
318.052550
318.284390
318.511471
318.729042
318.942188
319.146129
319.345786
319.545859
319.751154
319.982517
320.186651
320.424248
320.649369
320.847373
321.050212
321.235452
321.412503
321.601107
321.789687
322.006152
322.203001
322.443412
322.657696
322.901341
323.104215
323.304887
323.534702
323.770226
323.975276
324.178742
324.365123
324.564451
324.778333
324.959766
325.113047
325.195279
325.217126
325.240485
325.305637
325.398505
325.525179
325.636276
325.746902
325.905597
326.089791
326.281363
326.496517
326.719674
326.987777
327.216179
327.445824
327.711283
327.944193
328.158208
328.368115
328.593698
328.818759
329.000015
329.179842
329.368844
329.535533
329.721957
329.901368
330.058627
330.198668
330.344262
330.475384
330.612116
330.736403
330.913550
331.080772
331.257462
331.421220
331.565706
331.699366
331.764650
331.801855
331.838691
331.911783
331.994108
332.036264
332.057828
332.120097
332.241670
332.407952
332.588918
332.790024
333.031790
333.275546
333.530017
333.776229
333.992138
334.271629
334.547600
334.778011
335.039677
335.280624
335.489015
335.684410
335.843685
335.962982
336.036653
336.136401
336.226986
336.321794
336.538727
336.752921
336.969638
337.207666
337.422169
337.634429
337.854759
338.058934
338.220923
338.352469
338.459094
338.644071
338.843155
339.044996
339.263450
339.460087
339.668998
339.877631
340.080365
340.311140
340.507372
340.703641
340.911236
341.103661
341.290852
341.472592
341.636037
341.790157
341.925391
342.056097
342.161335
342.239613
342.299916
342.394659
342.524596
342.698221
342.877167
343.077086
343.327900
343.575697
343.803039
344.019857
344.235228
344.457878
344.681495
344.885855
345.102608
345.294848
345.530898
345.741933
345.992234
346.221602
346.471828
346.703930
346.914194
347.096007
347.286360
347.478752
347.695307
347.928629
348.151429
348.393179
348.657077
348.888800
349.135700
349.372627
349.598575
349.824659
350.031376
350.245668
350.463205
350.669616
350.899852
351.098685
351.301303
351.517926
351.719467
351.911323
352.152567
352.373667
352.570136
352.777436
352.996459
353.227482
353.444348
353.659261
353.866897
354.071556
354.283938
354.513934
354.704631
354.909827
355.109236
355.289051
355.477106
355.675046
355.872652
356.051491
356.225562
356.403153
356.611702
356.815043
357.025753
357.217561
357.420451
357.626935
357.822158
358.020135
358.219511
358.454653
358.683622
358.912396
359.125030
359.364720
359.583495
359.802087
360.003362
360.240938
360.477398
360.713146
360.923494
361.137213
361.352297
361.530764
361.779810
362.009560
362.186388
362.430054
362.658209
362.850146
363.041720
363.257829
363.465597
363.694776
363.911556
364.135714
364.326836
364.583988
364.802762
365.027927
365.223215
365.395471
365.625087
365.852466
366.079101
366.295386
366.494113
366.658336
366.772593
366.847021
366.905855
366.976158
367.114910
367.274073
367.493093
367.736559
367.985170
368.218269
368.408794
368.553483
368.698700
368.890926
369.125127
369.341263
369.532290
369.703043
369.866601
370.060098
370.245299
370.464380
370.643848
370.907366
371.094361
371.249792
371.360364
371.459292
371.566011
371.703588
371.865494
372.062084
372.284784
372.527536
372.813583
373.067808
373.295662
373.487393
373.694626
373.890046
374.114889
374.336172
374.561870
374.741339
374.879758
375.000592
375.113950
375.215594
375.321493
375.478135
375.686493
375.929846
376.154221
376.394600
376.619678
376.853054
377.069443
377.319282
377.534662
377.742006
377.956544
378.161949
378.426012
378.661915
378.875394
379.091671
379.314957
379.519541
379.694775
379.917434
380.118073
380.340040
380.556946
380.760055
381.012443
381.259193
381.463473
381.668016
381.803525
381.931697
382.104106
382.284172
382.497238
382.705778
382.924903
383.118141
383.267725
383.370128
383.510108
383.651894
383.790959
384.004395
384.161751
384.383298
384.601430
384.810975
384.971586
385.174545
385.423035
385.641258
385.871679
386.085280
386.304946
386.475061
386.705971
386.937296
387.117835
387.323049
387.437877
387.530077
387.644790
387.774829
387.930535
388.068059
388.197130
388.330827
388.493001
388.630184
388.791887
388.902463
389.061683
389.260057
389.428296
389.665336
389.879287
390.116384
390.377231
390.637411
390.877758
391.109938
391.298376
391.491235
391.710075
391.933852
392.169810
392.394663
392.613449
392.865435
393.047401
393.305950
393.519472
393.722989
393.934869
394.150881
394.365113
394.570187
394.780220
394.920171
395.031350
395.137043
395.239210
395.335154
395.468466
395.684922
395.920498
396.145615
396.382649
396.590613
396.796979
396.998536
397.171706
397.352345
397.574814
397.724027
397.839963
397.942129
398.077473
398.240038
398.427939
398.603318
398.842744
399.045174
399.285857
399.500579
399.689421
399.859812
400.026690
400.177124
400.346482
400.542923
400.745106
400.959717
401.198858
401.450283
401.702718
401.919376
402.125350
402.337902
402.569507
402.791669
402.964323
403.113608
403.264130
403.408254
403.543746
403.740751
403.950023
404.136316
404.373839
404.603101
404.829423
405.058815
405.258957
405.481507
405.685197
405.913661
406.112527
406.292489
406.457254
406.579833
406.672555
406.740588
406.799506
406.872572
406.971760
407.083246
407.255092
407.430458
407.628344
407.844518
408.042565
408.256863
408.479535
408.716671
408.926585
409.149887
409.365776
409.588704
409.800983
410.043448
410.240231
410.405073
410.637983
410.905539
411.142994
411.361199
411.567966
411.781907
412.017994
412.220472
412.426021
412.655199
412.850343
413.042399
413.205375
413.333137
413.460226
413.614209
413.781183
413.964324
414.168669
414.409748
414.684610
414.916180
415.138942
415.350310
415.559762
415.800230
415.988130
416.248480
416.443053
416.659389
416.883949
417.109153
417.321713
417.534952
417.749362
417.954553
418.153621
418.360706
418.586559
418.798371
419.021169
419.194945
419.443755
419.662842
419.891614
420.125566
420.335055
420.564775
420.764427
420.993461
421.207417
421.405450
421.635678
421.855165
422.065791
422.286986
422.488236
422.717412
422.925001
423.126971
423.353976
423.547328
423.742591
423.943808
424.182958
424.429915
424.662995
424.894971
425.096513
425.353160
425.566895
425.762980
425.965381
426.228888
426.424624
426.688514
426.899254
427.089887
427.338471
427.537057
427.728008
427.864939
427.950591
427.995264
428.052723
428.150850
428.273032
428.429207
428.647535
428.874845
429.118915
429.346578
429.562239
429.772324
430.004091
430.243650
430.487272
430.699201
430.902201
431.115205
431.331873
431.559259
431.795945
432.046435
432.280907
432.495273
432.733226
432.956103
433.142053
433.351462
433.536166
433.763192
433.996433
434.210010
434.420520
434.666652
434.891395
435.087071
435.302946
435.498152
435.661156
435.820876
435.980910
436.149664
436.357627
436.541978
436.763417
436.965404
437.216205
437.440125
437.697746
437.933215
438.133352
438.422523
438.684304
438.906829
439.148533
439.352075
439.555410
439.783237
439.959433
440.175679
440.408179
440.615778
440.822565
441.033033
441.242726
441.397557
441.580089
441.801469
441.992819
442.179471
442.397398
442.582985
442.781604
442.972657
443.173438
443.373865
443.566628
443.733481
443.873342
443.978323
444.075384
444.173868
444.289797
444.426046
444.586704
444.748960
444.910741
445.088766
445.287610
445.463160
445.671653
445.918175
446.129009
446.405117
446.654404
446.923797
447.164440
447.405331
447.658700
447.895200
448.166886
448.406008
448.655136
448.899938
449.120264
449.334738
449.544878
449.765233
449.971594
450.175162
450.367451
450.540145
450.765804
450.980425
451.172561
451.419407
451.651256
451.880389
452.126572
452.342414
452.588216
452.846672
453.113285
453.383927
453.627208
453.858240
454.070649
454.284880
454.481597
454.678665
454.903597
455.117551
455.316570
455.517267
455.750441
455.967436
456.183085
456.418617
456.623624
456.859770
457.056782
457.256738
457.469553
457.671056
457.853670
458.103109
458.299229
458.495520
458.722534
458.949585
459.149478
459.355497
459.613828
459.819810
460.032620
460.233889
460.435421
460.632757
460.840215
461.052563
461.249860
461.476335
461.697886
461.910574
462.114736
462.375277
462.576223
462.781662
462.986215
463.219619
463.422934
463.627283
463.853380
464.090580
464.321001
464.547651
464.745997
464.960390
465.185451
465.402521
465.619166
465.843453
466.051489
466.234375
466.486217
466.696233
466.937119
467.156514
467.396468
467.630841
467.869432
468.096233
468.301023
468.494517
468.758519
468.960911
469.182001
469.396315
469.579563
469.810908
470.030833
470.229631
470.440972
470.655859
470.861500
471.078348
471.290910
471.514523
471.718439
471.922692
472.156612
472.355731
472.558452
472.770607
472.989811
473.212291
473.417305
473.597777
473.806643
474.007727
474.205812
474.401641
474.581561
474.759167
474.894913
475.002479
475.098078
475.220746
475.361679
475.539960
475.752857
475.997581
476.239899
476.499732
476.759357
476.953116
477.203939
477.386026
477.616256
477.791386
477.960849
478.146641
478.359126
478.576195
478.777793
478.966523
479.190915
479.437746
479.646431
479.848376
480.058988
480.271813
480.480453
480.692820
480.924269
481.132462
481.312621
481.580216
481.813414
482.016422
482.255029
482.488124
482.715093
482.920551
483.134709
483.348186
483.566629
483.749260
483.963610
484.197145
484.394871
484.628451
484.824763
485.037264
485.257075
485.449562
485.674965
485.873532
486.077469
486.305821
486.484560
486.718164
486.921863
487.139197
487.345232
487.532099
487.740995
487.862539
488.062447
488.276958
488.510689
488.714647
488.942674
489.111779
489.333320
489.528793
489.720183
489.911423
490.113325
490.281618
490.432936
490.618979
490.775430
490.936103
491.074822
491.233121
491.417355
491.604012
491.794881
491.971246
492.148034
492.323877
492.506780
492.655625
492.835657
492.996240
493.173825
493.343435
493.501164
493.663369
493.781980
493.834077
493.919182
494.039037
494.188477
494.281368
494.328787
494.353968
494.378918
494.400905
494.418504
494.429255
494.437248
494.443622
494.448776
494.452663
494.455719
494.457952
494.459258
494.460325
494.461353
494.461909
494.462290
494.462572
494.462773
494.462965
494.463102
494.463228
494.463343
494.463453
494.463540
494.463604
494.463678
494.463722
494.463757
494.463787
494.463811
494.463826
494.463837
494.463843
494.463847
494.463849
494.463850
494.463851
494.463853
494.463855
494.463856
494.463858
494.463859
494.463861
494.463862
494.463863
494.463864
494.463864
494.463865
494.463865
494.463865
494.463865
494.463865
494.463865
494.463865
494.463865
494.463866
494.463866
494.463866
494.463866
494.463866
494.463866
494.463866
494.463866
494.463866
494.463866
494.463866
494.463866
494.463866
494.463866
494.463866
494.463866
494.463866
494.463866
494.463866
494.463866
494.463866
494.463866
494.463866
494.463866
494.463866
494.463866
494.463866
494.463866
494.463866
494.463866
494.463866
494.463866
494.463866
494.463866
494.463866
494.463866
494.463866
494.463866
494.463866
494.463866
494.463866
494.463866
494.463866
494.463866
494.463866
494.463866
494.463866
494.463866
494.463866
494.463866
494.463866
494.463866
494.463866
494.463866
494.463866
494.463866
494.463866
494.463866
494.463866
494.463866
494.463866
494.463866
494.463866
494.463866
494.463866
494.463866
494.463866
494.463866
494.463866
494.463866
494.463866
494.463866
494.463866
494.463866
494.463866
494.463866
494.463866
494.463866
494.463866
494.463866
494.463866
494.463866
494.463866
494.463866
494.463866
494.463866
494.463866
494.463866
494.463866
494.463866
494.463866
494.463866
494.463866
494.463866
494.463866
494.463866
494.463866
494.463866
494.463866
494.463866
494.463866
494.463866
494.463866
494.463866
494.463866
494.463866
494.463866
494.463866
494.463866
494.463866
494.463866
494.463866
494.463866
494.463866
494.463866
494.463866
494.463866
494.463866
494.463866
494.463866
494.463866
494.463866
494.463866
494.463866
494.463866
494.463866
494.463866
494.463866
494.463866
494.463866
494.463866
494.463866
494.463866
494.463866
494.463866
494.463866
494.463866
494.463866
494.463866
494.463866
494.463866
494.463866
494.463866
494.463866
494.463866
494.463866
494.463866
494.463866
494.463866
494.463866
494.463866
494.463866
494.463866
494.463866
494.463866
494.463866
494.463866
494.463866
494.463866
494.463866
494.463866
494.463866
494.463866
494.463866
494.463866
494.463866
494.463866
494.463866
494.463866
494.463866
494.463866
494.463866
494.463866
494.463866
494.463866
494.463866
494.463866
494.463866
494.463866
494.463866
494.463866
494.463866
494.463866
494.463866
494.463866
494.463866
494.463866
494.463866
494.463866
494.463866
494.463866
494.463866
494.463866
494.463866
494.463866
494.463866
494.463866
494.463866
494.463866
494.463866
494.463866
494.463866
494.463866
494.463866
494.463866
494.463866
494.463866
494.463866
494.463866
494.463866
494.463866
494.463866
494.463866
494.463866
494.463866
494.463866
494.463866
494.463866
494.463866
494.463866
494.463866
494.463866
494.463866
494.463866
494.463866
494.463866
494.463866
494.463866
494.463866
494.463866
494.463866
494.463866
494.463866
494.463866
494.463866
494.463866
494.463866
494.463866
494.463866
494.463866
494.463866
494.463866
494.463866
494.463866
494.463866
494.463866
494.463866
494.463866
494.463866
494.463866
494.463866
494.463866
494.463866
494.463866
494.463866
494.463866
494.463866
494.463866
494.463866
494.463866
494.463866
494.463866
494.463866
494.463866
494.463866
494.463866
494.463866
494.463866
494.463866
494.463866
494.463866
494.463866
494.463866
494.463866
494.463866
494.463866
494.463866
494.463866
494.463866
494.463866
494.463866
494.463866
494.463866
494.463866
494.463866
494.463866
494.463866
494.463866
494.463866
494.463866
494.463866
494.463866
494.463866
494.463866
494.463866
494.463866
494.463866
494.463866
494.463866
494.463866
494.463866
494.463866
494.463866
494.463866
494.463866
494.463866
494.463866
494.463866
494.463866
494.463866
494.463866
494.463866
494.463866
494.463866
494.463866
494.463866
494.463866
494.463866
494.463866
494.463866
494.463866
494.463866
494.463866
494.463866
494.463866
494.463866
494.463866
494.463866
494.463867
494.463867
494.463867
494.463867
494.463867
494.463867
494.463867
494.463867
494.463867
494.463867
494.463867
494.463867
494.463867
494.463867
494.463867
494.463867
494.463867
494.463867
494.463867
494.463867
494.463867
494.463867
494.463867
494.463867
494.463867
494.463867
494.463867
494.463867
494.463867
494.463867
494.463867
494.463867
494.463867
494.463867
494.463867
494.463867
494.463867
494.463867
494.463867
494.463867
494.463867
494.463867
494.463867
494.463867
494.463867
494.463867
494.463867
494.463867
494.463867
494.463867
494.463867
494.463867
494.463867
494.463867
494.463867
494.463867
494.463867
494.463867
494.463867
494.463867
494.463867
494.463867
494.463867
494.463867
494.463867
494.463867
494.463867
494.463867
494.463867
494.463867
494.463867
494.463867
494.463867
494.463867
494.463867
494.463867
494.463867
494.463867
494.463867
494.463867
494.463867
494.463867
494.463867
494.463867
494.463867
494.463867
494.463867
494.463867
494.463867
494.463867
494.463867
494.463867
494.463867
494.463867
494.463867
494.463867
494.463867
494.463867
494.463867
494.463867
494.463867
494.463867
494.463867
494.463867
494.463867
494.463867
494.463867
494.463867
494.463867
494.463867
494.463867
494.463867
494.463867
494.463867
494.463867
494.463867
494.463867
494.463867
494.463867
494.463867
494.463867
494.463867
494.463867
494.463867
494.463867
494.463867
494.463867
494.463867
494.463867
494.463867
494.463867
494.463867
494.463867
494.463867
494.463867
494.463867
494.463867
494.463867
494.463867
494.463867
494.463867
494.463867
494.463867
494.463867
494.463867
494.463867
494.463867
494.463867
494.463867
494.463867
494.463867
494.463867
494.463867
494.463867
494.463867
494.463867
494.463867
494.463867
494.463867
494.463867
494.463867
494.463867
494.463867
494.463867
494.463867
494.463867
494.463867
494.463867
494.463867
494.463867
494.463867
494.463867
494.463867
494.463867
494.463867
494.463867
494.463867
494.463867
494.463867
494.463867
494.463867
494.463867
494.463867
494.463867
494.463867
494.463867
494.463867
494.463867
494.463867
494.463867
494.463867
494.463867
494.463867
494.463867
494.463867
494.463867
494.463867
494.463867
494.463867
494.463867
494.463867
494.463867
494.463867
494.463867
494.463867
494.463867
494.463867
494.463867
494.463867
494.463867
494.463867
494.463867
494.463867
494.463867
494.463867
494.463867
494.463867
494.463867
494.463867
494.463867
494.463867
494.463867
494.463867
494.463867
494.463867
494.463867
494.463867
494.463867
494.463867
494.463867
494.463867
494.463867
494.463867
494.463867
494.463867
494.463867
494.463867
494.463867
494.463867
494.463867
494.463867
494.463867
494.463867
494.463867
494.463867
494.463867
494.463867
494.463867
494.463867
494.463867
494.463867
494.463867
494.463867
494.463867
494.463867
494.463867
494.463867
494.463867
494.463867
494.463867
494.463867
494.463867
494.463867
494.463867
494.463867
494.463867
494.463867
494.463867
494.463867
494.463867
494.463867
494.463867
494.463867
494.463867
494.463867
494.463867
494.463867
494.463867
494.463867
494.463867
494.463867
494.463867
494.463867
494.463867
494.463867
494.463867
494.463867
494.463867
494.463867
494.463867
494.463867
494.463867
494.463867
494.463867
494.463867
494.463867
494.463867
494.463867
494.463867
494.463867
494.463867
494.463867
494.463867
494.463867
494.463867
494.463867
494.463867
494.463867
494.463867
494.463867
494.463867
494.463867
494.463867
494.463867
494.463867
494.463867
494.463867
494.463867
494.463867
494.463867
494.463867
494.463867
494.463867
494.463867
494.463867
494.463867
494.463867
494.463867
494.463867
494.463867
494.463867
494.463867
494.463867
494.463867
494.463867
494.463867
494.463867
494.463867
494.463867
494.463867
494.463867
494.463867
494.463867
494.463867
494.463867
494.463867
494.463867
494.463867
494.463867
494.463867
494.463867
494.463867
494.463867
494.463867
494.463867
494.463867
494.463867
494.463867
494.463867
494.463867
494.463867
494.463867
494.463867
494.463867
494.463867
494.463867
494.463867
494.463867
494.463867
494.463867
494.463867
494.463867
494.463867
494.463867
494.463867
494.463867
494.463867
494.463867
494.463867
494.463867
494.463867
494.463867
494.463867
494.463867
494.463867
494.463867
494.463867
494.463867
494.463867
494.463867
494.463867
494.463867
494.463867
494.463867
494.463867
494.463867
494.463867
494.463867
494.463867
494.463867
494.463867
494.463867
494.463867
494.463867
494.463867
494.463867
494.463867
494.463867
494.463867
494.463867
494.463867
494.463867
494.463867
494.463867
494.463867
494.463867
494.463867
494.463867
494.463867
494.463867
494.463867
494.463867
494.463867
494.463867
494.463867
494.463867
494.463867
494.463867
494.463867
494.463867
494.463867
494.463867
494.463867
494.463867
494.463867
494.463867
494.463867
494.463867
494.463867
494.463867
494.463867
494.463867
494.463867
494.463867
494.463867
494.463867
494.463867
494.463867
494.463867
494.463867
494.463867
494.463867
494.463867
494.463867
494.463867
494.463867
494.463867
494.463867
494.463867
494.463867
494.463867
494.463867
494.463867
494.463867
494.463867
494.463867
494.463867
494.463867
494.463867
494.463867
494.463867
494.463867
494.463867
494.463867
494.463867
494.463867
494.463867
494.463867
494.463867
494.463867
494.463867
494.463867
494.463867
494.463867
494.463867
494.463867
494.463867
494.463867
494.463867
494.463867
494.463867
494.463867
494.463867
494.463867
494.463867
494.463867
494.463867
494.463867
494.463867
494.463867
494.463867
494.463867
494.463867
494.463867
494.463867
494.463867
494.463867
494.463867
494.463867
494.463867
494.463867
494.463867
494.463867
494.463867
494.463867
494.463867
494.463867
494.463867
494.463867
494.463867
494.463867
494.463867
494.463867
494.463867
494.463867
494.463867
494.463867
494.463867
494.463867
494.463867
494.463867
494.463867
494.463867
494.463867
494.463867
494.463867
494.463867
494.463867
494.463867
494.463867
494.463867
494.463867
494.463867
494.463867
494.463867
494.463867
494.463867
494.463867
494.463867
494.463867
494.463867
494.463867
494.463867
494.463867
494.463867
494.463867
494.463867
494.463867
494.463867
494.463867
494.463867
494.463867
494.463867
494.463867
494.463868
494.463868
494.463868
494.463868
494.463868
494.463868
494.463868
494.463868
494.463868
494.463868
494.463868
494.463868
494.463868
494.463868
494.463868
494.463868
494.463868
494.463868
494.463868
494.463868
494.463868
494.463868
494.463868
494.463868
494.463868
494.463868
494.463868
494.463868
494.463868
494.463868
494.463868
494.463868
494.463868
494.463868
494.463868
494.463868
494.463868
494.463868
494.463868
494.463868
494.463868
494.463868
494.463868
494.463868
494.463868
494.463868
494.463868
494.463868
494.463868
