2.83612
3.05019
3.27565
3.50119
3.71684
3.9299
4.12971
4.36161
4.6003
4.79338
4.99987
5.22469
5.46978
5.70962
5.91067
6.11411
6.34353
6.54495
6.76766
6.98199
7.18164
7.42413
7.64939
7.84033
8.04051
8.242
8.44636
8.67776
8.87697
9.0784
9.27358
9.51606
9.71507
9.94601
10.1513
10.3878
10.5901
10.7996
11.0102
11.2177
11.4159
11.662
11.8913
12.1113
12.3389
12.579
12.8092
13.0167
13.2572
13.4777
13.6671
13.9035
14.1458
14.3428
14.5731
14.7987
15.0404
15.2791
15.4994
15.7205
15.9367
16.139
16.3837
16.6071
16.8073
17.0177
17.2444
17.4507
17.6821
17.9157
18.1187
18.3602
18.593
18.822
19.0612
19.26
19.4834
19.7035
19.9255
20.1541
20.3492
20.5838
20.8221
21.0223
21.2243
21.4517
21.6729
21.8886
22.0856
22.2883
22.5212
22.745
22.977
23.2156
23.4125
23.6467
23.8454
24.0789
24.2786
24.4776
24.6777
24.9174
25.1183
25.3525
25.5601
25.7878
25.9886
26.1888
26.4134
26.6159
26.8574
27.0569
27.2898
27.5234
27.7531
27.9933
28.2279
28.4241
28.627
28.8494
29.0923
29.3014
29.5283
29.7265
29.9315
30.1589
30.3941
30.5965
30.7919
30.9997
31.2283
31.4269
31.6306
31.8314
32.0626
32.2924
32.4974
32.7313
32.9289
33.1608
33.3634
33.5622
33.7949
34.0381
34.2618
34.4909
34.7021
34.9379
35.1599
35.3663
35.5948
35.8341
36.0632
36.2674
36.4627
36.6934
36.8986
37.1372
37.334
37.5532
37.7561
37.9568
38.1674
38.409
38.6071
38.8101
39.0454
39.2537
39.4748
39.6787
39.9142
40.1209
40.3489
40.5807
40.8178
41.0281
41.2212
41.4508
41.6509
41.8722
42.0744
42.3059
42.5103
42.7086
42.9472
43.1562
43.3867
43.5965
43.8026
44.0265
44.2431
44.4397
44.6423
44.849
45.0806
45.3043
45.5026
45.7289
45.931
46.1712
46.3736
46.5782
46.819
47.0193
47.2215
47.4225
47.6439
47.8516
48.0795
48.288
48.5225
48.7179
48.926
49.1511
49.3814
49.5763
49.7751
49.9798
50.2124
50.4476
50.6561
50.8952
51.1283
51.353
51.5585
51.7624
51.985
52.2353
52.4601
52.6623
52.89
53.0866
53.3201
53.5142
53.7482
53.9493
54.1819
54.4221
54.6573
54.8623
55.0671
55.2924
55.496
55.7261
55.9349
56.1684
56.3629
56.6021
56.8256
57.031
57.2246
57.414
57.6428
57.8803
58.1151
58.3306
58.5537
58.7539
58.9574
59.1897
59.4295
59.6262
59.854
60.0548
60.2563
60.46
60.6991
60.9261
61.1361
61.3698
61.5742
61.8008
62.0051
62.2364
62.4415
62.6439
62.8773
63.1226
63.3216
63.5587
63.7869
63.9895
64.1804
64.3833
64.6097
64.8393
65.0686
65.2691
65.4914
65.688
65.8932
66.1343
66.3372
66.5446
66.7472
66.952
67.1514
67.3916
67.6265
67.8584
68.1108
68.3162
68.5526
68.7851
69.0148
69.252
69.4624
69.669
69.8929
70.1218
70.3512
70.5828
70.7875
70.9931
71.2332
71.4343
71.633
71.8387
72.0605
72.2603
72.4898
72.6934
72.894
73.0968
73.2985
73.5259
73.7606
73.9595
74.1737
74.3992
74.5977
74.8391
75.0618
75.3009
75.5338
75.7381
75.9556
76.168
76.397
76.6194
76.8583
77.058
77.267
77.4867
77.7008
77.9238
78.1338
78.3564
78.5522
78.793
79.0287
79.228
79.431
79.6682
79.8977
80.1018
80.3322
80.5396
80.7764
81.0075
81.2072
81.4394
81.6787
81.9154
82.1368
82.3414
82.5533
82.7804
83.012
83.2402
83.4745
83.6783
83.9078
84.1074
84.3118
84.5408
84.7462
84.9686
85.1689
85.3962
85.5971
85.8004
86.0076
86.2397
86.4671
86.6728
86.8992
87.101
87.3318
87.5682
87.8099
88.0394
88.2715
88.5103
88.7167
88.9363
89.1413
89.382
89.6187
89.8232
90.0474
90.2526
90.4811
90.6826
90.9186
91.1134
91.3543
91.5806
91.8159
92.0183
92.2271
92.4554
92.6541
92.8465
93.0384
93.2707
93.4748
93.7112
93.943
94.1802
94.4066
94.6164
94.818
95.019
95.2483
95.444
95.672
95.9189
96.1203
96.3474
96.5762
96.8066
97.0128
97.2444
97.4478
97.6813
97.916
98.112
98.3443
98.5839
98.8145
99.0511
99.2416
99.4455
99.6837
99.8836
100.085
100.321
100.524
100.726
100.958
101.192
101.384
101.588
101.79
102.019
102.221
102.451
102.684
102.888
103.125
103.339
103.573
103.79
103.991
104.233
104.453
104.656
104.885
105.089
105.303
105.526
105.732
105.959
106.158
106.37
106.592
106.794
107.007
107.191
107.392
107.624
107.825
108.071
108.28
108.483
108.713
108.927
109.144
109.351
109.558
109.761
109.971
110.195
110.44
110.674
110.91
111.133
111.346
111.548
111.785
111.988
112.175
112.374
112.572
112.807
113.001
113.209
113.435
113.651
113.859
114.09
114.298
114.499
114.705
114.904
115.144
115.349
115.552
115.785
115.984
116.224
116.425
116.629
116.851
117.053
117.268
117.489
117.703
117.905
118.134
118.342
118.549
118.752
118.97
119.203
119.428
119.654
119.859
120.075
120.285
120.486
120.702
120.916
121.116
121.351
121.583
121.778
121.983
122.217
122.417
122.648
122.85
123.075
123.282
123.523
123.752
123.951
124.187
124.411
124.631
124.835
125.065
125.263
125.465
125.681
125.919
126.128
126.323
126.521
126.726
126.928
127.162
127.393
127.6
127.817
128.048
128.278
128.492
128.727
128.962
129.165
129.371
129.6
129.799
130.03
130.233
130.47
130.688
130.92
131.148
131.381
131.605
131.813
132.012
132.215
132.422
132.634
132.843
133.062
133.3
133.53
133.765
133.973
134.191
134.418
134.622
134.861
135.092
135.292
135.491
135.715
135.916
136.124
136.333
136.553
136.776
136.982
137.179
137.384
137.595
137.794
138.002
138.236
138.452
138.648
138.864
139.103
139.322
139.524
139.757
139.989
140.22
140.42
140.643
140.854
141.081
141.287
141.472
141.714
141.917
142.127
142.367
142.573
142.798
143.003
143.204
143.42
143.655
143.865
144.085
144.315
144.524
144.728
144.932
145.135
145.333
145.536
145.772
145.975
146.177
146.379
146.583
146.784
146.989
147.201
147.397
147.596
147.798
148.031
148.257
148.458
148.658
148.857
149.086
149.3
149.505
149.708
149.939
150.166
150.366
150.568
150.805
151.009
151.244
151.44
151.668
151.866
152.075
152.303
152.547
152.777
152.975
153.214
153.412
153.611
153.842
154.045
154.271
154.479
154.712
154.941
155.141
155.344
155.576
155.792
156.013
156.247
156.449
156.654
156.883
157.08
157.308
157.512
157.737
157.952
158.184
158.391
158.622
158.831
159.082
159.303
159.5
159.732
159.941
160.16
160.359
160.583
160.824
161.025
161.255
161.462
161.712
161.925
162.133
162.364
162.592
162.789
163.018
163.254
163.455
163.7
163.907
164.131
164.335
164.568
164.799
164.991
165.188
165.388
165.614
165.821
166.062
166.294
166.5
166.697
166.903
167.131
167.334
167.547
167.776
168.008
168.217
168.441
168.635
168.837
169.037
169.286
169.517
169.732
169.941
170.153
170.362
170.574
170.804
171
171.216
171.437
171.655
171.868
172.073
172.311
172.541
172.745
172.979
173.174
173.408
173.616
173.843
174.043
174.249
174.453
174.678
174.911
175.126
175.344
175.552
175.784
175.992
176.21
176.411
176.621
176.845
177.048
177.287
177.519
177.744
177.946
178.149
178.384
178.586
178.782
178.981
179.197
179.413
179.613
179.822
180.065
180.256
180.467
180.698
180.928
181.17
181.392
181.589
181.788
181.984
182.208
182.413
182.615
182.845
183.07
183.272
183.479
183.705
183.91
184.113
184.341
184.572
184.779
184.991
185.218
185.425
185.66
185.869
186.107
186.307
186.547
186.777
187.013
187.247
187.443
187.666
187.865
188.071
188.301
188.53
188.768
189
189.199
189.432
189.635
189.871
190.097
190.3
190.528
190.758
190.961
191.207
191.439
191.67
191.917
192.116
192.342
192.573
192.781
193.011
193.246
193.476
193.678
193.918
194.113
194.316
194.546
194.743
194.946
195.145
195.373
195.607
195.841
196.069
196.308
196.501
196.708
196.937
197.138
197.363
197.568
197.801
197.999
198.244
198.476
198.673
198.911
199.115
199.341
199.542
199.748
199.979
200.18
200.38
200.605
200.838
201.07
201.275
201.504
201.704
201.941
202.146
202.381
202.623
202.829
203.061
203.294
203.526
203.731
203.966
204.204
204.409
204.643
204.872
205.108
205.311
205.541
205.771
205.972
206.198
206.394
206.601
206.834
207.062
207.257
207.489
207.725
207.927
208.157
208.364
208.601
208.804
209.008
209.234
209.434
209.658
209.865
210.091
210.289
210.491
210.721
210.955
211.165
211.389
211.591
211.823
212.031
212.262
212.461
212.671
212.898
213.133
213.336
213.54
213.773
213.975
214.204
214.418
214.616
214.849
215.078
215.284
215.518
215.744
215.95
216.172
216.405
216.603
216.834
217.043
217.256
217.474
217.712
217.917
218.127
218.356
218.561
218.792
218.995
219.225
219.429
219.637
219.863
220.069
220.272
220.506
220.738
220.932
221.135
221.366
221.57
221.77
221.969
222.204
222.429
222.634
222.867
223.082
223.309
223.544
223.776
223.977
224.211
224.435
224.638
224.844
225.07
225.279
225.508
225.743
225.948
226.156
226.384
226.585
226.787
226.988
227.22
227.419
227.629
227.834
228.062
228.264
228.495
228.723
228.953
229.159
229.386
229.618
229.819
230.025
230.222
230.448
230.647
230.882
231.117
231.317
231.519
231.755
231.954
232.156
232.396
232.613
232.841
233.048
233.284
233.528
233.729
233.958
234.192
234.425
234.629
234.858
235.058
235.262
235.502
235.736
235.928
236.129
236.359
236.562
236.772
236.996
237.195
237.423
237.622
237.825
238.056
238.264
238.465
238.689
238.89
239.125
239.327
239.56
239.794
240.031
240.258
240.459
240.691
240.891
241.131
241.355
241.561
241.765
242.002
242.204
242.403
242.619
242.851
243.096
243.33
243.56
243.792
243.998
244.22
244.431
244.666
244.872
245.096
245.291
245.497
245.721
245.927
246.139
246.374
246.611
246.841
247.04
247.246
247.476
247.676
247.875
248.105
248.349
248.595
248.827
249.05
249.279
249.485
249.719
249.954
250.194
250.418
250.653
250.899
251.136
251.365
251.595
251.8
252.02
252.223
252.414
252.617
252.819
253.02
253.228
253.456
253.654
253.884
254.09
254.321
254.52
254.726
254.926
255.152
255.39
255.585
255.82
256.019
256.231
256.425
256.656
256.86
257.098
257.332
257.559
257.762
257.968
258.209
258.438
258.642
258.873
259.077
259.313
259.514
259.756
259.99
260.198
260.43
260.629
260.861
261.062
261.267
261.462
261.696
261.898
262.103
262.337
262.566
262.771
262.974
263.206
263.413
263.647
263.859
264.095
264.325
264.532
264.736
264.966
265.162
265.375
265.598
265.805
266
266.234
266.459
266.657
266.851
267.05
267.281
267.484
267.685
267.922
268.149
268.349
268.559
268.795
269.005
269.201
269.419
269.62
269.857
270.061
270.295
270.528
270.728
270.954
271.151
271.351
271.554
271.786
271.985
272.226
272.458
272.694
272.933
273.164
273.408
273.592
273.84
274.072
274.301
274.541
274.774
275.013
275.239
275.441
275.67
275.87
276.094
276.297
276.532
276.73
276.931
277.133
277.359
277.559
277.763
277.966
278.197
278.398
278.602
278.833
279.032
279.244
279.468
279.669
279.9
280.105
280.343
280.544
280.745
280.956
281.18
281.386
281.615
281.842
282.047
282.279
282.489
282.695
282.9
283.133
283.325
283.535
283.761
283.987
284.186
284.426
284.626
284.861
285.075
285.262
285.499
285.709
285.907
286.148
286.378
286.582
286.785
287.009
287.238
287.473
287.702
287.931
288.138
288.338
288.557
288.787
288.999
289.228
289.467
289.664
289.867
290.093
290.324
290.52
290.731
290.957
291.154
291.36
291.591
291.814
292.014
292.216
292.421
292.66
292.861
293.063
293.287
293.523
293.729
293.962
294.193
294.396
294.598
294.799
295.036
295.283
295.506
295.742
295.944
296.188
296.414
296.659
296.886
297.116
297.349
297.554
297.766
297.981
298.188
298.395
298.625
298.861
299.094
299.292
299.495
299.714
299.909
300.105
300.303
300.535
300.734
300.938
301.178
301.401
301.605
301.813
302.047
302.243
302.482
302.711
302.936
303.137
303.347
303.564
303.761
303.958
304.163
304.39
304.625
304.83
305.061
305.266
305.494
305.702
305.933
306.166
306.368
306.599
306.83
307.031
307.237
307.47
307.67
307.875
308.106
308.344
308.554
308.791
309.027
309.254
309.464
309.659
309.892
310.103
310.327
310.556
310.792
311.029
311.257
311.491
311.689
311.893
312.126
312.353
312.615
312.827
313.029
313.233
313.441
313.666
313.866
314.103
314.308
314.536
314.746
314.944
315.167
315.376
315.611
315.814
316.05
316.287
316.517
316.722
316.933
317.156
317.383
317.623
317.854
318.092
318.326
318.529
318.761
318.967
319.169
319.362
319.581
319.816
320.019
320.245
320.449
320.667
320.883
321.105
321.319
321.535
321.749
321.953
322.178
322.391
322.604
322.796
323.005
323.222
323.419
323.623
323.853
324.084
324.322
324.531
324.766
324.972
325.176
325.366
325.58
325.792
326
326.231
326.436
326.647
326.864
327.101
327.294
327.497
327.729
327.949
328.157
328.366
328.607
328.821
329.044
329.276
329.473
329.689
329.91
330.11
330.317
330.522
330.752
330.963
331.19
331.409
331.611
331.831
332.056
332.261
332.458
332.663
332.884
333.091
333.302
333.501
333.71
333.935
334.142
334.35
334.584
334.812
335.03
335.253
335.486
335.695
335.914
336.137
336.363
336.585
336.813
337.03
337.257
337.461
337.672
337.879
338.08
338.319
338.517
338.72
338.951
339.185
339.391
339.62
339.852
340.049
340.252
340.468
340.671
340.895
341.127
341.332
341.543
341.742
341.945
342.172
342.373
342.603
342.847
343.081
343.307
343.505
343.71
343.917
344.131
344.349
344.558
344.77
344.993
345.195
345.399
345.597
345.812
346.029
346.25
346.476
346.702
346.916
347.122
347.35
347.583
347.817
348.048
348.278
348.516
348.748
348.965
349.195
349.415
349.639
349.879
350.067
350.285
350.49
350.723
350.931
351.136
351.366
351.6
351.831
352.034
352.245
352.449
352.673
352.879
353.076
353.304
353.499
353.718
353.914
354.112
354.346
354.557
354.77
354.974
355.176
355.395
355.622
355.849
356.055
356.266
356.495
356.697
356.901
357.1
357.307
357.506
357.737
357.941
358.148
358.38
358.584
358.787
358.988
359.196
359.401
359.626
359.839
360.062
360.299
360.532
360.748
360.988
361.214
361.446
361.655
361.853
362.088
362.287
362.491
362.698
362.932
363.174
363.369
363.597
363.831
364.039
364.268
364.483
364.689
364.903
365.126
365.345
365.555
365.786
366.006
366.223
366.426
366.64
366.878
367.073
367.277
367.506
367.752
367.966
368.172
368.376
368.58
368.785
368.99
369.22
369.43
369.657
369.864
370.07
370.293
370.492
370.692
370.907
371.117
371.343
371.555
371.784
371.994
372.232
372.435
372.638
372.867
373.096
373.298
373.498
373.703
373.908
374.123
374.324
374.559
374.789
374.995
375.203
375.429
375.63
375.855
376.071
376.28
376.518
376.734
376.935
377.145
377.372
377.574
377.775
377.981
378.215
378.426
378.638
378.839
379.05
379.279
379.488
379.69
379.915
380.121
380.346
380.593
380.826
381.044
381.262
381.466
381.683
381.892
382.109
382.307
382.509
382.712
382.983
383.194
383.403
383.607
383.844
384.081
384.319
384.531
384.753
384.977
385.2
385.425
385.632
385.843
386.067
386.275
386.488
386.692
386.898
387.121
387.355
387.558
387.798
388.034
388.244
388.46
388.666
388.89
389.086
389.306
389.528
389.744
389.979
390.191
390.4
390.621
390.827
391.033
391.235
391.449
391.654
391.864
392.064
392.283
392.502
392.72
392.952
393.159
393.368
393.569
393.77
394.005
394.205
394.411
394.625
394.831
395.032
395.233
395.441
395.651
395.86
396.072
396.283
396.507
396.728
396.96
397.187
397.415
397.618
397.825
398.051
398.267
398.47
398.675
398.888
399.122
399.341
399.554
399.786
399.988
400.222
400.427
400.655
400.87
401.108
401.334
401.56
401.761
401.975
402.184
402.41
402.641
402.874
403.093
403.304
403.514
403.738
403.952
404.161
404.38
404.581
404.795
405.013
405.217
405.444
405.643
405.855
406.065
406.267
406.492
406.714
406.935
407.131
407.342
407.566
407.79
408.005
408.218
408.43
408.645
408.864
409.085
409.287
409.527
409.76
409.963
410.176
410.392
410.614
410.816
411.021
411.224
411.456
411.68
411.905
412.11
412.319
412.53
412.721
412.922
413.127
413.363
413.588
413.803
414.008
414.246
414.455
414.677
414.886
415.123
415.357
415.581
415.779
415.98
416.187
416.385
416.601
416.823
417.032
417.25
417.486
417.687
417.888
418.112
418.328
418.561
418.783
419.005
419.227
419.45
419.673
419.899
420.102
420.303
420.507
420.724
420.959
421.172
421.39
421.614
421.84
422.072
422.287
422.495
422.717
422.929
423.171
423.394
423.616
423.839
424.065
424.27
424.467
424.686
424.914
425.124
425.327
425.533
425.749
425.978
426.195
426.421
426.631
426.851
427.053
427.308
427.526
427.746
427.969
428.189
428.384
428.59
428.793
428.999
429.239
429.453
429.666
429.87
430.101
430.309
430.524
430.728
430.958
431.174
431.38
431.591
431.813
432.029
432.227
432.458
432.691
432.923
433.127
433.347
433.558
433.771
433.972
434.206
434.408
434.619
434.827
435.054
435.266
435.487
435.702
435.922
436.147
436.349
436.557
436.758
436.979
437.208
437.435
437.643
437.869
438.086
438.311
438.516
438.731
438.951
439.182
439.39
439.599
439.814
440.052
440.274
440.506
440.708
440.935
441.142
441.34
441.566
441.773
441.974
442.195
442.423
442.63
442.845
443.04
443.264
443.473
443.726
443.952
444.173
444.386
444.611
444.822
445.055
445.296
445.505
445.731
445.951
446.179
446.387
446.592
446.798
447.023
447.236
447.452
447.674
447.91
448.121
448.331
448.557
448.759
448.978
449.217
449.447
449.674
449.903
450.106
450.322
450.55
450.756
450.961
451.168
451.373
451.609
451.813
452.038
452.259
452.473
452.687
452.903
453.112
453.32
453.556
453.769
453.986
454.184
454.395
454.619
454.833
455.039
455.268
455.481
455.713
455.932
456.143
456.367
456.579
456.79
457.025
457.248
457.465
457.697
457.92
458.142
458.363
458.581
458.783
459.004
459.211
459.42
459.627
459.846
460.072
460.276
460.496
460.722
460.935
461.147
461.366
461.584
461.815
462.04
462.282
462.492
462.714
462.943
463.172
463.378
463.612
463.814
464.027
464.232
464.458
464.68
464.897
465.116
465.343
465.574
465.776
466.008
466.207
466.438
466.654
466.875
467.108
467.328
467.541
467.756
467.962
468.169
468.386
468.588
468.822
469.024
469.232
469.465
469.665
469.886
470.113
470.347
470.556
470.771
470.969
471.18
471.381
471.623
471.848
472.065
472.265
472.469
472.671
472.874
473.08
473.295
473.52
473.72
473.923
474.153
474.357
474.587
474.819
475.024
475.224
475.448
475.654
475.861
476.058
476.285
476.521
476.733
476.938
477.16
477.38
477.616
477.819
478.042
478.243
478.474
478.711
478.945
479.158
479.375
479.592
479.796
480
480.204
480.429
480.642
480.874
481.074
481.3
481.514
481.748
481.979
482.189
482.419
482.621
482.85
483.068
483.267
483.502
483.725
483.937
484.162
484.369
484.603
484.821
485.043
485.264
485.471
485.668
485.877
486.103
486.332
486.556
486.782
487.013
487.245
487.466
487.669
487.906
488.137
488.359
488.591
488.799
489.012
489.228
489.433
489.66
489.883
490.113
490.318
490.538
490.766
490.972
491.175
491.4
491.609
491.804
492.01
492.216
492.44
492.66
492.886
493.12
493.327
493.542
493.775
494.013
494.248
494.477
494.71
494.93
495.137
495.365
495.589
495.787
496.02
496.225
496.456
496.677
496.88
497.085
497.314
497.548
497.747
497.98
498.202
498.407
498.603
498.805
499.019
499.24
499.441
499.669
499.874
500.112
500.326
500.569
500.777
500.982
501.204
501.428
501.63
501.863
502.069
502.281
502.514
502.728
502.954
503.167
503.388
503.611
503.84
504.073
504.266
504.473
504.677
504.881
505.082
505.318
505.527
505.75
505.948
506.151
506.349
506.546
506.75
506.968
507.193
507.422
507.643
507.869
508.093
508.33
508.549
508.751
508.96
509.193
509.413
509.619
509.865
510.059
510.273
510.495
510.732
510.932
511.126
511.342
511.575
511.773
511.973
512.188
512.41
512.622
512.84
513.051
513.277
513.493
513.702
513.899
514.116
514.33
514.571
514.798
515.028
515.259
515.486
515.717
515.92
516.14
516.371
516.599
516.829
517.038
517.249
517.444
517.648
517.846
518.048
518.279
518.499
518.699
518.906
519.136
519.352
519.57
519.803
520.002
520.24
520.442
520.647
520.877
521.081
521.302
521.528
521.729
521.93
522.154
522.38
522.581
522.814
523.042
523.244
523.46
523.667
523.873
524.076
524.282
524.504
524.698
524.928
525.155
525.368
525.605
525.838
526.038
526.242
526.454
526.691
526.898
527.107
527.328
527.564
527.792
528.027
528.23
528.441
528.661
528.866
529.07
529.281
529.481
529.687
529.898
530.099
530.335
530.547
530.775
531.003
531.234
531.453
531.659
531.875
532.109
532.311
532.528
532.739
532.957
533.158
533.388
533.588
533.813
534.038
534.254
534.478
534.694
534.927
535.145
535.358
535.589
535.79
536
536.211
536.432
536.663
536.886
537.088
537.315
537.516
537.716
537.92
538.133
538.365
538.59
538.818
539.024
539.229
539.43
539.651
539.878
540.114
540.34
540.572
540.795
540.999
541.195
541.394
541.601
541.805
542.032
542.257
542.472
542.678
542.905
543.098
543.317
543.551
543.753
543.959
544.179
544.392
544.605
544.82
545.054
545.26
545.474
545.71
545.941
546.146
546.375
546.606
546.834
547.037
547.249
547.469
547.674
547.891
548.112
548.321
548.518
548.757
548.953
549.173
549.404
549.611
549.834
550.037
550.271
550.474
550.683
550.907
551.102
551.321
551.533
551.749
551.993
552.199
552.408
552.612
552.824
553.046
553.252
553.462
553.661
553.867
554.071
554.274
554.484
554.694
554.905
555.131
555.352
555.574
555.793
556.021
556.229
556.448
556.668
556.878
557.091
557.313
557.525
557.727
557.93
558.143
558.352
558.564
558.766
558.983
559.203
559.424
559.629
559.844
560.073
560.301
560.518
560.729
560.96
561.174
561.394
561.597
561.797
562.012
562.215
562.427
562.644
562.871
563.079
563.3
563.523
563.733
563.933
564.154
564.364
564.598
564.797
565.019
565.244
565.464
565.685
565.905
566.135
566.335
566.535
566.764
566.983
567.186
567.431
567.652
567.875
568.095
568.315
568.536
568.756
568.959
569.168
569.372
569.588
569.837
570.058
570.273
570.487
570.713
570.943
571.154
571.363
571.614
571.834
572.054
572.283
572.485
572.694
572.907
573.113
573.325
573.534
573.772
574
574.234
574.434
574.641
574.849
575.049
575.273
575.479
575.697
575.927
576.133
576.333
576.569
576.791
576.997
577.206
577.432
577.662
577.877
578.137
578.354
578.587
578.813
579.027
579.233
579.454
579.674
579.895
580.119
580.359
580.595
580.8
581.02
581.24
581.46
581.681
581.905
582.111
582.328
582.561
582.781
583.006
583.23
583.435
583.661
583.889
584.116
584.337
584.553
584.777
585.007
585.227
585.437
585.662
585.883
586.114
586.352
586.563
586.783
587.012
587.217
587.415
587.634
587.859
588.066
588.272
588.505
588.721
588.935
589.175
589.416
589.629
589.833
590.035
590.261
590.49
590.711
590.951
591.172
591.412
591.622
591.843
592.055
592.277
592.478
592.691
592.908
593.109
593.339
593.542
593.75
593.969
594.194
594.409
594.614
594.85
595.062
595.269
595.479
595.7
595.909
596.12
596.341
596.544
596.754
596.96
597.17
597.38
597.591
597.811
598.021
598.222
598.431
598.641
598.846
599.062
599.278
599.488
599.712
599.938
600.159
600.386
600.602
600.824
601.059
601.288
601.503
601.714
601.924
602.129
602.345
602.564
602.775
602.994
603.216
603.43
603.632
603.861
604.074
604.3
604.511
604.74
604.959
605.19
605.416
605.616
605.829
606.04
606.247
606.454
606.68
606.898
607.133
607.358
607.56
607.777
607.991
608.208
608.418
608.62
608.868
609.087
609.318
609.568
609.788
610.009
610.21
610.41
610.644
610.872
611.09
611.308
611.526
611.741
611.951
612.161
612.37
612.59
612.796
613.008
613.257
613.476
613.696
613.896
614.115
614.325
614.551
614.768
614.987
615.218
615.443
615.672
615.883
616.103
616.322
616.538
616.749
616.978
617.201
617.402
617.603
617.813
618.029
618.28
618.492
618.71
618.92
619.13
619.35
619.582
619.799
620.003
620.212
620.461
620.681
620.892
621.102
621.302
621.523
621.753
621.968
622.177
622.407
622.617
622.828
623.039
623.25
623.483
623.701
623.919
624.119
624.329
624.539
624.779
624.999
625.209
625.434
625.65
625.851
626.071
626.286
626.512
626.721
626.95
627.191
627.403
627.622
627.841
628.055
628.285
628.486
628.701
628.922
629.15
629.367
629.568
629.788
630.001
630.208
630.428
630.648
630.888
631.099
631.329
631.559
631.79
632.022
632.239
632.465
632.691
632.913
633.141
633.361
633.586
633.789
634.004
634.222
634.426
634.655
634.876
635.077
635.29
635.497
635.71
635.929
636.167
636.378
636.583
636.788
636.989
637.208
637.433
637.668
637.897
638.111
638.318
638.538
638.788
638.995
639.203
639.428
639.639
639.842
640.049
640.258
640.469
640.709
640.91
641.137
641.34
641.557
641.806
642.055
642.266
642.477
642.681
642.907
643.121
643.346
643.573
643.783
643.993
644.213
644.416
644.624
644.834
645.043
645.253
645.474
645.684
645.896
646.113
646.327
646.552
646.767
646.979
647.194
647.409
647.62
647.83
648.06
648.291
648.51
648.718
648.918
649.146
649.376
649.591
649.817
650.067
650.273
650.477
650.679
650.888
651.093
651.307
651.51
651.728
651.929
652.15
652.358
652.568
652.788
653.028
653.248
653.467
653.668
653.871
654.093
654.33
654.541
654.769
655.003
655.215
655.426
655.649
655.864
656.091
656.3
656.533
656.762
657.01
657.225
657.436
657.656
657.858
658.069
658.287
658.492
658.712
658.917
659.148
659.359
659.578
659.787
659.997
660.197
660.401
660.638
660.839
661.041
661.248
661.469
661.699
661.924
662.135
662.348
662.58
662.783
662.993
663.198
663.427
663.649
663.884
664.115
664.335
664.544
664.775
664.975
665.192
665.403
665.633
665.861
666.072
666.273
666.485
666.693
666.913
667.137
667.343
667.548
667.76
667.979
668.188
668.432
668.661
668.863
669.089
669.309
669.524
669.726
669.942
670.173
670.394
670.594
670.799
671.05
671.26
671.471
671.678
671.876
672.078
672.304
672.51
672.72
672.941
673.151
673.352
673.565
673.782
674.011
674.249
674.461
674.665
674.882
675.127
675.368
675.589
675.809
676.029
676.232
676.457
676.684
676.895
677.117
677.343
677.553
677.758
677.981
678.207
678.43
678.64
678.855
679.074
679.295
679.527
679.756
679.975
680.186
680.396
680.596
680.816
681.047
681.259
681.47
681.687
681.889
682.097
682.338
682.568
682.777
682.98
683.195
683.424
683.664
683.873
684.073
684.283
684.489
684.692
684.909
685.129
685.348
685.571
685.775
685.976
686.205
686.415
686.643
686.85
687.099
687.319
687.548
687.765
687.996
688.226
688.457
688.67
688.887
689.107
689.316
689.52
689.722
689.935
690.14
690.347
690.577
690.782
690.993
691.212
691.423
691.627
691.834
692.043
692.263
692.483
692.695
692.905
693.123
693.364
693.579
693.797
694.014
694.255
694.475
694.681
694.89
695.091
695.291
695.511
695.714
695.951
696.151
696.356
696.575
696.796
697.016
697.217
697.438
697.657
697.878
698.097
698.309
698.524
698.732
698.963
699.172
699.392
699.598
699.808
700.028
700.233
700.449
700.671
700.89
701.14
701.34
701.555
701.761
701.99
702.2
702.43
702.65
702.859
703.074
703.301
703.524
703.73
703.932
704.136
704.339
704.567
704.797
704.997
705.203
705.412
705.612
705.844
706.058
706.269
706.479
706.679
706.909
707.118
707.329
707.552
707.799
708.02
708.26
708.483
708.7
708.945
709.156
709.393
709.599
709.806
710.026
710.255
710.456
710.685
710.891
711.092
711.313
711.521
711.751
711.951
712.182
712.393
712.63
712.837
713.061
713.283
713.503
713.724
713.933
714.137
714.383
714.602
714.822
715.049
715.278
715.486
715.705
715.924
716.125
716.336
716.543
716.751
716.956
717.175
717.408
717.63
717.836
718.051
718.261
718.481
718.694
718.908
719.126
719.338
719.57
719.777
719.98
720.187
720.401
720.628
720.837
721.066
721.289
721.509
721.728
721.955
722.162
722.368
722.607
722.863
723.082
723.295
723.523
723.737
723.944
724.16
724.375
724.581
724.8
725
725.224
725.451
725.66
725.86
726.087
726.316
726.567
726.792
727.007
727.217
727.442
727.667
727.901
728.108
728.338
728.571
728.772
728.988
729.191
729.419
729.632
729.869
730.102
730.323
730.543
730.779
731.006
731.236
731.444
731.661
731.871
732.107
732.321
732.541
732.751
732.961
733.181
733.391
733.612
733.842
734.061
734.291
734.493
734.712
734.922
735.128
735.343
735.546
735.763
735.967
736.191
736.433
736.653
736.861
737.069
737.279
737.479
737.73
737.95
738.15
738.38
738.589
738.814
739.025
739.275
739.487
739.705
739.927
740.152
740.4
740.601
740.817
741.059
741.28
741.5
741.705
741.921
742.147
742.383
742.595
742.842
743.063
743.296
743.523
743.727
743.989
744.202
744.418
744.634
744.839
745.059
745.279
745.493
745.731
745.952
746.17
746.388
746.6
746.83
747.05
747.282
747.5
747.716
747.936
748.137
748.367
748.586
748.837
749.038
749.257
749.463
749.698
749.913
750.142
750.35
750.568
750.791
750.991
751.207
751.427
751.628
751.847
752.064
752.297
752.51
752.733
752.944
753.149
753.365
753.584
753.794
754.027
754.25
754.459
754.671
754.895
755.145
755.376
755.578
755.796
755.997
756.217
756.431
756.651
756.867
757.092
757.292
757.528
757.736
757.957
758.188
758.41
758.619
758.828
759.042
759.279
759.495
759.706
759.909
760.137
760.385
760.589
760.799
761.024
761.239
761.448
761.674
761.895
762.118
762.336
762.565
762.781
763.012
763.214
763.42
763.631
763.85
764.054
764.276
764.481
764.702
764.912
765.12
765.341
765.567
765.778
766.008
766.226
766.446
766.662
766.867
767.072
767.293
767.503
767.708
767.909
768.136
768.355
768.579
768.779
768.988
769.22
769.429
769.65
769.875
770.078
770.283
770.495
770.722
770.924
771.135
771.342
771.547
771.769
771.977
772.207
772.412
772.615
772.836
773.058
773.259
773.486
773.712
773.923
774.146
774.346
774.572
774.788
775.018
775.239
775.47
775.69
775.911
776.16
776.385
776.607
776.809
777.02
777.261
