0.000000
0.000000
0.000000
60.444000
60.776001
60.937000
60.957001
60.959999
62.275002
68.783997
71.773003
74.208000
89.499001
102.539001
105.156998
107.814003
110.276001
118.268997
132.347000
158.658005
176.953995
195.229996
211.246002
218.078995
220.709000
221.856003
224.496994
224.787994
224.830994
224.919998
225.132004
225.835999
226.220001
227.393997
233.328995
237.376999
240.542007
244.074997
251.093994
255.401993
258.816986
262.084015
265.476013
267.950012
270.987000
276.029999
280.424988
285.352997
296.537994
305.437988
308.411011
314.967010
320.092010
325.790009
332.059998
341.144012
347.761993
355.119995
360.962006
368.480011
372.787994
378.558990
384.053009
389.303009
395.967010
397.902008
400.928009
411.377991
413.785004
413.950989
414.428009
419.307007
423.022003
430.471985
442.130005
459.278015
463.778015
465.356995
474.484985
480.010010
486.110992
494.993011
500.132996
502.829010
508.389008
515.896973
525.864014
528.927979
532.156006
536.133972
542.885986
552.760010
562.367981
580.705994
588.906982
595.431030
606.507019
611.786987
617.622009
624.039001
634.409973
640.278992
647.523010
654.424011
662.888000
667.663025
675.460022
693.278992
699.755005
702.288025
702.765991
702.869019
702.908020
713.286011
738.012024
744.189026
745.093994
746.187012
747.166992
749.531006
762.536011
775.070007
788.943970
798.770020
799.893982
800.617004
801.148010
801.234985
801.854980
805.072998
817.489014
826.935974
826.935974
829.539978
845.624023
850.963013
853.987000
855.562012
855.573975
861.393982
866.200012
866.302002
866.304993
866.398010
870.380005
881.028015
899.768005
909.929016
918.119019
926.387024
932.828979
937.525024
938.320007
939.882996
950.354980
957.237000
963.302979
973.190979
978.799988
982.103027
983.419006
985.039978
988.515015
991.646973
995.456970
1000.565979
1009.617004
1018.174988
1025.235962
1032.878052
1037.723022
1042.613037
1050.515015
1056.536011
1062.834961
1069.347046
1080.343994
1087.920044
1094.671997
1101.290039
1110.328003
1115.046021
1117.576050
1127.822998
1129.026978
1130.465942
1132.843018
1135.852051
1138.756958
1141.026001
1160.437988
1166.237061
1171.488037
1176.449951
1183.186035
1189.529053
1197.411011
1212.344971
1224.604980
1234.824951
1241.965942
1245.364014
1247.562012
1254.975952
1266.806030
1278.724976
1284.472046
1289.543945
1292.436035
1294.469971
1301.828979
1316.734985
1329.098022
1333.718994
1339.472046
1342.597046
1343.098022
1343.099976
1343.100952
1343.433960
1343.444946
1343.453003
1343.453979
1343.453979
1343.458984
1351.698975
1356.394043
1358.454956
1360.837036
1364.994995
1368.749023
1375.156982
1379.009033
1385.394043
1391.064941
1396.215942
1402.170044
1406.796021
1409.468018
1412.040039
1417.748047
1420.886963
1421.250977
1421.251953
1421.251953
1421.251953
1421.251953
1421.308960
1421.593994
1422.198975
1422.347046
1422.347046
1422.347046
1422.347046
1422.347046
1422.347046
1422.347046
1422.827026
1422.854980
1426.418945
1426.494995
1428.418945
1436.034058
1442.630005
1450.046997
1459.772949
1472.079956
1479.349976
1482.659058
1489.218994
1496.120972
1504.597046
1515.306030
1517.463989
1521.671997
1529.546021
1531.839966
1531.886963
1531.889038
1531.890991
1545.520996
1569.295044
1592.359009
1606.410034
1618.708008
1625.527954
1629.918945
1633.104004
1636.443970
1643.791992
1660.630981
1672.823975
1684.564941
1687.020020
1689.081055
1694.990967
1702.993042
1713.600952
1716.218018
1723.433960
1733.718994
1737.977051
1743.213013
1756.297974
1776.913940
1779.281006
1780.000977
1780.207031
1780.255981
1788.578979
1804.510010
1815.260986
1818.993042
1829.145996
1842.432983
1851.676025
1864.319946
1883.458984
1891.911987
1896.185059
1902.723022
1912.402954
1916.465942
1919.262939
1920.615967
1925.911987
1932.828979
1939.969971
1946.875000
1952.135010
1962.390015
1975.453979
1988.510986
2002.078003
2013.326050
2015.338989
2016.385010
2022.328003
2028.062988
2032.496948
2041.332031
2048.657959
2054.146973
2060.633057
2068.034912
2075.043945
2083.727051
2095.020020
2103.968994
2112.178955
2119.316895
2122.364990
2125.763916
2132.439941
2137.519043
2143.465088
2154.461914
2160.502930
2165.887939
2168.407959
2169.639893
2169.738037
2170.077881
2170.110107
2170.110107
2170.111084
2170.111084
2171.810059
2176.039062
2176.832031
2179.274902
2186.233887
2195.771973
2200.020020
2203.993896
2208.366943
2210.797119
2212.561035
2213.876953
2215.400879
2225.051025
2235.457031
2244.992920
2253.678955
2264.841064
2275.241943
2281.715088
2290.198975
2295.970947
2302.102051
2305.427002
2306.396973
2306.417969
2306.418945
2306.947021
2308.228027
2308.301025
2308.333984
2313.935059
2314.522949
2314.680908
2314.965088
2315.104980
2315.108887
2315.110107
2317.529053
2319.980957
2321.236084
2321.395020
2321.403076
2321.451904
2321.666016
2321.889893
2322.187988
2322.339111
2322.486084
2322.722900
2323.201904
2323.924072
2324.250977
2324.267090
2324.271973
2324.271973
2324.271973
2324.425049
2325.395996
2326.318115
2327.771973
2332.798096
2353.566895
2354.595947
2354.694092
2354.802979
2363.581055
2377.693115
2398.268066
2405.122070
2416.528076
2427.433105
2437.605957
2441.354004
2441.996094
2442.378906
2446.292969
2446.900879
2447.856934
2449.324951
2451.482910
2456.664062
2472.462891
2482.553955
2495.561035
2496.200928
2498.287109
2506.951904
2510.209961
2513.204102
2516.318115
2518.486084
2518.520996
2518.531982
2519.799072
2519.976074
2519.976074
2519.976074
2519.991943
2520.797119
2524.771973
2535.273926
2543.895020
2544.068115
2544.760986
2546.187012
2546.302979
2546.329102
2546.329102
2546.329102
2546.329102
2546.357910
2546.696045
2547.029053
2547.030029
2547.031982
2547.919922
2563.207031
2563.469971
2563.777100
2563.783936
2563.800049
2563.800049
2563.800049
2563.800049
2564.439941
2564.627930
2564.881104
2565.274902
2565.318115
2565.318115
2565.318115
2565.318115
2565.318115
2565.318115
2565.343994
2565.345947
2565.350098
2565.350098
2566.787109
2574.250000
2580.439941
2583.797119
2586.893066
2588.887939
2591.433105
2596.995117
2602.102051
2608.061035
2621.314941
2634.900879
2647.356934
2654.697021
2664.337891
2672.238037
2681.698975
2697.685059
2703.010986
2709.676025
2717.808105
2731.968994
2743.325928
2762.517090
2771.262939
2776.850098
2783.129883
2787.145996
2789.724121
2802.586914
2808.173096
2818.174072
2822.144043
2824.352051
2826.061035
2829.624023
2832.881104
2835.889893
2841.721924
2849.092041
2855.720947
2863.191895
2868.922119
2875.633057
2882.225098
2887.469971
2890.642090
2895.970947
2900.167969
2904.724121
2910.845947
2915.087891
2926.376953
2938.503906
2940.927979
2944.458984
2954.633057
2961.975098
2962.318115
2962.668945
2963.207031
2974.066895
2999.739014
3010.655029
3021.395020
3032.842041
3037.500977
3044.045898
3055.759033
3061.211914
3071.229980
3075.167969
3076.207031
3076.470947
3076.480957
3078.108887
3083.392090
3090.113037
3095.200928
3098.732910
3102.065918
3108.669922
3115.844971
3121.961914
3129.531006
3139.900879
3154.674072
3159.810059
3163.076904
3170.412109
3182.826904
3183.512939
3186.312012
3191.281982
3200.434082
3216.066895
3223.344971
3227.841064
3230.531982
3234.360107
3238.745117
3246.320068
3246.387939
3246.387939
3246.387939
3247.622070
3255.560059
3257.572998
3266.329102
3281.865967
3287.262939
3295.000977
3307.878906
3314.654053
3321.240967
3329.245117
3338.549072
3352.360107
3360.233887
3368.383057
3380.654053
3388.512939
3397.726074
3414.897949
3428.784912
3434.638916
3437.991943
3447.482910
3464.977051
3477.788086
3484.590088
3493.058105
3506.629883
3525.690918
3538.625000
3544.186035
3550.123047
3556.469971
3557.284912
3557.829102
3557.865967
3557.891113
3559.767090
3579.810059
3598.179932
3610.790039
3620.806885
3623.405029
3624.445068
3626.139893
3626.366943
3626.385010
3629.460938
3629.535889
3629.543945
3629.777100
3630.226074
3632.241943
3635.631104
3640.944092
3650.253906
3654.097900
3655.553955
3657.093994
3658.301025
3659.872070
3662.081055
3664.956055
3665.843018
3665.902100
3666.146973
3666.256104
3666.256104
3666.256104
3667.236084
3667.240967
3667.260010
3667.333008
3667.392090
3667.449951
3671.702881
3673.092041
3676.915039
3681.183105
3684.556885
3689.694092
3693.554932
3694.200928
3694.215088
3694.215088
3694.225098
3695.035889
3695.263916
3695.690918
3697.008057
3698.812988
3700.138916
3702.627930
3705.134033
3707.503906
3711.064941
3713.406006
3715.823975
3719.769043
3722.336914
3724.410889
3725.198975
3725.198975
3725.198975
3725.198975
3725.198975
3725.931885
3728.295898
3730.456055
3732.845947
3734.983887
3738.672119
3741.308105
3743.821045
3746.452881
3747.677979
3748.606934
3749.603027
3750.027100
3750.344971
3750.547119
3750.639893
3750.750977
3750.854980
3750.929932
3751.246094
3751.529053
3751.529053
3751.529053
3751.532959
3751.700928
3756.342041
3772.791992
3780.339111
3787.764893
3799.893066
3805.672119
3810.677979
3816.239014
3818.599121
3818.628906
3819.048096
3824.798096
3837.524902
3849.805908
3856.792969
3862.416992
3867.263916
3868.699951
3868.989990
3869.003906
3869.010986
3869.163086
3874.075928
3876.868896
3877.073975
3877.075928
3877.075928
3877.424072
3877.538086
3878.455078
3889.822998
3899.206055
3907.435059
3915.971924
3916.968994
3919.014893
3921.889893
3928.243896
3930.793945
3933.579102
3935.507080
3937.179932
3938.583008
3938.975098
3939.634033
3942.116943
3945.028076
3948.101074
3948.785889
3948.812988
3948.812988
3948.904053
3948.908936
3948.909912
3948.909912
3948.909912
3948.915039
3948.928955
3948.928955
3948.968018
3949.075928
3949.075928
3949.080078
3949.080078
3949.107910
3949.123047
3949.123047
3949.687012
3951.799072
3954.666016
3958.431885
3960.129883
3961.454102
3964.621094
3968.091064
3972.885986
3977.725098
3978.830078
3980.957031
3986.075928
3989.835938
3993.510986
4000.428955
4005.428955
4009.068115
4015.356934
4021.491943
4027.229004
4038.000000
4046.008057
4055.688965
4066.597900
4074.323975
4082.083008
4090.164062
4101.700195
4107.706055
4113.104980
4117.125000
4118.393066
4119.168945
4119.956055
4133.176758
4137.414062
4141.575195
4148.664062
4153.418945
4159.627930
4164.979980
4165.543945
4167.179199
4167.314941
4167.961914
4171.550781
4178.738770
4185.252930
4188.125977
4189.416016
4190.274902
4190.429199
4190.576172
4192.317871
4195.409180
4195.564941
4195.608887
4195.657227
4195.657227
4195.691895
4197.491211
4200.078125
4204.913086
4211.701172
4214.502930
4216.133789
4227.000000
4242.642090
4246.398926
4251.639160
4256.723145
4261.972168
4271.900879
4283.277832
4309.348145
4318.791016
4332.055176
4339.738770
4341.853027
4346.452148
4360.014160
4371.396973
4380.274902
4382.913086
4382.913086
4383.284180
4389.336914
4400.590820
4409.017090
4417.587891
4427.770996
4434.641113
4444.278809
4457.467773
4466.568848
4474.204102
4481.935059
4490.174805
4497.814941
4506.660156
4511.678223
4515.924805
4519.556152
4527.111816
4533.789062
4542.551758
4556.998047
4563.333008
4565.525879
4568.411133
4574.833008
4588.736816
4597.132812
4597.161133
4597.607910
4598.816895
4602.561035
4608.212891
4609.792969
4611.534180
4611.930176
4612.446777
4612.508789
4612.514160
4612.517090
4612.585938
4612.611816
4612.955078
4613.215820
4613.305176
4613.592773
4613.863770
4615.274902
4620.539062
4626.028809
4628.408203
4628.825195
4628.958984
4629.024902
4629.383789
4631.710938
4633.761230
4636.335938
4636.856934
4637.092773
4637.497070
4637.623047
4637.655762
4637.658203
4637.728027
4637.932129
4638.166016
4638.277832
4638.289062
4638.290039
4638.676758
4638.988770
4639.219238
4639.855957
4640.470215
4640.973145
4641.421875
4642.149902
4642.687988
4644.566895
4646.809082
4648.307129
4648.557129
4648.583984
4648.583984
4648.583984
4648.707031
4649.967773
4650.337891
4650.918945
4651.809082
4652.524902
4653.537109
4653.661133
4653.705078
4653.705078
4653.705078
4653.766113
4653.768066
4653.768066
4653.768066
4653.768066
4653.768066
4653.768066
4653.768066
4653.768066
4653.772949
4653.773926
4653.776855
4653.825195
4653.825195
4653.825195
4653.825195
4653.825195
4656.131836
4657.301758
4657.304199
4657.304199
4657.304199
4657.304199
4657.304199
4657.304199
4657.304199
4657.304199
4657.305176
4657.514160
4657.559082
4657.562988
4657.580078
4657.611816
4657.763184
4658.437012
4659.015137
4659.296875
4659.326172
4659.326172
4659.407227
4659.965820
4660.782227
4662.024902
4663.284180
4663.493164
4663.667969
4664.271973
4664.729980
4665.301758
4665.391113
4665.424805
4665.452148
4665.453125
4665.453125
4665.453125
4665.453125
4665.453125
4665.453125
4665.453125
4665.455078
4665.521973
4665.575195
4665.662109
4665.741211
4665.750000
4665.750000
4665.750000
4665.750000
4665.750000
4665.750000
4665.750000
4665.804199
4666.467773
4668.192871
4672.238770
4676.410156
4679.629883
4682.004883
4685.086914
4685.515137
4685.515137
4690.693848
4691.575195
4691.966797
4692.109863
4692.124023
4692.125000
4692.144043
4692.144043
4692.842773
4694.608887
4694.611816
4694.611816
4694.611816
4694.612793
4694.612793
4694.612793
4694.612793
4694.612793
4694.617188
4694.623047
4694.623047
4694.623047
4694.623047
4694.623047
4694.623047
4696.249023
4700.046875
4704.840820
4710.928223
4715.411133
4720.065918
4725.248047
4726.147949
4726.430176
4726.669922
4726.688965
4727.694824
4727.705078
4727.926758
4728.896973
4728.962891
4728.962891
4728.966797
4728.966797
4728.966797
4728.966797
4728.966797
4728.966797
4728.966797
4728.966797
4728.966797
4728.966797
4728.966797
4728.966797
4728.966797
4728.966797
4728.966797
4728.966797
4728.966797
4728.966797
4728.966797
4728.966797
4728.966797
4728.966797
4728.966797
4728.966797
4728.966797
4728.966797
4728.966797
4728.966797
4728.966797
4728.966797
4728.966797
4728.966797
4728.966797
4728.966797
4728.966797
4728.966797
4728.966797
4728.966797
4728.966797
4728.966797
4728.966797
4728.966797
4728.966797
4728.966797
4728.966797
4728.966797
4728.966797
4728.966797
4728.966797
4728.966797
4728.966797
4728.966797
4728.966797
4728.966797
4728.966797
4728.966797
4728.966797
4728.966797
4728.966797
4728.966797
4728.966797
4728.966797
4728.966797
4728.966797
4728.966797
4728.966797
4728.966797
4728.966797
4728.966797
4728.966797
4728.966797
4728.966797
4728.966797
4728.966797
4728.966797
4728.966797
4728.966797
4728.966797
4728.966797
4728.966797
4728.966797
4728.966797
4728.966797
4728.966797
4728.966797
4728.966797
4728.966797
4728.966797
4728.966797
4728.966797
4728.966797
4728.966797
4728.966797
4728.966797
4728.966797
4728.966797
4728.966797
4728.966797
4728.966797
4728.966797
4728.966797
4728.966797
4728.966797
4728.966797
4728.966797
4728.966797
4728.966797
4728.966797
4728.966797
4728.966797
4728.966797
4728.966797
4728.966797
4728.966797
4728.966797
4728.966797
4728.966797
4728.966797
4728.966797
4728.966797
4728.966797
4728.966797
4728.966797
4728.966797
4728.966797
4728.966797
4728.966797
4728.966797
4728.966797
4728.966797
4728.966797
4728.966797
4728.966797
4728.966797
4728.966797
4728.966797
4728.966797
4728.966797
4728.966797
4728.966797
4728.966797
4728.966797
4728.966797
4728.966797
4728.966797
4728.966797
4728.966797
4728.966797
4728.966797
4728.966797
4728.966797
4728.966797
4728.966797
4728.966797
4728.966797
4728.966797
4728.966797
4728.966797
4728.966797
4728.966797
4728.966797
4728.966797
4728.966797
4728.966797
4728.966797
4728.966797
4728.966797
4728.966797
4728.966797
4728.966797
4728.966797
4728.966797
4728.966797
4728.966797
4728.966797
4728.966797
4728.966797
4728.966797
4728.966797
4728.966797
4728.966797
4728.966797
4728.966797
4728.966797
4728.966797
4728.966797
4728.966797
4728.966797
4728.966797
4728.966797
4728.966797
4728.966797
4728.966797
4728.966797
4728.966797
4728.966797
4728.966797
4728.966797
4728.966797
4728.966797
4728.966797
4728.966797
4728.966797
4728.966797
4728.966797
4728.966797
4728.966797
4728.966797
4728.966797
4728.966797
4728.966797
4728.966797
4728.966797
4728.966797
4728.966797
4728.966797
4728.966797
4728.966797
4728.966797
4728.966797
4728.966797
4728.966797
4728.966797
4728.966797
4728.966797
4728.966797
4728.966797
4728.966797
4728.966797
4728.966797
4728.966797
4728.966797
4728.966797
4728.966797
4728.966797
4728.966797
4728.966797
4728.966797
4728.966797
4728.966797
4728.966797
4728.966797
4728.966797
4728.966797
4728.966797
4728.966797
4728.966797
4728.966797
4728.966797
4728.966797
4728.966797
4728.966797
4728.966797
4728.966797
4728.966797
4728.966797
4728.966797
4728.966797
4728.966797
4728.966797
4728.966797
4728.966797
4728.966797
4728.966797
4728.966797
4728.966797
4728.966797
4728.966797
4728.966797
4728.966797
4728.966797
4728.966797
4728.966797
4728.966797
4728.966797
4728.966797
4728.966797
4728.966797
4728.966797
4728.966797
4728.966797
4728.966797
4728.966797
4728.966797
4728.966797
4728.966797
4728.966797
4728.966797
4728.966797
4728.966797
4728.966797
4728.966797
4728.966797
4728.966797
4728.966797
4728.966797
4728.966797
4728.966797
4728.966797
4728.966797
4728.966797
4728.966797
4728.966797
4728.966797
4728.966797
4728.966797
4728.966797
4728.966797
4728.966797
4728.966797
4728.966797
4728.966797
4728.966797
4728.966797
4728.966797
4728.966797
4728.966797
4728.966797
4728.966797
4728.966797
4728.966797
4728.966797
4728.966797
4728.966797
4728.966797
4728.966797
4728.966797
4728.966797
4728.966797
4728.966797
4728.966797
4728.966797
4728.966797
4728.966797
4728.966797
4728.966797
4728.966797
4728.966797
4728.966797
4728.966797
4728.966797
4728.966797
4728.966797
4728.966797
4728.966797
4728.966797
4728.966797
4728.966797
4728.966797
4728.966797
4728.966797
4728.966797
4728.966797
4728.966797
4728.966797
4728.966797
4728.966797
4728.966797
4728.966797
4728.966797
4728.966797
4728.966797
4728.966797
4728.966797
4728.966797
4728.966797
4728.966797
4728.966797
4728.966797
4728.966797
4728.966797
4728.966797
4728.966797
4728.966797
4728.966797
4728.966797
4728.966797
4728.966797
4728.966797
4728.966797
4728.966797
4728.966797
4728.966797
4728.966797
4728.966797
4728.966797
4728.966797
4728.966797
4728.966797
4728.966797
4728.966797
4728.966797
4728.966797
4728.966797
4728.966797
4728.966797
4728.966797
4728.966797
4728.966797
4728.966797
4728.966797
4728.966797
4728.966797
4728.966797
4728.966797
4728.966797
4728.966797
4728.966797
4728.966797
4728.966797
4728.966797
4728.966797
4728.966797
4728.966797
4728.966797
4728.966797
4728.966797
4728.966797
4728.966797
4728.966797
4728.966797
4728.966797
4728.966797
4728.966797
4728.966797
4728.966797
4728.966797
4728.966797
4728.966797
4728.966797
4728.966797
4728.966797
4728.966797
4728.966797
4728.966797
4728.966797
