1.09015
1.0904
2.30525
2.8362
3.31122
3.81154
4.31241
4.81303
5.314
5.81375
6.34357
6.81543
7.3156
7.84037
8.31639
8.81597
9.31642
9.81748
10.3169
10.8183
11.3183
11.8177
12.3389
12.8171
13.3192
13.8195
14.3428
14.8211
15.3205
15.8206
16.3212
16.8227
17.3231
17.8235
18.3602
18.8237
19.3236
19.8252
20.3492
20.8252
21.326
21.827
22.3273
22.8267
23.3267
23.8456
24.3264
24.8284
25.3525
25.8286
26.3292
26.8574
27.3289
27.829
28.3308
28.8495
29.3313
29.8324
30.3327
30.8322
31.3338
31.8331
32.3337
32.8341
33.3634
33.8358
34.3351
34.8353
35.3665
35.854
36.3358
36.837
37.3367
37.8364
38.3386
38.8391
39.3401
39.8404
40.3493
40.8393
41.3405
41.8723
42.3416
42.8416
43.3868
43.8427
44.3429
44.8492
45.3439
45.8444
46.3737
46.8506
47.3452
47.8518
48.3454
48.8458
49.3815
49.8454
50.3477
50.8475
51.3532
51.8483
52.3533
52.8489
53.3494
53.8491
54.35
54.8625
55.3511
55.8509
56.3631
56.851
57.3524
57.8536
58.3524
58.8537
59.3547
59.8544
60.3549
60.8553
61.3701
61.8564
62.357
62.8776
63.3577
63.857
64.3837
64.8581
65.3569
65.8578
66.359
66.8591
67.3603
67.86
68.3601
68.8615
69.3607
69.893
70.3621
70.8628
71.3624
71.8633
72.3631
72.8642
73.3638
73.8638
74.3993
74.8648
75.3656
75.8662
76.3674
76.8678
77.3677
77.8682
78.3684
78.8699
79.3692
79.8977
80.3699
80.8691
81.3699
81.871
82.3715
82.8724
83.3725
83.8728
84.3724
84.8737
85.3731
85.8743
86.3748
86.8745
87.3747
87.8753
88.3749
88.8752
89.3822
89.8766
90.3772
90.8776
91.3771
91.8782
92.3787
92.8783
93.3783
93.8793
94.3794
94.8801
95.3814
95.8812
96.3809
96.8816
97.382
97.8826
98.3822
98.882
99.3833
99.8838
100.384
100.885
101.385
101.894
102.383
102.9
103.384
103.886
104.385
104.887
105.387
105.885
106.406
106.888
107.392
107.888
108.39
108.889
109.389
109.89
110.391
110.91
111.392
111.891
112.392
112.892
113.392
113.892
114.392
114.904
115.391
115.894
116.395
116.894
117.393
117.905
118.396
118.895
119.395
119.896
120.397
120.897
121.398
121.898
122.398
122.899
123.399
123.899
124.398
124.896
125.399
125.9
126.401
126.901
127.401
127.902
128.402
128.902
129.402
129.902
130.404
130.921
131.403
131.904
132.423
132.905
133.404
133.905
134.418
134.914
135.406
135.917
136.407
136.907
137.408
137.908
138.409
138.909
139.409
139.91
140.42
140.91
141.411
141.917
142.411
142.912
143.42
143.912
144.412
144.932
145.413
145.913
146.415
146.915
147.416
147.915
148.416
148.916
149.416
149.939
150.418
150.918
151.44
151.917
152.418
152.919
153.423
153.919
154.419
154.942
155.421
155.92
156.449
156.923
157.422
157.952
158.422
158.923
159.424
159.942
160.423
160.924
161.425
161.926
162.426
162.926
163.455
163.928
164.427
164.927
165.427
165.928
166.427
166.928
167.429
167.929
168.441
168.929
169.429
169.942
170.431
170.931
171.438
171.932
172.432
172.932
173.433
173.932
174.453
174.934
175.434
175.936
176.436
176.936
177.435
177.946
178.436
178.936
179.437
179.937
180.468
180.939
181.439
181.94
182.44
182.94
183.44
183.941
184.439
184.94
185.442
185.942
186.442
186.942
187.444
187.943
188.444
188.944
189.445
189.945
190.444
190.945
191.447
191.947
192.446
192.947
193.447
193.947
194.448
194.948
195.449
195.947
196.449
196.949
197.45
197.95
198.45
198.951
199.452
199.952
200.451
200.951
201.452
201.952
202.453
202.953
203.454
203.966
204.455
204.955
205.456
205.972
206.456
206.958
207.457
207.957
208.457
208.958
209.458
209.959
210.46
210.959
211.459
211.96
212.461
212.96
213.462
213.975
214.462
214.962
215.463
215.962
216.463
216.963
217.474
217.965
218.464
218.996
219.464
219.964
220.465
220.966
221.466
221.97
222.468
222.968
223.468
223.978
224.468
224.969
225.469
225.97
226.47
226.988
227.471
227.972
228.495
228.971
229.472
229.973
230.473
230.973
231.473
231.975
232.474
232.975
233.474
233.975
234.475
234.976
235.476
235.977
236.477
236.978
237.481
237.978
238.479
238.978
239.478
239.978
240.479
240.98
241.481
241.981
242.482
242.982
243.481
243.982
244.482
244.982
245.484
245.983
246.484
246.983
247.484
247.985
248.485
248.985
249.485
249.986
250.487
250.987
251.487
251.987
252.488
252.987
253.489
253.989
254.49
254.99
255.489
255.99
256.49
256.991
257.492
258.001
258.491
258.992
259.514
259.994
260.493
260.995
261.495
261.995
262.496
262.995
263.495
263.996
264.494
264.996
265.496
266
266.496
266.997
267.497
267.997
268.498
269.022
269.498
270
270.499
270.999
271.501
272.001
272.501
273
273.502
274.001
274.501
275.013
275.503
276.003
276.503
277.003
277.504
278.005
278.505
279.005
279.506
280.006
280.506
281.007
281.507
282.008
282.509
283.009
283.535
284.009
284.51
285.011
285.511
286.01
286.511
287.011
287.511
288.012
288.512
289.012
289.513
290.014
290.521
291.014
291.514
292.014
292.515
293.016
293.523
294.016
294.517
295.036
295.518
296.017
296.518
297.019
297.554
298.019
298.519
299.019
299.519
300.029
300.535
301.021
301.521
302.047
302.521
303.022
303.523
304.023
304.523
305.024
305.525
306.025
306.524
307.031
307.524
308.025
308.526
309.027
309.527
310.027
310.556
311.029
311.528
312.028
312.529
313.03
313.53
314.029
314.536
315.031
315.53
316.05
316.537
317.032
317.546
318.032
318.549
319.033
319.534
320.033
320.534
321.034
321.535
322.036
322.536
323.037
323.537
324.037
324.536
325.038
325.539
326.037
326.537
327.038
327.54
328.039
328.541
329.045
329.54
330.04
330.542
331.041
331.542
332.056
332.542
333.043
333.543
334.043
334.544
335.044
335.545
336.046
336.545
337.045
337.545
338.044
338.546
339.045
339.547
340.049
340.548
341.049
341.548
342.046
342.548
343.048
343.55
344.05
344.558
345.051
345.551
346.052
346.552
347.052
347.552
348.053
348.553
349.053
349.553
350.068
350.555
351.055
351.6
352.054
352.557
353.077
353.557
354.058
354.558
355.058
355.558
356.057
356.559
357.06
357.56
358.059
358.56
359.06
359.559
360.062
360.561
361.061
361.561
362.062
362.562
363.063
363.563
364.063
364.565
365.064
365.565
366.065
366.565
367.074
367.564
368.066
368.58
369.066
369.568
370.07
370.567
371.068
371.568
372.068
372.568
373.096
373.569
374.07
374.569
375.07
375.57
376.071
376.573
377.072
377.574
378.072
378.572
379.073
379.575
380.075
380.593
381.075
381.576
382.109
382.577
383.077
383.577
384.081
384.578
385.077
385.578
386.079
386.578
387.078
387.579
388.08
388.579
389.087
389.58
390.081
390.581
391.082
391.582
392.083
392.583
393.083
393.583
394.084
394.585
395.083
395.585
396.085
396.586
397.084
397.618
398.086
398.586
399.086
399.587
400.088
400.588
401.109
401.59
402.09
402.589
403.094
403.59
404.089
404.591
405.091
405.591
406.091
406.591
407.092
407.593
408.092
408.593
409.094
409.595
410.094
410.614
411.094
411.596
412.11
412.597
413.096
413.597
414.097
414.598
415.123
415.599
416.098
416.611
417.1
417.599
418.113
418.6
419.101
419.601
420.103
420.602
421.102
421.614
422.103
422.602
423.102
423.617
424.103
424.604
425.124
425.605
426.105
426.631
427.107
427.607
428.106
428.607
429.107
429.608
430.108
430.608
431.109
431.608
432.115
432.61
433.11
433.611
434.111
434.619
435.112
435.612
436.113
436.613
437.114
437.614
438.114
438.614
439.114
439.618
440.114
440.615
441.142
441.616
442.116
442.631
443.117
443.617
444.118
444.619
445.119
445.618
446.119
446.619
447.12
447.621
448.121
448.62
449.12
449.62
450.121
450.621
451.121
451.621
452.122
452.624
453.124
453.624
454.125
454.625
455.125
455.626
456.143
456.626
457.126
457.626
458.143
458.628
459.127
459.628
460.128
460.629
461.147
461.629
462.13
462.63
463.13
463.63
464.13
464.63
465.132
465.631
466.13
466.633
467.134
467.633
468.134
468.634
469.135
469.635
470.136
470.634
471.135
471.636
472.135
472.638
473.137
473.639
474.154
474.637
475.139
475.655
476.138
476.64
477.16
477.639
478.14
478.642
479.159
479.642
480.142
480.642
481.143
481.643
482.143
482.643
483.143
483.644
484.162
484.645
485.146
485.668
486.147
486.646
487.147
487.669
488.147
488.647
489.147
489.66
490.148
490.649
491.148
491.65
492.15
492.66
493.15
493.649
494.15
494.652
495.161
495.652
496.153
496.653
497.153
497.653
498.153
498.653
499.154
499.654
500.155
500.655
501.156
501.656
502.156
502.656
503.167
503.658
504.158
504.677
505.157
505.658
506.158
506.659
507.159
507.66
508.158
508.66
509.193
509.66
510.159
510.66
511.16
511.661
512.188
512.662
513.164
513.662
514.163
514.664
515.164
515.665
516.164
516.665
517.166
517.665
518.166
518.667
519.167
519.668
520.166
520.668
521.169
521.668
522.17
522.669
523.169
523.67
524.171
524.671
525.171
525.672
526.171
526.691
527.172
527.672
528.172
528.674
529.173
529.687
530.173
530.674
531.173
531.675
532.176
532.677
533.176
533.676
534.177
534.695
535.176
535.677
536.178
536.678
537.179
537.679
538.179
538.681
539.18
539.681
540.181
540.681
541.196
541.681
542.18
542.682
543.183
543.684
544.183
544.684
545.184
545.684
546.186
546.684
547.184
547.685
548.186
548.686
549.187
549.687
550.187
550.687
551.188
551.687
552.2
552.688
553.188
553.69
554.191
554.715
555.19
555.696
556.191
556.692
557.213
557.693
558.193
558.692
559.203
559.693
560.193
560.694
561.195
561.694
562.205
562.695
563.2
563.697
564.207
564.697
565.198
565.708
566.198
566.699
567.206
567.698
568.198
568.699
569.2
569.701
570.201
570.713
571.207
571.717
572.217
572.717
573.204
573.701
574.22
574.703
575.203
575.72
576.205
576.707
577.226
577.715
578.222
578.706
579.206
579.707
580.208
580.709
581.209
581.714
582.224
582.709
583.215
583.72
584.21
584.711
585.227
585.715
586.211
586.711
587.217
587.723
588.219
588.713
589.229
589.72
590.224
590.714
591.225
591.716
592.216
592.716
593.232
593.717
594.217
594.733
595.233
595.723
596.234
596.734
597.223
597.735
598.222
598.72
599.22
599.72
600.222
600.726
601.222
601.737
602.223
602.729
603.239
603.734
604.234
604.733
605.224
605.729
606.24
606.74
607.225
607.74
608.231
608.73
609.225
609.726
610.243
610.738
611.234
611.734
612.235
612.729
613.229
613.728
614.24
614.73
615.239
615.73
616.247
616.742
617.232
617.733
618.244
618.733
619.233
619.752
620.244
620.746
621.235
621.746
622.235
622.735
623.242
623.737
624.238
624.742
625.237
625.738
626.239
626.744
627.244
627.74
628.24
628.755
629.24
629.751
630.242
630.741
631.252
631.752
632.243
632.755
633.245
633.743
634.255
634.76
635.245
635.745
636.25
636.752
637.261
637.751
638.245
638.751
639.256
639.746
640.252
640.763
641.259
641.748
642.266
642.75
643.249
643.75
644.25
644.757
645.253
645.757
646.251
646.761
647.252
647.754
648.253
648.768
649.27
649.773
650.273
650.754
651.26
651.762
652.255
652.756
653.271
653.761
654.256
654.769
655.257
655.775
656.264
656.762
657.258
657.759
658.259
658.772
659.27
659.76
660.26
660.772
661.272
661.762
662.261
662.773
663.262
663.762
664.268
664.764
665.274
665.765
666.273
666.776
667.265
667.781
668.271
668.773
669.266
669.765
670.266
670.767
671.283
671.768
672.268
672.774
673.269
673.775
674.282
674.776
675.271
675.772
676.272
676.778
677.271
677.778
678.272
678.772
679.288
679.778
680.274
680.78
681.29
681.78
682.275
682.778
683.277
683.775
684.277
684.782
685.277
685.777
686.288
686.782
687.283
687.789
688.281
688.79
689.28
689.78
690.279
690.782
691.296
691.797
692.286
692.799
693.297
693.783
694.282
694.794
695.291
695.795
696.284
696.796
697.285
697.785
698.302
698.785
699.285
699.802
700.292
700.787
701.303
701.788
702.293
702.793
703.301
703.789
704.29
704.797
705.29
705.799
706.292
706.793
707.292
707.799
708.293
708.799
709.292
709.806
710.309
710.794
711.304
711.793
712.296
712.794
713.307
713.797
714.296
714.815
715.299
715.809
716.3
716.804
717.299
717.798
718.317
718.797
719.299
719.8
720.301
720.8
721.299
721.811
722.317
722.802
723.315
723.818
724.319
724.802
725.303
725.81
726.317
726.814
727.304
727.822
728.306
728.805
729.321
729.823
730.312
730.807
731.307
731.816
732.321
732.809
733.325
733.809
734.315
734.826
735.31
735.817
736.312
736.811
737.312
737.812
738.313
738.814
739.328
739.813
740.313
740.817
741.314
741.814
742.331
742.815
743.327
743.817
744.321
744.832
745.317
745.823
746.322
746.83
747.318
747.819
748.33
748.837
749.322
749.84
750.32
750.82
751.321
751.84
752.329
752.822
753.328
753.827
754.322
754.823
755.331
755.824
756.323
756.825
757.325
757.824
758.331
758.828
759.341
759.824
760.326
760.828
761.332
761.828
762.336
762.839
763.344
763.844
764.335
764.845
765.33
765.829
766.33
766.829
767.33
767.849
768.348
768.831
769.331
769.833
770.334
770.833
771.342
771.833
772.345
772.836
773.349
773.846
774.338
774.842
775.352
775.844
776.348
776.838
