0.00994787
0.00485508
0.000503809
0.0309184
0.000472087
0.012105
0.00427381
0.0016157
0.00160569
0.00418137
0.000650537
0.0012999
0.00129969
0.00184295
0.00200911
0.000788307
0.00109745
0.00102161
0.00194223
0.00122708
0.000536138
0.00139345
0.00198904
0.00135153
0.00304802
0.000409745
0.00347069
0.00319796
0.00341744
0.00862777
0.00130708
0.001616
0.00218628
0.00195318
0.000564999
0.00249881
0.00286656
0.00297564
0.00296984
0.00134053
0.00184195
0.00547426
0.00580368
0.00122087
0.00263361
0.00141451
0.00190471
0.00109706
0.0097288
0.000619027
0.00328052
0.0015855
0.000501326
0.00143949
0.000605233
0.000635313
0.000848474
0.0107609
0.000342494
0.00150797
0.000814895
0.00163757
0.000963415
0.000367263
0.000899302
0.00152622
0.00599087
0.00104872
0.00145892
0.00340672
0.00175112
0.00219949
0.00665873
0.00226585
0.00806144
0.000575112
0.00268873
0.000556893
0.00366308
0.000875546
0.00112407
0.000471747
0.000712138
0.000954951
0.000643026
0.00621719
0.00405593
0.000733423
0.000371799
0.000586318
0.0044904
0.000626897
0.000851309
0.000492978
0.00168124
0.00824603
0.00114261
0.000547144
0.008823
0.00506477
0.00388284
0.00135627
0.0106242
0.00345252
0.000858912
0.00625276
0.176323
