9.48664
21.6486
22.2725
22.5346
22.5446
23.3763
25.8647
25.8814
25.9016
25.9242
29.4932
37.8853
37.9059
37.926
37.9416
37.9539
37.9653
37.986
38.0065
38.0271
38.9644
38.985
39.0066
39.025
41.7953
48.697
50.2079
52.3711
52.3918
54.1208
54.1333
54.1555
54.1737
54.3426
55.2138
55.2348
55.2578
55.2753
55.2951
55.3136
55.3335
55.3574
55.404
55.4171
55.4391
55.4585
55.4784
55.4966
57.1894
57.2009
57.2152
58.9042
60.5842
60.6054
60.6243
60.8213
60.8409
68.9952
69.0047
69.0255
72.625
72.646
72.6646
73.0447
73.0673
73.0857
75.6695
75.6849
75.7057
76.3074
82.1493
85.4507
87.1788
87.1946
93.8282
95.5372
95.5507
95.5688
95.5921
97.9526
100.326
100.337
100.357
100.378
102.497
104.01
104.413
104.429
107.077
108.773
108.798
109.432
109.453
111.573
111.586
112.656
112.669
114.348
115.861
115.877
115.896
115.914
123.23
124.323
125.621
125.647
153.641
