7.84681
9.49725
11.2192
12.3384
14.1603
15.0564
16.1705
17.9822
18.214
18.6068
19.0445
20.2029
21.0131
21.6733
22.286
22.5662
22.9398
23.1742
23.3947
25.1617
25.6212
25.958
27.5618
27.8019
29.5178
31.2443
33.0167
33.213
33.6545
34.7153
36.3918
38.0476
39.0545
40.692
41.8136
43.0737
44.8438
45.0451
46.7179
47.4297
47.6287
48.7178
48.9361
50.2299
51.9626
52.1664
52.4162
54.1954
54.3622
55.5256
57.233
58.9267
60.6499
60.8645
62.5187
64.1933
64.8854
65.9996
67.4628
69.0449
69.2382
71.0431
72.6878
73.1051
74.8218
75.7364
76.3293
78.0805
79.342
81.0219
82.1737
83.8893
85.4752
87.2166
88.4849
89.6177
91.2066
92.8904
93.8404
94.0312
95.6097
97.3251
97.9675
99.6982
100.398
100.531
102.271
102.517
104.026
104.45
105.53
107.099
108.813
109.474
111.138
111.367
111.605
112.689
114.375
114.986
115.936
117.613
117.872
118.491
119.357
120.657
122.398
123.24
123.449
124.341
124.522
125.669
125.853
127.517
128.559
129.614
131.173
132.423
132.641
134.393
136.104
137.864
139.616
141.293
144.114
