0.0229209
0.000834023
0.00683074
0.0134384
0.0125402
0.016445
0.00649564
0.00220065
0.00994042
0.00223819
0.00430559
0.03096
0.00929613
0.00949916
0.00214784
0.00231873
0.00782653
0.0102126
0.00231851
0.00181584
0.000892616
0.0181676
0.00176602
0.00155539
0.0131661
0.00869105
0.00401088
0.000964809
0.00262578
0.00665238
0.0016706
0.00231572
0.0107932
0.00356721
0.00119533
0.00518416
0.0237008
0.00166514
0.00177385
0.00955635
0.000772674
0.00150257
0.00133475
0.00533731
0.00207243
0.00177888
0.00812044
0.00334862
0.00269294
0.00942223
0.00122604
0.00323493
0.00567549
0.00470709
0.00244439
0.00523505
0.000903693
0.00380105
0.000713793
0.00104946
0.00998394
0.0154311
0.00405612
0.00136082
0.00132329
0.0123424
0.00522423
0.00448054
0.00179837
0.0018677
0.00589722
0.00938162
0.00702502
0.00498115
0.0010638
0.00606532
0.00708287
0.00181275
0.000819523
0.00669848
0.00190855
0.000978178
0.00306709
0.0022277
0.00135457
0.00595352
0.00695105
0.00116341
0.00208948
0.00184221
0.00140177
0.00303328
0.000938345
0.0017799
0.00590541
0.00226277
0.00126716
0.00139172
0.00703018
0.0102151
0.00383632
0.00326447
0.0201905
0.00234077
0.00162154
0.00403688
0.00450761
0.000563622
0.00150397
0.00170466
0.00151855
0.0088437
0.00138466
0.00108431
0.00265852
0.00207666
0.00885837
0.00342112
0.00424358
0.00531823
0.00324005
0.00370487
0.00431294
0.00889559
0.00147057
