2.7281
2.95291
3.15635
3.39317
3.62862
3.82842
4.05584
4.26345
4.46408
4.67434
4.89901
5.10892
5.33405
5.54106
5.74599
5.94666
6.18369
6.37954
6.5973
6.80369
7.0394
7.25592
7.48756
7.71192
7.91046
8.15323
8.37116
8.59497
8.82938
9.02551
9.24556
9.46474
9.67751
9.88543
10.0802
10.3118
10.5369
10.7632
10.9888
11.194
11.4407
11.6566
11.8774
12.1065
12.3142
12.5188
12.7614
13.0137
13.2045
13.4473
13.6542
13.8918
14.1365
14.3623
14.6038
14.7972
15.0305
15.2647
15.463
15.7018
15.9167
16.152
16.3868
16.5887
16.8206
17.0592
17.2545
17.4875
17.7291
17.9696
18.1923
18.4032
18.593
18.8009
19.0299
19.27
19.4975
19.6963
19.9277
20.1615
20.3658
20.572
20.8008
20.9934
21.203
21.4278
21.6334
21.8601
22.0521
22.2552
22.483
22.6923
22.9164
23.1483
23.3471
23.5464
23.7877
24.0154
24.2585
24.4827
24.7149
24.9517
25.1493
25.375
25.6087
25.8479
26.0801
26.31
26.5036
26.7074
26.9109
27.1474
27.3521
27.5491
27.7837
28.0128
28.2134
28.4178
28.6165
28.851
29.0484
29.2813
29.482
29.6909
29.8902
30.091
30.3294
30.5331
30.7653
30.9926
31.2238
31.4586
31.7012
31.9226
32.1288
32.3575
32.5834
32.7891
32.9995
33.1978
33.4134
33.641
33.8396
34.0723
34.2682
34.5011
34.696
34.933
35.1314
35.3257
35.5297
35.7543
35.9716
36.1776
36.3732
36.5765
36.8128
37.0079
37.2061
37.4174
37.652
37.8744
38.0785
38.3123
38.5079
38.7149
38.9544
39.1534
39.3802
39.5817
39.8165
40.0069
40.2417
40.4498
40.6785
40.9117
41.1419
41.3532
41.553
41.7811
41.9903
42.1868
42.422
42.6599
42.8628
43.0563
43.293
43.4935
43.6937
43.8991
44.1116
44.349
44.5772
44.804
45.0323
45.2412
45.4339
45.6383
45.8654
46.0611
46.2687
46.4981
46.705
46.9378
47.1703
47.4077
47.6166
47.8462
48.0785
48.2789
48.4845
48.6857
48.9208
49.1319
49.3623
49.5679
49.7673
49.9877
50.194
50.4318
50.6297
50.8605
51.0638
51.2924
51.4905
51.7214
51.9467
52.1552
52.3553
52.5666
52.7904
53.0274
53.2613
53.4938
53.6905
53.8965
54.1002
54.3281
54.5255
54.7271
54.9645
55.1996
55.3981
55.6239
55.8647
56.0959
56.293
56.49
56.7159
56.9162
57.1626
57.3567
57.5551
57.7918
58.0287
58.2533
58.4663
58.6876
58.8897
59.0975
59.2935
59.4905
59.7245
59.9333
60.133
60.366
60.5725
60.8099
61.0036
61.2106
61.438
61.6685
61.9069
62.1032
62.3036
62.5053
62.7332
62.9457
63.1473
63.3397
63.5687
63.7723
63.9781
64.1773
64.4136
64.6419
64.8707
65.1135
65.313
65.547
65.7444
65.9792
66.18
66.4072
66.6159
66.81
67.0149
67.2505
67.4523
67.679
67.8893
68.1153
68.3431
68.5453
68.741
68.9746
69.2171
69.4464
69.6858
69.9145
70.1235
70.3571
70.5626
70.7938
71.0155
71.2249
71.4533
71.6673
71.8978
72.128
72.372
72.6079
72.8024
73.0349
73.2349
73.4645
73.6649
73.8729
74.1027
74.3468
74.5758
74.8087
75.0162
75.2146
75.4485
75.6508
75.859
76.0587
76.2862
76.5254
76.7244
76.9565
77.1905
77.3937
77.6231
77.8213
78.059
78.2668
78.4685
78.6712
78.8949
79.0968
79.3294
79.5282
79.7383
79.9503
80.1624
80.3913
80.6135
80.81
81.0094
81.2468
81.4408
81.6752
81.9133
82.1377
82.3326
82.5768
82.803
83.0024
83.23
83.4345
83.6717
83.8675
84.0983
84.3397
84.5754
84.8045
85.0056
85.2326
85.4389
85.6589
85.8656
86.0642
86.2891
86.4986
86.7236
86.9251
87.1521
87.3606
87.5956
87.8285
88.0297
88.2675
88.4738
88.7003
88.9432
89.1749
89.3678
89.6008
89.8346
90.0688
90.3068
90.537
90.7694
90.9777
91.1879
91.4171
91.6084
91.8042
92.0022
92.2232
92.4229
92.6654
92.873
93.1115
93.3452
93.5778
93.8096
94.0112
94.2411
94.4453
94.6778
94.8803
95.1083
95.3142
95.5188
95.7533
95.9445
96.183
96.4072
96.6181
96.8488
97.0808
97.3109
97.5157
97.7416
97.9419
98.1386
98.3421
98.5861
98.802
99.0118
99.2411
99.4706
99.6855
99.9065
100.111
100.313
100.515
100.737
100.943
101.148
101.347
101.587
101.832
102.024
102.249
102.486
102.685
102.888
103.118
103.322
103.553
103.751
103.986
104.184
104.396
104.614
104.82
105.053
105.288
105.518
105.751
105.993
106.222
106.425
106.628
106.832
107.066
107.269
107.498
107.705
107.926
108.127
108.327
108.562
108.757
108.991
109.22
109.422
109.625
109.863
110.056
110.292
110.49
110.683
110.918
111.119
111.347
111.556
111.789
111.984
112.189
112.427
112.63
112.825
113.064
113.291
113.491
113.701
113.934
114.133
114.33
114.534
114.763
114.965
115.197
115.402
115.635
115.84
116.064
116.275
116.503
116.735
116.936
117.136
117.366
117.599
117.837
118.047
118.271
118.477
118.702
118.907
119.148
119.347
119.556
119.782
119.98
120.207
120.412
120.643
120.844
121.044
121.276
121.505
121.746
121.976
122.173
122.382
122.617
122.808
123.006
123.206
123.436
123.633
123.832
124.068
124.301
124.501
124.739
124.971
125.172
125.398
125.605
125.841
126.037
126.265
126.465
126.676
126.878
127.074
127.27
127.506
127.701
127.902
128.134
128.339
128.541
128.773
128.973
129.167
129.372
129.602
129.805
130.04
130.25
130.479
130.682
130.917
131.153
131.349
131.554
131.759
131.985
132.189
132.41
132.625
132.856
133.056
133.296
133.528
133.706
133.906
134.142
134.371
134.576
134.802
135.004
135.235
135.462
135.66
135.886
136.088
136.31
136.515
136.748
136.983
137.18
137.409
137.618
137.848
138.052
138.284
138.49
138.722
138.929
139.166
139.392
139.6
139.804
140.001
140.207
140.435
140.638
140.841
141.037
141.275
141.501
141.736
141.955
142.159
142.382
142.59
142.819
143.023
143.252
143.463
143.684
143.884
144.082
144.322
144.556
144.786
144.984
145.217
145.419
145.648
145.846
146.055
146.257
146.465
146.666
146.866
147.069
147.301
147.499
147.724
147.93
148.159
148.362
148.598
148.825
149.032
149.262
149.468
149.7
149.932
150.134
150.369
150.602
150.83
151.049
151.246
151.482
151.705
151.909
152.111
152.312
152.543
152.778
152.977
153.212
153.445
