0.202239
0.202308
0.202364
0.202431
0.202491
0.202547
0.202613
0.202666
0.202724
0.202778
0.203340
0.270831
0.433951
0.583361
0.716085
0.824751
0.921988
0.984271
0.999816
1.186625
1.594647
1.895469
2.112824
2.223124
2.283088
2.348033
2.406844
2.506728
2.653514
2.799075
2.959420
3.061162
3.124856
3.172743
3.253979
3.382188
3.522284
3.645822
3.750288
3.829059
3.913139
3.980053
4.055858
4.139428
4.222146
4.313265
4.430524
4.544937
4.620546
4.655583
4.710386
4.814984
4.960448
5.148095
5.364112
5.570708
5.829317
6.096682
6.306485
6.522457
6.731178
6.948445
7.164274
7.352448
7.572581
7.796449
7.984537
8.197870
8.403444
8.600936
8.779281
8.916361
9.038736
9.165184
9.370341
9.635604
9.890272
10.088746
10.294588
10.526107
10.743388
10.961480
11.200546
11.392251
11.579001
11.801879
12.002009
12.245958
12.459672
12.676411
12.923024
13.125985
13.349369
13.568122
13.751116
13.927574
14.119364
14.308554
14.511554
14.733983
14.980013
15.242960
15.467799
15.722775
15.963378
16.183636
16.362199
16.488427
16.567964
16.662966
16.798602
17.012017
17.217728
17.424983
17.648086
17.837211
17.968754
18.070995
18.142248
18.205570
18.279087
18.402585
18.539954
18.700920
18.879061
19.058528
19.240183
19.359643
19.461577
19.550931
19.660476
19.802565
19.970258
20.167640
20.359986
20.598477
20.824610
21.011039
21.202143
21.405427
21.640929
21.820282
21.977936
22.157114
22.322360
22.537383
22.736527
22.969566
23.163400
23.344600
23.516762
23.727950
23.929232
24.129238
24.329078
24.526868
24.754887
24.931558
25.082316
25.239464
25.452997
25.682817
25.883926
26.105960
26.277709
26.435340
26.621011
26.788596
26.997175
27.187440
27.420034
27.630635
27.879948
28.083317
28.309451
28.531378
28.757910
28.951509
29.146834
29.377813
29.582426
29.789830
30.026843
30.265057
30.467943
30.672302
30.908737
31.106820
31.296847
31.487285
31.718479
31.945466
32.133424
32.276718
32.382923
32.451801
32.512085
32.560020
32.590756
32.673732
32.813050
33.021323
33.220798
33.465713
33.711383
33.930366
34.093382
34.279739
34.444645
34.576191
34.736476
34.920965
35.143710
35.336849
35.551247
35.709000
35.860621
36.050740
36.232724
36.459568
36.662294
36.903100
37.105316
37.339263
37.541752
37.775789
38.010118
38.204026
38.393784
38.582226
38.800699
39.022531
39.272034
39.514375
39.707277
39.896030
40.091787
40.327748
40.529558
40.724138
40.951675
41.177907
41.375486
41.610087
41.857273
42.105584
42.319815
42.534037
42.782396
42.991789
43.228239
43.421993
43.616187
43.841305
44.027525
44.154714
44.232810
44.328853
44.438138
44.575314
44.733177
44.896745
45.067824
45.186350
45.285198
45.374907
45.453457
45.567307
45.690963
45.841150
46.039997
46.260212
46.495085
46.693008
46.885329
47.071473
47.281317
47.458666
47.624077
47.764400
47.906062
48.020564
48.121729
48.204945
48.292732
48.399190
48.533306
48.703569
48.891088
49.140977
49.356500
49.593307
49.786990
50.008993
50.197309
50.387577
50.582590
50.815507
51.017256
51.243883
51.435563
51.666749
51.899624
52.106262
52.307047
52.514465
52.683349
52.798505
52.890258
52.982578
53.033049
53.091431
53.166621
53.285271
53.457359
53.644421
53.897259
54.164648
54.417649
54.633240
54.818025
54.981109
55.096502
55.220225
55.326795
55.454556
55.586121
55.736629
55.904690
56.060962
56.208038
56.363649
56.521953
56.684044
56.860124
56.981616
57.086948
57.186605
57.317448
57.501556
57.692532
57.881336
57.968855
58.038492
58.203670
58.396902
58.625313
58.785237
58.917988
59.042410
59.204993
59.378063
59.601186
59.805064
60.030709
60.327760
60.586943
60.872629
61.100090
61.313076
61.516517
61.745097
61.937354
62.157784
62.362830
62.548500
62.687241
62.819039
62.907414
62.973511
63.107387
63.274444
63.504634
63.707108
63.941214
64.174333
64.409216
64.644577
64.854789
65.102612
65.312663
65.546392
65.724214
65.870849
65.984557
66.041886
66.108834
66.183573
66.284109
66.373458
66.479470
66.602501
66.739928
66.961062
67.184721
67.445045
67.674245
67.855036
67.973752
68.115878
68.303550
68.545016
68.787693
68.983384
69.119480
69.192828
69.239717
69.298274
69.381146
69.452329
69.480470
69.601862
69.751987
69.955525
70.144977
70.383563
70.636747
70.897037
71.146798
71.355923
71.594296
71.796725
72.022486
72.202468
72.409915
72.599413
72.806125
73.051020
73.261523
73.495513
73.684317
73.799344
73.878742
73.940434
74.033939
74.147890
74.312082
74.468445
74.617826
74.743161
74.890895
75.093868
75.310687
75.567382
75.801187
75.970639
76.133633
76.247278
76.343226
76.421889
76.483125
76.514595
76.554733
76.596062
76.705796
76.887239
77.080663
77.324777
77.574016
77.767499
77.942864
78.145773
78.322678
78.515356
78.661587
78.813744
78.939057
79.069402
79.213550
79.319196
79.414186
79.497041
79.609619
79.758315
79.929589
80.108431
80.272232
80.445880
80.627776
80.845803
81.037011
81.259842
81.430048
81.605492
81.761161
81.929007
82.134460
82.326865
82.551995
82.789536
82.981924
83.142923
83.279910
83.376849
83.502272
83.637850
83.799064
84.013521
84.206899
84.433107
84.621315
84.817398
84.956852
85.077086
85.223903
85.369124
85.533990
85.740328
85.944864
86.100912
86.237680
86.391696
86.527993
86.673505
86.830366
87.026132
87.196725
87.375588
87.510371
87.662810
87.814447
88.032331
88.243019
88.489650
88.728099
88.923587
89.120187
89.352793
89.587147
89.822284
90.017163
90.238004
90.424521
90.633817
90.805415
90.992508
91.148474
91.334630
91.556876
91.726858
91.903504
92.062821
92.267457
92.448494
92.634285
92.858794
93.091183
93.327906
93.555952
93.748846
93.939534
94.159039
94.348132
94.535714
94.719211
94.935437
95.122235
95.297190
95.479458
95.677218
95.869747
96.085622
96.272227
96.428795
96.601560
96.755267
96.952589
97.125619
97.323831
97.478047
97.617076
97.757867
97.913729
98.085042
98.296658
98.484710
98.671637
98.879866
99.039231
99.170819
99.289870
99.371157
99.449263
99.569189
99.766150
99.945495
100.129243
100.258641
100.415486
100.574425
100.775599
100.986745
101.169932
101.356179
101.544714
101.771747
101.970563
102.192650
102.375530
102.591890
102.780376
102.953627
103.018416
103.096871
103.264767
103.517379
103.725390
103.871472
104.052726
104.222529
104.394370
104.599298
104.780240
105.000072
105.194961
105.422216
105.615703
105.840553
106.059999
106.246536
106.454827
106.629094
106.820261
106.983514
107.181048
107.348725
107.528124
107.679748
107.861981
108.046782
108.200568
108.340204
108.464416
108.585848
108.747479
108.919411
109.114947
109.320132
109.563080
109.800745
110.039106
110.285477
110.496082
110.702111
110.881692
111.098470
111.269105
111.675356
111.988573
112.389168
112.719228
112.979580
113.193937
113.216886
113.259019
113.281055
113.334318
113.384925
113.440847
113.508474
113.591221
113.737073
113.775374
113.819963
113.842919
113.867036
113.896963
113.931056
113.986896
114.049295
114.114700
114.231362
114.294207
114.335450
114.361480
114.402192
114.456561
114.522489
114.542509
114.548904
114.574799
114.600705
114.617894
114.646041
114.671906
114.686275
114.688709
114.693786
114.704306
114.739553
114.785574
114.922110
114.987791
115.002202
115.009060
