0.000000
0.000000
0.000000
41.544998
41.599998
41.784000
42.033001
42.082001
42.778000
47.506001
50.703999
51.589001
60.933998
73.278000
76.842003
84.362000
88.106003
93.044998
94.165001
95.806000
111.040001
127.448997
144.315994
150.709000
160.054993
161.173996
164.669998
175.074997
184.927002
194.684998
200.100998
204.214005
208.455002
221.802002
236.389008
249.149002
259.561005
268.946014
274.588013
281.544006
291.299988
297.601013
304.464996
307.726013
308.915009
309.914001
312.067993
314.527008
314.527008
318.821991
319.817993
320.088013
321.691986
325.572998
331.174988
332.238007
332.562988
332.570007
332.574005
332.580994
332.632996
332.678986
333.106995
338.397003
350.039001
368.884003
369.898010
372.294006
374.890015
377.536987
383.648987
387.640015
390.968994
393.299988
396.334015
398.960999
400.484985
401.984009
404.178986
405.772003
408.813995
413.407013
425.851990
437.971985
446.463989
454.214996
458.250000
467.157013
473.434998
474.118988
474.167999
474.298004
476.272003
483.135010
485.339996
494.446991
499.470001
507.002991
509.980011
513.481995
517.104980
523.044006
527.379028
531.882019
543.143982
552.690979
561.213013
565.567993
567.611023
570.036011
574.007019
578.864014
581.978027
584.903992
589.166992
589.591003
589.604980
589.612000
589.877014
589.921997
589.934998
589.953979
591.526978
596.892029
601.940002
605.752991
607.033997
609.203979
612.999023
621.568970
627.072998
632.804016
643.328979
654.294006
667.838013
685.281006
698.291992
708.127991
709.021973
709.468994
709.518982
709.520996
710.049988
721.416016
722.687988
722.931030
723.004028
724.583008
726.101990
726.184998
726.221008
726.335022
726.359009
726.411987
726.796997
726.856995
726.862976
726.947021
726.947021
726.960022
726.986023
727.012024
728.119019
729.669006
729.669983
729.669983
729.671021
729.672974
730.495972
737.875977
738.026978
738.026978
741.612000
743.187012
760.942017
773.072998
775.067993
777.145020
780.836975
786.718018
790.448975
791.943970
792.025024
792.617004
796.333008
805.888000
822.421021
829.098022
833.502014
836.307007
836.333984
836.341980
836.349976
836.552002
839.018005
841.950012
842.038025
842.963013
851.726013
861.270996
862.340027
864.072998
869.745972
871.697021
872.700989
875.005005
876.046997
876.276001
876.668030
877.887024
879.757019
884.773010
893.177979
898.200989
899.633972
900.383972
900.458984
900.734985
908.254028
911.271973
913.841980
919.622986
921.383972
923.731995
928.750977
929.651001
932.869995
940.921997
942.861023
943.718018
945.456970
947.877014
950.073975
954.557983
972.281006
978.372009
983.395996
992.851013
996.624023
998.528015
1002.231995
1005.995972
1008.739990
1011.442993
1012.383972
1014.820984
1026.010010
1035.041016
1039.208008
1042.208984
1045.124023
1045.287964
1045.300049
1045.301025
1045.371948
1046.734985
1047.395996
1049.723999
1052.074951
1055.473999
1060.625000
1063.423950
1065.406006
1066.696045
1067.374023
1067.397949
1067.397949
1067.397949
1067.397949
1067.397949
1067.407959
1067.430054
1067.431030
1067.431030
1067.447998
1067.463989
1067.485962
1067.547974
1067.774048
1069.869995
1069.912964
1069.937012
1069.948975
1070.276978
1070.375977
1070.412964
1070.417969
1070.417969
1070.417969
1070.417969
1070.417969
1070.418945
1070.418945
1070.418945
1070.418945
1070.418945
1070.418945
1070.418945
1070.418945
1070.418945
1070.418945
1070.418945
1070.418945
1070.418945
1070.418945
