0.981173
0.981387
2.20387
2.72819
3.20384
3.70439
4.20726
4.70794
5.20773
5.70796
6.20845
6.70798
7.20805
7.71199
8.20908
8.71207
9.21256
9.71252
10.2119
10.7124
11.2193
11.7127
12.2123
12.7155
13.2164
13.7157
14.2164
14.7157
15.2159
15.7165
16.2164
16.7158
17.2159
17.7293
18.2164
18.7179
19.22
19.7205
20.2202
20.7199
21.2207
21.7207
22.2198
22.7204
23.2198
23.7226
24.2243
24.7238
25.2238
25.7236
26.2239
26.7241
27.2246
27.7247
28.2247
28.7276
29.2278
29.7285
30.228
30.7284
31.2289
31.7286
32.2281
32.7311
33.2324
33.7327
34.2324
34.7315
35.2321
35.7322
36.2321
36.7326
37.2324
37.7319
38.2361
38.7356
39.2361
39.7361
40.242
40.7365
41.2365
41.736
42.236
42.7358
43.2359
43.7393
44.2396
44.7402
45.2415
45.7404
46.2404
46.7405
47.2397
47.7395
48.24
48.7406
49.2401
49.7677
50.244
50.7436
51.2436
51.7433
52.2442
52.7441
53.2615
53.7459
54.2474
54.7477
55.2482
55.7477
56.2477
56.7483
57.2486
57.7475
58.2536
58.7486
59.2517
59.7525
60.2518
60.7523
61.2527
61.7518
62.2523
62.7519
63.2517
63.7725
64.2552
64.7556
65.2555
65.7563
66.2558
66.7558
67.2562
67.7561
68.2558
68.7618
69.2564
69.7594
70.2596
70.7939
71.2605
71.7602
72.2599
72.7596
73.2598
73.7598
74.2601
74.7604
75.2602
75.7641
76.2639
76.7643
77.2646
77.7642
78.267
78.7638
79.2645
79.7683
80.2676
80.7684
81.2678
81.7676
82.2678
82.7678
83.2677
83.7678
84.2677
84.7679
85.2686
85.7716
86.2719
86.7719
87.2723
87.7725
88.2723
88.7716
89.2715
89.7723
90.2725
90.7718
91.276
91.7759
92.2756
92.7764
93.2757
93.7764
94.2762
94.7759
95.2801
95.78
96.2804
96.7802
97.2799
97.7803
98.2797
98.7797
99.28
99.7798
100.281
100.783
101.283
101.784
102.284
102.784
103.284
103.784
104.285
104.784
105.288
105.784
106.284
106.787
107.288
107.788
108.288
108.788
109.288
109.788
110.292
110.788
111.288
111.789
112.292
112.792
113.291
113.792
114.292
114.792
115.292
115.792
116.292
116.793
117.292
117.796
118.298
118.796
119.296
119.796
120.296
120.796
121.296
121.796
122.297
122.808
123.3
123.8
124.301
124.8
125.3
125.799
126.3
126.8
127.301
127.8
128.3
128.8
129.304
129.805
130.305
130.804
131.304
131.804
132.304
132.804
133.304
133.804
134.304
134.805
135.308
135.807
136.311
136.808
137.308
137.807
138.308
138.808
139.309
139.809
140.312
140.841
141.312
141.812
142.312
142.82
143.312
143.812
144.322
144.813
145.312
145.812
146.313
146.816
147.316
147.815
148.316
148.816
149.316
149.816
150.316
150.817
151.324
151.824
152.324
152.823
153.324
