0.202240
0.202310
0.202373
0.202434
0.202493
0.202551
0.202614
0.202670
0.202725
0.202796
0.202856
0.221949
0.351837
0.501377
0.645175
0.784754
0.893700
0.963229
0.981802
1.038881
1.323677
1.723680
1.979191
2.148606
2.226284
2.293586
2.349263
2.426830
2.546563
2.682501
2.827806
2.979111
3.068014
3.115580
3.177810
3.268745
3.421276
3.575306
3.704112
3.851769
4.010243
4.188152
4.387943
4.572659
4.753511
4.930001
5.097594
5.248066
5.397579
5.578178
5.722348
5.841447
5.984471
6.131816
6.306205
6.533713
6.746106
7.007479
7.241626
7.475335
7.739176
7.970614
8.124152
8.253800
8.356175
8.463309
8.592940
8.701996
8.785642
8.899226
9.025097
9.168882
9.344917
9.513580
9.659313
9.777659
9.905937
10.074339
10.242613
10.446492
10.658824
10.889044
11.149596
11.383178
11.600526
11.814672
11.986934
12.126173
12.268276
12.410246
12.596026
12.777194
12.985412
13.241699
13.462855
13.717210
13.938473
14.161145
14.403181
14.580691
14.670757
14.708196
14.741316
14.807738
14.914802
15.002276
15.074113
15.181518
15.329707
15.463443
15.597733
15.771584
15.942110
16.166852
16.412228
16.645882
16.866222
17.111295
17.331677
17.482310
17.595868
17.678582
17.718059
17.774336
17.880327
18.004489
18.176583
18.371552
18.591825
18.794980
19.011320
19.274415
19.542821
19.772362
20.035732
20.204599
20.261926
20.350242
20.494030
20.700752
20.937835
21.229732
21.359586
21.439117
21.458502
21.524804
21.848149
22.085530
22.224952
22.467125
22.537112
22.858761
23.541062
24.258712
25.074931
25.733612
26.129718
26.427234
26.537453
26.641877
26.736554
26.836719
27.100059
27.289867
27.533804
28.012998
28.059890
28.254553
28.307448
28.417953
28.476309
28.539932
28.673680
28.768637
29.002618
29.318200
29.690230
30.012595
30.193500
30.343568
30.499217
30.681685
30.821159
30.944489
31.081486
31.217611
31.316466
31.440154
31.613754
31.837271
32.057205
32.333165
32.608370
32.840846
33.066820
33.288272
33.542362
33.753413
33.937275
34.127921
34.321302
34.508636
34.711049
34.919533
35.133220
35.341208
35.574709
35.790895
35.987502
36.141090
36.246825
36.357950
36.548626
36.743034
36.861462
36.969866
37.084459
37.229974
37.335512
37.430090
37.552417
37.679390
37.861473
38.064113
38.249883
38.409612
38.537435
38.719767
38.920212
39.148578
39.380325
39.624927
39.798588
39.950438
40.072865
40.270231
40.506269
40.723572
40.910462
41.066990
41.275670
41.482516
41.742883
42.015671
42.275970
42.473947
42.654203
42.771590
42.870854
42.969519
43.081587
43.151445
43.263693
43.426215
43.626937
43.834314
44.068814
44.276030
44.515559
44.693904
44.881619
45.045896
45.221448
45.408323
45.598997
45.814822
46.024565
46.198547
46.407717
46.597883
46.825365
47.023347
47.221096
47.452241
47.677225
47.883435
48.081036
48.314317
48.550276
48.748870
48.981733
49.183036
49.382213
49.578696
49.769368
49.977597
50.136897
50.292805
50.421982
50.551059
50.703095
50.881454
51.060207
51.248311
51.417440
51.548778
51.639651
51.706362
51.796651
51.908335
52.054678
52.264179
52.463372
52.709595
52.928995
53.149939
53.402096
53.612053
53.849252
54.071135
54.256100
54.470748
54.696615
54.928077
55.130912
55.361753
55.551791
55.765435
55.959324
56.102277
56.231918
56.332212
56.405597
56.459099
56.494577
56.587859
56.762780
56.950114
57.193745
57.449323
57.664453
57.867867
58.100162
58.293087
58.482889
58.704602
58.914891
59.132352
59.357943
59.532597
59.704168
59.883736
60.103695
60.302330
60.505959
60.746060
60.982424
61.186771
61.421414
61.620235
61.850373
62.073479
62.293829
62.496214
62.700369
62.936413
63.154095
63.372419
63.607210
63.846055
64.057315
64.287953
64.482098
64.678919
64.877850
65.112789
65.321435
65.535536
65.785512
65.997736
66.198087
66.423837
66.655291
66.857143
67.095582
67.303817
67.523169
67.710147
67.913719
68.177685
68.397820
68.630813
68.820072
69.002890
69.187351
69.355792
69.510749
69.647168
69.821703
69.998564
70.246170
70.503100
70.744723
70.976015
71.166849
71.359850
71.551860
71.750649
71.987888
72.221850
72.406058
72.570338
72.758276
72.912244
73.082938
73.275298
73.449143
73.631990
73.755782
73.873211
74.027037
74.200293
74.272646
74.331483
74.483200
74.672678
74.844180
74.948631
75.073594
75.263129
75.434500
75.598933
75.777399
75.923517
76.064526
76.221082
76.348527
76.518939
76.733962
76.923651
77.064675
77.179641
77.333298
77.464001
77.565317
77.652761
77.740611
77.874386
78.032913
78.245204
78.477398
78.714097
78.940998
79.189761
79.415098
79.603304
79.799339
79.981558
80.115888
80.239569
80.313450
80.389354
80.501270
80.707993
80.953374
81.195729
81.410356
81.617952
81.836063
82.100924
82.376518
82.617884
82.892661
83.135333
83.309011
83.441692
83.508057
83.582855
83.670148
83.774768
83.902910
84.006070
84.137109
84.281674
84.508643
84.735890
84.998386
85.198498
85.362300
85.511490
85.665932
85.864893
86.108719
86.358654
86.572568
86.745521
86.927260
87.130076
87.332222
87.570895
87.769348
87.995179
88.197286
88.392975
88.612228
88.820141
88.976204
89.150391
89.292054
89.441369
89.559386
89.691187
89.818709
90.011868
90.217918
90.483796
90.719290
90.986253
91.225921
91.404410
91.552704
91.663458
91.714260
91.757270
91.829582
91.935214
92.098359
92.264184
92.479962
92.669701
92.848352
93.017372
93.209492
93.361323
93.510188
93.645516
93.802758
93.964417
94.127525
94.229274
94.263058
94.313278
94.428870
94.595154
94.804967
95.053436
95.267398
95.465542
95.649902
95.815352
96.005595
96.193750
96.400320
96.608228
96.830153
97.030415
97.237316
97.436841
97.668677
97.841431
98.008685
98.165842
98.345668
98.526130
98.732556
98.949157
99.195656
99.430661
99.629610
99.824728
100.034522
100.227954
100.429366
100.638966
100.817177
100.992543
101.187105
101.337916
101.476062
101.588757
101.744895
101.876096
101.976293
102.063821
102.192832
102.336518
102.535614
102.727953
102.958000
103.153239
103.296523
103.437118
103.587578
103.756720
103.892115
103.999925
104.129419
104.264287
104.437779
104.589323
104.744454
104.906667
105.106971
105.324731
105.565359
105.817315
106.042193
106.305029
106.527581
106.774589
106.969087
107.186396
107.370197
107.579101
107.765770
107.970261
108.178658
108.358904
108.510980
108.604128
108.684903
108.782739
108.945726
109.152707
109.348803
109.559667
109.711706
109.849740
109.924023
109.960142
109.993505
110.068676
110.173317
110.268120
110.377447
110.493816
110.660649
110.821379
111.022168
111.201424
111.389565
111.584479
111.780646
111.998007
112.165899
112.327130
112.430141
112.501740
112.557294
112.689527
112.863850
113.095491
113.279466
113.452604
113.597654
113.718462
113.853744
113.997119
114.143035
114.340515
114.526864
114.755207
114.982765
115.178411
115.379442
115.599366
115.785567
116.002878
116.187221
116.373975
116.592575
116.778575
116.986437
117.165417
117.332017
117.497278
117.721770
117.898763
118.055501
118.230128
118.451354
118.635656
118.825524
118.980910
119.136967
119.260474
119.342603
119.389091
119.456708
119.568694
119.693798
119.862011
120.004229
120.162210
120.302202
120.455319
120.628995
120.774020
120.901427
121.016026
121.171548
121.352419
121.554901
121.734971
121.916035
122.098952
122.292466
122.525989
122.753862
122.941275
123.126038
123.348084
123.570609
123.755573
123.953644
124.116708
124.285316
124.393759
124.479133
124.561569
124.650551
124.770868
124.919125
125.070874
125.273584
125.488616
125.679131
125.838987
125.897062
125.910694
125.967408
126.077858
126.204972
126.384552
126.561372
126.752604
126.991158
127.230927
127.462305
127.648285
127.823257
128.023353
128.193053
128.378966
128.536692
128.708029
128.837043
129.002403
129.187382
129.395048
129.609724
129.861798
130.115434
130.372171
130.586797
130.831393
131.072009
131.276881
131.516118
131.708437
131.905194
132.059312
132.241331
132.440602
132.616515
132.818860
132.983257
133.156228
133.292391
133.426216
133.561509
133.707605
133.893430
134.065993
134.279278
134.476297
134.720901
134.957780
135.186394
135.410484
135.606873
135.835654
136.031017
136.257304
136.452795
136.688213
136.924738
137.133539
137.323812
137.543475
137.767440
138.002040
138.239915
138.476011
138.704571
138.918740
139.129978
139.313657
139.526172
139.733018
139.914775
140.125322
140.310862
140.536209
140.727278
140.943092
141.131277
141.326787
141.553770
141.743246
141.959668
142.169600
142.378887
142.559254
142.742242
142.931156
143.159631
143.384449
143.576497
143.798873
143.991340
144.219176
144.411190
144.629667
144.806668
144.970427
145.138233
145.321329
145.544660
145.740418
145.977576
146.186683
146.438589
146.661332
146.922461
147.147359
147.367963
147.579512
147.776792
147.985233
148.142628
148.312178
148.457031
148.633447
148.796220
149.000128
149.180111
149.364361
149.552168
149.774570
149.973990
150.200101
150.400645
150.639251
150.876172
151.082210
151.321800
151.527401
151.767255
151.967608
152.165252
152.392054
152.582432
152.797258
152.989275
153.226139
153.427067
153.651339
153.836225
154.049078
154.242178
154.400455
154.580263
154.746693
154.930132
155.061523
155.179666
155.255323
155.331825
155.428881
155.539256
155.700538
155.860690
156.057911
156.232962
156.446466
156.666207
156.862493
157.094483
157.295167
157.527001
157.742586
157.922390
158.106517
158.331809
158.530131
158.761402
158.958951
159.153367
159.386124
159.618465
159.824068
160.059590
160.260611
160.458366
160.691853
160.894922
161.093349
161.307331
161.454522
161.571874
161.659987
161.744302
161.830508
161.894491
161.934308
161.962522
161.983979
161.999659
162.012302
162.022295
162.029202
162.034100
162.037366
162.039920
162.042119
162.043704
162.044700
162.045537
162.046149
162.046530
162.046839
162.047028
162.047169
162.047275
