2.71421
2.93404
3.17869
3.3816
3.60928
3.81241
4.03583
4.24507
4.44247
4.67658
4.88325
5.07598
5.31351
5.52567
5.72748
5.95671
6.19024
6.40096
6.59469
6.78516
6.99249
7.21899
7.42226
7.66509
7.86382
8.09878
8.30096
8.53603
8.76765
8.96981
9.17538
9.38098
9.59919
9.80144
10.0299
10.2249
10.4476
10.6489
10.8495
11.0773
11.2764
11.4752
11.7016
11.9428
12.1884
12.4143
12.6567
12.8942
13.133
13.3697
13.5753
13.7767
14.0083
14.2022
14.4026
14.6265
14.8241
15.0575
15.2694
15.4888
15.7116
15.9446
16.1556
16.3747
16.5762
16.7752
17.0226
17.2352
17.4638
17.7002
17.9275
18.1567
18.393
18.6292
18.8661
19.0609
19.2616
19.4913
19.7
19.9301
20.1656
20.4058
20.6415
20.8355
21.0365
21.2675
21.5095
21.7638
21.9901
22.1709
22.4018
22.6082
22.8044
23.0367
23.2371
23.4666
23.6732
23.8642
24.1098
24.349
24.5391
24.7715
25.0138
25.2127
25.4374
25.6761
25.8766
26.0901
26.31
26.512
26.7231
26.9506
27.1592
27.3783
27.607
27.8169
28.0167
28.2526
28.4874
28.6896
28.8935
29.1205
29.3165
29.5562
29.7918
29.9937
30.223
30.4606
30.6937
30.89
31.0944
31.3278
31.5496
31.7489
31.9831
32.179
32.3864
32.5894
32.7889
32.9944
33.2108
33.4136
33.6379
33.8738
34.0744
34.3058
34.5047
34.7056
34.9385
35.1359
35.3426
35.5511
35.78
35.9801
36.2159
36.4555
36.6564
36.8858
37.0853
37.2713
37.5083
37.7338
37.9324
38.1647
38.3648
38.6011
38.8476
39.0462
39.2747
39.478
39.7091
39.9121
40.1062
40.3182
40.5444
40.7496
40.9477
41.1801
41.4183
41.6211
41.813
42.0575
42.2544
42.4569
42.6977
42.9337
43.1448
43.3742
43.6131
43.8229
44.0122
44.2418
44.47
44.6753
44.8991
45.1001
45.3137
45.5146
45.718
45.956
46.1826
46.3818
46.5831
46.79
46.9931
47.1957
47.4326
47.665
47.9079
48.1405
48.3616
48.564
48.81
49.0348
49.2353
49.4617
49.6659
49.8923
50.0905
50.2911
50.5195
50.7405
50.9671
51.2168
51.4329
51.6624
51.8607
52.0989
52.3017
52.4999
52.7042
52.9333
53.1352
53.3664
53.5699
53.8082
54.043
54.2742
54.513
54.7135
54.9383
55.143
55.3663
55.6017
55.8252
56.0227
56.2614
56.4554
56.6629
56.8667
57.1
57.2978
57.5309
57.7286
57.9382
58.139
58.3673
58.5868
58.8182
59.0218
59.2522
59.4522
59.6443
59.8437
60.0583
60.2768
60.5218
60.7097
60.9363
61.1474
61.3733
61.5845
61.7892
62.0153
62.249
62.4603
62.6586
62.8953
63.1295
63.3369
63.5601
63.7611
63.9593
64.157
64.3611
64.5909
64.7894
65.0314
65.2548
65.4934
65.7206
65.9517
66.1578
66.3561
66.5509
66.7404
66.9413
67.1433
67.3692
67.5716
67.7809
68.0189
68.2392
68.4722
68.6757
68.8742
69.1025
69.3097
69.5377
69.7854
69.9828
70.2195
70.4545
70.6663
70.8761
71.1056
71.3
71.5256
71.7585
71.9548
72.1869
72.4239
72.6217
72.8531
73.0828
73.2854
73.5169
73.7167
73.9548
74.1839
74.3878
74.5883
74.8371
75.0323
75.2475
75.4832
75.68
75.8854
76.119
76.3144
76.513
76.7118
76.9377
77.1404
77.34
77.5805
77.8068
78.0069
78.2322
78.4349
78.6766
78.9051
79.136
79.344
79.5407
79.7849
80.0212
80.2567
80.4913
80.727
80.9256
81.1587
81.3637
81.5659
81.7716
81.997
82.2011
82.3991
82.6229
82.8274
83.0272
83.2649
83.502
83.6997
83.9295
84.1372
84.3699
84.5653
84.7666
85.0031
85.2084
85.4386
85.6332
85.8385
86.0672
86.3034
86.5389
86.7439
86.9713
87.1774
87.4106
87.6411
87.882
88.1083
88.323
88.5157
88.7192
88.9267
89.1532
89.3912
89.5816
89.7958
90.0175
90.2138
90.4501
90.6826
90.8855
91.1247
91.3205
91.5189
91.7264
91.9634
92.1652
92.3702
92.5624
92.7685
92.997
93.1959
93.4103
93.6348
93.8219
94.0256
94.2304
94.4391
94.6366
94.8605
95.0818
95.312
95.534
95.7357
95.9469
96.1433
96.3692
96.5744
96.7748
97.0095
97.2232
97.446
97.651
97.8671
98.0655
98.2812
98.474
98.7128
98.9386
99.146
99.3796
99.6077
99.8134
100.039
100.238
100.471
100.678
100.917
101.144
101.369
101.59
101.793
102.002
102.245
102.471
102.671
102.902
103.139
103.338
103.568
103.767
104.005
104.202
104.4
104.634
104.837
105.069
105.275
105.512
105.726
105.943
106.147
106.353
106.579
106.813
107.048
107.277
107.507
107.74
107.947
108.146
108.349
108.56
108.803
109.007
109.23
109.435
109.644
109.873
110.112
110.316
110.545
110.747
110.969
111.168
111.404
111.602
111.83
112.033
112.267
112.464
112.699
112.93
113.133
113.339
113.565
113.768
113.967
114.179
114.371
114.605
114.81
115.037
115.236
115.431
115.641
115.871
116.07
116.317
116.513
116.715
116.919
117.144
117.382
117.575
117.784
118.017
118.249
118.478
118.722
118.923
119.122
119.319
119.506
119.738
119.94
120.139
120.363
120.587
120.817
121.048
121.248
121.478
121.682
121.926
122.156
122.38
122.579
122.782
122.991
123.224
123.454
123.646
123.85
124.097
124.319
124.553
124.776
124.989
125.186
125.421
125.628
125.859
126.058
126.295
126.494
126.696
126.897
127.127
127.329
127.562
127.758
127.998
128.23
128.433
128.63
128.83
129.071
129.304
129.537
129.743
129.946
130.181
130.381
130.585
130.786
131.013
131.25
131.487
131.72
131.919
132.148
132.356
132.583
132.789
133.021
133.232
133.46
133.658
133.863
134.064
134.263
134.501
134.729
134.956
135.163
135.397
135.626
135.833
136.066
136.263
136.502
136.704
136.935
137.135
137.364
137.6
137.804
138.035
138.238
138.47
138.671
138.903
139.112
139.312
139.513
139.721
139.929
140.134
140.362
140.57
140.806
141.007
141.26
141.463
141.685
141.888
142.129
142.355
142.56
142.794
143.028
143.234
143.46
143.664
143.9
144.127
144.335
144.539
144.761
144.965
145.193
145.388
145.591
145.82
146.025
146.259
146.497
146.73
146.93
147.166
147.361
147.563
147.762
147.996
148.204
148.431
148.629
148.827
149.029
149.267
149.465
149.668
149.897
150.104
150.328
150.533
150.767
150.962
151.165
151.403
151.63
151.846
152.049
152.281
152.512
152.743
152.944
153.147
153.348
153.55
153.781
154.014
154.217
154.421
154.657
154.888
155.106
155.342
155.546
155.778
155.979
156.18
156.379
156.582
156.808
157.042
157.25
157.479
157.711
157.914
158.14
158.342
158.579
158.762
158.994
159.204
159.43
159.633
159.837
160.082
160.307
160.534
160.733
160.932
161.156
161.359
161.587
161.79
162.024
162.231
162.47
162.673
162.884
163.092
163.317
163.54
163.779
163.986
164.207
164.433
164.634
164.865
165.068
165.291
165.502
165.729
165.961
166.163
166.397
166.596
166.826
167.048
167.253
167.454
167.647
167.877
168.073
168.307
168.513
168.741
168.976
169.209
169.445
169.643
169.87
170.08
170.311
170.51
170.757
170.969
171.188
171.387
171.618
171.849
172.087
172.322
172.552
172.783
173.026
173.244
173.442
173.68
173.918
174.117
174.346
174.551
174.788
174.994
175.221
175.43
175.629
175.855
176.059
176.301
176.53
176.753
176.961
177.162
177.364
177.599
177.824
178.038
178.262
178.468
178.703
178.896
179.124
179.321
179.525
179.721
179.924
180.16
180.362
180.598
180.802
181.032
181.23
181.459
181.666
181.869
182.064
182.261
182.501
182.691
182.917
183.121
183.365
183.571
183.8
184.003
184.21
184.409
184.636
184.846
185.069
185.276
185.514
185.736
185.938
186.166
186.378
186.603
186.802
187.009
187.232
187.428
187.657
187.861
188.102
188.299
188.531
188.742
188.964
189.201
189.463
189.686
189.878
190.106
190.314
190.551
190.747
190.973
191.217
191.417
191.647
191.858
192.084
192.287
192.521
192.742
192.953
193.178
193.388
193.618
193.841
194.05
194.252
194.478
194.678
194.92
195.117
195.317
195.548
195.783
195.99
196.222
196.425
196.629
196.852
197.056
197.266
197.495
197.696
197.935
198.158
198.364
198.577
198.786
198.989
199.221
199.45
199.658
199.867
200.11
200.34
200.567
200.772
200.974
201.203
201.434
201.647
201.875
202.116
202.318
202.544
202.749
202.953
203.152
