1.85885
1.85894
2.38871
2.92179
3.39314
3.89869
4.39308
4.89475
5.39285
5.89246
6.40146
6.89296
7.42229
7.89396
8.39663
8.89705
9.39646
9.89664
10.3967
10.8968
11.3969
11.8965
12.4143
12.8968
13.3969
13.9007
14.4029
14.9002
15.4007
15.9448
16.4007
16.9005
17.4004
17.9276
18.4002
18.9048
19.4185
19.9048
20.4134
20.9043
21.4049
21.9145
22.4092
22.9082
23.4083
23.9086
24.4091
24.9091
25.4075
25.9083
26.4081
26.9083
27.4089
27.9088
28.4095
28.9133
29.4133
29.9127
30.4124
30.9121
31.4123
31.9124
32.4126
32.9167
33.4162
33.9164
34.4165
34.9196
35.4208
35.9207
36.4202
36.9206
37.4207
37.9207
38.4211
38.9209
39.4211
39.921
40.4204
40.9211
41.4241
41.9246
42.4251
42.9338
43.4241
43.9243
44.4251
44.9248
45.4244
45.925
46.4252
46.9286
47.4331
47.9282
48.429
48.9285
49.429
49.9285
50.4285
50.929
51.4331
51.933
52.4357
52.9336
53.4332
53.9317
54.433
54.9385
55.4329
55.9322
56.4332
56.9362
57.4362
57.9384
58.4365
58.9371
59.4524
59.9366
60.4365
60.9365
61.4381
61.9408
62.4605
62.9411
63.4407
63.9594
64.4406
64.9413
65.4407
65.952
66.4475
66.9463
67.4485
67.9464
68.4726
68.9486
69.4481
69.9829
70.4549
70.9487
71.4482
71.9549
72.4484
72.9485
73.4489
73.9551
74.4493
74.9484
75.4834
75.9502
76.4518
76.9528
77.4524
77.9532
78.4537
78.9526
79.4528
79.9527
80.4523
80.9529
81.4558
81.9566
82.4566
82.9571
83.4564
83.9562
84.4561
84.9563
85.4568
85.956
86.4568
86.9715
87.4612
87.9603
88.4603
88.9604
89.4607
89.9613
90.4628
90.9615
91.4642
91.9651
92.4651
92.9972
93.4645
93.9651
94.4648
94.9648
95.4652
95.9676
96.4673
96.9676
97.4673
97.9687
98.4742
98.9675
99.4691
99.969
100.472
100.969
101.469
101.977
102.472
102.972
103.473
103.973
104.473
104.972
105.473
105.972
106.473
106.973
107.473
107.973
108.474
109.007
109.477
109.976
110.477
110.976
111.477
111.977
112.477
112.977
113.477
113.976
114.481
114.981
115.481
115.981
116.48
116.981
117.48
117.981
118.481
118.984
119.484
119.985
120.484
120.984
121.485
121.985
122.484
122.992
123.484
123.985
124.485
124.989
125.488
125.989
126.494
126.989
127.488
127.998
128.49
128.993
129.492
129.993
130.493
130.993
131.493
131.992
132.492
132.992
133.492
133.995
134.501
134.996
135.497
135.997
136.502
136.997
137.497
137.997
138.496
139
139.513
140.001
140.501
141.007
141.501
142.001
142.501
143.029
143.503
144.004
144.539
145.004
145.505
146.005
146.505
147.004
147.505
148.005
148.504
149.005
149.505
150.009
150.533
151.009
151.509
152.008
152.509
153.008
153.509
154.015
154.512
155.013
155.512
156.012
156.513
157.042
157.513
158.013
158.512
159.013
159.513
160.017
160.534
161.017
161.517
162.024
162.517
163.017
163.54
164.017
164.517
165.017
165.517
166.021
166.521
167.021
167.521
168.02
168.521
169.021
169.52
170.025
170.524
171.025
171.524
172.024
172.525
173.026
173.525
174.025
174.524
175.025
175.529
176.028
176.53
177.032
177.53
178.039
178.533
179.03
179.531
180.033
180.533
181.033
181.533
182.033
182.533
183.033
183.532
184.033
184.533
185.032
185.533
186.033
186.534
187.036
187.537
188.037
188.537
189.036
189.537
190.036
190.551
191.037
191.537
192.041
192.541
193.04
193.541
194.05
194.541
195.041
195.548
196.041
196.546
197.06
197.542
198.045
198.546
199.049
199.545
200.045
200.545
201.045
201.546
202.049
202.548
203.053
