14.194
14.2084
14.231
14.2449
22.4708
23.0759
23.0953
26.3578
26.369
26.3876
26.4047
27.0072
27.0181
27.0294
27.0486
27.069
27.09
27.2316
27.2497
27.2707
27.2886
31.4196
31.443
33.6098
33.6299
33.6461
34.2473
35.7706
35.7926
35.8108
38.3437
38.3589
38.3795
38.3985
42.9104
44.9072
44.9173
48.6571
51.2778
51.2909
51.301
51.4812
55.1753
56.2358
56.4575
59.0981
63.034
63.0454
68.2804
68.2927
68.3032
68.3143
68.334
68.4735
69.0989
73.4545
74.7281
78.694
80.8288
80.8468
85.3798
90.0636
93.0512
101.091
105.584
108.222
114.064
114.077
122.008
122.027
122.046
122.167
122.178
122.197
122.232
122.247
122.258
122.277
122.298
122.326
123.032
123.042
123.053
123.072
136.49
136.501
136.514
136.532
136.552
143.727
158.816
185.343
186.449
186.465
188.919
189.153
202.365
208.869
209.754
209.768
223.093
225.054
225.074
225.091
225.109
225.119
230.57
239.303
239.494
239.506
241.041
241.724
241.735
241.755
241.776
241.815
241.932
241.947
241.966
243.644
243.656
243.676
243.696
243.843
247.582
247.598
247.609
247.63
251.221
251.231
251.242
251.262
251.285
251.301
254.157
258.763
259.587
262.64
262.659
262.669
263.519
263.531
267.85
267.868
269.58
272.168
272.185
272.201
272.221
274.732
274.933
274.952
274.963
275.343
275.353
277.17
283.298
287.906
289.592
289.616
289.634
289.653
289.681
289.695
296.788
296.808
296.818
297
297.018
297.04
297.06
297.079
297.098
297.113
297.128
297.139
298.959
302.753
303.211
303.232
303.252
303.272
303.291
303.312
303.331
303.342
303.362
310.841
320.186
320.205
320.225
320.25
320.265
320.285
320.307
322.127
327.279
327.296
336.936
336.953
342.392
342.413
342.59
342.601
342.621
342.641
342.661
342.68
342.816
346.124
362.81
362.82
373.789
373.813
395.293
397.518
399.631
399.649
399.669
399.679
399.699
400.049
400.515
403.197
403.217
403.227
403.247
406.324
428.288
428.311
428.515
428.528
428.538
428.558
428.578
428.588
428.598
428.617
428.628
428.638
428.658
428.668
428.738
428.748
428.759
428.778
428.788
428.798
428.81
545.365
547.437
547.455
547.465
547.474
547.488
547.505
547.516
547.535
547.545
547.565
547.585
547.604
552.338
554.792
554.831
554.871
554.91
554.941
554.97
555
555.033
555.071
555.101
555.134
555.171
555.201
555.231
555.263
555.3
555.333
555.374
555.405
555.435
555.479
555.517
555.555
555.585
555.616
555.66
555.702
555.741
555.794
555.838
555.877
555.925
555.961
556.005
556.037
556.076
556.106
556.154
556.192
556.232
556.262
556.301
556.334
556.377
556.407
556.448
556.49
556.527
556.567
556.61
556.646
556.677
556.707
556.742
556.773
556.815
556.852
556.882
556.912
556.951
556.982
557.022
557.062
557.092
557.135
557.171
557.202
557.241
557.275
557.318
557.357
557.387
557.417
557.45
557.487
557.52
557.558
557.599
557.639
557.679
557.715
557.757
557.788
557.822
557.852
557.892
557.933
557.973
558.015
558.053
558.093
558.122
558.163
558.203
558.232
558.267
558.298
558.328
558.363
558.403
558.432
558.462
558.492
558.523
558.553
558.582
558.614
558.653
558.683
558.713
558.742
558.772
558.803
558.832
558.863
558.893
558.933
558.965
559.003
559.033
559.063
559.093
559.133
559.174
559.213
559.256
559.296
559.332
559.363
559.403
559.443
559.473
559.503
559.542
559.573
559.603
559.633
559.663
559.693
559.733
559.764
559.794
559.824
559.854
559.901
559.943
559.973
560.004
560.034
560.063
560.094
560.124
560.154
560.184
560.215
560.255
560.296
560.334
560.365
560.395
560.425
560.455
560.495
560.525
560.565
560.595
560.625
560.667
560.706
560.745
560.784
560.815
560.854
560.884
560.914
560.944
560.974
561.004
561.034
561.064
561.094
561.125
561.155
561.195
561.235
561.278
561.318
561.351
561.39
561.42
561.45
561.479
561.511
561.55
561.58
561.61
561.64
561.67
561.7
561.741
561.78
561.81
561.851
561.889
561.919
561.949
561.979
562.009
562.039
562.069
562.099
562.129
562.159
562.189
562.219
562.249
562.283
562.315
562.354
562.385
562.417
562.455
562.498
562.535
562.575
562.616
562.66
562.691
562.73
562.76
562.79
562.831
562.871
562.91
562.94
562.987
563.025
563.055
563.085
563.115
563.146
563.186
563.226
563.268
563.305
563.335
563.365
563.396
563.426
563.456
563.485
563.517
563.557
563.595
563.626
563.655
563.686
563.717
563.755
563.785
563.817
563.855
563.887
563.919
563.955
563.985
564.015
564.045
564.076
564.106
564.145
564.178
564.216
564.256
564.298
564.334
564.364
564.394
564.425
564.459
564.498
564.535
564.565
564.596
564.639
564.679
564.715
564.745
564.776
564.806
564.836
564.866
564.908
564.946
564.987
565.016
565.058
565.096
565.127
565.157
565.197
565.237
565.266
565.297
565.336
565.378
565.416
565.446
565.477
565.516
565.559
565.596
565.627
565.669
565.707
565.737
565.776
565.807
565.847
565.877
565.918
565.959
565.997
566.037
566.067
566.097
566.127
566.157
566.189
566.228
566.259
566.298
566.327
566.357
566.387
566.418
566.458
566.488
566.518
566.548
566.577
566.607
566.638
566.668
566.703
566.733
566.764
566.794
566.823
566.853
566.883
566.914
566.978
567.009
567.051
567.088
567.118
567.148
567.178
567.209
567.238
567.268
567.298
567.328
567.358
567.389
567.42
567.46
567.499
567.538
567.568
567.597
567.627
567.657
567.686
567.717
567.746
567.781
567.817
567.848
567.888
567.918
567.962
567.992
568.023
568.053
568.094
568.135
568.172
568.202
568.235
568.275
568.314
568.354
568.385
568.424
568.454
568.493
568.524
568.554
568.594
568.637
568.68
568.72
568.764
568.794
568.824
568.865
568.908
568.939
568.983
569.014
569.044
569.073
569.104
569.136
569.178
569.209
569.254
569.284
569.315
569.348
569.387
569.425
569.455
569.485
569.515
569.545
569.574
569.604
569.634
569.664
569.694
569.723
569.753
569.787
569.823
569.854
569.884
569.913
569.946
569.986
570.024
570.065
570.113
570.151
570.189
570.22
570.259
570.289
570.319
570.349
570.379
570.409
570.44
570.469
570.499
570.53
570.559
570.59
570.62
570.65
570.681
570.712
570.752
570.791
570.832
570.871
570.913
570.951
570.991
571.03
571.06
571.091
571.122
571.163
571.203
571.242
571.281
571.311
571.34
571.371
571.401
571.44
571.471
571.51
571.542
571.582
571.623
571.66
571.69
571.721
571.751
571.78
571.81
571.84
571.87
571.9
571.93
571.96
571.99
572.022
572.064
572.103
572.144
572.175
572.205
572.236
572.266
572.306
572.348
572.378
572.417
572.457
572.497
572.536
572.578
572.616
572.656
572.696
572.738
572.776
572.806
572.849
572.886
572.927
572.968
573.006
573.038
573.076
573.109
573.146
573.176
573.206
573.246
573.276
573.317
573.355
573.385
573.415
573.446
573.485
573.516
573.555
573.595
573.637
573.678
573.716
573.758
573.798
573.835
573.866
573.907
573.946
573.976
574.006
574.036
574.066
574.096
574.136
574.165
574.196
574.226
574.256
574.289
574.328
574.369
574.407
574.436
574.466
574.497
574.527
574.557
574.587
574.616
574.647
574.677
574.716
574.746
574.777
574.807
574.837
574.877
574.92
574.957
574.988
575.028
575.06
575.1
575.142
575.173
575.205
575.243
575.273
575.303
575.336
575.375
575.414
575.443
575.473
575.503
575.534
575.563
575.593
575.627
575.664
575.704
575.746
575.785
575.824
575.866
575.905
575.943
575.974
576.004
576.034
576.066
576.105
576.144
576.173
576.203
576.233
576.264
576.297
576.334
576.374
576.416
576.456
576.495
576.533
576.573
576.603
576.635
576.678
576.71
576.749
576.789
576.835
576.876
576.915
576.955
576.998
577.029
577.059
577.09
577.119
577.149
577.192
577.23
577.269
577.315
577.355
577.394
577.453
577.484
577.525
577.572
577.611
577.648
577.679
577.712
577.755
577.797
577.834
577.866
577.909
577.946
577.989
578.02
578.05
578.08
578.12
578.15
578.18
578.21
578.25
578.28
578.31
578.34
578.37
578.4
578.43
578.46
578.491
578.521
578.561
578.591
578.621
578.651
578.692
578.731
578.77
578.8
578.83
578.861
578.901
578.931
578.97
579
579.031
579.077
579.115
579.145
579.175
579.205
579.236
579.265
579.295
579.325
579.355
579.385
579.415
579.446
579.475
579.506
579.546
579.576
579.621
579.66
579.69
579.72
579.75
579.781
579.811
579.851
579.881
579.921
579.951
579.981
580.023
580.061
580.103
580.14
580.171
580.21
580.24
580.27
580.3
580.331
580.361
580.401
580.431
580.461
580.501
580.531
580.56
580.59
580.621
580.65
580.681
580.71
580.741
580.77
580.801
580.831
580.861
580.89
580.92
580.951
580.981
581.011
581.043
581.085
581.116
581.156
581.186
581.216
581.246
581.28
581.324
581.362
581.392
581.422
581.452
581.481
581.511
581.542
581.583
581.612
581.644
581.682
581.712
581.742
581.772
581.802
581.833
581.863
581.893
581.933
581.963
581.994
582.024
582.064
582.093
582.123
582.154
582.194
582.234
582.278
582.309
582.348
582.378
582.419
582.464
582.507
582.538
582.568
582.598
582.637
582.667
582.698
582.729
582.768
582.8
582.838
582.878
582.911
582.952
582.99
583.029
583.073
583.103
583.144
583.183
583.212
583.242
583.272
583.301
583.332
583.361
583.394
583.433
583.472
583.502
583.531
583.562
583.592
583.622
583.652
583.682
583.713
583.753
583.783
583.813
583.843
583.883
583.917
583.947
583.977
584.007
584.038
584.068
584.098
584.129
584.17
584.209
584.25
584.292
584.329
584.36
584.39
584.419
584.449
584.479
584.509
584.54
584.569
584.599
584.63
584.67
584.71
584.751
584.792
584.833
584.87
584.9
584.93
584.96
585.005
585.045
585.087
585.127
585.164
585.195
585.225
585.254
585.284
585.314
585.346
585.385
585.415
585.445
585.475
585.515
585.556
585.598
585.637
585.675
585.71
585.748
585.784
585.814
585.849
585.879
585.913
585.95
585.992
586.029
586.059
586.09
586.12
586.162
586.2
586.243
586.277
586.318
586.348
586.385
586.415
586.456
586.495
586.536
586.578
586.619
586.653
586.694
586.731
586.761
586.791
586.821
586.851
586.881
586.922
586.96
586.99
587.021
587.05
587.081
587.11
587.14
587.17
587.202
587.24
587.27
587.3
587.33
587.361
587.39
587.42
587.454
587.495
587.525
587.555
587.586
587.615
587.645
587.685
587.726
587.765
587.806
587.853
587.89
587.92
587.95
587.98
588.012
588.05
588.08
588.111
588.141
588.17
588.2
588.23
588.26
588.295
588.325
588.355
588.386
588.416
588.446
588.476
588.506
588.536
588.566
588.597
588.627
588.656
588.686
588.716
588.747
588.776
588.807
588.837
588.867
588.897
588.928
588.958
589.004
589.034
589.073
589.104
589.144
589.184
589.222
589.252
589.282
589.312
589.342
589.373
589.403
589.433
589.462
589.492
589.522
589.552
589.583
589.616
589.653
589.683
589.713
589.749
589.789
589.829
589.868
589.899
589.94
589.977
590.007
590.038
590.068
590.098
590.138
590.168
590.21
590.254
590.293
590.334
590.381
590.418
590.455
590.494
590.538
590.568
590.598
590.628
590.659
590.698
590.733
590.763
590.794
590.835
590.874
590.916
590.953
590.985
591.025
591.064
591.106
591.142
591.173
591.204
591.244
591.283
591.312
591.343
591.373
591.403
591.433
591.464
591.494
591.524
591.554
591.584
591.614
591.645
591.687
591.725
591.755
591.785
591.814
591.844
591.875
591.915
591.954
591.994
592.043
592.075
592.114
592.154
592.184
592.214
592.244
592.283
592.314
592.344
592.375
592.424
592.467
592.506
592.547
592.585
592.625
592.659
592.69
592.72
592.761
592.802
592.841
592.88
592.91
592.95
592.991
593.032
593.07
593.1
593.14
593.184
593.215
593.245
593.29
593.33
593.359
593.389
593.419
593.449
593.479
593.509
593.54
593.58
593.61
593.639
593.679
593.719
593.749
593.78
593.822
593.862
593.9
593.939
593.969
593.999
594.029
594.06
594.09
594.138
594.177
594.221
594.268
594.305
594.345
594.385
594.426
594.465
594.495
594.525
594.565
594.595
594.625
594.655
594.687
594.726
594.766
594.796
594.826
594.858
594.895
594.926
594.956
594.986
595.016
595.046
595.076
595.106
595.138
595.176
595.216
595.246
595.286
595.316
595.347
595.377
595.407
595.437
595.477
595.522
595.552
595.592
595.622
595.651
595.681
595.712
595.753
595.792
595.821
595.851
595.881
595.911
595.941
595.972
596.013
596.042
596.082
596.122
596.168
596.207
596.24
596.276
596.306
596.337
596.377
596.406
596.437
596.477
596.519
596.558
596.598
596.627
596.668
596.698
596.737
596.768
596.808
596.838
596.867
596.897
596.927
596.957
596.987
597.028
597.07
597.107
597.136
597.167
597.2
597.245
597.286
597.327
597.358
597.398
597.446
597.482
597.513
597.553
597.592
597.623
597.664
597.703
597.744
597.783
597.813
597.854
597.894
597.933
597.973
598.013
598.043
598.073
598.115
598.153
598.183
598.214
598.257
598.294
598.336
598.375
598.418
598.449
598.479
598.509
598.54
598.578
598.609
598.639
598.678
598.707
598.738
598.768
598.804
598.844
598.883
598.913
598.944
598.984
599.014
599.054
599.096
599.136
599.174
599.212
599.242
599.272
599.303
599.332
599.362
599.392
599.423
599.452
599.483
599.513
599.545
599.585
599.625
599.669
599.712
599.751
599.788
599.819
599.848
599.878
599.909
599.94
599.978
600.009
600.04
600.07
600.109
600.14
600.18
600.21
600.24
600.28
600.313
600.344
600.374
600.404
600.434
600.464
600.494
600.524
600.554
600.585
600.615
600.645
600.685
600.715
600.761
600.802
600.842
600.88
600.91
600.939
600.97
601.002
601.041
601.08
601.121
601.16
601.2
601.24
601.284
601.314
601.344
601.373
601.407
601.446
601.487
601.524
601.554
601.595
601.639
601.669
601.71
601.75
601.779
601.809
601.841
601.88
601.91
601.957
601.995
602.025
602.055
602.095
602.128
602.166
602.206
602.252
602.289
602.319
602.349
602.38
602.409
602.443
602.48
602.542
602.581
602.611
602.64
602.675
602.706
602.739
602.776
602.817
602.857
602.9
602.931
602.973
603.013
603.051
603.094
603.134
603.164
603.195
603.237
603.274
603.305
603.344
603.375
603.415
603.445
603.475
603.517
603.557
603.594
603.624
603.654
603.686
603.724
603.757
603.795
603.825
603.855
603.885
603.916
603.958
604.005
604.036
604.077
604.116
604.148
604.187
604.228
604.266
604.307
604.346
604.388
604.429
604.468
604.507
604.537
604.566
604.606
604.646
604.686
604.715
604.746
604.786
604.816
604.848
604.887
604.927
604.969
605.006
605.036
605.066
605.097
605.127
605.157
605.197
605.227
605.257
605.286
605.316
605.349
605.387
605.417
605.447
605.477
605.507
605.537
605.567
605.597
605.628
605.68
605.718
605.749
605.794
605.839
605.877
605.908
605.941
605.977
606.008
606.038
606.067
606.097
606.134
606.178
606.21
606.248
606.29
606.329
606.371
606.409
606.448
606.478
606.518
606.548
606.578
606.608
606.637
606.668
606.698
606.728
606.758
606.788
606.818
606.849
606.888
606.918
606.949
606.989
607.019
607.049
607.089
607.118
607.149
607.179
607.209
607.249
607.29
607.334
607.373
607.403
607.434
607.464
607.493
607.524
607.554
607.593
607.623
607.653
607.683
607.713
607.744
607.774
607.806
607.843
607.873
607.904
607.934
607.976
608.019
608.049
608.079
608.12
608.163
608.193
608.224
608.254
608.285
608.325
608.364
608.403
608.433
608.464
608.504
608.544
608.586
608.617
608.654
608.694
608.723
608.754
608.793
608.827
608.859
608.889
608.931
608.97
609.009
609.039
609.069
609.1
609.139
609.174
609.207
609.245
609.285
609.314
609.345
609.385
609.424
609.454
609.485
609.514
609.545
609.586
609.631
609.673
609.705
609.735
609.765
609.811
609.841
609.88
609.91
609.941
609.97
610.003
610.043
610.082
610.121
610.16
610.19
610.22
610.25
610.28
610.311
610.352
610.392
610.432
610.471
610.512
610.555
610.586
610.628
610.666
610.696
610.725
610.755
610.786
610.816
610.847
610.888
610.926
610.956
610.986
611.027
611.066
611.108
611.145
611.176
611.206
611.235
611.265
611.296
611.326
611.356
611.386
611.419
611.456
611.486
611.516
611.547
611.589
611.626
611.656
611.687
611.733
611.772
611.807
611.837
611.869
611.908
611.948
611.986
612.016
612.046
612.076
612.106
612.136
612.166
612.196
612.226
612.256
612.287
612.316
612.347
612.377
612.407
612.45
612.49
612.527
612.557
612.587
612.618
612.648
612.678
612.708
612.748
612.787
612.817
612.848
612.887
612.928
612.966
613.006
613.047
613.092
613.136
613.166
613.196
613.227
613.267
613.297
613.332
613.364
613.405
613.442
613.474
613.513
613.543
613.582
613.615
613.652
613.682
613.712
613.742
613.772
613.802
613.842
613.873
613.913
613.955
613.993
614.033
614.062
614.093
614.122
614.153
614.193
614.233
614.263
614.293
614.324
614.363
614.405
614.444
614.484
614.513
614.544
614.574
614.604
614.649
614.693
614.728
614.765
614.803
614.833
614.864
614.896
614.935
614.982
615.023
615.056
615.093
615.123
615.154
615.194
615.236
615.274
615.314
615.346
615.384
615.424
615.465
615.504
615.534
615.563
615.593
615.633
615.665
615.706
615.744
615.783
615.813
615.842
615.872
615.903
615.937
615.973
616.005
616.052
616.089
616.13
616.168
616.198
616.231
616.269
616.3
616.341
616.379
616.41
616.443
616.48
616.51
616.54
616.569
616.601
616.642
616.68
616.712
616.751
616.79
616.821
616.86
616.89
616.92
616.952
616.991
617.021
617.062
617.108
617.146
617.175
617.205
617.235
617.269
617.306
617.337
617.378
617.417
617.455
617.485
617.525
617.554
617.584
617.614
617.645
617.685
617.725
617.767
617.806
617.847
617.887
617.926
617.965
617.996
618.025
618.055
618.085
618.116
618.156
618.195
618.225
618.256
618.295
618.329
618.366
618.396
618.437
618.477
618.516
618.555
618.589
618.626
618.667
618.706
618.736
618.776
618.806
618.845
618.887
618.925
618.955
618.988
619.026
619.055
619.085
619.115
619.146
619.175
619.205
619.236
619.266
619.297
619.337
619.367
619.407
619.437
619.477
619.518
619.558
619.597
619.627
619.666
619.696
619.735
619.765
619.807
619.847
619.886
619.927
619.97
620.001
620.043
620.091
620.133
620.172
620.201
620.231
620.261
620.291
620.321
620.352
620.393
620.432
620.462
620.502
620.532
620.572
620.615
620.652
620.682
620.722
620.753
620.792
620.822
620.852
620.882
620.922
620.954
620.995
621.033
621.072
621.104
621.142
621.179
621.219
621.259
621.297
621.328
621.367
621.397
621.427
621.458
621.488
621.528
621.568
621.598
621.628
621.658
621.687
621.717
621.748
621.778
621.808
621.838
621.868
621.908
621.938
621.97
622.009
622.05
622.089
622.128
622.158
622.19
622.229
622.27
622.311
622.349
622.389
622.422
622.46
622.508
622.539
622.579
622.627
622.663
622.695
622.734
622.774
622.818
622.848
622.879
622.919
622.949
622.979
623.021
623.064
623.104
623.134
623.164
623.194
623.224
623.266
623.303
623.333
623.366
623.403
623.433
623.463
623.494
623.539
623.571
623.611
623.65
623.692
623.729
623.77
623.813
623.847
623.884
623.914
623.955
623.994
624.023
624.059
624.102
624.138
624.168
624.198
624.228
624.258
624.288
624.329
624.359
624.388
624.419
624.449
624.479
624.509
624.539
624.57
624.612
624.651
624.689
624.719
624.749
624.779
624.809
624.839
624.87
624.9
624.93
624.97
625
625.042
625.086
625.128
625.165
625.201
625.239
625.269
625.3
625.33
625.37
625.4
625.429
625.46
625.507
625.546
625.585
625.617
625.655
625.696
625.74
625.77
625.803
625.847
625.888
625.926
625.955
625.995
626.025
626.055
626.094
626.125
626.155
626.194
626.225
626.265
626.295
626.325
626.356
626.4
626.43
626.46
626.491
626.521
626.56
626.593
626.631
626.672
626.711
626.74
626.771
626.8
626.831
626.863
626.9
626.931
626.973
627.019
627.057
627.096
627.138
627.184
627.22
627.251
627.296
627.337
627.378
627.419
627.45
627.48
627.511
627.555
627.584
627.615
627.645
627.674
627.705
627.735
627.765
627.794
627.825
627.856
627.894
627.925
627.968
628.007
628.045
628.088
628.125
628.155
628.187
628.227
628.27
628.3
628.331
628.361
628.391
628.421
628.451
628.482
628.512
628.542
628.571
628.601
628.632
628.662
628.692
628.722
628.752
628.783
628.812
628.842
628.873
628.902
628.936
628.973
629.006
629.038
629.079
629.124
629.162
629.198
629.237
629.267
629.298
629.342
629.372
629.402
629.433
629.463
629.493
629.535
629.575
629.614
629.654
629.693
629.733
629.779
629.818
629.848
629.878
629.919
629.959
629.998
630.028
630.059
630.099
630.139
630.183
630.214
630.253
630.293
630.334
630.374
630.413
630.443
630.483
630.513
630.543
630.573
630.604
630.644
630.683
630.714
630.744
630.774
630.804
630.834
630.874
630.904
630.949
630.989
631.029
631.071
631.113
631.144
631.173
631.204
631.234
631.275
631.319
631.361
631.4
631.439
631.479
631.528
631.561
631.6
631.639
631.669
631.7
631.73
631.76
631.799
631.83
631.871
631.911
631.949
631.979
632.009
632.039
632.07
632.1
632.14
632.18
632.221
632.262
632.299
632.329
632.36
632.399
632.429
632.461
632.5
632.529
632.59
632.63
632.66
632.7
632.742
632.781
632.82
632.849
632.879
632.909
632.939
632.971
633
633.031
633.069
633.1
633.131
633.17
633.199
633.229
633.26
633.291
633.33
633.36
633.399
633.444
633.474
633.504
633.536
633.576
633.613
633.643
633.674
633.704
633.734
633.764
633.795
633.836
633.865
633.907
633.944
633.987
634.024
634.057
634.094
634.125
634.155
634.185
634.215
634.245
634.275
634.321
634.359
634.402
634.442
634.479
634.509
634.539
634.569
634.599
634.639
634.668
634.698
634.728
634.758
634.791
634.828
634.867
634.898
634.928
634.958
634.992
635.029
635.06
635.099
635.143
635.174
635.206
635.244
635.285
635.324
635.363
635.399
635.431
635.469
635.499
635.53
635.57
635.6
635.645
635.687
635.726
635.765
635.795
635.825
635.855
635.884
635.914
635.948
635.985
636.015
636.045
636.075
636.105
636.145
636.187
636.234
636.265
636.304
636.334
636.365
636.396
636.435
636.476
636.508
636.546
636.586
636.626
636.657
636.698
636.739
636.778
636.816
636.856
636.898
636.936
636.976
637.015
637.046
637.085
637.127
637.165
637.195
637.226
637.265
637.296
637.336
637.379
637.416
637.446
637.487
637.517
637.559
637.598
637.637
637.677
637.717
637.759
637.799
637.837
637.867
637.897
637.937
637.977
638.024
638.063
638.102
638.142
638.173
638.216
638.256
638.293
638.337
638.367
638.397
638.427
638.458
638.487
638.518
638.548
638.577
638.608
638.639
638.679
638.717
638.747
638.787
638.828
638.868
638.907
638.949
638.986
639.017
639.057
639.099
639.141
639.172
639.202
639.232
639.262
639.293
639.334
639.364
639.403
639.444
639.484
639.525
639.563
639.602
639.633
639.664
639.704
639.745
639.787
639.817
639.848
639.886
639.916
639.947
639.986
640.018
640.057
640.1
640.131
640.17
640.2
640.23
640.261
640.302
640.341
640.38
640.41
640.441
640.471
640.506
640.543
640.585
640.622
640.652
640.682
640.712
640.743
640.773
640.814
640.843
640.873
640.904
640.935
640.974
641.014
641.045
641.085
641.127
641.166
641.205
641.245
641.286
641.324
641.355
641.397
641.435
641.476
641.516
641.555
641.584
641.614
641.645
641.677
641.715
641.744
641.774
641.805
641.836
641.876
641.916
641.955
641.985
642.025
642.066
642.11
642.151
642.19
642.219
642.25
642.28
642.31
642.351
642.395
642.437
642.475
642.506
642.545
642.606
642.646
642.676
642.706
642.736
642.766
642.796
642.825
642.856
642.886
642.927
642.965
642.996
643.026
643.067
643.108
643.146
643.176
643.216
643.256
643.286
643.316
643.357
643.397
643.436
643.466
643.505
643.535
643.57
643.606
643.636
643.666
643.698
643.737
643.767
643.807
643.849
643.887
643.917
643.957
643.988
644.027
644.057
644.1
644.136
644.168
644.206
644.236
644.266
644.296
644.327
644.367
644.407
644.437
644.468
644.51
644.542
644.582
644.612
644.642
644.672
644.711
644.751
644.781
644.811
644.841
644.871
644.902
644.932
644.965
645.005
645.041
645.072
645.102
645.132
645.162
645.194
645.23
645.27
645.306
645.335
645.366
645.41
645.441
645.472
645.502
645.532
645.575
645.612
645.642
645.672
645.703
645.732
645.762
645.793
645.823
645.853
645.895
645.935
645.973
646.013
646.055
646.096
646.127
646.158
646.197
646.232
646.264
646.303
646.332
646.363
646.405
646.443
646.473
646.515
646.553
646.584
646.634
646.673
646.705
646.744
646.788
646.818
646.859
646.898
646.928
646.964
646.994
647.023
647.053
647.083
647.114
647.144
647.184
647.213
647.243
647.273
647.304
647.334
647.363
647.394
647.423
647.453
647.484
647.514
647.544
647.573
647.604
647.635
647.674
647.704
647.734
647.764
647.794
647.824
647.854
647.884
647.914
647.944
647.984
648.014
648.044
648.077
648.113
648.143
648.174
648.204
648.234
648.274
648.303
648.335
648.374
648.403
648.434
648.464
648.495
648.525
648.557
648.595
648.635
648.685
648.725
648.765
648.795
648.825
648.864
648.899
648.936
648.966
648.996
649.026
649.056
649.086
649.115
649.146
649.175
649.205
649.235
649.276
649.319
649.353
649.392
649.431
649.477
649.515
649.545
649.575
649.605
649.636
649.666
649.696
649.728
649.767
649.805
649.835
649.865
649.895
649.926
649.956
649.995
650.026
650.056
650.095
650.125
650.163
650.202
650.241
650.272
650.311
650.351
650.39
650.42
650.45
650.483
650.52
650.55
650.581
650.622
650.663
650.699
650.73
650.77
650.809
650.852
650.889
650.93
650.972
651.013
651.049
651.08
651.11
651.14
651.171
651.21
651.24
651.27
651.3
651.333
651.372
651.409
651.439
651.469
651.5
651.53
651.56
651.591
651.621
651.65
651.681
651.711
651.741
651.771
651.803
651.842
651.872
651.911
651.95
651.98
652.01
652.041
652.072
652.11
652.142
652.182
652.222
652.264
652.301
652.332
652.377
652.407
652.436
652.466
652.496
652.526
652.556
652.602
652.643
652.673
652.714
652.752
652.781
652.811
652.842
652.872
652.902
652.933
652.963
652.992
653.022
653.054
653.101
653.133
653.173
653.215
653.256
653.288
653.328
653.358
653.387
653.418
653.451
653.488
653.518
653.552
653.59
653.629
653.671
653.708
653.738
653.78
653.817
653.852
653.882
653.913
653.943
653.988
654.027
654.061
654.098
654.128
654.158
654.188
654.218
654.258
654.288
654.318
654.348
654.378
654.407
654.439
654.478
654.508
654.538
654.568
654.598
654.629
654.658
654.689
654.73
654.771
654.808
654.838
654.87
654.909
654.939
654.969
655.001
655.039
655.069
655.101
655.141
655.179
655.209
655.238
655.269
655.298
655.328
655.358
655.389
655.419
655.448
655.479
655.509
655.538
655.569
655.599
655.639
655.669
655.71
655.754
655.784
655.815
655.845
655.884
655.914
655.954
655.983
656.015
656.056
656.096
656.136
656.176
656.215
656.261
656.3
656.332
656.362
656.4
656.43
656.47
656.51
656.552
656.589
656.619
656.65
656.689
656.719
656.749
656.783
656.82
656.85
656.88
656.91
656.941
656.971
657.01
657.041
657.08
657.114
657.151
657.181
657.22
657.253
657.291
657.32
657.351
657.38
657.411
657.441
657.472
657.511
657.55
657.582
657.624
657.667
657.706
657.755
657.785
657.829
657.86
657.899
657.93
657.96
657.999
658.029
658.06
658.1
658.132
658.17
658.2
658.23
658.26
658.29
658.319
658.35
658.38
658.41
658.441
658.481
658.511
658.55
658.581
658.612
658.654
658.694
658.737
658.776
658.816
658.856
658.897
658.935
658.975
659.017
659.054
659.084
659.124
659.166
659.204
659.234
659.264
659.295
659.327
659.373
659.411
659.451
659.493
659.532
659.57
659.601
659.63
659.66
659.692
659.721
659.751
659.781
659.811
659.85
659.88
659.91
659.94
659.97
660.001
660.041
660.081
660.12
660.151
660.191
660.231
660.27
660.301
660.333
660.371
660.401
660.432
660.471
660.501
660.531
660.561
660.591
660.621
660.651
660.682
660.711
660.741
660.771
660.802
660.844
660.882
660.912
660.951
660.981
661.014
661.053
661.095
661.136
661.167
661.197
661.227
661.257
661.287
661.317
661.347
661.379
661.418
661.459
661.497
661.527
661.558
661.598
661.639
661.678
661.708
661.738
661.775
661.812
661.842
661.873
661.913
661.943
661.973
662.013
662.052
662.082
662.122
662.152
662.182
662.212
662.241
662.271
662.303
662.341
662.38
662.415
662.454
662.493
662.537
662.579
662.63
662.66
662.69
662.721
662.751
662.781
662.813
662.859
662.897
662.938
662.978
663.018
663.058
663.091
663.127
663.157
663.187
663.218
663.248
663.292
663.323
663.356
663.397
663.43
663.47
663.501
663.538
663.568
663.598
663.63
663.668
663.698
663.729
663.762
663.798
663.829
663.859
663.899
663.929
663.959
663.998
664.028
664.069
664.107
664.136
664.167
664.198
664.237
664.276
664.319
664.358
664.397
664.439
664.485
664.52
664.552
664.592
664.637
664.683
664.722
664.751
664.784
664.824
664.863
664.893
664.923
664.959
664.989
665.02
665.063
665.103
665.134
665.163
665.193
665.224
665.257
665.294
665.324
665.355
665.385
665.415
665.445
665.485
665.526
665.566
665.608
665.645
665.676
665.705
665.736
665.766
665.795
665.827
665.866
665.896
665.936
665.966
665.996
666.036
666.076
666.106
666.146
666.186
666.226
666.266
666.296
666.326
666.356
666.385
666.415
666.445
666.475
666.505
666.536
666.575
666.606
666.636
666.666
666.705
666.735
666.765
666.795
666.825
666.866
666.906
666.947
666.991
667.021
667.051
667.089
667.125
667.156
667.197
667.236
667.266
667.295
667.326
667.355
667.386
667.429
667.466
667.505
667.536
667.576
667.616
667.645
667.684
667.721
667.751
667.781
667.81
667.841
667.881
667.911
667.941
667.971
668.002
668.031
668.061
668.091
668.121
668.151
668.183
668.222
668.251
668.282
668.312
668.356
668.387
668.427
668.457
668.498
668.546
668.577
668.607
668.637
668.667
668.696
668.726
668.757
668.787
668.817
668.847
668.877
668.907
668.937
668.967
669.007
669.037
669.068
669.106
669.136
669.167
669.207
669.252
669.287
669.317
669.347
669.379
669.418
669.447
669.477
669.507
669.538
669.579
669.622
669.652
669.684
669.723
669.754
669.794
669.833
669.863
669.893
669.923
669.953
669.983
670.023
670.063
670.103
670.143
670.185
670.223
670.264
670.309
670.349
670.388
670.429
670.469
670.508
670.548
670.578
670.608
670.648
670.677
670.719
670.759
670.802
670.833
670.875
670.916
670.953
670.983
671.026
671.063
671.093
671.134
671.176
671.213
671.243
671.273
671.303
671.334
671.364
671.4
671.445
671.486
671.526
671.564
671.594
671.623
671.653
671.684
671.72
671.759
671.788
671.819
671.851
671.889
671.919
671.949
672
672.04
672.071
672.109
672.139
672.179
672.209
672.239
672.271
672.313
672.349
672.38
672.415
672.454
672.484
672.514
672.545
672.574
672.606
672.648
672.684
672.715
672.756
672.796
672.835
672.874
672.904
672.943
672.98
673.02
673.062
673.099
673.13
673.169
673.21
673.252
673.29
673.329
673.36
673.4
673.44
673.472
673.511
673.55
673.579
673.61
673.64
673.686
673.727
673.765
673.811
673.85
673.891
673.937
673.976
674.015
674.045
674.074
674.104
674.134
674.165
674.195
674.225
674.255
674.287
674.325
674.355
674.387
674.425
674.455
674.486
674.516
674.545
674.577
674.616
674.646
674.676
674.706
674.736
674.767
674.806
674.836
674.865
674.895
674.925
674.955
674.985
675.015
675.046
675.085
675.116
675.156
675.186
675.226
675.256
675.286
675.316
675.355
675.386
675.426
675.465
675.495
675.525
675.555
675.585
675.615
675.655
675.695
675.725
675.755
675.786
675.826
675.856
675.895
675.926
675.968
676.007
676.047
676.086
676.116
676.146
676.176
676.215
676.245
676.275
676.305
676.335
676.365
676.398
676.436
676.476
676.516
676.556
676.586
676.617
676.656
676.686
676.716
676.746
676.776
676.806
676.836
676.866
676.896
676.926
676.956
676.986
677.016
677.046
677.075
677.106
677.136
677.166
677.196
677.227
677.267
677.296
677.331
677.362
677.403
677.445
677.484
677.521
677.563
677.604
677.645
677.682
677.722
677.752
677.793
677.839
677.885
677.924
677.962
677.992
678.022
678.053
678.085
678.123
678.153
678.193
678.223
678.253
678.283
678.313
678.343
678.373
678.404
678.434
678.464
678.493
678.523
678.554
678.584
678.614
678.643
678.674
678.703
678.734
678.764
678.794
678.824
678.854
678.894
678.924
678.964
678.994
679.024
679.053
679.083
679.114
679.144
679.174
679.204
679.243
679.274
679.304
679.344
679.385
679.425
679.466
679.504
679.533
679.564
679.593
679.634
679.673
679.703
679.738
679.769
679.798
679.828
679.858
679.898
679.94
679.978
680.008
680.048
680.089
680.135
680.174
680.214
680.258
680.289
680.319
680.349
680.38
680.42
680.46
680.5
680.53
680.576
680.617
680.655
680.685
680.714
680.744
680.775
680.805
680.835
680.868
680.905
680.934
680.964
680.994
681.024
681.055
681.1
681.142
681.187
681.225
681.27
681.318
681.355
681.385
681.424
681.456
681.494
681.535
681.575
681.613
681.643
681.674
681.704
681.744
681.775
681.817
681.862
681.899
681.938
681.968
681.998
682.029
682.059
682.099
682.129
682.159
682.19
682.229
682.259
682.299
682.342
682.38
682.418
682.45
682.493
682.533
682.569
682.604
682.65
682.693
682.729
682.759
682.789
682.82
682.85
682.89
682.929
682.959
682.99
683.019
683.049
683.079
683.11
683.14
683.17
683.201
683.24
683.28
683.31
683.35
683.391
683.432
683.471
683.5
683.532
683.57
683.611
683.651
683.681
683.72
683.75
683.78
683.81
683.84
683.871
683.912
683.95
683.981
684.01
684.041
684.072
684.101
684.131
684.161
684.193
684.232
684.262
684.292
684.323
684.355
684.393
684.432
684.471
684.501
684.532
684.562
684.591
684.621
684.651
684.682
684.727
684.757
684.787
684.817
684.848
684.877
684.907
684.947
684.982
685.012
685.042
685.072
685.102
685.144
685.184
685.223
685.262
685.293
685.334
685.372
685.402
685.433
685.475
685.513
685.543
685.583
685.612
685.643
685.673
685.703
685.744
685.787
685.818
685.848
685.878
685.919
685.958
685.988
686.027
686.057
686.087
686.117
686.148
686.188
686.217
686.248
686.278
686.308
686.338
686.368
686.398
686.428
686.458
686.488
686.518
686.548
686.59
686.621
686.658
686.69
686.729
686.767
686.797
686.837
686.867
686.897
686.937
686.967
686.997
687.039
687.079
687.121
687.158
687.188
687.22
687.263
687.299
687.33
687.369
687.411
687.448
687.48
687.523
687.555
687.584
687.614
687.655
687.696
687.734
687.774
687.815
687.855
687.898
687.93
687.971
688.008
688.038
688.069
688.099
688.129
688.159
688.196
688.235
688.264
688.294
688.338
688.369
688.412
688.451
688.491
688.528
688.559
688.589
688.619
688.649
688.679
688.708
688.737
688.768
688.799
688.83
688.871
688.909
688.939
688.969
689.008
689.038
689.069
689.109
689.149
689.179
689.208
689.238
689.269
689.299
689.339
689.381
689.418
689.456
689.492
689.522
689.552
689.582
689.613
689.653
689.683
689.712
689.747
689.786
689.826
689.866
689.903
689.934
689.968
690.005
690.054
690.085
690.127
690.166
690.208
690.245
690.276
690.305
690.336
690.376
690.415
690.445
690.476
690.505
690.536
690.566
690.596
690.635
690.665
690.696
690.737
690.775
690.817
690.855
690.895
690.934
690.972
691.016
691.063
691.101
691.145
691.176
691.206
691.235
691.265
691.297
691.335
691.375
691.405
691.436
691.469
691.505
691.535
691.565
691.595
691.625
691.655
691.687
691.725
691.755
691.786
691.827
691.865
691.896
691.926
691.956
691.986
692.016
692.046
692.076
692.116
692.146
692.176
692.207
692.236
692.266
692.297
692.337
692.376
692.406
692.436
692.467
692.497
692.537
692.582
692.612
692.652
692.692
692.733
692.774
692.811
692.841
692.871
692.912
692.953
692.995
693.027
693.057
693.086
693.117
693.147
693.187
693.218
693.249
693.288
693.328
693.357
693.387
693.418
693.458
693.488
693.518
693.559
693.599
693.639
693.678
693.708
693.748
693.788
693.817
693.848
693.888
693.928
693.957
693.987
694.018
694.048
694.077
694.108
694.138
694.168
694.211
694.242
694.283
694.325
694.366
694.397
694.438
694.476
694.506
694.537
694.568
694.598
694.641
694.679
694.726
694.763
694.793
694.824
694.854
694.897
694.934
694.964
695.006
695.047
695.083
695.113
695.143
695.173
695.203
695.234
695.265
695.305
695.344
695.374
695.403
695.434
695.467
695.504
695.534
695.564
695.594
695.625
695.654
695.684
695.715
695.745
695.774
695.804
695.834
695.865
695.895
695.924
695.954
695.984
696.016
696.058
696.097
696.136
696.175
696.214
696.245
696.286
696.327
696.365
696.404
696.435
696.464
696.495
696.524
696.554
696.584
696.614
696.645
696.675
696.705
696.734
696.764
696.794
696.824
696.854
696.884
696.915
696.954
696.984
697.014
697.056
697.095
697.124
697.155
697.185
697.215
697.245
697.287
697.324
697.356
697.396
697.436
697.478
697.518
697.558
697.597
697.645
697.677
697.716
697.756
697.786
697.816
697.846
697.875
697.906
697.935
697.966
697.995
