0.00135091
0.00343845
0.0296017
0.000642469
0.0047199
0.00320469
0.00262648
0.00959664
0.0273114
0.00471733
0.0148227
0.0368992
0.00706758
0.00106398
0.0047028
0.00166392
0.0102452
0.0080383
0.00258692
0.00230715
0.003542
0.00737444
0.00150235
0.00556765
0.00729007
0.0173112
0.00112474
0.00160931
0.00304353
0.00233359
0.00457814
0.00155664
0.00344086
0.0102649
0.0171956
0.00787666
0.00396886
0.0011525
0.00122128
0.00924343
0.00611426
0.00163154
0.000971736
0.00136286
0.00300912
0.000934619
0.000784179
0.00240956
0.00476777
0.00443708
0.0106288
0.00478666
0.00418854
0.0022436
0.00446349
0.0050696
0.0093351
0.00476307
0.00491898
0.0155756
0.00187151
0.0120085
0.00301883
0.0103567
0.0012058
0.000896213
0.000849545
0.0229826
0.000835164
0.00344667
0.0122518
0.0130769
0.00287237
0.0193179
0.00420047
0.0190725
0.00451664
0.0247463
0.00220956
0.00327638
0.0134079
0.000787056
0.00330737
0.00114807
0.0144947
0.00144919
0.00231253
0.00199679
0.0126551
0.00276685
0.0211521
0.00802318
0.00998604
0.0024187
0.0108462
0.00174115
0.00446033
0.00148943
0.00163527
0.0133843
0.0234298
0.00164172
0.00405778
0.00145998
0.0241007
0.0252322
0.00315159
0.0262214
0.00186186
0.00462073
0.00154517
0.00115495
0.0393401
0.0129003
0.00205332
0.00652267
0.00373615
0.0191706
0.0012764
0.0136445
0.0232374
0.00129804
0.0051655
0.00720248
0.0125438
0.00374989
0.001772
0.00397757
0.00114167
0.000861382
0.0083708
0.0108993
0.0305982
0.0109432
0.0185303
0.000767832
0.00163879
0.00455044
0.00414987
0.00142932
0.0104977
0.00195894
0.000982522
0.0125364
0.022981
0.0010157
0.0010291
0.00613772
0.0214211
0.000876937
0.0103376
0.0140719
0.015059
0.0231142
0.00140842
0.00386841
0.006143
0.0206043
0.0071706
0.0215502
0.0195766
0.0236787
0.00187698
0.0242097
0.01138
0.00166845
0.0326328
0.011321
0.0267989
0.00751601
0.00722753
0.0103937
0.00632748
0.00137692
0.00268011
0.00410686
0.0021603
0.00664199
0.000983663
0.00150563
0.0212446
0.00678315
0.0277887
0.0125029
0.0187665
0.00920326
0.0186095
0.0180951
0.00241991
0.00057574
0.00327005
0.0023519
0.00651613
0.00213603
0.000662087
0.011513
0.010713
0.0142419
0.00696026
0.00316052
0.0171548
0.0152273
0.0372295
0.000839593
0.000670515
0.00887486
0.00564658
0.0103735
0.00333821
0.00142044
0.00388861
0.00139527
0.00171094
0.00143353
0.0112381
0.0010534
0.0260682
0.00264823
0.00187972
0.00676293
0.0194355
0.015009
0.0122055
0.0102471
0.0084156
0.00644219
0.000685226
0.00442597
0.00574047
0.00202779
0.00417134
0.00252925
0.00375205
0.00238296
0.00101034
0.0034561
0.00162871
0.0159399
0.00130086
0.00975856
0.00406712
0.0249082
0.00251356
0.00106877
0.00102343
0.0059463
0.0232643
0.0194477
0.0029193
0.00103388
0.000693408
0.00164936
0.022419
0.0010239
0.00395638
0.00887155
0.004155
0.00593217
0.00676118
0.00550631
0.00443261
0.00718386
0.00192043
0.00112938
0.00247941
0.00166544
0.00290046
0.00115115
0.00390204
0.0181187
0.00151925
0.00294809
0.00150379
0.00575285
0.00157371
0.00150603
0.00169669
0.00669128
0.00196545
0.00535655
0.00576998
0.00218209
0.0014208
0.00276746
0.0104595
0.0117563
0.00289558
0.0114737
0.0019734
0.00178348
0.00638339
0.0155545
0.0123124
0.0066875
0.00523874
0.00263966
0.0133757
0.00451701
0.00843722
0.00606482
0.00420674
0.00273062
0.0139495
0.00727168
0.00992181
0.00446949
0.00171297
0.00350202
0.00090432
0.00431835
0.00104297
0.0211225
0.0021698
0.0190288
0.00237152
0.00221296
0.00157958
0.00486407
0.00126953
0.00441671
0.00564984
0.00658962
0.00452667
0.00413163
0.00234476
0.00243159
0.00158869
0.0152489
0.00529087
0.0163897
0.0126623
0.00177021
0.00246353
0.00530243
0.00285824
0.010112
0.00537666
0.00361362
0.00300938
0.0141725
0.00517178
0.0102489
0.00369849
0.00257258
0.0165804
0.00591598
0.00546023
0.00571638
0.00500574
0.00197345
0.0104036
0.00165583
0.000984878
0.00294468
0.0076188
0.00953272
0.00183147
0.0203693
0.0014159
0.0165799
0.00273814
0.00135117
0.001401
0.0174776
0.00155823
0.00122602
0.00507388
0.00825676
0.00119483
0.00146777
0.00325994
0.00116107
0.0122029
0.00192083
0.00125746
0.000951104
0.0118648
0.0186732
0.00809036
0.00107342
0.0160937
0.000311193
0.0197443
0.000741645
0.000986905
0.00741489
0.00152302
0.00136512
0.00522894
0.0110041
0.000901914
0.000724802
0.00165568
0.00125353
0.00655542
0.019744
0.00362095
0.00274661
0.00179795
0.00958647
0.00688531
0.00574924
0.00675264
0.00411092
0.00336046
0.00169765
0.00190773
0.00092644
0.0101
0.00221242
0.0124815
0.0105992
0.00815631
0.00696133
0.0070109
0.00513951
0.00572924
0.0257593
0.0129121
0.0176009
0.00896145
0.0140033
0.0101469
0.00528435
0.00670698
0.00379515
0.00412628
0.00298667
0.008676
0.00143822
0.00398305
0.00294748
0.00300758
0.00164912
0.00105499
0.0108409
0.000984077
0.0012172
0.00690202
0.00337874
0.00489121
0.00486978
0.00135001
0.000687601
0.0248542
0.0222574
0.0269667
0.0252219
0.0305874
0.0225696
0.0225368
0.0317572
0.0226331
0.0224028
0.0214748
0.0232597
0.0193466
0.0181597
0.0149752
0.021445
0.0151997
0.0155928
0.00980467
0.0162101
0.00697513
0.00742343
0.00727707
0.00856438
0.00290338
0.00502003
0.00663331
0.0010202
0.00235542
0.00277683
0.00118732
0.00230971
0.00437315
0.00360412
