7.93967
9.56126
11.364
12.2411
12.4742
14.2655
15.5156
15.7374
16.1921
17.926
18.9973
20.0995
20.5045
21.1588
22.4939
23.1068
24.8714
25.6948
26.4199
27.1096
27.3018
28.5434
29.6795
31.2112
31.4628
31.6233
33.35
33.6592
34.2613
34.8915
35.8347
36.8316
38.4205
39.4125
40.5255
41.1755
42.9236
44.6769
44.9279
45.1515
45.3563
47.0841
48.4188
48.6696
48.8864
49.173
50.8218
51.3126
51.5052
51.9007
53.6482
55.1927
56.2532
56.4763
56.6942
58.456
59.1259
60.5877
62.4135
62.8437
63.0678
64.8768
66.5306
67.8376
68.3534
68.4884
69.1091
70.8332
71.6569
73.472
74.3188
74.5403
74.7403
75.457
77.138
78.4607
78.715
80.4066
80.8591
82.4862
82.7363
84.456
84.9229
85.3916
86.4259
88.0832
88.9444
90.0749
91.3471
93.0692
93.3073
93.9602
95.4318
96.0867
97.6337
98.0807
99.6207
101.103
102.738
104.247
105.147
105.596
107.145
108.243
108.425
110.123
110.299
111.194
112.256
114.109
115.573
116.914
118.734
120.447
122.058
122.356
123.085
124.717
125.17
125.363
126.702
128.472
129.551
130.622
132.286
133.151
134.762
136.574
136.676
137.362
139.091
139.549
140.96
141.155
142.879
143.298
143.743
144.772
145.232
147.034
147.695
148.55
150.253
151.14
152.184
153.867
155.557
156.021
157.733
158.831
159.879
161.423
162.284
164.03
164.218
164.638
165.523
165.967
167.501
169.342
170.209
170.625
172.323
174.077
175.154
175.391
176.287
176.895
178.254
178.44
180.152
181.434
182.108
182.971
184.028
185.361
186.484
187.345
188.93
189.171
189.766
191.463
192.364
193.005
193.245
193.425
194.091
195.747
196.152
197.174
198.694
199.144
200.903
202.385
204.064
205.575
205.824
207.16
208.889
209.787
211.267
211.475
213.253
214.922
216.682
218.392
218.615
220.07
221.169
222.858
223.11
224.179
225.14
225.249
226.361
227.926
228.397
229.923
230.583
231.218
231.672
232.312
232.545
234.279
235.173
235.562
237.084
237.289
239.109
239.315
239.527
241.058
241.838
241.989
243.706
243.859
244.729
246.253
247.649
249.475
249.684
250.37
251.313
252.579
254.174
254.364
255.087
256.779
257.438
258.782
259.187
259.603
261.33
262.679
263.553
265.279
267.041
267.893
269.605
271.294
272.244
273.868
274.753
274.983
275.365
277.19
278.892
280.321
280.695
282.44
283.31
285.055
286.606
287.924
289.713
291.484
293.296
295.047
296.839
297.163
298.983
300.719
302.51
302.772
303.39
305.023
306.733
308.496
310.212
310.401
310.866
312.577
314.41
316.09
317.925
319.715
320.335
322.146
323.866
324.686
325.123
326.834
327.325
329.073
330.888
332.509
334.303
336.066
336.964
338.048
339.749
339.979
340.147
341.973
342.157
342.433
342.692
342.835
344.543
346.147
347.906
348.132
349.826
351.627
353.375
355.086
356.851
357.062
358.842
360.398
360.831
362.581
362.842
363.484
365.204
365.652
367.428
369.176
370.912
372.71
373.161
373.835
375.557
377.379
378.936
379.596
381.353
383.084
384.886
386.717
388.451
388.888
389.988
391.07
392.883
393.114
393.315
395.065
395.307
395.505
395.927
397.538
397.709
399.431
399.719
400.069
400.533
400.757
402.527
403.258
404.509
406.334
407.426
408.121
409.766
411.473
411.704
412.618
413.271
415.069
415.975
417.71
417.935
419.664
420.685
421.531
423.265
424.345
424.779
426.319
427.612
427.81
428.329
428.688
428.834
430.686
432.427
433.327
435.024
435.731
437.489
439.21
441.001
442.76
444.387
446.123
446.825
448.615
449.251
450.613
450.854
452.694
454.336
456.086
457.894
459.657
461.404
461.634
463.383
465.204
466.901
468.593
470.341
472.131
473.847
475.643
477.373
479.139
480.931
481.633
482.517
484.236
485.983
487.528
489.283
489.942
491.673
493.386
495.103
496.851
497.102
498.843
499.04
500.78
501.428
503.143
504.879
506.668
508.295
510.039
511.809
513.568
515.361
517.137
518.907
520.656
522.337
524.097
525.735
527.509
529.207
530.935
532.649
534.457
536.147
537.891
539.642
541.409
543.195
544.967
545.169
545.387
547.206
547.62
549.433
550.524
552.361
554.142
