0.000000
0.000000
0.000000
0.000000
60.759998
60.770000
60.797001
60.827000
62.192001
68.223999
71.213997
75.349998
94.153999
101.683998
104.686996
108.672997
110.209000
118.273003
132.348007
159.852005
178.373001
196.347000
207.391006
217.977997
220.459000
222.613007
224.115997
224.181000
224.951004
226.901993
228.664993
231.289001
232.869995
233.429993
233.438004
233.503998
233.574005
235.320999
243.862000
254.582001
259.056000
262.476013
267.269989
270.403015
272.934998
274.145996
274.164001
274.312988
274.421997
275.282990
277.117004
280.427002
282.397003
283.467010
284.714996
287.200989
288.471008
291.256012
295.274994
299.359985
305.106995
308.690002
312.865997
315.704010
319.014008
322.398987
328.613007
333.398987
340.881989
355.175995
357.497986
361.234985
368.372986
373.569000
379.437012
388.118011
394.066986
401.234009
407.015991
414.862000
419.867004
423.434998
429.385010
434.152008
439.359985
444.489990
447.157013
450.118988
458.386993
461.592987
461.679993
463.087006
464.351990
469.601013
481.458008
497.710999
523.067017
527.309021
533.918030
546.489990
564.440979
566.931030
568.429993
571.593018
573.992981
577.280029
589.210022
608.851013
621.153992
630.250000
641.268982
649.361023
655.101013
661.015015
670.432983
676.875977
682.773010
692.721008
700.572998
708.921021
719.908997
723.189026
724.903015
729.028015
749.591003
751.458984
751.966980
756.447021
763.088013
763.203003
763.405029
763.560974
763.742004
773.065002
788.781006
793.611023
804.796021
818.822021
827.669006
837.750977
848.203979
856.679993
865.869995
870.552002
872.020996
872.351990
875.744019
885.525024
892.210022
893.263000
900.056030
911.664001
911.768005
913.601990
918.812988
925.447021
930.726990
938.664978
944.250000
955.176025
963.202026
972.177002
987.620972
998.260010
1005.806030
1007.838013
1009.158997
1012.859985
1013.171021
1013.806030
1014.723022
1016.260010
1018.643982
1019.393005
1019.994995
1020.122986
1027.151978
1033.712036
1046.995972
1049.166016
1051.328979
1052.459961
1053.750977
1058.019043
1072.738037
1082.790039
1086.833984
1092.713989
1097.583008
1102.897949
1107.196045
1115.112061
1121.161011
1127.366943
1137.482056
1145.732056
1152.786987
1162.322021
1168.012939
1173.930054
1182.446045
1192.199951
1196.746948
1198.380981
1200.425049
1214.491943
1224.166016
1228.286011
1233.454956
1242.000000
1248.494019
1256.166992
1265.447998
1283.563965
1292.062988
1301.854980
1306.813965
1308.822021
1318.060059
1330.090942
1339.936035
1347.123047
1350.951050
1353.723999
1355.942993
1360.883057
1383.051025
1393.173950
1399.748047
1412.060059
1416.911987
1423.598999
1431.005981
1439.983032
1445.484985
1456.204956
1462.542969
1470.907959
1474.114014
1479.897949
1486.279053
1487.810059
1494.668945
1505.557983
1509.598022
1512.305054
1515.661987
1521.807007
1539.058960
1578.213989
1588.827026
1596.894043
1602.724976
1607.292969
1610.297974
1614.213989
1621.572021
1636.875977
1648.228027
1661.337036
1664.479980
1666.442993
1672.017944
1680.064941
1689.003052
1691.895020
1700.541016
1707.116943
1712.261963
1719.551025
1732.463989
1746.947998
1758.311035
1763.077026
1765.305054
1769.041992
1779.401001
1787.720947
1797.644043
1807.530029
1810.265991
1816.947021
1823.505005
1834.732056
1848.272949
1856.056030
1863.635986
1867.366943
1869.840942
1872.936035
1876.239014
1885.857056
1893.650024
1896.614014
1903.011963
1907.745972
1912.620972
1920.349976
1924.228027
1928.222046
1942.605957
1953.357056
1965.098999
1980.677002
1982.038940
1983.014038
1983.756958
1983.793945
1983.796997
1985.260986
1990.362061
2000.208984
2007.161011
2014.572998
2022.598022
2031.822998
2035.827026
2043.206055
2049.601074
2057.906006
2066.066895
2073.617920
2078.066895
2084.419922
2086.284912
2090.079102
2101.072021
2114.288086
2122.205078
2129.617920
2138.128906
2144.874023
2151.095947
2158.207031
2165.437012
2172.537109
2176.246094
2180.013916
2185.816895
2192.404053
2201.055908
2210.577881
2213.714111
2213.719971
2213.719971
2213.719971
2218.666992
2238.982910
2255.284912
2261.435059
2267.378906
2273.313965
2285.104980
2296.809082
2307.085938
2313.987061
2321.334961
2321.570068
2321.583984
2322.385986
2325.052002
2333.031982
2344.646973
2350.143066
2353.187012
2356.465088
2360.929932
2366.010010
2381.145996
2389.549072
2402.507080
2413.535889
2425.198975
2429.375977
2434.541016
2444.790039
2466.196045
2475.073975
2477.270996
2480.637939
2483.134033
2488.990967
2509.261963
2522.636963
2530.676025
2537.215088
2540.139893
2542.572998
2546.996094
2553.321045
2569.061035
2576.520996
2581.593994
2592.568115
2603.888916
2616.173096
2627.303955
2627.414062
2627.613037
2628.882080
2629.769043
2633.793945
2650.321045
2660.771973
2662.089111
2663.102051
2663.105957
2664.896973
2681.812012
2699.313965
2706.801025
2714.306885
2726.022949
2733.926025
2741.263916
2745.487061
2755.167969
2762.593994
2775.666992
2788.007080
2800.646973
2821.476074
2837.593018
2848.946045
2858.145996
2865.893066
2868.979004
2879.792969
2890.072021
2890.417969
2890.477051
2890.576904
2890.718994
2891.297119
2897.064941
2910.832031
2917.465088
2927.268066
2934.075928
2939.020996
2943.344971
2945.622070
2949.245117
2954.959961
2958.752930
2962.212891
2963.551025
2964.240967
2966.394043
2970.169922
2977.733887
2982.756104
2988.079102
2992.771973
3001.584961
3005.370117
3009.122070
3018.711914
3030.045898
3040.740967
3048.832031
3063.608887
3072.372070
3076.237061
3081.649902
3084.919922
3089.010010
3096.447998
3116.125977
3123.444092
3124.850098
3125.497070
3129.693115
3130.290039
3136.195068
3147.434082
3160.677002
3166.254883
3170.479004
3178.628906
3184.583008
3189.000977
3193.229004
3194.758057
3196.922119
3202.500000
3208.493896
3211.650879
3217.208008
3221.602051
3227.404053
3235.762939
3248.708984
3257.524902
3265.916016
3273.688965
3278.385010
3295.520996
3307.350098
3309.363037
3312.262939
3317.436035
3321.204102
3325.978027
3331.803955
3339.868896
3354.873047
3366.395020
3375.644043
3382.444092
3384.964111
3391.972900
3404.875977
3428.365967
3438.041992
3443.510986
3449.076904
3455.822998
3463.325928
3465.206055
3466.915039
3477.538086
3495.222900
3505.323975
3512.664062
3516.271973
3517.395996
3518.431885
3519.479980
3521.044922
3522.605957
3522.719971
3522.964111
3523.287109
3523.290039
3523.291016
3523.291992
3523.291992
3523.291992
3523.291992
3523.981934
3525.527100
3528.043945
3529.210938
3534.493896
3543.248047
3547.863037
3548.674072
3548.687012
3548.695068
3548.695068
3548.797119
3548.797119
3548.797119
3548.797119
3548.797119
3549.363037
3560.327881
3569.849121
3589.087891
3595.168945
3602.965088
3615.342041
3629.586914
3637.833008
3640.215088
3644.706055
3647.979004
3654.335938
3663.818115
3680.096924
3692.566895
3700.724121
3708.896973
3712.579102
3718.904053
3722.512939
3723.318115
3723.352051
3723.352051
3723.352051
3723.352051
3723.352051
3723.420898
3723.426025
3724.658936
3729.875977
3731.142090
3732.927979
3736.697021
3739.961914
3740.679932
3740.694092
3740.695068
3740.695068
3740.695068
3740.695068
3740.695068
3740.695068
3740.695068
3740.695068
3741.991943
3753.623047
3754.024902
3754.114014
3754.133057
3754.133057
3754.133057
3754.133057
3754.133057
3754.133057
3754.133057
3754.133057
3754.147949
3754.147949
3755.527100
3758.920898
3761.058105
3766.039062
3767.156982
3768.104980
3768.233887
3768.233887
3768.233887
3768.414062
3768.414062
3768.414062
3768.414062
3768.419922
3768.427002
3768.427002
3768.427002
3768.427002
3768.427002
3768.428955
3768.522949
3768.583008
3768.636963
3768.740967
3768.882080
3768.918945
3768.968018
3768.968018
3769.167969
3769.252930
3769.252930
3769.336914
3771.167969
3772.170898
3772.407959
3772.624023
3773.312012
3774.662109
3774.970947
3775.010010
3775.079102
3775.096924
3775.131104
3775.232910
3775.233887
3775.383057
3775.384033
3775.406006
3775.437988
3775.493896
3775.524902
3775.528076
3775.528076
3775.528076
3775.664062
3776.906982
3784.325928
3795.947998
3801.739990
3805.854004
3813.992920
3835.856934
3844.156006
3849.920898
3857.083984
3863.772949
3872.711914
3874.778076
3875.335938
3875.350098
3876.197998
3876.222900
3876.224121
3877.672119
3877.754883
3878.271973
3878.271973
3878.416016
3879.702881
3880.918945
3881.465088
3881.534912
3881.547119
3881.614014
3881.711914
3881.711914
3881.712891
3881.712891
3881.712891
3881.714111
3881.714111
3881.714111
3881.743896
3882.075928
3882.261963
3882.261963
3885.349121
3887.420898
3888.822998
3890.129883
3892.132080
3893.476074
3898.538086
3903.587891
3908.613037
3916.279053
3921.701904
3925.833984
3928.010010
3928.763916
3928.778076
3928.778076
3928.778076
3930.075928
3931.474121
3931.482910
3931.482910
3931.482910
3931.483887
3931.485107
3931.497070
3931.510010
3931.527100
3931.534912
3931.534912
3931.905029
3933.196045
3937.110107
3938.961914
3940.172119
3940.903076
3941.274902
3941.288086
3941.289062
3941.289062
3941.322021
3941.323975
3941.333984
3941.385010
3942.684082
3944.332031
3946.301025
3947.114990
3947.396973
3947.413086
3947.415039
3947.416992
3947.426025
3947.427002
3947.427002
3947.427002
3947.427002
3947.427002
3947.427002
3947.427002
3947.427002
3947.478027
3948.385010
3958.114990
3960.947021
3964.047119
3967.650879
3973.696045
3977.954102
3982.916016
3986.981934
3991.247070
3994.600098
3997.831055
4000.002930
4004.420898
4008.986084
4013.634033
4021.800049
4026.189941
4031.279053
4036.591064
4046.270020
4055.491943
4064.523926
4072.043945
4075.416992
4078.520996
4082.622070
4088.271973
4092.291992
4099.441895
4108.269043
4117.866211
4122.808105
4129.244141
4142.225098
4154.950195
4159.646973
4183.238770
4185.730957
4186.128906
4190.754883
4197.481934
4198.716797
4198.762207
4198.764160
4199.783203
4200.601074
4204.160156
4225.505859
4239.857910
4251.209961
4259.123047
4269.862793
4276.038086
4283.467773
4291.348145
4303.075195
4311.554199
4321.622070
4334.577148
4349.000977
4355.847168
4357.883789
4362.008789
4366.729004
4375.195801
4394.712891
4407.253906
4421.984863
4428.438965
4430.945801
4434.691895
4441.192871
4456.240234
4462.034180
4466.743164
4469.048828
4472.100098
4486.812988
4492.633789
4498.470215
4501.411133
4502.004883
4502.062988
4502.062988
4502.062988
4502.062988
4502.062988
4502.066895
4502.092773
4502.096191
4503.462891
4505.597168
4509.186035
4513.767090
4520.283203
4524.857910
4525.657227
4525.911133
4525.981934
4526.018066
4526.018066
4526.023926
4526.091797
4526.587891
4527.316895
4527.950195
4528.225098
4528.227051
4528.227051
4528.448242
4528.746094
4528.902832
4528.938965
4528.944824
4529.456055
4530.273926
4531.474121
4533.145020
4534.993164
4538.428223
4541.714844
4545.650879
4551.821777
4555.890137
4558.491211
4560.003906
4561.067871
4561.549805
4561.567871
4561.567871
4561.567871
4561.567871
4561.567871
4561.573242
4561.574219
4561.575195
4561.575195
4561.575195
4561.575195
4561.639160
4561.784180
4561.979004
4561.986816
4561.986816
4562.092773
4562.092773
4562.148926
4562.453125
4563.029785
4563.060059
4563.062012
4563.676758
4563.686035
4563.686035
4563.686035
4563.687012
4563.689941
4563.690918
4563.690918
4563.690918
4563.690918
4563.698242
4563.701172
4563.701172
4563.746094
4563.876953
4563.924805
4564.062012
4564.650879
4565.663086
4565.950195
4565.950195
4566.013184
4566.042969
4566.100098
4566.333008
4566.480957
4566.595215
4566.866211
4566.964844
4567.045898
4567.090820
4567.154785
4567.321777
4567.888184
4571.563965
4577.186035
4583.286133
4587.106934
4589.652832
4589.921875
4589.950195
4590.019043
4590.020020
4590.030762
4590.268066
4590.455078
4590.731934
4591.452148
4593.901855
4595.463867
4597.494141
4601.724121
4604.088867
4606.244141
4608.530762
4609.539062
4609.550781
4609.550781
4609.550781
4609.550781
4610.696777
4613.790039
4616.096191
4618.518066
4621.115234
4623.819824
4625.585938
4627.554199
4630.374023
4632.416992
4634.903809
4638.877930
4641.210938
4642.655762
4644.168945
4645.292969
4647.778809
4648.057129
4648.064941
4648.064941
4648.064941
4648.066895
4648.067871
4648.073242
4648.073242
4648.073242
4648.073242
4648.073242
4648.073242
4648.073242
4648.073242
4648.073242
4648.074219
4648.084961
4648.143066
4648.356934
4648.466797
4648.482910
4648.578125
4648.775879
4649.060059
4649.202148
4649.298828
4649.395020
4649.747070
4649.916016
4650.004883
4650.078125
4650.229980
4650.304199
4650.384766
4650.454102
4650.502930
4650.511230
4650.780762
4651.092773
4651.107910
4651.111816
4651.592773
4651.693848
4652.103027
4652.340820
4652.393066
4652.393066
4652.394043
4652.396973
4652.396973
4652.452148
4653.301758
4653.783203
4653.894043
4653.894043
4653.894043
4653.894043
4653.894043
4653.894043
4654.058105
4654.083984
4654.107910
4654.107910
4654.107910
4654.108887
4654.108887
4654.108887
4654.108887
4654.108887
4654.108887
4654.108887
4654.108887
4654.108887
4654.108887
4654.108887
4654.108887
4654.108887
4654.108887
4654.108887
4654.108887
4654.176758
4654.201172
4654.201172
4654.202148
4655.378906
4657.078125
4658.305176
4659.256836
4660.395996
4663.605957
4667.910156
4671.950195
4675.475098
4678.484863
4685.115234
4695.890137
4709.167969
4711.699219
4715.123047
4719.422852
4723.578125
4726.539062
4726.732910
4726.764160
4726.768066
4727.814941
4728.909180
4729.381836
4730.032227
4730.166992
4730.166992
4730.166992
4730.166992
4730.166992
4730.166992
4730.166992
4730.166992
4730.166992
4730.166992
4730.166992
4730.166992
4730.166992
4730.166992
4730.166992
4730.166992
4730.166992
4730.166992
4730.166992
4730.166992
4730.166992
4730.166992
4730.166992
4730.166992
4730.166992
4730.166992
4730.166992
4730.166992
4730.166992
4730.166992
4730.166992
4730.166992
4730.166992
4730.166992
4730.166992
4730.166992
4730.166992
4730.166992
4730.166992
4730.166992
4730.166992
4730.166992
4730.166992
4730.166992
4730.166992
4730.166992
4730.166992
4730.166992
4730.166992
4730.166992
4730.166992
4730.166992
4730.166992
4730.166992
4730.166992
4730.166992
4730.166992
4730.166992
4730.166992
4730.166992
4730.166992
4730.166992
4730.166992
4730.166992
4730.166992
4730.166992
4730.166992
4730.166992
4730.166992
4730.166992
4730.166992
4730.166992
4730.166992
4730.166992
4730.166992
4730.166992
4730.166992
4730.166992
4730.166992
4730.166992
4730.166992
4730.166992
4730.166992
4730.166992
4730.166992
4730.166992
4730.166992
4730.166992
4730.166992
4730.166992
4730.166992
4730.166992
4730.166992
4730.166992
4730.166992
4730.166992
4730.166992
4730.166992
4730.166992
4730.166992
4730.166992
4730.166992
4730.166992
4730.166992
4730.166992
4730.166992
4730.166992
4730.166992
4730.166992
4730.166992
4730.166992
4730.166992
4730.166992
4730.166992
4730.166992
4730.166992
4730.166992
4730.166992
4730.166992
4730.166992
4730.166992
4730.166992
4730.166992
4730.166992
4730.166992
4730.166992
4730.166992
4730.166992
4730.166992
4730.166992
4730.166992
4730.166992
4730.166992
4730.166992
4730.166992
4730.166992
4730.166992
4730.166992
4730.166992
4730.166992
4730.166992
4730.166992
4730.166992
4730.166992
4730.166992
4730.166992
4730.166992
4730.166992
4730.166992
4730.166992
4730.166992
4730.166992
4730.166992
4730.166992
4730.166992
4730.166992
4730.166992
4730.166992
4730.166992
4730.166992
4730.166992
4730.166992
4730.166992
4730.166992
4730.166992
4730.166992
4730.166992
4730.166992
4730.166992
4730.166992
4730.166992
4730.166992
4730.166992
4730.166992
4730.166992
4730.166992
4730.166992
4730.166992
4730.166992
4730.166992
4730.166992
4730.166992
4730.166992
4730.166992
4730.166992
4730.166992
4730.166992
4730.166992
4730.166992
4730.166992
4730.166992
4730.166992
4730.166992
4730.166992
4730.166992
4730.166992
4730.166992
4730.166992
4730.166992
4730.166992
4730.166992
4730.166992
4730.166992
4730.166992
4730.166992
4730.166992
4730.166992
4730.166992
4730.166992
4730.166992
4730.166992
4730.166992
4730.166992
4730.166992
4730.166992
4730.166992
4730.166992
4730.166992
4730.166992
4730.166992
4730.166992
4730.166992
4730.166992
4730.166992
4730.166992
4730.166992
4730.166992
4730.166992
4730.166992
4730.166992
4730.166992
4730.166992
4730.166992
4730.166992
4730.166992
4730.166992
4730.166992
4730.166992
4730.166992
4730.166992
4730.166992
4730.166992
4730.166992
4730.166992
4730.166992
4730.166992
4730.166992
4730.166992
4730.166992
4730.166992
4730.166992
4730.166992
4730.166992
4730.166992
4730.166992
4730.166992
4730.166992
4730.166992
4730.166992
4730.166992
4730.166992
4730.166992
4730.166992
4730.166992
4730.166992
4730.166992
4730.166992
4730.166992
4730.166992
4730.166992
4730.166992
4730.166992
4730.166992
4730.166992
4730.166992
4730.166992
4730.166992
4730.166992
4730.166992
4730.166992
4730.166992
4730.166992
4730.166992
