14.1191
19.5395
19.7643
19.7858
19.8054
20.4037
25.007
25.6644
25.684
25.695
25.7149
25.7338
31.791
31.8043
31.8142
31.8343
31.8449
31.8554
31.8753
33.9471
39.0008
39.0187
39.0289
39.0397
39.06
42.1693
44.0961
47.0885
49.9283
49.9492
49.9682
66.0821
66.1097
67.8577
68.7519
68.7622
70.0774
70.089
72.831
72.8445
72.8548
75.4963
84.7604
85.6446
85.6644
85.6741
85.6843
85.7045
85.7248
85.7444
85.7644
85.7855
85.8041
85.8156
85.8348
85.8544
85.8655
90.3077
93.1222
93.1453
94.8625
97.8807
97.8949
97.9185
97.9412
102.931
103.181
104.234
104.689
105.799
110.4
112.406
112.423
115.194
116.752
116.768
117.818
119.779
119.79
121.876
123.78
123.796
127.844
130.707
130.73
132.494
132.513
132.532
139.302
139.322
139.359
139.371
139.382
139.538
141.136
143.099
143.11
143.131
143.153
153.077
153.092
153.102
153.124
153.143
153.162
153.173
153.192
153.214
155.244
155.258
156.362
158.54
158.558
158.57
158.591
166.052
166.062
166.082
166.092
166.114
166.139
166.155
167.813
175.76
175.782
175.804
177.51
180.963
181.153
184.63
184.646
184.672
184.686
184.705
184.73
184.747
184.766
184.802
184.815
184.829
184.846
186.541
186.566
201.604
201.834
204.617
213
213.018
213.035
220.018
220.25
220.269
221.564
235.332
241.234
251.334
254.532
258.492
258.511
262.93
264.229
264.247
264.454
264.47
264.489
267.112
267.123
267.142
270.18
275.939
275.956
275.966
275.986
276.006
276.016
276.179
276.197
280.103
280.115
280.125
280.135
282.841
294.115
294.125
299.809
305.73
305.748
306.861
311.851
312.307
313.848
313.862
313.877
313.887
313.897
313.907
313.918
313.928
313.948
313.959
314.094
314.108
314.118
315.25
315.265
315.279
315.289
326.035
342.693
342.703
342.724
342.744
342.764
343.545
344.85
344.869
346.419
347.56
347.579
347.596
347.607
347.627
347.637
347.778
347.797
352.575
352.59
352.606
352.627
352.646
359.529
364.458
364.482
370.152
370.174
370.194
370.216
370.236
370.252
405.97
406.686
406.7
411.329
411.348
413.049
415.842
415.863
415.883
415.901
416.047
417.563
421.984
421.995
422.854
422.87
442.094
442.114
442.133
442.146
442.163
442.173
442.183
442.194
442.204
442.223
442.234
442.254
442.264
455.383
461.813
461.833
461.852
461.872
471.422
471.432
471.452
471.464
473.134
473.145
473.169
475.14
487.241
487.443
487.454
487.475
487.494
487.514
487.534
487.553
487.563
487.574
501.169
539.574
539.595
539.615
539.635
539.654
540.823
551.116
551.133
582.861
582.9
582.94
582.971
583.011
583.067
583.106
583.136
583.175
583.206
583.235
583.296
583.335
583.375
583.406
583.445
583.475
583.531
583.561
583.6
583.631
583.661
583.69
583.747
583.785
583.816
583.855
583.895
583.946
583.985
584.024
584.055
584.085
584.115
584.161
584.202
584.241
584.287
584.325
584.368
584.406
584.438
584.475
584.506
584.536
584.581
584.611
584.641
584.671
584.712
584.751
584.793
584.831
584.862
584.892
584.922
584.952
584.991
585.023
585.061
585.09
585.121
585.151
585.181
585.221
585.251
585.282
585.321
585.352
585.391
585.441
585.471
585.501
585.531
585.572
585.612
585.654
585.691
585.722
585.761
585.791
585.821
585.865
585.896
585.936
585.976
586.006
586.047
586.094
586.131
586.171
586.201
586.231
586.261
586.307
586.346
586.376
586.407
586.447
586.484
586.531
586.562
586.592
586.622
586.652
586.683
586.746
586.782
586.814
586.853
586.897
586.95
586.987
587.017
587.047
587.077
587.107
587.162
587.193
587.222
587.253
587.283
587.323
587.368
587.398
587.429
587.458
587.488
587.519
587.558
587.604
587.633
587.663
587.694
587.734
587.764
587.809
587.848
587.878
587.909
587.948
587.978
588.023
588.063
588.094
588.133
588.162
588.193
588.223
588.268
588.299
588.329
588.368
588.399
588.429
588.475
588.514
588.553
588.583
588.613
588.643
588.692
588.729
588.761
588.799
588.838
588.868
588.914
588.959
588.998
589.029
589.068
589.115
589.153
589.184
589.224
589.267
589.304
589.35
589.388
589.418
589.449
589.478
589.508
589.554
589.583
589.614
589.654
589.684
589.714
589.76
589.798
589.828
589.858
589.888
589.919
589.969
589.999
590.029
590.06
590.099
590.129
590.181
590.22
590.25
590.292
590.33
590.381
590.421
590.46
590.49
590.52
590.55
590.595
590.636
590.675
590.705
590.745
590.775
590.821
590.867
590.905
590.935
590.965
590.995
591.04
591.07
591.1
591.131
591.17
591.2
591.246
591.275
591.305
591.335
591.365
591.395
591.425
591.47
591.5
591.54
591.57
591.611
591.65
591.698
591.736
591.765
591.796
591.825
591.865
591.911
591.951
591.99
592.027
592.067
592.113
592.151
592.191
592.232
592.271
592.317
592.355
592.389
592.426
592.455
592.485
592.531
592.563
592.6
592.63
592.661
592.694
592.74
592.771
592.801
592.831
592.861
592.895
592.941
592.981
593.022
593.062
593.102
593.148
593.187
593.226
593.256
593.286
593.316
593.361
593.391
593.432
593.472
593.514
593.57
593.607
593.637
593.666
593.696
593.726
593.772
593.811
593.846
593.876
593.907
593.937
593.982
594.012
594.042
594.075
594.112
594.144
594.192
594.222
594.252
594.282
594.315
594.353
594.399
594.438
594.478
594.507
594.539
594.581
594.627
594.658
594.688
594.738
594.768
594.799
594.844
594.884
594.923
594.959
594.999
595.045
595.084
595.123
595.163
595.193
595.223
595.272
595.308
595.338
595.368
595.398
595.428
595.474
595.513
595.543
595.573
595.603
595.633
595.68
595.72
595.758
595.787
595.818
595.858
595.907
595.937
595.967
595.997
596.027
596.057
596.106
596.138
596.178
596.22
596.257
596.309
596.348
596.378
596.408
596.448
596.478
596.527
596.566
596.603
596.634
596.664
596.694
596.747
596.785
596.823
596.854
596.886
596.924
596.97
597.009
597.049
597.083
597.113
597.144
597.189
597.22
597.26
597.299
597.329
597.36
597.409
597.439
597.469
597.499
597.53
597.56
597.599
597.645
597.675
597.704
597.735
597.765
597.794
597.824
597.87
597.91
597.94
597.97
598
598.03
598.076
598.117
598.155
598.185
598.225
598.255
598.308
598.345
598.384
598.415
598.445
598.486
598.532
598.57
598.6
598.631
598.671
598.733
598.77
598.8
598.83
598.86
598.903
598.948
598.986
599.025
599.055
599.086
599.126
599.172
599.202
599.241
599.272
599.311
599.352
599.4
599.432
599.471
599.502
599.541
599.572
599.617
599.657
599.697
599.737
599.776
599.822
599.863
599.902
599.946
599.977
600.022
600.06
600.09
600.121
600.161
600.201
600.247
600.286
600.316
600.359
600.391
600.421
600.474
600.511
600.541
600.571
600.611
600.641
600.686
600.716
600.746
600.786
600.816
600.846
600.894
600.931
600.962
601.002
601.042
601.094
601.131
