0.000466725
0.0156381
0.000576986
0.00204932
0.00179714
0.00380551
0.00496516
0.000514278
0.00112906
0.00163124
0.00222646
0.00115314
0.0176064
0.000403592
0.000472802
0.00116961
0.000780695
0.00138528
0.00158721
0.0020015
0.0329448
0.000583356
0.000538749
0.00107583
0.00156669
0.000437394
0.00889451
0.000733476
0.000930058
0.00284106
0.00166395
0.00456237
0.0125591
0.00710198
0.00153625
0.000926744
0.0293086
0.00108319
0.00713625
0.000370894
0.000619515
0.000282153
0.000285713
0.0010293
0.000856866
0.000349025
0.000512
0.000632853
0.00160005
0.00102751
0.0010506
0.00169242
0.000841103
0.00154568
0.00090584
0.000892742
0.0015015
0.0261317
0.00330423
0.00607952
0.00148386
0.0077823
0.00250693
0.00330009
0.00797236
0.000621191
0.00473507
0.000856603
0.00700997
0.00141907
0.00936679
0.00885929
0.00082784
0.00120337
0.0154279
0.00111945
0.00105917
0.000777135
0.00149076
0.00132797
0.000517834
0.00636592
0.0111208
0.000650654
0.00465679
0.0380559
0.00290485
0.00211361
0.000452053
0.00152593
0.0180852
0.000592878
0.00123176
0.00711563
0.0173382
0.000958145
0.00127525
0.00170176
0.0101115
0.0157248
0.000556677
0.000673764
0.00197902
0.00179509
0.00124522
0.00167623
0.00111883
0.00302642
0.016163
0.00065168
0.00777624
0.000966872
0.0057718
0.00134608
0.00171517
0.000321168
0.000954839
0.000803929
0.000733105
0.00296855
0.0067884
0.00411077
0.0127093
0.00233779
0.0055536
0.00641325
0.00248503
0.0122231
0.00173027
0.00551801
0.0015523
0.00875552
0.00257539
0.00171521
0.00700474
0.00270634
0.0026456
0.00109756
0.00121525
0.005066
0.00233339
0.00281674
0.00780602
0.00831088
0.0322401
0.00104262
0.00645887
0.00377069
0.00130118
0.000396985
0.00150776
0.00120071
0.00412054
0.000555182
0.0310144
0.0249625
0.000454965
0.00167752
0.000475479
0.0169042
0.0153509
0.00250216
0.0050586
0.0014605
0.000561942
0.0103699
0.00195937
0.00196689
0.0172891
0.000663679
0.000646135
0.00106647
0.000632966
0.000676833
0.000679454
0.00312156
0.00105254
0.0190741
0.000647103
0.00121201
0.000869048
0.00993884
0.0253998
0.000496315
0.00064389
0.00234588
0.000205726
0.00382164
0.00596218
0.00092763
0.000811581
0.00111099
0.000647319
0.000916866
0.000657389
0.000806845
0.00128859
0.000884853
0.00107069
0.00167385
0.016745
0.000886126
0.00070291
0.00135545
0.00105875
0.000865762
0.00084535
0.000645383
0.00105931
0.00108437
0.00135716
0.00217325
0.00113228
0.00145356
0.00111299
0.000964941
0.00448315
0.00429125
0.0033223
0.00169097
0.00108452
0.00146217
0.00131857
0.00227743
0.00151697
0.00203349
0.00224455
0.00304928
0.00350878
0.0029434
0.00590112
0.00190635
0.00493311
0.00454798
0.00572504
0.00607873
0.00848336
0.00851828
0.00568486
0.0120435
0.0158857
0.00033883
0.0218859
0.000986558
0.000809366
0.0113487
0.00190881
0.00164171
0.000652576
0.00158431
0.00667164
0.000216332
0.00110206
0.0143684
0.000862135
0.000895553
0.000918145
0.000831448
0.000923152
0.000970806
0.000943326
0.000909792
0.00104501
0.00139731
0.00146107
0.00148002
0.00111969
0.00186194
0.00198435
0.00292299
0.0034278
0.00220342
0.00241926
0.000538804
0.000507048
0.000607325
0.000663873
0.000772709
0.00191214
0.00292796
0.000832952
0.00918353
0.00110475
0.00117458
0.0010717
0.00177675
0.00190912
0.00187554
0.00129014
0.00132355
0.00129525
0.00219788
0.00278068
0.00393042
0.00412486
0.00342804
0.00330047
0.00255481
0.000469726
0.000567617
0.0212926
0.0208712
0.0211599
0.0207065
0.0212326
0.0204691
0.0212963
0.020717
0.0206225
0.0205579
0.0205894
0.0208458
0.020899
0.0208107
0.0209627
0.0206573
0.020539
0.0207253
0.0207412
0.0206363
0.0204616
0.0204978
0.0204432
0.02081
0.0207248
0.0208174
0.0208092
0.0205176
0.0208187
0.0212246
0.0207127
0.0205515
0.0204915
0.0203492
0.0210984
0.0215512
0.0206346
0.0275856
0.0207441
0.0204994
0.0206969
0.023414
0.0208559
0.0205524
0.0204259
0.0204752
0.0206172
0.0205759
0.0203018
0.0207386
0.020913
0.0205603
0.0206415
0.0204479
0.0205295
0.0204146
0.0204205
0.0202787
0.0223389
0.0207467
0.0200978
0.0205577
0.0205927
0.020448
0.0207408
0.0204086
0.0206023
0.0206948
0.0205073
0.0204686
0.0210082
0.0204036
0.0202132
0.0204192
0.0209492
0.0206504
0.0205421
0.0207181
0.0209363
0.0210551
0.0204844
0.0206733
0.0204036
0.0207172
0.0203639
0.0203634
0.0206409
0.0208995
0.0205605
0.0206548
0.0206512
0.020425
0.0202993
0.0205206
0.0205071
0.0207268
0.0204074
0.0217556
0.0202981
0.0282889
0.0204601
0.0208913
0.0203868
0.0209771
0.0205059
0.021558
0.0203871
0.0205926
0.0213489
0.0206066
0.0249662
0.0204155
0.0206755
0.020444
0.0202982
0.0201266
0.0202282
0.0204688
0.02032
0.0201492
0.0203801
0.0205821
0.0207073
0.0206724
0.0203593
0.0209403
0.0203887
0.0204778
0.0205182
0.0205199
0.0205093
0.0204337
0.0202681
0.0210987
0.0206194
0.0204256
0.0204245
0.0208579
0.0205606
0.0216603
0.0206066
0.0204113
0.0204175
0.0204565
0.0205555
0.0205331
0.0202706
0.0204344
0.0202234
0.0203553
0.0206223
0.0207344
0.0205393
0.021212
0.0205818
0.0204636
0.0207355
0.0207938
0.0203861
0.0205825
0.0202368
0.0204575
0.0205346
0.0205613
0.0203869
0.0205718
0.0208268
0.0206926
0.0258828
0.020753
0.0208121
0.0208501
0.0204866
0.0206798
0.0216818
0.0218985
0.0249449
0.0207553
0.0207554
0.0204367
0.0204299
0.0203917
0.0202891
0.0205239
0.0202144
0.0203056
0.0205492
0.0207848
0.0207239
0.0204661
0.02028
0.0204851
0.0202604
0.0201794
0.0200923
0.0205143
0.0204635
0.0204641
0.0203337
0.0206267
0.0208123
0.0201837
0.0203617
0.0204868
0.0206266
0.0237576
0.0212171
0.0205124
0.0206219
0.020582
0.0204288
0.0202663
0.0203579
0.0201734
0.0221875
0.0204875
0.0206728
0.0206656
0.0204697
0.020564
0.0230459
0.0205208
0.0206877
0.0205074
0.0205834
0.0204019
0.0205179
0.0204606
0.0218192
0.0204409
0.0205896
0.0202606
0.0205869
0.0203399
0.0204765
0.0203603
0.0202612
0.0202753
0.020295
0.0203908
0.0204988
0.0202586
0.020594
0.0207015
0.0207016
0.0206441
0.0204973
0.0205223
0.0204993
0.0209802
0.0206726
0.0215708
0.020846
0.0276426
0.0223788
0.0205914
0.0219753
0.0205691
0.0222573
0.0209022
0.0206951
0.0206338
0.0235324
0.0207447
0.0204249
0.020565
0.0205143
0.0205186
0.0204261
0.0202384
0.0207011
0.0231845
0.0207083
0.0207386
0.0206144
0.020821
0.0206424
0.0249041
0.0204632
0.0207386
0.0207293
0.0215633
0.0207116
0.0205039
0.0209512
0.0207005
0.0204374
0.0203166
0.0201009
0.0205528
0.0206733
0.0207332
0.0207253
0.0221136
0.0209028
0.0202965
0.0201801
0.0203677
0.0201382
0.0201709
0.0208148
0.0208236
0.0255374
0.0204305
0.020315
0.0204352
0.0204567
0.0203079
0.0202918
0.024013
0.0206931
0.0220725
0.0204725
0.0204193
0.0203293
0.0201399
0.0224512
0.0203055
0.0203358
0.0205348
0.0204105
0.0202708
0.0203986
0.0237114
0.0205846
0.0205038
0.0203903
0.0205467
0.0207138
0.0207288
0.0204055
0.0207085
0.0205652
0.0260518
0.0206826
0.020725
0.0206994
0.0207598
0.0205978
0.020278
0.0203877
0.0204108
0.0205692
0.0203063
0.0206313
0.0206699
0.0202666
0.0204339
0.0206612
0.0204899
0.020538
0.0207448
0.0205583
0.0211698
0.0226383
0.0207569
0.0203449
0.0208198
0.0217745
0.0206283
0.0203717
0.0205281
0.0202747
0.0201597
0.0206669
0.0209123
0.0210768
0.0212673
0.0222295
0.0204764
0.0204543
0.0207821
0.0204826
0.0206416
0.0205489
0.0206592
0.0207641
0.0208247
0.020451
0.0208964
0.0202824
0.020288
0.0207118
0.0219984
0.0206998
0.0206763
0.0227674
0.0205938
0.02081
0.0208741
0.0208549
0.0241135
0.0205212
0.0207111
0.0205749
0.0210987
0.0217892
0.0204926
0.020333
0.0212989
0.0206367
0.0203154
0.0204327
0.0207023
0.0204429
0.0204215
0.0208244
0.0203756
0.0205793
0.0204454
0.0204291
0.0202179
0.0202718
0.0203369
0.0205073
0.0205322
0.0204487
0.0206005
0.0205418
0.0204303
0.0204489
0.022237
0.0208386
0.0202993
0.0204763
0.020437
0.0207891
0.0210226
0.0206749
0.0207769
0.0207567
0.0208824
0.0207524
0.0206303
0.0204079
0.0203963
0.0206547
0.0207098
0.0206522
0.0206143
0.0205035
0.0205289
0.0227914
0.0205492
0.0210365
0.0208851
0.0205351
0.02083
0.0208963
0.0207013
0.0208983
0.0208262
0.0208756
0.0206644
0.0212294
0.0207982
0.0215269
0.0211164
0.0209832
0.0209827
0.0207385
0.0204888
0.0211561
0.0219057
0.0212154
0.0209676
0.0208322
0.0222524
0.0211779
0.0252753
0.0205028
0.0206251
0.0207235
0.0208037
0.0206966
0.0206307
0.0212391
0.0212318
0.0208262
0.020751
0.0248564
0.0204422
0.0204525
0.0205096
0.0206783
0.0207289
0.0205766
0.0205434
0.0205831
0.0206177
0.0204726
0.0204603
0.0209701
0.0204882
0.0203004
0.0205067
0.0210183
0.0209238
0.0208773
0.0208207
0.0205695
0.0213655
