7.88555
9.64647
11.3518
12.4154
14.1459
14.3624
15.909
16.1274
17.8342
18.9177
19.558
19.8259
20.4218
20.6436
20.8724
22.6385
23.3042
25.0247
25.757
27.3862
28.948
30.7233
31.9019
33.4992
33.9662
35.296
37.0615
38.3621
38.5803
39.0813
40.7117
41.5446
42.1862
42.6171
44.1091
45.8127
47.1014
48.8746
49.0694
49.9858
51.6966
52.3264
52.7447
53.6421
54.3086
56.0988
57.1308
58.4473
60.1886
61.9321
63.6945
64.081
65.8545
66.1302
67.872
68.7822
69.4
69.8545
70.101
71.7265
72.5939
72.8752
74.6088
75.2761
75.5065
77.0663
77.267
78.9797
79.6432
80.9988
82.6563
84.3815
84.7783
85.8876
87.6401
88.7576
89.2421
90.3281
90.4979
91.3903
93.1619
94.8851
96.5972
97.2291
97.9543
99.656
100.936
101.187
102.943
103.198
103.399
103.822
104.256
104.706
105.821
106.51
107.153
108.666
110.414
112.163
112.443
113.663
114.092
114.988
115.217
116.787
117.842
119.573
119.812
121.259
121.901
123.386
123.812
125.631
125.831
127.622
127.862
129.626
130.749
132.551
133.354
135.044
136.332
136.56
137.227
138.916
139.405
139.552
141.151
142.865
143.173
144.609
145.255
147.024
147.659
149.013
149.203
150.911
151.608
151.791
153.26
154.786
155.269
156.38
156.567
156.771
158.614
160.323
162.057
163.24
164.976
166.182
167.842
169.507
171.262
171.697
173.398
175.118
175.821
177.535
179.226
180.995
181.173
182.889
184.874
186.593
188.253
190.034
190.272
191.965
192.427
193.282
195.039
196.796
198.484
200.051
200.99
201.617
201.855
203.533
204.396
204.634
206.342
208.096
209.81
210.031
210.659
211.925
213.057
213.876
215.248
216.577
218.112
219.809
220.03
220.292
220.673
221.321
221.58
221.786
223.487
223.932
224.859
226.422
228.174
229.064
229.452
230.742
232.513
233.115
233.347
235.116
235.354
236.68
238.185
239.939
241.254
241.651
243.371
245.069
246.863
247.717
248.161
249.406
251.104
251.348
252.997
254.546
255.909
257.611
258.247
258.533
260.305
262.014
262.501
262.943
264.265
264.5
266.252
267.167
268.897
269.975
270.194
271.205
272.276
273.576
275.299
276.039
276.208
277.927
279.626
280.146
281.14
282.852
283.265
284.148
285.46
285.902
287.618
288.04
289.638
290.099
291.581
292.006
293.657
294.14
295.678
296.114
297.829
298.232
299.822
301.588
302.677
303.53
303.977
305.758
306.162
306.882
308.138
308.344
308.758
310.55
311.883
312.327
313.983
314.13
315.3
315.489
317.239
319.004
320.756
322.516
324.232
325.132
326.05
327.799
329.274
330.185
331.877
332.752
334.451
336.191
337.964
339.756
341.549
342.455
342.787
343.567
343.951
344.883
346.437
346.616
347.657
347.818
349.473
351.254
351.689
351.901
352.345
352.672
354.467
356.172
357.988
359.559
361.232
362.961
364.501
366.222
368.017
369.729
370.276
372.092
373.843
375.559
377.262
378.952
380.663
382.397
384.105
385.835
387.569
389.306
389.507
390.142
391.859
393.547
395.265
397.073
398.51
399.35
401.095
401.723
402.826
403.273
404.89
405.99
406.711
406.9
408.625
409.016
409.834
410.476
411.359
413.06
413.271
413.694
415.415
415.912
416.067
417.578
418.486
419.575
420.689
422.006
422.882
424.578
426.353
427.249
428.988
429.606
430.485
431.317
433.006
434.09
434.764
435.622
437.363
438.668
440.377
441.007
441.259
441.463
441.692
441.912
442.288
444.027
445.754
447.487
449.19
449.605
451.43
453.215
453.638
455.404
456.897
458.6
460.322
461.894
463.627
465.383
467.056
468.788
469.246
469.466
471.213
471.483
471.661
473.186
474.925
475.162
476.864
478.597
479.25
480.919
482.221
483.982
484.215
485.912
486.352
487.253
487.596
489.238
490.996
491.22
492.952
494.665
496.436
498.176
499.656
501.196
502.901
504.657
506.34
508.086
509.718
509.934
511.662
513.441
515.187
516.927
518.634
520.363
522.068
523.778
524.655
526.338
528.089
529.841
531.518
533.264
534.746
536.329
537.632
538.304
539.143
539.682
540.847
542.571
544.259
546.008
547.72
549.389
551.147
551.755
552.179
552.811
554.474
554.924
556.616
557.022
557.235
558.777
560.496
560.704
562.404
563.765
563.966
565.055
566.75
568.467
570.17
571.855
573.565
575.308
577.023
578.743
580.493
580.914
582.451
