0.00363365
0.0147759
0.0138964
0.00078503
0.00714385
0.00310192
0.0184235
0.00596606
0.00154809
0.00464985
0.00415266
0.00262095
0.00285746
0.00380062
0.0130477
0.0174574
0.0238218
0.0025408
0.00396592
0.00171856
0.000558865
0.0166856
0.00821477
0.0146091
0.00137021
0.000638937
0.0153966
0.0233969
0.0102667
0.00266705
0.00731267
0.0138983
0.00109139
0.0161948
0.00136467
0.00110769
0.00191896
0.000720045
0.000842995
0.00430599
0.0328906
0.0131775
0.00116263
0.00782071
0.0137933
0.00255821
0.00368128
0.00385915
0.00468431
0.0014881
0.00816364
0.0130555
0.00623125
0.00202474
0.00152549
0.00112294
0.0108409
0.0070736
0.00281091
0.00325812
0.000771283
0.00106125
0.00346035
0.00124275
0.000602215
0.0200622
0.0105559
0.0227707
0.0149467
0.000609687
0.000605873
0.0188163
0.000842403
0.00305952
0.00428707
0.0015578
0.0263238
0.00131125
0.00603238
0.00840985
0.00284144
0.0042244
0.0053633
0.00623069
0.00214975
0.00188957
0.00116524
0.0219928
0.00202388
0.0022101
0.0335241
0.0152893
0.00485858
0.00483435
0.00353244
0.0410913
0.00866517
0.0210616
0.00182727
0.00072201
0.00515052
0.00403148
0.0125191
0.0147499
0.00384782
0.00160703
0.00482598
0.0051422
0.00343151
0.0326881
0.00565261
0.000927017
0.0025148
0.049464
0.0196029
0.0337513
0.0036455
0.040342
0.00350303
0.00083674
0.00604525
0.00148137
0.0078783
0.0205408
0.026745
0.000673051
0.00378279
0.00110405
0.00240389
0.0004284
0.00451513
0.00782065
0.00904086
0.0133276
0.012021
0.0288553
0.0143994
0.000814334
0.00861635
0.00110822
0.0141839
0.00925004
0.00127522
0.00582737
0.0135594
0.00619074
0.00405143
0.00279659
0.00159029
0.0208015
0.0111018
0.011245
0.0106309
0.0040744
0.0019838
0.00354461
0.0120747
0.00178733
0.00342846
0.0068369
0.00648195
0.0133147
0.00275724
0.00202457
0.0111482
0.0140703
0.00322072
0.00721191
0.00971224
0.00633707
0.00335695
0.00519369
0.00828486
0.00863854
0.00175113
0.00717736
0.0340912
0.00133005
0.00415557
0.0168244
0.0077967
0.00199803
0.00234695
0.00613347
0.0183477
0.00886682
0.00728762
0.000664311
0.00257451
0.000773528
0.00424323
0.00134495
0.0058264
0.00115764
0.00275022
0.00341184
0.0131834
0.00630079
0.00119738
0.000902501
0.00178252
0.00578531
0.00164941
0.000478257
0.000775295
0.000912725
0.00320358
0.00113684
0.0254335
0.009074
0.0016341
0.00757665
0.0043976
0.000945806
0.024187
0.0164912
0.00103873
0.00203576
0.00134844
0.00363434
0.0256886
0.000723298
0.0232751
0.0171618
0.00430603
0.00267866
0.000899717
0.00366576
0.000897669
0.0123272
0.00171628
0.00576518
0.0182017
0.0117453
0.0234635
0.000725377
0.00142178
0.00145185
0.0160566
0.00628868
0.025743
0.00802191
0.00192725
0.0156542
0.0165906
0.0203257
0.000743253
0.00355621
0.00182852
0.018371
0.00125307
0.00162172
0.00161305
0.00190937
0.00418915
0.015628
0.00638295
0.00799842
0.00303963
0.0135985
0.0183413
0.0249568
0.00395689
0.00377322
0.00907969
0.00483643
0.0137027
0.00107809
0.0030727
0.00127639
0.00425429
0.0143009
0.00653731
0.0108791
0.00595467
0.000875378
0.00462705
0.00629224
0.0157445
0.00055757
0.00137969
0.00424811
0.0175181
0.0010323
0.0054573
0.00292375
0.00207076
0.0118838
0.00943113
0.0179028
0.00862825
0.00299075
0.00141087
0.00155108
0.00468713
0.000911342
0.000804595
0.00251118
0.00253223
0.00589891
0.00348655
0.00311938
0.002224
0.00143824
0.0181464
0.00370371
0.00392947
0.00481008
0.00838495
0.00184984
0.00260734
0.00187445
0.00144535
0.00231435
0.0025928
0.00240397
0.00162962
0.00176146
0.00749327
0.00873016
0.0106574
0.00591524
0.0153913
0.0162618
0.00818185
0.00531825
0.00451384
0.00420494
0.0079575
0.00246723
0.00932567
0.00991063
0.0202223
0.0101221
0.00853759
0.0110354
0.00779887
0.00895085
0.00651166
0.00496663
0.00297388
0.00303565
0.00434347
0.0085989
0.0097053
0.00735564
0.0080114
0.0246373
0.00108933
0.0115077
0.0258391
0.00296777
0.00658661
0.0211604
0.00177836
0.00106461
0.000934672
0.0162084
0.0505681
0.019987
0.00985349
0.00966397
0.00164122
0.00110391
0.0270602
0.00314547
0.0107764
0.0010874
0.00150022
0.0021305
0.00800412
0.0137362
0.000761553
0.00184231
0.00243185
0.00295913
0.00244715
0.00131047
0.0195168
0.00641968
0.0200608
0.0261516
0.0145221
0.00215027
0.0158092
0.0133871
0.0178178
0.0129317
0.00740643
0.00731359
0.0147831
0.00110885
0.00122793
0.0202184
0.00337098
0.00458979
0.00631342
0.00612126
0.017664
0.00220114
0.00877524
0.00176831
0.00465239
0.00355932
0.00408741
0.00279955
0.0030528
0.00978638
0.00543501
0.00542786
0.00252513
0.00116132
0.00600408
0.00259182
0.00086788
0.00209481
0.0193934
0.00263244
0.0155106
0.00424928
0.00898993
0.000646382
0.00198545
0.00153235
0.00884718
0.00111733
0.0149736
0.000911006
0.0106773
0.00183065
0.00433278
0.00584212
0.00254774
0.00610803
0.00622825
0.00348696
0.00318431
0.00162143
0.0011481
0.00941054
0.0047045
0.00405474
0.00487137
0.00247135
0.00130215
0.00763912
0.00863128
0.00785434
0.00771279
0.00591415
0.0113698
0.00423445
0.00311813
0.00158916
0.00794792
0.00688664
0.00908427
0.00612046
0.00258829
0.00206565
0.00341007
0.00605819
0.00783643
0.0132798
0.0034079
0.0108391
0.00620612
0.00820727
0.00474509
0.00344488
0.00416678
0.00192852
0.00512154
0.0123323
0.00872533
0.00212467
0.00788719
0.00509361
0.00911711
0.00150227
0.013997
0.0097981
0.00493069
0.00369271
0.00331595
0.00224044
0.0034872
0.00456267
0.00591121
0.00339087
0.0038639
0.00767665
0.00688251
0.00401929
0.0024673
0.00174379
0.00992423
0.0112426
0.0133884
