0.202209
0.202403
0.202596
0.202790
0.202797
0.202809
0.202809
0.202843
0.202900
0.202923
0.222114
0.330810
0.506181
0.653343
0.774405
0.885684
0.966283
0.981910
1.132824
1.469711
1.839303
2.079064
2.187971
2.253986
2.310204
2.374822
2.449145
2.537088
2.667473
2.789516
2.907271
3.023592
3.094810
3.149892
3.204018
3.283601
3.354846
3.423507
3.501049
3.566045
3.630344
3.694263
3.768239
3.843370
3.907881
3.974921
4.048560
4.151667
4.252399
4.384712
4.545423
4.711934
4.886760
5.135832
5.367857
5.567291
5.784704
5.978377
6.128464
6.305986
6.463313
6.651112
6.820208
7.013815
7.188948
7.372879
7.599020
7.810454
8.060803
8.272659
8.518480
8.766038
8.984295
9.221503
9.526319
9.785547
10.011163
10.198635
10.387484
10.577133
10.744076
10.898082
11.043771
11.187005
11.342338
11.562424
11.800307
12.013174
12.266235
12.516302
12.720799
12.916570
13.135267
13.357492
13.548175
13.776591
14.005271
14.220312
14.359678
14.469484
14.534339
14.597069
14.678501
14.793604
14.904969
15.035233
15.139462
15.266256
15.371507
15.468263
15.577117
15.682788
15.807095
15.980441
16.180857
16.396291
16.626634
16.862560
17.068616
17.308640
17.509691
17.716053
17.850152
17.947901
18.040991
18.117550
18.208193
18.286564
18.373259
18.440441
18.501333
18.556156
18.613433
18.667005
18.727806
18.789051
18.875374
18.964262
19.087593
19.239588
19.389952
19.558959
19.744311
19.977318
20.213974
20.406609
20.622277
20.829924
21.039043
21.251361
21.449882
21.590158
21.705694
21.808094
21.868370
21.902870
21.946373
22.021791
22.108860
22.238410
22.362938
22.498305
22.600054
22.704160
22.804349
22.898641
23.003590
23.125196
23.305801
23.549572
23.765084
23.962079
24.176892
24.362170
24.587840
24.791477
24.993137
25.219664
25.403844
25.628271
25.838538
26.056384
26.260612
26.465105
26.614568
26.745559
26.834161
26.984698
27.173924
27.384626
27.625655
27.866105
28.067792
28.264650
28.484204
28.662412
28.865335
29.046602
29.235761
29.434866
29.682247
29.904465
30.131393
30.399412
30.615324
30.846563
31.076722
31.308780
31.538591
31.785060
32.009942
32.245311
32.522328
32.744224
32.939914
33.126357
33.282419
33.413583
33.546961
33.657620
33.737604
33.847205
34.044681
34.306549
34.582348
34.809836
35.041570
35.200959
35.336778
35.431348
35.548398
35.667786
35.848166
36.025332
36.239413
36.467109
36.674875
36.911898
37.114219
37.364860
37.607724
37.814539
37.956196
38.023561
38.048972
38.096204
38.177079
38.292756
38.460551
38.599257
38.721391
38.856323
38.981933
39.111406
39.247922
39.427849
39.627084
39.833193
40.015164
40.217646
40.389735
40.505625
40.597790
40.694279
40.791150
40.910529
41.083089
41.216114
41.303559
41.355145
41.431417
41.524623
41.645834
41.822785
42.027253
42.222802
42.464106
42.674731
42.888100
43.141576
43.391168
43.608185
43.823792
44.069821
44.307010
44.511574
44.737454
44.931109
45.161623
45.360615
45.592012
45.829637
46.065102
46.291217
46.484642
46.708366
46.928674
47.115181
47.331663
47.523610
47.754513
47.988602
48.214227
48.407859
48.639606
48.844606
49.049399
49.240426
49.431756
49.573733
49.738393
49.962167
50.160998
50.352717
50.535477
50.744634
50.930935
51.168416
51.418146
51.684933
51.918321
52.157095
52.434581
52.648477
52.867219
53.093405
53.329511
53.529334
53.753342
53.956472
54.182350
54.383247
54.623140
54.863241
55.096449
55.332263
55.549259
55.714929
55.878199
56.083964
56.280287
56.522018
56.729520
56.931957
57.157794
57.346107
57.571191
57.776438
57.983833
58.221041
58.415445
58.638273
58.827386
59.047424
59.272206
59.454790
59.654130
59.819033
60.033154
60.205343
60.328320
60.426215
60.503146
60.566464
60.610888
60.673093
60.765334
60.883827
61.054214
61.225274
61.413794
61.631737
61.814018
61.981988
62.128870
62.289184
62.411154
62.521488
62.652217
62.845158
63.058211
63.331961
63.588533
63.771488
63.915179
63.981062
64.012302
64.085630
64.197040
64.373945
64.588197
64.823592
65.043284
65.309379
65.535449
65.797297
66.048223
66.298595
66.507154
66.710744
66.949545
67.159271
67.412387
67.640574
67.865264
68.100796
68.290261
68.451364
68.625793
68.823445
68.991758
69.131967
69.206995
69.258302
69.345133
69.458081
69.606553
69.787920
69.992022
70.092151
70.129476
70.151840
70.212157
70.307024
70.417996
70.581346
70.750042
70.935535
71.166265
71.404372
71.609604
71.846014
72.050661
72.254741
72.486680
72.671913
72.855910
73.083447
73.285051
73.511452
73.718477
73.884926
73.994198
74.101191
74.198210
74.330782
74.463238
74.612524
74.803940
74.997519
75.160402
75.334392
75.481145
75.595867
75.712620
75.838632
76.044310
76.292626
76.550516
76.757447
76.944515
77.158981
77.343064
77.523697
77.726186
77.904057
78.087592
78.232016
78.348940
78.505185
78.719438
78.970203
79.178737
79.403043
79.626290
79.819368
80.047669
80.236149
80.449132
80.664130
80.834975
81.009617
81.236102
81.441536
81.696676
81.924448
82.146800
82.412922
82.609689
82.801450
82.898164
83.034450
83.201963
83.317834
83.398163
83.513518
83.694060
83.860050
84.047358
84.244649
84.435658
84.587319
84.778977
84.973958
85.133410
85.275301
85.414361
85.588157
85.823015
86.049967
86.232463
86.451508
86.656193
86.891209
87.117397
87.333852
87.511083
87.755381
87.955735
88.143275
88.361538
88.592876
88.840743
89.081567
89.278576
89.503373
89.735105
89.931358
90.145406
90.324508
90.508269
90.697069
90.916814
91.139219
91.383004
91.633410
91.841240
92.039105
92.254344
92.437912
92.626984
92.819333
93.044282
93.236072
93.431878
93.669414
93.876391
94.083035
94.285454
94.484772
94.710109
94.896189
95.111370
95.338367
95.542818
95.751183
95.960819
96.183782
96.402012
96.621816
96.853030
97.020381
97.279998
97.477318
97.707605
97.945835
98.148201
98.349200
98.575080
98.754373
98.863576
98.925024
98.991616
99.121340
99.303601
99.499452
99.764955
100.046132
100.299106
100.514626
100.667442
100.827342
100.968648
101.134467
101.294323
101.501041
101.687944
101.920386
102.156170
102.360096
102.592331
102.813888
102.996649
103.178832
103.393272
103.622269
103.862320
104.072405
104.314223
104.522276
104.770069
104.992062
105.230328
105.407002
105.544958
105.660442
105.755411
105.843958
105.953541
106.087804
106.243718
106.465184
106.694327
106.972005
107.191738
107.394068
107.618763
107.831527
108.049436
108.244208
108.480494
108.676122
108.870062
109.105548
109.326613
109.558138
109.790531
110.012406
110.254458
110.494040
110.735466
110.972077
111.181770
111.379180
111.561525
111.778113
111.973591
112.204011
112.392460
112.590435
112.758920
112.894466
113.027653
113.184821
113.341467
113.470066
113.614566
113.733087
113.861195
114.001716
114.170310
114.387911
114.584978
114.826802
115.043446
115.293052
115.501451
115.734894
115.951632
116.149560
116.358538
116.602418
116.835911
117.030746
117.257571
117.457089
117.683671
117.857161
118.037516
118.206595
118.347759
118.490217
118.580782
118.653275
118.721105
118.835731
118.956901
119.113194
119.258667
119.400685
119.551428
119.753304
119.907140
120.065326
120.174891
120.272624
120.418257
120.593722
120.825287
121.020071
121.212179
121.407444
121.636321
121.832446
122.022138
122.241075
122.462391
122.656134
122.885930
123.126960
123.333879
123.567321
123.772216
123.970923
124.151846
124.378381
124.561424
124.718712
124.873521
125.015907
125.202168
125.401017
125.589138
125.761163
125.974806
126.201598
126.407092
126.611304
126.849207
127.030316
127.195795
127.303443
127.365589
127.403579
127.456880
127.559373
127.688022
127.887497
128.093002
128.360148
128.628462
128.855207
129.108778
129.352539
129.588521
129.792232
130.026324
130.219807
130.442949
130.659998
130.883376
131.075104
131.297014
131.477911
131.675774
131.843636
132.014146
132.217700
132.421118
132.629238
132.857954
133.076415
133.306147
133.481154
133.619907
133.722120
133.773242
133.818984
133.878193
133.980847
134.102866
134.244900
134.406631
134.615602
134.815374
135.066065
135.327734
135.554935
135.783094
136.009958
136.273143
136.493651
136.748070
136.992300
137.237936
137.445007
137.685944
137.920121
138.115561
138.286312
138.419782
138.524241
138.574803
138.610688
138.677725
138.767251
138.887651
138.993497
139.087608
139.211299
139.366127
139.484847
139.616809
139.843993
140.135954
140.574366
140.913484
141.199568
141.345406
141.442771
141.573862
141.760604
142.028683
142.268249
142.499836
142.724019
142.992374
143.229377
143.481652
143.758523
143.995749
144.243627
144.450805
144.690580
144.932041
145.135362
145.331312
145.519354
145.729172
145.906785
146.082466
146.249106
146.410760
146.529353
146.627806
146.720526
146.824477
146.967082
147.125515
147.277472
147.441200
147.641673
147.817380
148.033673
148.228817
148.465963
148.680131
148.934654
149.149868
149.345379
149.515539
149.636759
149.767777
149.869502
149.978471
150.077873
150.191440
150.325832
150.519332
150.704047
150.893279
151.107032
151.323025
151.524516
151.722705
151.926450
152.104378
152.319388
152.505588
152.719977
152.904465
153.117654
153.297604
153.479241
153.696635
153.882727
154.093450
154.273726
154.457939
154.667014
154.885370
155.104050
155.330829
155.525068
155.719609
155.947782
156.143442
156.373258
156.554975
156.715544
156.843135
156.948589
157.075412
157.195534
157.355466
157.511160
157.716407
157.907837
158.111519
158.356731
158.615359
158.850168
159.074609
159.297437
159.555078
159.769250
160.013589
160.215042
160.439954
160.635725
160.824128
161.040688
161.264765
161.495075
161.727124
161.969072
162.177142
162.422667
162.657870
162.854200
163.088189
163.314403
163.504838
163.684274
163.854223
164.039310
164.168321
164.272342
164.339092
164.408776
164.466976
164.530173
164.575429
164.613171
164.650700
164.716415
164.842969
165.016059
165.201641
165.390147
165.568849
165.682998
165.765338
165.893382
166.035895
166.206819
166.434685
166.693539
166.892604
167.032919
167.148386
167.229108
167.331480
167.465476
167.609236
167.777731
167.964008
168.188360
168.394941
168.611155
168.863986
169.104765
169.330991
169.527260
169.763320
169.966445
170.168326
170.374504
170.619472
170.820048
171.042752
171.236206
171.471182
171.681416
171.888406
172.094838
172.225243
172.330683
172.401248
172.482743
172.576922
172.745891
172.942995
173.129654
173.271990
173.382256
173.529801
173.678874
173.844508
174.053275
174.258206
174.437845
174.595531
174.734104
174.846103
174.981605
175.115558
175.289345
175.484050
175.703561
175.899984
176.100689
176.335068
176.532951
176.763954
176.972649
177.228429
177.452300
177.675449
177.924715
178.120689
178.295114
178.440729
178.610720
178.814810
179.017509
179.224667
179.408919
179.590903
179.762353
179.954589
180.119343
180.318581
180.503312
180.732769
180.935945
181.179232
181.416035
181.656228
181.864448
182.130618
182.331249
182.564041
182.765704
182.996124
183.186375
183.407687
183.626668
183.854795
184.052590
184.285440
184.502442
184.681887
184.886246
185.081807
185.235636
185.391237
185.507027
185.628258
185.744232
185.884983
186.033424
186.186591
186.281156
186.376035
186.494734
186.615414
186.753779
186.911685
187.121063
187.311146
187.492770
187.672051
187.815586
187.907359
187.986408
188.061909
188.152129
188.269068
188.409626
188.543894
188.642514
188.723939
188.846923
189.032778
189.228373
189.465813
189.699994
189.898628
190.096000
190.317103
190.503710
190.720826
190.941175
191.162211
191.393630
191.630252
191.829581
192.016543
192.192564
192.369918
192.588061
192.825772
193.067611
193.259027
193.416367
193.541362
193.599692
193.613740
193.654688
193.742034
193.851129
193.998575
194.115603
194.215174
194.300246
194.394398
194.482604
194.594757
194.681866
194.734672
194.809588
194.941910
195.110556
195.279789
195.476333
195.699022
195.890739
196.084454
196.282744
196.425737
196.534872
196.622552
196.686722
196.791918
196.924347
197.109966
197.259362
197.396259
197.480471
197.520195
197.565371
197.645422
197.741937
197.895544
198.082671
198.292730
198.522200
198.700273
198.879465
199.065584
199.258447
199.504568
199.692200
199.917091
200.121014
200.361103
200.556204
200.746237
200.942258
201.149184
201.401656
201.615733
201.845734
202.059050
202.237959
202.428344
202.625148
202.821415
203.054767
203.262420
203.479892
203.737268
203.999594
204.250584
204.449602
204.659018
204.824045
204.997782
205.150960
205.290388
205.433488
205.651417
205.908094
206.134277
206.380189
206.568685
206.752694
206.880670
206.993374
207.129045
207.264190
207.422559
207.601479
207.822348
208.049400
208.229413
208.401432
208.503582
208.532686
208.559162
208.622934
208.714967
208.850207
209.001620
209.216705
209.403347
209.581411
209.748089
209.991649
210.266018
210.494111
210.734236
210.955393
211.135862
211.355550
211.564236
211.703375
211.826772
211.956300
212.179150
212.413019
212.685171
212.898614
213.121309
213.332870
213.544889
213.773004
214.009789
214.246110
214.453062
214.673909
214.908644
215.089916
215.230378
215.323983
215.352600
215.395535
215.451362
215.615381
215.791659
216.001067
216.219670
216.415758
216.618988
216.858342
217.094849
217.344489
217.559560
217.757071
217.956432
218.125734
218.304173
218.487814
218.702493
218.895549
219.102282
219.310135
219.543442
219.729028
219.915609
220.086765
220.255487
220.449877
220.683305
220.918378
221.113307
221.326524
221.501620
221.609897
221.688836
221.733932
221.792796
221.878209
221.996741
222.162569
222.357321
222.554077
222.705688
222.833307
222.897418
222.925712
222.986805
223.085114
223.249644
223.430731
223.676429
223.943360
224.187673
224.451557
224.672353
224.891358
225.084857
225.266196
225.453753
225.588222
225.790732
226.002810
226.175231
226.380568
226.577199
226.787319
227.033698
227.228327
227.441940
227.624266
227.815088
228.045427
228.287004
228.490330
228.705579
228.887761
229.090004
229.337734
229.548380
229.755682
229.981283
230.177232
230.397292
230.616076
230.835173
231.032025
231.265301
231.463049
231.696496
231.923841
232.119409
232.314418
232.511194
232.746151
232.948979
233.158006
233.394655
233.621261
233.816919
234.046056
234.250627
234.481084
234.714401
234.945534
235.182975
235.383430
235.615876
235.842694
236.038933
236.267887
236.462705
236.659303
236.893997
237.096644
237.298691
237.501988
237.697936
237.892761
238.120954
238.320441
238.516627
238.715280
238.916503
239.154855
239.391478
239.619819
239.852040
240.082574
240.306494
240.501657
240.698940
240.934132
241.136617
241.373555
241.572401
241.799916
242.031311
242.227201
242.423303
242.620857
242.855871
243.057998
243.260642
243.491301
243.724413
243.915034
244.109807
244.268825
244.411616
244.549675
244.730727
244.908003
245.064296
245.193072
245.298232
245.413829
245.537600
245.702845
245.875649
246.068886
246.310950
246.557702
246.800902
247.014970
247.229823
247.479959
247.696112
247.965392
248.213556
248.447075
248.622864
248.810963
248.967990
249.132586
249.335577
249.556851
249.788642
249.991495
250.226352
250.462124
250.698058
250.933377
251.139131
251.347556
251.546776
251.728967
251.898344
252.087612
252.280914
252.455550
252.625580
252.810197
253.004096
253.180503
253.412608
253.648149
253.879548
254.082745
254.328906
254.535475
254.736229
254.960756
255.149819
255.368438
255.592330
255.821965
256.064896
256.267577
256.462004
256.676095
256.867240
257.051775
257.211157
257.404395
257.596449
257.795300
257.998940
258.201864
258.413505
258.625845
258.831908
259.009703
259.218949
259.425001
259.625561
259.822787
260.058474
260.261968
260.460964
260.692816
260.925194
261.103269
261.271746
261.494772
261.709515
261.893669
262.113529
262.333734
262.550976
262.775738
262.967616
263.159612
263.352249
263.580190
263.804986
264.000147
264.192344
264.382653
264.611169
264.847948
265.082062
265.283521
265.516393
265.744929
265.934412
266.150851
266.346759
266.585789
266.787579
267.014120
267.198330
267.378393
267.584650
267.797802
268.012788
268.192640
268.387367
268.579108
268.766329
268.937641
269.117269
269.326983
269.538381
269.755400
269.945417
270.163584
270.356055
270.573595
270.768800
271.008072
271.258953
271.487322
271.716015
271.944393
272.193880
272.416967
272.566802
272.684836
272.739496
272.769953
272.804622
272.881557
273.029107
273.254169
273.488326
273.678617
273.858070
274.067405
274.245955
274.439696
274.630126
274.807283
274.978863
275.115448
275.217039
275.337353
275.463360
275.630716
275.799713
275.990115
276.238018
276.505299
276.740700
277.011994
277.242497
277.504267
277.758187
278.001696
278.246959
278.452291
278.653819
278.885723
279.079708
279.300390
279.491578
279.716499
279.940958
280.129799
280.342278
280.521725
280.726777
280.903185
281.111095
281.261430
281.502282
281.718337
281.946536
282.183760
282.393065
282.640332
282.895642
283.147441
283.374163
283.558660
283.681460
283.746534
283.813927
283.915670
284.102410
284.296271
284.505271
284.755023
284.994387
285.196559
285.429577
285.661289
285.889994
286.088264
286.308120
286.483534
286.686565
286.890422
287.073348
287.293176
287.511869
287.734744
287.944336
288.213782
288.411721
288.601018
288.775766
288.951797
289.090173
289.188670
289.274376
289.368617
289.453071
289.548516
289.677757
289.799604
289.946061
290.074828
290.225220
290.372912
290.513070
290.647911
290.781246
291.002352
291.213621
291.416849
291.557547
291.735305
291.901479
292.012852
292.061937
292.125947
292.222908
292.348011
292.525792
292.739051
292.937913
293.145395
293.393659
293.605853
293.817201
294.058148
294.265577
294.506993
294.746416
294.977225
295.208628
295.439246
295.637694
295.868623
296.070223
296.271047
296.505002
296.737692
296.965032
297.161700
297.389933
297.590525
297.816445
298.003641
298.191816
298.416667
298.625497
298.842650
299.106065
299.330513
299.552512
299.809558
300.057068
300.269689
300.516675
300.761242
300.968014
301.173275
301.381415
301.606550
301.804822
302.003175
302.202259
302.436945
302.672416
302.903612
303.140370
303.371516
303.596209
303.802487
304.014199
304.221243
304.453086
304.675800
304.890547
305.110098
305.330480
305.547339
305.737201
305.928408
306.154952
306.383287
306.578372
306.771466
306.987724
307.200544
307.375119
307.545570
307.723677
307.876605
308.057423
308.251190
308.433221
308.596222
308.748973
308.906457
309.067670
309.206267
309.304669
309.410257
309.498610
309.624461
309.754818
309.912321
310.098967
310.263943
310.497699
310.701590
310.913222
311.171007
311.419080
311.654214
311.920895
312.170285
312.422104
312.663139
312.900594
313.125558
313.338751
313.589139
313.844658
314.060710
314.279692
314.500678
314.723647
314.934444
315.149614
315.358704
315.591558
315.792563
315.997729
316.207647
316.418047
316.649677
316.786643
316.953297
317.178377
317.437002
317.708720
317.918155
318.105776
318.306138
318.487485
318.710733
318.960031
319.152880
319.395521
319.630143
319.839702
320.043385
320.256556
320.484881
320.688376
320.896141
321.117584
321.328200
321.504014
321.762010
321.956251
322.175028
322.385424
322.583009
322.817608
323.029417
323.263857
323.495322
323.722786
323.955240
324.139947
324.373190
324.577481
324.787679
325.008366
325.202238
325.419632
325.647363
325.865046
326.071023
326.272531
326.475803
326.669989
326.886433
327.086125
327.289756
327.508245
327.716764
327.922755
328.124086
328.329914
328.541703
328.795218
329.049639
329.284888
329.498156
329.707678
329.902574
330.088514
330.277286
330.456051
330.624498
330.868922
331.077387
331.289082
331.534477
331.749178
332.007177
332.230536
332.461890
332.717852
332.974462
333.216934
333.470901
333.676000
333.941751
334.177029
334.381882
334.602721
334.810988
335.019159
335.229513
335.401109
335.637731
335.837520
336.035669
336.262505
336.458781
336.667196
336.865903
337.078489
337.274197
337.492215
337.734607
337.957544
338.160351
338.372816
338.602967
338.805099
339.039496
339.277592
339.508877
339.714096
339.887153
340.123241
340.316863
340.507600
340.772335
340.976665
341.176154
341.355743
341.542988
341.697110
341.864951
342.010865
342.216290
342.453098
342.662422
342.897042
343.184502
343.440638
343.697597
343.962822
344.199631
344.414625
344.618251
344.806180
344.943346
345.063986
345.183390
345.319268
345.471927
345.628436
345.814479
345.996592
346.209932
346.428471
346.643997
346.845728
347.073225
347.264596
347.466073
347.681797
347.888530
348.083119
348.298278
348.529915
348.728842
348.865114
348.977822
349.115275
349.286190
349.465032
349.664913
349.863422
350.100408
350.297513
350.499051
350.684571
350.883285
351.072533
351.250707
351.432915
351.605126
351.752305
351.876823
352.052579
352.251268
352.503500
352.750284
352.948762
353.158063
353.366747
353.544892
353.822440
354.019441
354.247468
354.495865
354.708736
354.904073
355.115725
355.328121
355.549899
355.781581
355.983466
356.178564
356.346149
356.580042
356.861163
357.109483
357.327904
357.534465
357.665533
357.769465
357.826029
357.879035
357.939406
358.028285
358.113496
358.253788
358.421437
358.564847
358.747520
358.943853
359.153931
359.366374
359.587969
359.793626
360.054266
360.334974
360.538574
360.721179
360.870936
360.990952
361.110761
361.225895
361.320488
361.388220
361.468762
361.606035
361.736950
361.806212
361.893502
362.021751
362.158319
362.341055
362.531876
362.742930
362.957122
363.165101
363.407561
363.619430
363.838657
364.030589
364.193843
364.344436
364.459856
364.634777
364.817078
364.991124
365.088121
365.206955
365.328953
365.471951
365.668327
365.878545
366.104875
366.290777
366.517687
366.745363
366.979234
367.124065
367.282515
367.494067
367.708836
367.963632
368.172432
368.378755
368.586743
368.785278
368.923146
369.047467
369.173030
369.310035
369.461445
369.654555
369.846045
370.086519
370.253016
370.342456
370.432641
370.519765
370.644609
370.748624
370.858460
371.018328
371.207996
371.384487
371.566462
371.755019
371.947058
372.137745
372.408833
372.628564
372.837212
373.004645
373.168847
373.342907
373.520846
373.727021
373.954197
374.159837
374.299546
374.390641
374.453074
374.506900
374.573589
374.670473
374.800963
374.962590
375.161804
375.346372
375.542288
375.748582
375.947304
376.147288
376.351584
376.562780
376.756443
376.953261
377.161184
377.358384
377.564505
377.775824
377.965278
378.153214
378.326006
378.474144
378.692167
378.923118
379.096541
379.308863
379.550688
379.776325
379.997004
380.176948
380.419667
380.649318
380.869208
381.131817
381.326088
381.581176
381.891232
382.162613
382.402548
382.651580
382.865035
383.080783
383.252850
383.412417
383.571210
383.725989
383.915101
384.143066
384.367059
384.598259
384.816599
385.056173
385.293551
385.523851
385.732918
385.937069
386.136779
386.336937
386.572547
386.783276
386.988799
387.200112
387.396842
387.571553
387.731211
387.934037
388.094147
388.266983
388.438085
388.581019
388.663778
388.773914
388.965640
389.200868
389.414749
389.662832
389.852153
389.944877
390.019255
390.140949
390.377662
390.699120
390.980113
391.176935
391.331290
391.523860
391.756397
391.971276
392.192137
392.418469
392.671965
392.910039
393.140016
393.387011
393.632022
393.862785
394.095495
394.325069
394.536166
394.781550
394.993617
395.218639
395.426000
395.636897
395.842304
396.042603
396.247821
396.473174
396.678530
396.883772
397.114033
397.334221
397.563809
397.777521
398.004639
398.224006
398.432295
398.654859
398.863144
399.087298
399.305403
399.531767
399.737439
399.945089
400.165591
400.369377
400.590079
400.810656
401.015683
401.197199
401.407838
401.609801
401.804835
402.012278
402.247909
402.466207
402.660819
402.918752
403.143147
403.347665
403.550895
403.781514
403.995288
404.217677
404.420528
404.639766
404.867000
405.071540
405.277169
405.483068
405.688407
405.873003
406.102303
406.298033
406.457382
406.586079
406.652302
406.667650
406.691328
406.743815
406.824250
406.927687
407.044678
407.167443
407.292595
407.405873
407.542656
407.737901
407.925840
408.139115
408.387496
408.584330
408.852503
409.100327
409.309066
409.561403
409.788462
410.028674
410.215521
410.424984
410.664744
410.882656
411.079437
411.316195
411.528854
411.748611
411.979539
412.185589
412.370457
412.563927
412.759716
412.979762
413.201166
413.413506
413.622918
413.880937
414.106157
414.312537
414.522028
414.723802
414.935008
415.168238
415.399598
415.573080
415.689670
415.802038
415.920480
416.056199
416.216090
416.403589
416.626602
416.884443
417.142825
417.413465
417.630567
417.858698
418.091700
418.307422
418.515432
418.717262
418.923671
419.100564
419.290588
419.473250
419.683829
419.886384
420.118697
420.344157
420.556215
420.782369
420.962741
421.177434
421.434081
421.635818
421.848548
422.031431
422.237524
422.442204
422.650564
422.868092
423.076087
423.298431
423.504876
423.714193
423.935895
424.148556
424.361785
424.626755
424.828524
425.034314
425.280075
425.485530
425.694407
425.909688
426.109773
426.335564
426.546793
426.756974
426.978983
427.213233
427.419512
427.627242
427.835148
428.055667
428.271774
428.464859
428.628765
428.749865
428.861753
428.956969
429.074496
429.243462
429.379442
429.570881
429.734390
429.964150
430.187082
430.421738
430.638193
430.855517
431.072932
431.284478
431.494566
431.713023
431.944998
432.160344
432.384314
432.585673
432.804339
433.031004
433.231992
433.459635
433.658502
433.857377
434.057841
434.244589
434.442867
434.634884
434.830031
435.010023
435.245781
435.453857
435.668983
435.894981
436.128094
436.353231
436.577987
436.773102
436.942502
437.102585
437.281386
437.477855
437.675380
437.875605
438.085749
438.322863
438.527191
438.744107
438.955483
439.158990
439.321323
439.549560
439.726221
439.975352
440.202846
440.444350
440.669008
440.915832
441.147160
441.381093
441.586417
441.807165
442.005150
442.232256
442.438659
442.692522
442.928761
443.156181
443.368454
443.546651
443.717089
443.871359
444.025639
444.199877
444.384741
444.579314
444.769976
444.972495
445.197310
445.416573
445.639841
445.856720
446.057032
446.246680
446.486308
446.689048
446.926467
447.172715
447.389980
447.613091
447.846384
448.089126
448.323507
448.571751
448.790079
449.087166
449.326520
449.560749
449.779751
450.033505
450.266195
450.482581
450.706718
450.942874
451.127113
451.221253
451.265968
451.367745
451.518150
451.675929
451.842851
452.026446
452.250377
452.490775
452.719656
452.956533
453.149968
453.305908
453.452230
453.679590
453.894154
454.100950
454.276926
454.474280
454.653862
454.877159
455.097311
455.305537
455.535956
455.755232
455.985174
456.214822
456.454386
456.731542
456.967437
457.224602
457.493950
457.733302
457.964945
458.189542
458.423951
458.644420
458.857931
459.055998
459.268823
459.476527
459.704706
459.904360
460.105317
460.337533
460.549909
460.761492
460.997749
461.235357
461.468627
461.704838
461.932194
462.146962
462.346882
462.555366
462.785495
463.007892
463.231492
463.434766
463.661410
463.852253
464.045607
464.218889
464.454135
464.637501
464.815389
464.998408
465.226597
465.436913
465.660770
465.861322
466.055404
466.282509
466.493664
466.697444
466.906953
467.135692
467.349197
467.568455
467.780522
467.990339
468.230852
468.438233
468.647618
468.864635
469.078198
469.293806
469.501416
469.726765
469.950961
470.171642
470.394374
470.606180
470.812994
471.029438
471.230722
471.436946
471.658469
471.860920
472.069164
472.277997
472.486933
472.685701
472.919000
473.122194
473.320164
473.522577
473.734885
473.958086
474.167347
474.386378
474.589270
474.790509
474.995011
475.182635
475.408582
475.611293
475.821287
476.008834
476.216864
476.413950
476.614516
476.804924
476.986077
477.163166
477.342103
477.518989
477.743087
477.954736
478.158764
478.333845
478.472584
478.633222
478.802492
478.974049
479.168306
479.373201
479.586433
479.783811
479.989795
480.179187
480.338736
480.558429
480.752659
480.958360
481.171914
481.365110
481.582017
481.780509
481.983483
482.196661
482.425179
482.623361
482.852605
483.079868
483.294393
483.526879
483.717025
483.958787
484.152929
484.337792
484.523006
484.729717
484.914656
485.113168
485.329777
485.526524
485.709514
485.896992
486.096978
486.323718
486.544813
486.744257
486.951686
487.165498
487.394812
487.602377
487.824495
488.041944
488.241782
488.449028
488.667602
488.885531
489.108730
489.335526
489.581581
489.797037
490.020351
490.222163
490.431441
490.635271
490.839511
491.069734
491.276352
491.484122
491.697960
491.927699
492.157180
492.380464
492.582092
492.807410
493.006457
493.229513
493.441493
493.646652
493.839921
494.059295
494.267323
494.475573
494.665670
494.887619
495.083447
495.267451
495.457825
495.619610
495.831572
496.024372
496.194607
496.365715
496.599201
496.789138
496.940329
497.058401
497.176404
497.307312
497.475957
497.677888
497.874096
498.162038
498.410354
498.681722
498.956957
499.206914
499.420158
499.629169
499.828643
500.036141
500.248577
500.473109
500.692143
500.921418
501.135050
501.379081
501.593537
501.809176
502.051918
502.244527
502.512127
502.737114
502.967216
503.188619
503.391806
503.571613
503.755305
503.946994
504.143894
504.405486
504.619703
504.822693
505.068816
505.303148
505.480323
505.717572
505.944606
506.144608
506.371957
506.554738
506.802032
507.006441
507.227839
507.424526
507.672700
507.862353
508.053132
508.250595
508.459023
508.650157
508.853604
509.078719
509.294957
509.465116
509.630386
509.758012
509.828794
509.853223
509.872038
509.890641
509.894603
509.910827
509.926156
509.935735
509.939805
509.942765
509.944830
509.947483
509.948995
509.949900
509.950818
509.951266
509.951598
509.951893
509.952059
509.952161
509.952236
509.952295
509.952341
509.952379
509.952416
509.952445
509.952469
509.952488
509.952504
509.952517
509.952526
509.952532
509.952537
509.952540
509.952542
509.952543
509.952544
509.952545
509.952546
509.952547
509.952548
509.952549
509.952550
509.952550
509.952551
509.952552
509.952552
509.952553
509.952553
509.952553
509.952553
509.952553
509.952553
509.952554
509.952554
509.952554
509.952554
509.952554
509.952554
509.952554
509.952554
509.952554
509.952554
509.952554
509.952554
509.952554
509.952554
509.952554
509.952554
509.952554
