0.00190042
0.000374744
0.000653344
0.000584731
0.00351081
0.00087015
0.0134246
0.000752413
0.00778031
0.000445512
0.000718771
0.00103653
0.00162812
0.00253619
0.00153498
0.00886419
0.00251577
0.000745127
0.000581793
0.000529129
0.00475245
0.00543416
0.0111725
0.0158167
0.00575841
0.000620198
0.00576751
0.000901964
0.00134358
0.00217559
0.000878127
0.00174874
0.000790805
0.000749031
0.000472538
0.000361896
0.000470813
0.00266968
0.0048931
0.00170155
0.00188174
0.000816406
0.000531978
0.00757298
0.00037022
0.00458174
0.000394437
0.000495979
0.00237557
0.0059571
0.0275861
0.00601698
0.000878333
0.0144503
0.00211317
0.000544392
0.0173449
0.0141249
0.000848741
0.00262611
0.000694095
0.00909885
0.000502066
0.000644018
0.00074304
0.000687637
0.0295108
0.00667262
0.00854035
0.00296153
0.0184569
0.000967693
0.00126254
0.00262108
0.00818755
0.000356392
0.00311716
0.000777131
0.000794102
0.000802461
0.00437128
0.00374846
0.00209583
0.00216138
0.00317219
0.00562912
0.0007206
0.000854283
0.000886384
0.000506579
0.000505496
0.000584314
0.00675965
0.00529306
0.000815771
0.00230871
0.00732878
0.0130692
0.000918959
0.00102951
0.0103213
0.00457161
0.0042774
0.00122085
0.0121111
0.0055036
0.000991635
0.000834072
0.00617205
0.00551395
0.00329338
0.0150106
0.000688927
0.0142635
0.000485304
0.00080849
0.000796375
0.00386592
0.00389516
0.000628736
0.024451
0.00216023
0.00533105
0.00048368
0.000325134
0.000464823
0.000440293
0.0348741
0.0108975
0.000807363
0.00113824
0.00860082
0.00291107
0.00423142
0.000969567
0.00138276
0.000566269
0.000513371
0.00111189
0.000837496
0.0119953
0.00298652
0.000585216
0.000673737
0.000758052
0.000666371
0.000721357
0.000680598
0.000914466
0.00259567
0.000642621
0.000619207
0.000602153
0.000635576
0.000789948
0.00104438
0.000899659
0.000918162
0.000725034
0.0010907
0.000890185
0.010164
0.00286258
0.00131396
0.000564282
0.000741023
0.0017446
0.00380107
0.0177209
0.000458822
0.000640348
0.000643827
0.00583538
0.00273941
0.00500554
0.000114257
0.000305412
0.00048708
0.000405586
0.00529672
0.000915938
0.00311259
0.0065497
0.00249243
0.00176427
0.00117422
0.0212647
0.000877556
0.000785928
0.000768304
0.000997536
0.00425631
0.00892944
0.0132202
0.000618815
0.000652091
0.00404238
0.000311953
0.000376714
0.00266977
0.000665657
0.00530807
0.000619696
0.000491677
0.00486969
0.0037495
0.00427089
0.00106488
0.00291366
0.000792377
0.000659954
0.000595765
0.000672259
0.000755301
0.00077271
0.000770856
0.0010012
0.00102726
0.00164178
0.00109017
0.000962411
0.00170701
0.00169
0.00612855
0.00373884
0.00341109
0.00284372
0.00109832
0.000706339
0.00290604
0.000813668
0.00628937
0.000426662
0.017224
0.000889709
0.0172483
0.00158817
0.000775758
0.0018077
0.00164576
0.0051694
0.000401467
0.00329077
0.0016123
0.000486851
0.000426891
0.00484796
0.00427552
0.000476903
0.000894318
0.000868518
0.00203616
0.00259297
0.0024818
0.00294944
0.00145143
0.00132094
0.00332558
0.00441977
0.00704521
0.000954089
0.000974457
0.000893115
0.000986468
0.00102969
0.00194993
0.0015204
0.00258653
0.00139965
0.00492885
0.00111325
0.00118661
0.00188129
0.0032776
0.00402387
0.00278571
0.00283246
0.00522176
0.00481662
0.000265138
0.00885756
0.000798491
0.0163356
0.00281072
0.00172407
0.00109445
0.0102096
0.00359963
0.0211237
0.0234936
0.02055
0.0211173
0.0204519
0.0206796
0.0206371
0.0204126
0.0203551
0.0203493
0.020356
0.0204585
0.0203263
0.0205302
0.0202959
0.0205128
0.020632
0.0204571
0.0202548
0.0203291
0.0201447
0.0202369
0.0206698
0.020358
0.0208415
0.0204168
0.0205822
0.020349
0.0203452
0.0203935
0.0202857
0.0206693
0.0204505
0.0206355
0.0206644
0.0208133
0.0207102
0.0203752
0.0207873
0.0208358
0.0207681
0.0204564
0.0204167
0.0203605
0.0208198
0.020962
0.0204789
0.0207019
0.0205758
0.020261
0.0204365
0.0212879
0.0215736
0.0204149
0.0209689
0.0207541
0.0240878
0.0210084
0.0209309
0.020727
0.0207397
0.0207175
0.0205855
0.0205629
0.0208104
0.0205265
0.0206991
0.0203955
0.0207316
0.0204549
0.0201871
0.020671
0.0205977
0.0206597
0.0204988
0.0207599
0.0206
0.0207356
0.0256639
0.0207388
0.0209475
0.0205179
0.0206026
0.020581
0.0207201
0.0205673
0.0207176
0.0237988
0.0223352
0.0223843
0.0209345
0.020842
0.0209906
0.0207336
0.0209379
0.0207493
0.0206959
0.0207002
0.0215594
0.0216172
0.0206538
0.0219051
0.0204802
0.0205985
0.0208461
0.0205393
0.0205408
0.0207058
0.0204788
0.0205287
0.0211034
0.0266836
0.0210176
0.0206091
0.0208191
0.0205146
0.0206666
0.0208011
0.0208275
0.0236565
0.0209462
0.0213696
0.0208027
0.0206045
0.0209723
0.0209172
0.0207867
0.020662
0.0278136
0.0206987
0.0205313
0.0204343
0.020285
0.0203847
0.0204136
0.0203546
0.0205902
0.0203561
0.0204848
0.0202867
0.0204582
0.0202634
0.0203484
0.0205295
0.0203999
0.0205826
0.0204816
0.0204498
0.0206408
0.020466
0.0204581
0.0206587
0.0205647
0.0206741
0.0206336
0.0212169
0.021017
0.0208191
0.021111
0.0207758
0.0207315
0.0209505
0.0207798
0.0205551
0.0207707
0.0211861
0.0208483
0.0208975
0.0207268
0.0210798
0.0217179
0.0219936
