7.85555
12.3864
12.3968
14.1086
14.122
14.1463
23.9084
23.9257
23.9429
27.6291
27.6395
27.654
27.6707
27.6918
27.7107
27.7377
27.7518
30.2485
35.1985
35.2094
35.2233
35.2445
39.9282
51.3653
53.9373
53.9526
55.4485
56.0742
60.0664
60.0795
60.0966
60.1177
60.1368
60.1568
63.9541
63.9649
76.8051
76.9999
78.8348
78.8514
79.036
79.0558
79.0747
80.7529
80.7664
81.1815
81.1975
81.217
84.9768
85.184
99.8961
101.551
106.988
148.284
148.301
148.32
161.179
162.938
162.955
167.714
167.732
170.086
170.097
170.107
170.118
170.138
170.747
170.769
172.008
172.022
172.218
172.661
172.681
174.168
177.171
177.182
177.196
177.213
177.223
177.233
179.157
180.038
180.057
180.077
180.097
191.667
191.682
191.693
191.712
194.702
196.687
196.697
196.883
197.757
197.772
202.722
203.161
205.138
205.156
205.346
205.379
205.4
205.42
205.436
207.085
207.103
207.914
211.852
215.062
216.78
220.918
234.178
237.636
242.639
242.655
242.665
242.685
242.708
242.728
251.886
254.891
255.529
261.043
264.032
264.042
264.052
264.072
272.518
281.67
281.68
281.7
285.344
285.359
287.057
288.828
289.239
289.249
289.258
289.269
289.289
289.71
289.723
289.737
289.748
289.759
289.779
289.798
289.809
289.819
289.84
289.858
289.868
289.878
289.888
289.906
289.921
289.939
289.958
289.968
290.148
290.169
291.87
298.129
298.145
298.164
298.174
298.186
298.208
300.298
300.311
305.639
306.334
310.171
313.196
315.4
315.414
315.424
315.437
315.455
339.231
339.446
339.458
340.532
345.681
349.342
354.201
362.106
362.126
362.521
362.541
362.551
362.739
367.858
370.263
370.274
370.291
377.408
378.059
378.069
378.091
381.265
381.284
381.297
384.563
384.578
384.596
384.617
384.634
384.655
384.673
391.914
391.933
391.943
392.124
392.134
392.154
392.164
392.185
392.204
392.224
392.234
392.255
392.275
392.299
392.323
392.336
392.356
394.073
402.05
402.271
409.099
412.456
423.917
424.756
424.769
436.343
436.357
436.729
436.747
441.154
448.926
448.939
449.532
451.402
451.423
454.884
454.898
454.917
454.934
454.954
454.974
457.901
463.607
463.626
465.308
477.674
480
480.466
480.488
480.511
488.149
488.16
488.17
488.18
488.19
488.349
488.365
488.377
488.566
488.989
489.006
489.026
489.049
489.068
489.089
491.694
491.714
491.737
491.756
514.171
515.495
515.507
518.885
527.622
533.594
533.614
556.017
621.973
629.579
629.621
629.659
629.699
629.76
629.799
629.829
629.859
629.889
629.919
629.98
630.019
630.049
630.079
630.109
630.139
630.203
630.24
630.269
630.299
630.329
630.36
630.424
630.458
630.495
630.525
630.556
630.585
630.646
630.676
630.706
630.736
630.766
630.796
630.857
630.897
630.936
630.966
631.006
631.075
631.106
631.136
631.166
631.196
631.226
631.297
631.326
631.366
631.397
631.426
631.456
631.515
631.552
631.591
631.621
631.652
631.695
631.751
631.781
631.811
631.851
631.892
631.959
631.997
632.037
632.067
632.106
632.157
632.196
632.225
632.255
632.295
632.324
632.373
632.41
632.44
632.47
632.501
632.545
632.595
632.626
632.658
632.696
632.726
632.756
632.804
632.842
632.884
632.923
632.963
633.015
633.046
633.076
633.107
633.137
633.176
633.222
633.252
633.283
633.324
633.363
633.394
633.438
633.478
633.518
633.557
633.588
633.627
633.671
633.707
633.738
633.783
633.822
633.852
633.897
633.927
633.96
633.998
634.037
634.08
634.129
634.16
634.197
634.227
634.258
634.297
634.349
634.387
634.424
634.462
634.493
634.522
634.57
634.607
634.637
634.667
634.698
634.728
634.776
634.813
634.843
634.874
634.904
634.943
634.994
635.033
635.063
635.094
635.124
635.154
635.202
635.239
635.269
635.299
635.329
635.369
635.422
635.461
635.498
635.528
635.568
635.608
635.657
635.688
635.719
635.759
635.799
635.838
635.889
635.929
635.96
636
