0.000825356
0.00570359
0.0357539
0.000851456
0.00569714
0.00317502
0.00699521
0.0110135
0.00939937
0.00101209
0.0130671
0.00186024
0.0100215
0.0279712
0.00387685
0.000903675
0.001233
0.0338155
0.0062396
0.000837492
0.0284066
0.0204722
0.0117433
0.0225395
0.000452946
0.0101772
0.0034366
0.0137018
0.0256178
0.0068148
0.0235595
0.0128801
0.0117073
0.0158875
0.0053866
0.00168042
0.00117929
0.00173327
0.00100582
0.00307883
0.00214913
0.00273244
0.00686403
0.000778468
0.00168165
0.00126646
0.00382722
0.00738712
0.018795
0.0012368
0.00562193
0.00595266
0.0067384
0.0076052
0.0125403
0.000863638
0.0107024
0.0217211
0.00959682
0.00582731
0.00135273
0.00326529
0.00115689
0.00324209
0.00523361
0.00194631
0.00229144
0.00203574
0.00564635
0.0174386
0.00156156
0.00171717
0.0154185
0.00215007
0.0183078
0.00160916
0.00577186
0.00118873
0.0228534
0.000965377
0.0375547
0.00150452
0.0318051
0.00195696
0.00114437
0.0103909
0.00104933
0.0106442
0.0115552
0.00134611
0.0013483
0.0118427
0.00146569
0.00316663
0.00752792
0.00798365
0.00392487
0.0073864
0.00176612
0.00780549
0.00482016
0.00105512
0.00368042
0.00290631
0.00427374
0.00752857
0.00208541
0.0110479
0.00165626
0.0132718
0.0167146
0.0116563
0.0086211
0.0100176
0.00250792
0.0019525
0.0198729
0.00559338
0.0245886
0.000565344
0.00116409
0.0086915
0.000650066
0.0155716
0.00177403
0.0155714
0.0135132
0.0108254
0.0189544
0.00796398
0.0266621
0.0233762
0.022027
0.00589111
0.0123854
0.00118932
0.00818787
0.0039854
0.00448073
0.00192599
0.00546833
0.00860441
0.0262345
0.00132698
0.00117038
0.00286408
0.00179499
0.00196753
0.00121561
0.000634237
0.0146197
0.00481275
0.009087
0.00429228
0.0171046
0.00384061
0.00423214
0.00709176
0.0126212
0.00854238
0.00181652
0.00645642
0.00316368
0.00710553
0.00143771
0.00131047
0.0129589
0.00109231
0.00261678
0.00440592
0.00801577
0.00105804
0.00108042
0.0152169
0.00165343
0.00159894
0.00235556
0.00542705
0.00651681
0.00363026
0.00586218
0.00267091
0.00972285
0.00381137
0.00224031
0.00161184
0.00184323
0.00209118
0.00213253
0.00242287
0.00521182
0.00331701
0.00942923
0.00446128
0.00542351
0.00468044
0.00163965
0.000817046
0.00907063
0.00509223
0.004072
0.00354161
0.0276118
0.00569068
0.0243846
0.0118491
0.00520246
0.0040514
0.00092322
0.000966945
0.000447621
0.0105896
0.00461375
0.00154859
0.0141186
0.0288502
0.0319117
0.00172482
0.0038802
0.00117039
0.0170478
0.00220448
0.000808736
0.00182947
0.00687646
0.000777045
0.00531941
0.0105225
0.000993314
0.00124236
0.00807243
0.0182198
0.00114079
0.00883316
0.00543081
0.0135018
0.00840714
0.000599263
0.0129663
0.0244434
0.00119033
0.00276494
0.0358385
0.0310964
0.00200277
0.00395965
0.0101886
0.00601883
0.0035389
0.00696776
0.00135253
0.00316197
0.0132044
0.00399056
0.0017196
0.00244953
0.000919335
0.00742718
0.00486256
0.00404372
0.011984
0.00235582
0.000815213
0.00109706
0.00852318
0.0118974
0.00913439
0.00220816
0.0115622
0.00324987
0.00502253
0.0135239
0.00467616
0.00112378
0.00101118
0.00310337
0.00116219
0.00133285
0.00229926
0.000845786
0.00368099
0.00105406
0.000774892
0.00313373
0.00486244
0.00582963
0.000733361
0.0047541
0.000827229
0.00816371
0.00777238
0.00573933
0.0045445
0.00743689
0.00859178
0.00575984
0.0049413
0.00506917
0.00313466
0.00209432
0.00126763
0.001761
0.00353749
0.00269148
0.0124621
0.000918988
0.000836806
0.000945937
0.0010023
0.00126724
0.000899648
0.00133213
0.00138677
0.000997363
0.00235396
0.00567087
0.00456515
0.000936418
0.00166971
0.00742651
0.00775854
0.00477401
0.00111997
0.00150542
0.00242807
0.00158736
0.000990781
0.0124539
0.00481247
0.00110428
0.00514434
0.00459159
0.00102859
0.0084812
0.000869754
0.00715435
0.00408587
0.0167073
0.00157984
0.000978968
0.010071
0.00119142
0.00215986
0.000857228
0.000819561
0.00215892
0.00331812
0.00140184
0.00381066
0.00095265
0.001966
0.00502066
0.0042915
0.00267985
0.00553081
0.00255003
0.00285374
0.000913573
0.00109391
0.00166394
0.00239188
0.00480938
0.00413468
0.00830588
0.001384
0.00161936
0.0142612
0.0011115
0.0164549
0.019223
0.0181447
0.00223001
0.014468
0.00938211
0.00896429
0.0027973
0.00135047
0.00208774
0.0211567
0.0170311
0.00207126
0.00138003
0.000994131
0.0160613
0.00207397
0.00631146
0.0169717
0.00673562
0.00277606
0.00274039
0.00124148
0.000862908
0.001076
0.0075273
0.00292425
0.0206674
0.00595385
0.00938122
0.00154346
0.00628665
0.00495342
0.00206389
0.00240789
0.000854777
0.00558519
0.00106159
0.0097631
0.00155701
0.00752486
0.00461078
0.00497009
0.00357093
0.00279738
0.00545828
0.00777302
0.00469782
0.0219125
0.00995036
0.00583816
0.00523878
0.00430426
0.00252643
0.0023079
0.00177491
0.00231471
0.00949225
0.0058115
0.00479362
0.00328569
0.00281217
0.00169141
0.00319583
0.00237475
0.0062643
0.0058905
0.0183441
0.0356917
0.0118978
0.00856512
0.0100663
0.0219212
0.00293203
0.00309197
0.00209126
0.00231132
0.000967571
0.00112172
0.00136822
0.00309617
0.00212145
0.00108425
0.0110654
0.00450784
0.00600096
0.0239392
0.00311875
0.00380871
0.00667321
0.0067209
0.0028779
0.00183531
0.0038488
0.00150381
0.00372532
0.00568098
0.0223609
0.0193403
0.0201557
0.0162161
0.0128978
0.0110606
0.0108181
0.0100081
0.00517151
0.00537527
0.00473128
0.00531818
0.0104688
0.0030809
0.0130603
0.0115594
0.0142149
0.0106955
0.012163
0.0100107
0.0110631
0.00609481
0.0063716
0.0109723
0.00885484
0.00663438
0.00405511
0.00282914
0.00193445
0.0029653
0.000420545
0.00244912
0.00258788
0.00297858
0.000944798
0.0173157
0.0262476
0.015399
0.0141942
0.0139421
0.0132333
0.0129306
0.0155366
0.015756
0.0114891
0.0120764
0.0117531
0.0107297
0.00934463
0.0084054
0.00522247
0.00576196
0.0045939
0.00241097
0.0021655
0.00289948
0.00846837
0.00491892
0.00501867
0.0033244
0.00300574
