7.87366
9.49046
11.3266
12.417
14.1635
15.8129
17.5721
19.3084
21.083
22.7859
23.2473
23.9565
25.6474
27.4512
27.7731
29.6246
30.2608
30.5131
32.1479
33.9138
34.8068
35.2787
36.2556
37.9972
38.8376
39.9566
41.0111
42.7425
44.0808
45.5481
47.3259
48.631
50.3369
50.541
51.1445
51.382
53.063
53.9635
54.354
55.4661
56.0862
57.4124
58.1068
58.3099
60.1768
60.2564
60.8811
61.7946
63.4975
63.9788
64.6195
66.401
66.6326
68.3388
68.5434
70.2375
70.6945
72.4411
72.8302
74.6072
75.0479
76.8202
77.0182
78.8728
79.0939
80.778
81.2294
81.4283
82.9984
83.8907
84.9955
85.2
85.614
87.3793
89.1296
90.4089
90.6168
92.3971
93.2974
94.3907
95.9786
97.6535
98.5881
99.9157
101.566
101.985
102.606
102.865
104.127
104.347
104.548
106.338
106.999
107.191
108.898
110.709
112.514
114.27
115.556
117.368
117.58
117.806
118.054
119.817
120.501
121.6
123.1
123.544
124.355
125.854
127.603
129.409
130.275
131.138
132.686
133.126
134.855
135.065
136.801
137.239
138.919
140.679
141.919
143.637
144.514
146.308
148.058
148.35
148.743
150.554
151.623
153.29
154.959
156.443
158.157
159.382
160.74
161.195
162.977
164.646
166.391
167.753
169.449
170.158
170.784
172.042
172.231
172.701
174.186
175.872
176.965
177.247
177.407
179.177
179.4
179.603
180.119
181.912
183.655
185.375
187.125
188.882
190.435
191.738
193.392
194.72
194.922
196.717
196.898
197.796
199.466
201.214
202.74
203.189
204.897
205.171
205.448
207.122
207.504
207.937
208.119
208.562
210.114
211.865
213.532
215.077
216.554
216.795
216.985
218.702
220.464
220.692
220.943
222.612
224.351
226.101
227.811
229.536
229.974
230.461
230.654
231.925
232.64
234.199
234.617
236.288
236.736
237.659
239.385
240.947
241.584
242.235
242.749
244.528
246.05
247.19
248.471
250.165
251.902
253.591
254.032
254.904
255.088
255.549
256.379
258.094
258.729
259.6
260.186
261.059
262.112
263.844
264.083
264.265
264.478
264.941
266.658
268.323
269.464
271.206
272.53
272.691
273.447
274.28
275.321
276.643
278.195
279.021
280.606
280.804
281.72
282.936
284.677
285.379
287.074
288.84
289.308
289.995
290.193
291.883
292.734
294.443
296.193
296.418
298.232
299.868
300.08
300.323
300.513
302.06
302.878
303.955
305.653
306.345
308.021
309.719
310.186
310.608
312.356
312.994
313.216
314.496
314.946
315.168
315.469
316.29
316.767
317.406
319.124
319.991
321.721
323.472
325.22
326.976
328.693
330.434
332.137
333.84
335.554
337.246
338.986
339.247
339.479
340.549
342.273
343.974
344.414
345.7
345.9
346.121
347.85
349.362
349.562
351.262
352.411
354.225
355.894
357.607
358.894
359.774
361.435
361.864
362.146
362.562
362.759
364.438
365.482
367.2
367.634
367.874
368.277
370.019
370.302
370.654
372.374
373.447
375.18
375.64
377.425
378.109
378.274
379.97
381.308
382.579
384.343
384.685
386.468
388.197
389.961
391.695
391.956
392.378
394.088
395.79
397.498
399.225
400.951
401.18
401.397
402.07
402.293
403.944
405.644
407.405
408.664
409.12
410.892
412.47
414.223
415.918
416.751
418.006
419.77
420.63
422.366
423.93
424.78
425.646
427.352
428.438
428.862
429.491
431.223
432.088
432.294
433.151
434.22
435.491
436.369
436.768
438.389
438.828
440.564
440.761
441.176
443
444.301
445.135
445.336
447.044
448.713
448.95
449.123
449.55
451.187
451.442
453.134
454.994
456.171
457.924
459.585
461.296
462.966
463.649
465.332
466.989
468.757
470.031
471.678
473.387
475.124
475.974
477.689
478.943
480.021
480.533
482.226
483.921
485.585
487.325
488.211
488.398
488.587
489.111
490.853
491.789
493.498
495.169
496.873
498.566
500.276
501.98
503.646
505.359
513.062
514.181
515.518
515.687
517.401
518.9
520.532
521.843
522.046
523.774
524.03
525.71
526.347
527.646
529.351
530.998
532.698
533.131
533.634
534.426
534.633
534.867
536.564
538.265
539.959
541.649
543.351
545.087
546.836
548.531
550.243
552.024
553.701
555.377
555.793
556.04
557.714
559.459
561.187
562.905
564.582
566.329
567.986
569.666
569.871
571.536
573.225
574.908
576.586
578.287
580.045
581.758
581.96
583.632
585.369
587.078
587.319
589.019
590.645
592.365
594.074
595.727
597.417
599.15
600.861
602.578
604.271
606.011
607.826
609.479
611.185
612.864
614.595
616.334
618.074
619.784
621.513
621.999
623.716
625.457
627.231
628.939
