2.83587
3.05587
3.26765
3.47854
3.69723
3.90377
4.11794
4.35785
4.5557
4.80111
5.0268
5.23119
5.47507
5.68238
5.89881
6.14112
6.33483
6.56292
6.76085
6.97188
7.16885
7.40737
7.61281
7.8021
8.00166
8.23484
8.43512
8.64321
8.86627
9.06956
9.27169
9.46669
9.70941
9.93683
10.1743
10.4177
10.6501
10.8744
11.0677
11.2721
11.526
11.7265
11.9506
12.1491
12.3758
12.5742
12.808
13.0144
13.2134
13.4382
13.6591
13.8656
14.0713
14.2951
14.4965
14.7035
14.9402
15.1588
15.3653
15.5646
15.7993
16.0307
16.2334
16.4639
16.713
16.9151
17.1177
17.3265
17.5542
17.7571
17.9851
18.171
18.4046
18.6062
18.805
19.0311
19.2799
19.4835
19.7009
19.9093
20.1199
20.3567
20.5947
20.8245
21.0542
21.2848
21.5143
21.717
21.9375
22.1433
22.339
22.5374
22.7665
22.9692
23.219
23.4484
23.6859
23.8823
24.0958
24.3411
24.5575
24.7918
24.9882
25.1936
25.4256
25.6264
25.8587
26.0845
26.2893
26.5172
26.7482
26.9525
27.2081
27.4045
27.6077
27.8386
28.0699
28.2737
28.4812
28.7155
28.948
29.1438
29.3545
29.5885
29.7977
29.996
30.2331
30.4614
30.6638
30.8452
31.0495
31.2864
31.4858
31.7206
31.9231
32.1309
32.3591
32.571
32.8004
33.0328
33.2297
33.4633
33.6866
33.8979
34.099
34.3311
34.5339
34.7679
34.9786
35.1696
35.3596
35.5636
35.7872
36.0278
36.2246
36.4547
36.692
36.9101
37.1329
37.3266
37.5527
37.7609
37.9641
38.2027
38.4272
38.6248
38.8275
39.0495
39.2614
39.489
39.6881
39.894
40.0981
40.2947
40.5332
40.7694
40.9957
41.1805
41.4097
41.639
41.8392
42.0768
42.278
42.4793
42.7124
42.9183
43.1683
43.4003
43.6367
43.8383
44.0389
44.2385
44.466
44.6632
44.8935
45.0921
45.326
45.5249
45.7255
45.957
46.1909
46.4327
46.6374
46.8769
47.0756
47.2859
47.508
47.7027
47.9346
48.1754
48.4025
48.6037
48.8029
49.0409
49.2401
49.4504
49.667
49.8778
50.0809
50.3071
50.5088
50.7028
50.9303
51.1254
51.3329
51.5589
51.7542
51.9646
52.1921
52.3879
52.6332
52.83
53.0523
53.2496
53.4768
53.6895
53.9201
54.1186
54.3348
54.5577
54.7525
54.9559
55.1986
55.4275
55.6332
55.8588
56.0575
56.2672
56.4953
56.7313
56.9605
57.1643
57.3975
57.6252
57.8584
58.0891
58.2991
58.5275
58.729
58.9631
59.1637
59.3921
59.604
59.8082
60.047
60.2368
60.4365
60.6477
60.8601
61.0668
61.3089
61.5476
61.7713
61.9695
62.1743
62.4015
62.6308
62.8338
63.0304
63.2546
63.46
63.6882
63.9428
64.1617
64.3599
64.6019
64.8383
65.039
65.2634
65.468
65.7035
65.9352
66.1394
66.3785
66.6093
66.807
67.011
67.2475
67.453
67.6524
67.8808
68.0842
68.3133
68.521
68.7537
68.9538
69.1597
69.3642
69.5827
69.7925
69.996
70.2224
70.4293
70.6711
70.8651
71.0952
71.3007
71.5074
71.7375
71.9431
72.1758
72.4099
72.6038
72.8041
73.0397
73.2673
73.4705
73.6979
73.8934
74.1272
74.3579
74.5902
74.8196
75.0267
75.2288
75.4492
75.6562
75.8899
76.1295
76.3536
76.5836
76.7808
76.9872
77.2154
77.4211
77.6541
77.8858
78.1203
78.3634
78.5884
78.8135
79.0239
79.252
79.4548
79.6826
79.8828
80.0834
80.322
80.521
80.7331
80.9687
81.1675
81.4079
81.6381
81.8379
82.0795
82.3077
82.5361
82.7443
82.9758
83.2112
83.4126
83.6221
83.8545
84.0865
84.2859
84.5272
84.7513
84.9644
85.1617
85.3629
85.5892
85.7875
86.0169
86.2467
86.4808
86.6824
86.9186
87.1478
87.3435
87.5476
87.788
88.0224
88.2326
88.4311
88.6551
88.8592
89.0946
89.3353
89.5566
89.7637
89.9646
90.1913
90.3911
90.5945
90.8307
91.0491
91.2888
91.5132
91.7155
91.9452
92.179
92.3856
92.6165
92.8189
93.022
93.257
93.5019
93.7274
93.9396
94.1672
94.3733
94.5946
94.797
95.0234
95.257
95.4857
95.6964
95.9268
96.1268
96.3254
96.5476
96.7843
96.9935
97.217
97.4179
97.6423
97.8822
98.1193
98.3174
98.5442
98.7839
98.9882
99.205
99.4274
99.6263
99.859
100.059
100.26
100.461
100.689
100.897
101.124
101.326
101.527
101.752
101.957
102.163
102.365
102.596
102.839
103.061
103.26
103.464
103.663
103.869
104.103
104.331
104.536
104.745
104.974
105.214
105.441
105.676
105.874
106.078
106.308
106.541
106.766
106.968
107.173
107.369
107.578
107.779
108
108.234
108.436
108.646
108.871
109.07
109.303
109.54
109.782
110.005
110.246
110.474
110.684
110.913
111.15
111.395
111.619
111.853
112.09
112.29
112.489
112.713
112.912
113.117
113.352
113.578
113.78
114.009
114.246
114.475
114.682
114.911
115.116
115.341
115.545
115.783
115.984
116.22
116.447
116.648
116.882
117.114
117.349
117.559
117.793
118.034
118.266
118.467
118.697
118.907
119.138
119.373
119.606
119.802
120.049
120.248
120.479
120.705
120.947
121.176
121.381
121.583
121.819
122.024
122.259
122.461
122.681
122.883
123.088
123.31
123.516
123.744
123.941
124.143
124.341
124.574
124.788
125.019
125.218
125.423
125.628
125.83
126.059
126.294
126.491
126.7
126.915
127.151
127.359
127.572
127.805
128.021
128.255
128.458
128.678
128.916
129.162
129.388
129.624
129.825
130.03
130.258
130.46
130.663
130.893
131.111
131.303
131.547
131.769
131.976
132.206
132.446
132.673
132.874
133.106
133.314
133.543
133.743
133.956
134.174
134.41
134.614
134.819
135.05
135.251
135.471
135.674
135.905
136.138
136.339
136.541
136.763
136.983
137.216
137.42
137.646
137.858
138.055
138.262
138.496
138.696
138.901
139.13
139.351
139.545
139.788
139.982
140.203
140.431
140.659
140.866
141.065
141.272
141.496
141.706
141.908
142.143
142.341
142.55
142.775
142.985
143.208
143.406
143.612
143.819
144.024
144.249
144.488
144.684
144.912
145.149
145.354
145.599
145.829
146.059
146.283
146.479
146.677
146.882
147.113
147.354
147.59
147.819
148.027
148.26
148.497
148.705
148.93
149.178
149.394
149.627
149.838
150.061
150.309
150.536
150.768
150.965
151.163
151.367
151.575
151.763
151.969
152.183
152.401
152.601
152.817
153.043
153.252
153.452
153.66
153.873
154.07
154.274
154.519
154.715
154.919
155.119
155.349
155.552
155.768
155.986
156.189
156.425
156.631
156.829
157.036
157.257
157.478
157.708
157.934
158.134
158.337
158.552
158.752
158.956
159.154
159.367
159.59
159.812
160.053
160.278
160.485
160.722
160.941
161.151
161.381
161.6
161.829
162.045
162.275
162.487
162.701
162.913
163.111
163.314
163.548
163.765
163.966
164.201
164.431
164.631
164.864
165.076
165.293
165.505
165.729
165.955
166.176
166.374
166.593
166.801
167.003
167.237
167.473
167.701
167.911
168.141
168.344
168.552
168.759
168.992
169.202
169.412
169.614
169.828
170.058
170.284
170.491
170.705
170.906
171.108
171.312
171.518
171.749
171.984
172.188
172.414
172.649
172.856
173.065
173.301
173.505
173.736
173.948
174.148
174.35
174.576
174.779
174.984
175.191
175.397
175.6
175.839
176.047
176.253
176.465
176.698
176.931
177.146
177.377
177.605
177.837
178.068
178.282
178.483
178.714
178.943
179.143
179.367
179.582
179.826
180.022
180.222
180.438
180.647
180.856
181.08
181.285
181.484
181.686
181.887
182.119
182.327
182.527
182.758
182.96
183.173
183.394
183.623
183.831
184.04
184.256
184.486
184.715
184.938
185.137
185.347
185.566
185.777
185.983
186.225
186.422
186.62
186.854
187.106
187.299
187.522
187.755
187.952
188.187
188.409
188.626
188.861
189.077
189.31
189.525
189.735
189.97
190.207
190.42
190.621
190.837
191.037
191.245
191.443
191.648
191.889
192.089
192.294
192.5
192.704
192.932
193.166
193.367
193.575
193.78
194.012
194.242
194.456
194.688
194.891
195.115
195.332
195.559
195.761
195.97
196.197
196.42
196.644
196.866
197.1
197.319
197.527
197.741
197.935
198.156
198.355
198.597
198.831
199.041
199.246
199.446
199.678
199.898
200.103
200.329
200.563
200.784
200.988
201.199
201.42
201.654
201.864
202.072
202.273
202.495
202.705
202.926
203.144
203.346
203.554
203.792
204.023
204.229
204.467
204.669
204.886
205.106
205.326
205.545
205.758
205.999
206.205
206.421
206.632
206.869
207.055
207.256
207.482
207.691
207.9
208.104
208.318
208.548
208.766
208.974
209.191
209.419
209.65
209.878
210.085
210.299
210.517
210.721
210.941
211.181
211.403
211.635
211.84
212.039
212.241
212.454
212.656
212.86
213.08
213.294
213.518
213.736
213.972
214.188
214.398
214.608
214.822
215.046
215.257
215.479
215.695
215.902
216.104
216.309
216.535
216.764
216.971
217.209
217.439
217.642
217.856
218.079
218.29
218.479
218.684
218.895
219.124
219.352
219.552
219.76
219.98
220.214
220.44
220.678
220.904
221.126
221.326
221.558
221.763
221.966
222.173
222.38
222.59
222.79
223.025
223.248
223.468
223.665
223.903
224.13
224.329
224.555
224.772
225
225.211
225.439
225.637
225.866
226.078
226.281
226.484
226.705
226.919
227.135
227.353
227.572
227.794
228.024
228.231
228.426
228.647
228.85
229.066
229.303
229.518
229.722
229.955
230.162
230.434
230.641
230.848
231.06
231.273
231.482
231.684
231.911
232.141
232.386
232.602
232.807
233.028
233.261
233.484
233.703
233.936
234.145
234.381
234.582
234.787
234.988
235.192
235.395
235.617
235.827
236.039
236.258
236.482
236.711
236.932
237.157
237.383
237.621
237.827
238.059
238.276
238.484
238.69
238.919
239.148
239.367
239.594
239.807
240.022
240.259
240.487
240.711
240.923
241.128
241.356
241.569
241.787
241.994
242.215
242.405
242.606
242.821
243.027
243.238
243.455
243.676
243.878
244.084
244.299
244.511
244.736
244.951
245.169
245.367
245.602
245.821
246.025
246.26
246.503
246.718
246.918
247.145
247.37
247.587
247.789
248.008
248.23
248.42
248.633
248.834
249.056
249.282
249.509
249.73
249.938
250.154
250.381
250.616
250.839
251.036
251.235
251.438
251.645
251.871
252.094
252.323
252.527
252.731
252.933
253.132
253.368
253.58
253.79
253.996
254.201
254.403
254.614
254.848
255.078
255.307
255.516
255.712
255.917
256.133
256.353
256.573
256.798
257.006
257.213
257.418
257.637
257.872
258.077
258.291
258.514
258.713
258.918
259.141
259.352
259.571
259.786
259.98
260.176
260.402
260.603
260.814
261.025
261.234
261.468
261.679
261.894
262.092
262.3
262.546
262.767
262.985
263.19
263.396
263.605
263.809
264.014
264.246
264.456
264.696
264.917
265.123
265.337
265.553
265.769
265.992
266.194
266.409
266.631
266.844
267.05
267.264
267.458
267.67
267.896
268.098
268.31
268.526
268.741
268.96
269.192
269.428
269.639
269.875
270.073
270.274
270.499
270.71
270.944
271.166
271.396
271.621
271.843
272.064
272.27
272.473
272.679
272.915
273.149
273.39
273.603
273.809
274.011
274.236
274.458
274.665
274.874
275.085
275.309
275.522
275.723
275.958
276.169
276.404
276.623
276.833
277.062
277.285
277.487
277.702
277.936
278.176
278.393
278.594
278.8
279.002
279.236
279.468
279.692
279.922
280.142
280.367
280.583
280.787
280.999
281.22
281.422
281.638
281.849
282.058
282.288
282.489
282.708
282.915
283.12
283.346
283.561
283.778
283.98
284.189
284.421
284.643
284.878
285.096
285.326
285.551
285.743
285.977
286.198
286.404
286.617
286.816
287.043
287.258
287.483
287.708
287.939
288.159
288.378
288.59
288.802
289.015
289.228
289.461
289.687
289.905
290.134
290.358
290.581
290.788
290.999
291.203
291.428
291.634
291.849
292.09
292.291
292.497
292.701
292.916
293.128
293.353
293.561
293.787
294.006
294.215
294.426
294.659
294.886
295.125
295.324
295.532
295.765
295.972
296.175
296.407
296.625
296.837
297.068
297.262
297.473
297.697
297.901
298.113
298.317
298.537
298.744
298.98
299.198
299.405
299.616
299.844
300.06
300.264
300.482
300.707
300.936
301.153
301.361
301.58
301.807
302.031
302.258
302.451
302.654
302.851
303.053
303.26
303.489
303.712
303.928
304.128
304.35
304.551
304.769
305.002
305.21
305.409
305.628
305.854
306.07
306.298
306.536
306.747
306.949
307.174
307.393
307.602
307.799
308.001
308.216
308.415
308.617
308.81
309.013
309.236
309.465
309.699
309.918
310.153
310.371
310.588
310.821
311.039
311.249
311.472
311.704
311.905
312.127
312.337
312.538
312.765
312.974
313.18
313.395
313.604
313.815
314.023
314.246
314.48
314.703
314.928
315.155
315.381
315.608
315.831
316.055
316.275
316.515
316.748
316.973
317.188
317.384
317.612
317.828
318.045
318.241
318.455
318.69
318.906
319.108
319.323
319.527
319.741
319.971
320.173
320.38
320.582
320.816
321.045
321.264
321.471
321.699
321.922
322.143
322.371
322.575
322.796
323.026
323.241
323.445
323.657
323.883
324.106
324.335
324.542
324.749
324.968
325.199
325.425
325.638
325.85
326.052
326.286
326.504
326.749
326.958
327.186
327.392
327.62
327.84
328.047
328.265
328.467
328.671
328.907
329.142
329.351
329.562
329.764
329.963
330.186
330.419
330.651
330.874
331.061
331.258
331.473
331.674
331.883
332.116
332.318
332.534
332.747
332.972
333.191
333.4
333.617
333.817
334.04
334.248
334.465
334.687
334.893
335.112
335.324
335.54
335.76
335.98
336.203
336.401
336.604
336.839
337.037
337.234
337.439
337.65
337.859
338.074
338.305
338.53
338.742
338.973
339.206
339.427
339.625
339.838
340.057
340.284
340.51
340.733
340.965
341.179
341.391
341.614
341.823
342.038
342.247
342.451
342.658
342.887
343.105
343.303
343.509
343.735
343.962
344.19
344.397
344.603
344.81
345.028
345.246
345.443
345.668
345.889
346.105
346.332
346.558
346.756
346.967
347.18
347.382
347.601
347.831
348.041
348.256
348.477
348.681
348.891
349.118
349.329
349.546
349.758
349.984
350.189
350.407
350.617
350.817
351.018
351.248
351.478
351.711
351.945
352.179
352.395
352.609
352.822
353.047
353.275
353.49
353.718
353.951
354.181
354.389
354.587
354.8
355.003
355.203
355.441
355.645
355.877
356.082
356.311
356.539
356.761
356.965
357.176
357.384
357.594
357.81
358.018
358.221
358.443
358.668
358.872
359.096
359.314
359.513
359.745
359.949
360.151
360.358
360.578
360.79
360.999
361.2
361.409
361.622
361.85
362.066
362.302
362.499
362.718
362.916
363.147
363.38
363.598
363.805
364.016
364.222
364.427
364.663
364.865
365.064
365.266
365.464
365.679
365.894
366.1
366.326
366.528
366.748
366.97
367.178
367.387
367.615
367.835
368.04
368.257
368.463
368.68
368.892
369.12
369.347
369.562
369.763
369.995
370.231
370.428
370.628
370.828
371.041
371.263
371.471
371.704
371.912
372.132
372.356
372.566
372.798
373.017
373.223
373.421
373.623
373.844
374.064
374.284
374.503
374.718
374.951
375.165
375.398
375.613
375.845
376.079
376.312
376.518
376.745
376.963
377.187
377.386
377.602
377.828
378.04
378.253
378.456
378.663
378.891
379.094
379.305
379.527
379.735
379.948
380.168
380.364
380.571
380.795
381.02
381.25
381.466
381.695
381.917
382.127
382.357
382.568
382.779
382.978
383.215
383.435
383.659
383.874
384.105
384.324
384.549
384.759
384.994
385.194
385.405
385.608
385.827
386.045
386.25
386.453
386.673
386.893
387.122
387.334
387.551
387.761
387.979
388.182
388.416
388.619
388.826
389.056
389.261
389.506
389.732
389.939
390.141
390.374
390.61
390.814
391.016
391.221
391.45
391.683
391.901
392.111
392.319
392.536
392.766
392.984
393.197
393.425
393.655
393.861
394.062
394.28
394.484
394.698
394.915
395.124
395.342
395.546
395.757
395.968
396.166
396.397
396.62
396.84
397.043
397.252
397.479
397.7
397.904
398.12
398.333
398.547
398.756
398.978
399.209
399.427
399.643
399.848
400.058
400.265
400.484
400.706
400.939
401.16
401.379
401.607
401.825
402.039
402.25
402.455
402.652
402.871
403.079
403.287
403.488
403.703
403.927
404.145
404.369
404.571
404.789
405.008
405.211
405.413
405.622
405.828
406.054
406.288
406.489
406.715
406.947
407.151
407.377
407.595
407.797
408.012
408.215
408.451
408.653
408.878
409.08
409.311
409.536
409.731
409.961
410.194
410.438
410.653
410.868
411.073
411.321
411.538
411.759
411.975
412.2
412.438
412.676
412.904
413.112
413.326
413.55
413.774
413.983
414.195
414.397
414.609
414.825
415.052
415.255
415.461
415.683
415.889
416.107
416.306
416.516
416.714
416.942
417.165
417.365
417.57
417.772
417.986
418.206
418.414
418.623
418.837
419.069
419.29
419.514
419.739
419.967
420.188
420.391
420.61
420.816
421.039
421.255
421.472
421.708
421.908
422.119
422.347
422.554
422.778
422.985
423.201
423.429
423.639
423.869
424.073
424.283
424.497
424.72
424.957
425.181
425.404
425.632
425.838
426.05
426.274
426.485
426.685
426.883
427.087
427.314
427.525
427.75
427.966
428.181
428.404
428.624
428.846
429.049
429.267
429.467
429.671
429.894
430.115
430.344
430.569
430.773
430.99
431.205
431.414
431.644
431.861
432.062
432.275
432.485
432.718
432.928
433.135
433.363
433.569
433.77
433.984
434.194
434.409
434.615
434.822
435.048
435.256
435.467
435.704
435.905
436.101
436.307
436.509
436.709
436.912
437.115
437.32
437.555
437.762
437.965
438.18
438.375
438.607
438.818
439.037
439.252
439.457
439.66
439.869
440.1
440.343
440.545
440.741
440.941
441.143
441.365
441.588
441.826
442.037
442.276
442.508
442.718
442.961
443.197
443.385
443.626
443.832
444.049
444.279
444.485
444.696
444.905
445.109
445.321
445.517
445.745
445.945
446.175
446.396
446.611
446.816
447.021
447.219
447.446
447.659
447.871
448.079
448.284
448.483
448.696
448.901
449.101
449.311
449.519
449.725
449.938
450.14
450.342
450.548
450.754
450.958
451.167
451.387
451.615
451.844
452.048
452.249
452.478
452.686
452.897
453.109
453.324
453.521
453.75
453.981
454.193
454.416
454.638
454.867
455.078
455.305
455.504
455.731
455.93
456.153
456.362
456.567
456.791
457.026
457.229
457.441
457.652
457.887
458.09
458.308
458.514
458.715
458.913
459.135
459.362
459.565
459.774
459.978
460.213
460.417
460.628
460.854
461.068
461.276
461.482
461.691
461.895
462.109
462.323
462.529
462.74
462.952
463.164
463.369
463.589
463.797
463.999
464.205
464.43
464.649
464.871
465.081
465.292
465.505
465.706
465.928
466.139
466.345
466.563
466.758
466.966
467.214
467.441
467.64
467.849
468.087
468.301
468.505
468.714
468.924
469.136
469.364
469.589
469.787
470.005
470.212
470.416
470.612
470.822
471.032
471.232
471.449
471.657
471.865
472.079
472.283
472.517
472.718
472.922
473.142
473.358
473.585
473.804
474.012
474.223
474.432
474.648
474.88
475.11
475.311
475.517
475.749
475.961
476.166
476.369
476.576
476.806
477.011
477.246
477.444
477.659
477.882
478.097
478.308
478.522
478.726
478.927
479.135
479.354
479.568
479.785
479.986
480.223
480.446
480.669
480.881
481.082
481.296
481.533
481.735
481.964
482.201
482.404
482.621
482.824
483.035
483.25
483.453
483.668
483.897
484.122
484.319
484.531
484.736
484.937
485.144
485.351
485.561
485.758
485.966
486.191
486.394
486.637
486.856
487.09
487.303
487.517
487.724
487.932
488.138
488.335
488.547
488.776
488.97
489.167
489.381
489.587
489.794
490.002
490.203
490.407
490.614
490.832
491.037
491.248
491.48
491.681
491.919
492.121
492.321
492.542
492.759
492.994
493.212
493.445
493.655
493.896
494.104
494.309
494.509
494.744
494.946
495.147
495.367
495.564
495.779
495.987
496.196
496.438
496.643
496.854
497.068
497.266
497.464
497.686
497.901
498.099
498.303
498.536
498.763
498.975
499.178
499.386
499.59
499.795
500.01
500.242
500.455
500.674
500.889
501.093
501.324
501.545
501.745
501.958
502.152
502.378
502.581
502.798
503.009
503.214
503.425
503.624
503.828
504.037
504.243
504.476
504.713
504.932
505.136
505.341
505.542
505.777
505.987
506.21
506.415
506.645
506.849
507.069
507.302
507.522
507.741
507.963
508.161
508.362
508.569
508.789
509
509.225
509.448
509.657
509.884
510.119
510.339
510.538
510.77
510.971
511.169
511.369
511.575
511.788
511.996
512.199
512.409
512.62
512.825
513.041
513.269
513.513
513.728
513.94
514.155
514.375
514.589
514.82
515.056
515.266
515.47
515.668
515.87
516.089
516.291
516.498
516.695
516.92
517.147
517.381
517.584
517.794
518.025
518.228
518.432
518.647
518.852
519.05
519.249
519.474
519.683
519.9
520.104
520.312
520.517
520.72
520.948
521.171
521.379
521.609
521.822
522.029
522.259
522.477
522.703
522.901
523.125
523.329
523.537
523.75
523.987
524.19
524.423
524.637
524.86
525.061
525.278
525.497
525.697
525.909
526.114
526.327
526.547
526.748
526.961
527.168
527.383
527.603
527.817
528.049
528.274
528.487
528.694
528.907
529.121
529.327
529.543
529.75
529.963
530.162
530.366
530.576
530.787
530.98
531.185
531.385
531.625
531.838
532.047
532.265
532.481
532.684
532.895
533.117
533.352
533.583
533.784
533.987
534.202
534.406
534.618
534.827
535.064
535.278
535.493
535.697
535.902
536.104
536.304
536.525
536.769
536.969
537.182
537.397
537.603
537.804
538.021
538.228
538.432
538.651
538.858
539.065
539.276
539.484
539.696
539.926
540.13
540.367
540.561
540.786
540.989
541.206
541.408
541.622
541.825
542.039
542.246
542.443
542.658
542.867
543.1
543.324
543.532
543.751
543.972
544.195
544.406
544.638
544.828
545.057
545.283
545.514
545.725
545.94
546.15
546.383
546.595
546.811
547.03
547.259
547.49
547.695
547.889
548.096
548.298
548.515
548.728
548.959
549.183
549.388
549.604
549.822
550.025
550.226
550.456
550.658
550.893
551.123
551.362
551.579
551.794
552.003
552.215
552.431
552.632
552.834
553.047
553.255
553.471
553.685
553.888
554.096
554.298
554.509
554.722
554.93
555.142
555.351
555.555
555.776
555.993
556.205
556.412
556.622
556.853
557.058
557.274
557.483
557.688
557.889
558.111
558.327
558.548
558.775
559.002
559.222
559.431
559.643
559.873
560.086
560.306
560.526
560.736
560.941
561.157
561.362
561.564
561.8
562.008
562.22
562.455
562.66
562.87
563.091
563.31
563.501
563.714
563.923
564.136
564.352
564.558
564.762
564.979
565.186
565.394
565.632
565.871
566.091
566.299
566.514
566.721
566.923
567.127
567.34
567.539
567.757
567.963
568.17
568.392
568.599
568.809
569.018
569.22
569.424
569.641
569.842
570.041
570.247
570.444
570.666
570.874
571.102
571.306
571.508
571.714
571.916
572.127
572.358
572.59
572.795
573.012
573.208
573.436
573.647
573.853
574.063
574.271
574.472
574.684
574.89
575.106
575.293
575.5
575.722
575.923
576.147
576.366
576.567
576.793
577.01
577.22
577.427
577.642
577.861
578.073
578.276
578.51
578.733
578.935
579.141
579.35
579.568
579.803
580.022
580.23
580.443
580.67
580.876
581.081
581.312
581.54
581.745
581.945
582.151
582.353
582.576
582.775
582.977
583.178
583.41
583.62
583.839
584.073
584.28
584.488
584.701
584.905
585.126
585.349
585.552
585.755
585.972
586.178
586.384
586.61
586.83
587.059
587.285
587.5
587.694
587.898
588.115
588.338
588.541
588.762
588.975
589.186
589.402
589.616
589.811
590.017
590.213
590.41
590.619
590.829
591.054
591.262
591.475
591.697
591.909
592.116
592.332
592.545
592.748
592.964
593.172
593.386
593.614
593.834
594.044
594.25
594.473
594.669
594.873
595.08
595.285
595.489
595.694
595.903
596.122
596.327
596.536
596.742
596.969
597.171
597.391
597.603
597.806
598.026
598.238
598.462
598.68
598.901
599.116
599.317
599.555
599.764
599.996
600.205
600.416
600.622
600.836
601.039
601.251
601.466
601.7
601.935
602.139
602.345
602.554
602.752
602.963
603.174
603.389
603.609
603.827
604.039
604.245
604.477
604.705
604.905
605.107
605.337
605.551
605.766
605.983
606.222
606.442
606.664
606.902
607.117
607.334
607.566
607.799
608.003
608.217
608.421
608.62
608.825
609.033
609.25
609.459
609.673
609.889
610.094
610.302
610.52
610.733
610.962
611.167
611.37
611.57
611.778
611.99
612.206
612.409
612.64
612.84
613.074
613.295
613.51
613.713
613.928
614.159
614.371
614.575
614.796
614.997
615.216
615.419
615.652
615.877
616.113
616.316
616.531
616.742
616.946
617.174
617.408
617.637
617.838
618.062
618.273
618.479
618.685
618.919
619.124
619.346
619.555
619.771
619.997
620.223
620.445
620.659
620.867
621.082
621.282
621.496
621.728
621.958
622.18
622.406
622.613
622.817
623.028
623.252
623.476
623.695
623.904
624.126
624.332
624.553
624.787
625.009
625.234
625.442
625.66
625.895
626.101
626.332
626.551
626.749
626.979
627.21
627.418
627.618
627.843
628.051
628.262
628.49
628.721
628.925
629.13
629.338
629.542
629.739
629.96
630.179
630.403
630.625
630.836
631.054
631.272
631.493
631.73
631.938
632.137
632.353
632.574
632.783
632.994
633.201
633.417
633.65
633.876
634.108
634.328
634.55
634.755
634.971
635.181
635.401
635.636
635.866
