0.202240
0.202338
0.202403
0.202436
0.202665
0.202894
0.202929
0.202939
0.202964
0.203004
0.220824
0.328036
0.503079
0.647187
0.788188
0.894038
0.963546
0.980835
1.074061
1.386649
1.729182
2.015902
2.152391
2.229631
2.287617
2.350498
2.411115
2.487810
2.604974
2.724136
2.845754
2.956556
3.058621
3.124491
3.176631
3.239143
3.303815
3.369748
3.428318
3.489911
3.562179
3.625992
3.702995
3.770238
3.844606
3.904874
3.985203
4.075561
4.180112
4.315752
4.480257
4.643463
4.823514
5.048795
5.248797
5.437886
5.580631
5.646654
5.684528
5.730092
5.800932
5.903837
6.025771
6.181868
6.304777
6.383927
6.474879
6.590473
6.763043
6.942712
7.174900
7.370937
7.577345
7.733418
7.872437
8.004646
8.099925
8.151560
8.209351
8.269653
8.306067
8.378402
8.524199
8.714987
8.926195
9.161861
9.414739
9.637344
9.891259
10.105063
10.309654
10.502918
10.712839
10.875104
11.046078
11.218988
11.424410
11.590349
11.715378
11.799524
11.843674
11.889341
11.933848
11.990301
12.061147
12.131997
12.227982
12.339923
12.453998
12.616732
12.823081
13.025323
13.283064
13.508600
13.727951
13.955010
14.148611
14.272856
14.390376
14.605945
14.875146
15.102795
15.309422
15.538576
15.734099
15.928122
16.132129
16.270490
16.341134
16.397347
16.464454
16.604729
16.750923
16.940665
17.114561
17.297304
17.517747
17.717081
17.949802
18.160462
18.313733
18.461502
18.588775
18.685072
18.775487
18.880728
18.959912
19.005815
19.070324
19.188603
19.329737
19.469588
19.655614
19.849129
20.003220
20.177390
20.340478
20.475448
20.663487
20.859791
21.102497
21.308164
21.518517
21.774361
22.050104
22.285050
22.505268
22.724742
22.868204
23.000384
23.118951
23.248327
23.362609
23.445145
23.492595
23.540506
23.636580
23.750341
23.915154
24.068808
24.140095
24.183492
24.266145
24.382636
24.556243
24.732910
24.961942
25.199403
25.405361
25.547407
25.664199
25.764027
25.870154
25.965677
26.097794
26.238318
26.436309
26.626849
26.830792
27.073035
27.316541
27.544041
27.725400
27.932020
28.109080
28.291451
28.511779
28.715007
28.965587
29.218106
29.469774
29.683012
29.891650
30.119810
30.317547
30.515927
30.757316
30.977784
31.211003
31.489641
31.716785
31.921529
32.122341
32.281707
32.455971
32.696789
32.904023
33.076985
33.246361
33.402667
33.631216
33.857469
34.130945
34.358652
34.586523
34.759215
34.976039
35.197159
35.421444
35.649003
35.821602
35.993179
36.206332
36.422456
36.606558
36.826577
37.022253
37.201646
37.367110
37.504974
37.666590
37.840001
38.069466
38.307967
38.537153
38.759827
38.940248
39.146820
39.317364
39.472612
39.560763
39.698644
39.881874
40.098886
40.337965
40.504492
40.641310
40.758465
40.890990
41.012300
41.164889
41.335279
41.529202
41.715837
41.908401
42.130037
42.343147
42.521466
42.700310
42.908705
43.093801
43.317158
43.546732
43.774418
43.972580
44.198739
44.389369
44.504810
44.604951
44.721610
44.897425
45.087552
45.257592
45.467962
45.698367
45.899309
46.096520
46.320464
46.507653
46.695283
46.918192
47.110405
47.339389
47.537369
47.773283
47.974204
48.169683
48.356351
48.564655
48.748130
48.938794
49.171594
49.373894
49.611554
49.810436
50.035850
50.233766
50.418916
50.630847
50.816355
51.041288
51.280472
51.486201
51.689763
51.923387
52.150121
52.348591
52.581144
52.777022
53.005709
53.230533
53.463165
53.698798
53.900877
54.102127
54.331894
54.526389
54.742797
54.958727
55.181918
55.421039
55.627268
55.830436
56.060543
56.251188
56.471370
56.692980
56.913668
57.136903
57.374261
57.615348
57.817719
58.042402
58.231766
58.459526
58.658669
58.857864
59.089447
59.286018
59.494047
59.729481
59.931306
60.167242
60.396690
60.593103
60.815362
61.032706
61.248268
61.441208
61.674263
61.912157
62.115881
62.322131
62.544005
62.773593
62.970241
63.207570
63.449789
63.664333
63.878853
64.092451
64.328795
64.514601
64.718009
64.892856
65.047518
65.149133
65.233253
65.310985
65.399489
65.514406
65.684837
65.884934
66.058955
66.221893
66.391190
66.525204
66.653745
66.836916
67.019327
67.174286
67.320616
67.530641
67.743480
67.965568
68.217374
68.452215
68.665306
68.846469
68.987316
69.147645
69.324899
69.495171
69.722424
69.937325
70.164071
70.422333
70.690317
70.948453
71.158003
71.352149
71.471518
71.562478
71.621248
71.716829
71.878247
72.116869
72.333451
72.575584
72.772601
72.965880
73.182251
73.398752
73.587358
73.824623
74.041882
74.300878
74.560933
74.798783
74.965455
75.097102
75.160509
75.194704
75.245674
75.371999
75.557831
75.802917
76.007985
76.214157
76.405540
76.584537
76.712472
76.860996
76.999274
77.151502
77.350322
77.536685
77.739226
77.941664
78.180733
78.416841
78.635764
78.818731
79.001646
79.160411
79.366076
79.575936
79.786676
79.976754
80.172256
80.397865
80.615172
80.843421
81.089369
81.292943
81.487817
81.712124
81.933439
82.163760
82.361399
82.562838
82.758716
82.954088
83.139004
83.319041
83.457516
83.544607
83.616180
83.704711
83.801646
83.944588
84.121432
84.321904
84.535978
84.767154
85.003868
85.205829
85.436449
85.671206
85.907331
86.139326
86.374556
86.605535
86.799017
86.990929
87.211205
87.403087
87.594743
87.818441
88.042156
88.234512
88.456942
88.683121
88.908638
89.108036
89.326790
89.516629
89.738359
89.933689
90.178872
90.380712
90.612722
90.842942
91.038285
91.269200
91.493985
91.720510
91.911064
92.133317
92.324548
92.569166
92.755217
92.966887
93.146827
93.355981
93.568971
93.785176
93.980156
94.216652
94.421511
94.654725
94.862300
95.060365
95.274683
95.484707
95.706344
95.957678
96.159474
96.357979
96.487807
96.615648
96.728030
96.853300
97.025288
97.194531
97.406646
97.584457
97.763937
97.946183
98.171262
98.378992
98.612151
98.811443
99.013360
99.211556
99.417173
99.650724
99.855290
100.080198
100.253798
100.384429
100.467090
100.489146
100.522147
100.614009
100.735574
100.863125
100.957883
101.117003
101.317889
101.531032
101.752620
101.998917
102.221646
102.449033
102.718757
102.952760
103.184911
103.433742
103.664951
103.854905
104.082103
104.307742
104.502094
104.729723
104.960888
105.191098
105.393024
105.630908
105.831935
106.065816
106.262077
106.451242
106.661085
106.848255
107.065468
107.261237
107.495761
107.699940
107.914278
108.105388
108.324339
108.545671
108.741463
108.941497
109.161652
109.359650
109.637728
109.839068
110.046165
110.213229
110.358821
110.499356
110.666997
110.815592
110.969343
111.148461
111.327358
111.465009
111.603167
111.727143
111.888028
112.075243
112.265140
112.451959
112.631012
112.811030
112.994941
113.160736
113.307714
113.473006
113.655283
113.831971
113.992547
114.077394
114.134061
114.181264
114.245966
114.332452
114.437646
114.553433
114.632495
114.708799
114.811984
114.936757
115.073564
115.289073
115.534341
115.781210
116.008221
116.191811
116.376411
116.567368
116.793553
117.037013
117.296360
117.554153
117.766956
117.987654
118.166800
118.279952
118.357779
118.395527
118.486139
118.619902
118.759511
118.939241
119.126854
119.310250
119.490301
119.634353
119.785879
119.957329
120.159504
120.397143
120.662007
120.864424
120.960718
121.012166
121.073512
121.167358
121.283303
121.426364
121.585930
121.762401
121.943489
122.137723
122.380453
122.589307
122.792720
122.989295
123.214583
123.400121
123.571457
123.754765
123.918776
124.130498
124.326636
124.540755
124.755939
124.987576
125.189515
125.462568
125.703217
125.920411
126.148525
126.383529
126.588566
126.750785
126.885750
127.009225
127.185744
127.370684
127.577233
127.801385
128.003799
128.241856
128.485071
128.699353
128.928212
129.143410
129.354812
129.505747
129.660886
129.745475
129.810017
129.888357
129.996807
130.142196
130.304484
130.362502
130.399842
130.503797
130.651930
130.807421
131.023176
131.247625
131.482590
131.728519
131.979753
132.234287
132.480667
132.706968
132.942682
133.145900
133.334455
133.543691
133.757886
133.985943
134.198629
134.454690
134.668450
134.886736
135.099642
135.333229
135.509987
135.749625
135.951839
136.142239
136.384751
136.615664
136.826129
137.041099
137.240015
137.434053
137.636350
137.819321
137.982940
138.124857
138.252053
138.416147
138.608784
138.800322
139.019821
139.234907
139.477670
139.681690
139.942894
140.115566
140.344547
140.530712
140.731125
140.896242
141.046530
141.171548
141.329524
141.474835
141.581996
141.668568
141.736215
141.768549
141.818498
141.896732
142.049821
142.176647
142.253226
142.324927
142.429962
142.573591
142.784027
143.020846
143.231081
143.472892
143.694757
143.929924
144.130426
144.319443
144.514494
144.700648
144.891614
145.103378
145.302135
145.507316
145.714259
145.920615
146.161893
146.366598
146.571442
146.812971
147.022540
147.228355
147.443019
147.656046
147.850617
148.043652
148.239422
148.443308
148.642153
148.836383
149.011226
149.201232
149.397583
149.593313
149.785522
150.030045
150.257497
150.487090
150.761973
151.038441
151.270776
151.530451
151.784829
151.989879
152.216923
152.417957
152.610533
152.785079
152.997098
153.192119
153.388350
153.581766
153.803285
154.042744
154.268781
154.497188
154.738187
154.949796
155.132871
155.265405
155.349999
155.396026
155.428967
155.479018
155.511623
155.628736
155.830725
156.059042
156.260394
156.465090
156.685374
156.917333
157.147135
157.363468
157.598513
157.810425
158.040517
158.241720
158.442455
158.642493
158.857731
159.074064
159.322298
159.533920
159.746553
159.969270
160.182383
160.366886
160.565545
160.749219
160.956255
161.090667
161.129215
161.237096
161.478666
161.684314
161.791365
161.867710
161.944170
162.065578
162.239028
162.463239
162.692983
162.903742
163.116928
163.351171
163.609591
163.855280
164.093238
164.309977
164.541358
164.736205
164.907689
165.057302
165.172415
165.237888
165.288278
165.392397
165.527420
165.724914
165.928832
166.120312
166.338519
166.542224
166.723312
166.909659
167.032978
167.159351
167.288526
167.443571
167.659698
167.855273
168.049293
168.257943
168.437682
168.603991
168.770646
168.953974
169.161762
169.364611
169.549841
169.735555
169.942602
170.146389
170.347358
170.532378
170.728762
170.927073
171.112510
171.291729
171.452386
171.601030
171.758934
171.907009
172.071504
172.252885
172.468105
172.677325
172.893854
173.134714
173.393717
173.655529
173.899172
174.150412
174.372708
174.524030
174.666376
174.890557
175.164052
175.404093
175.640604
175.867086
176.055422
176.230758
176.415491
176.623888
176.836531
177.033003
177.248456
177.463141
177.638447
177.789010
177.905534
177.973323
178.037516
178.130086
178.257992
178.443663
178.660166
178.868916
179.103915
179.357301
179.635903
179.906705
180.170666
180.390995
180.606394
180.809577
181.018589
181.195626
181.370340
181.564553
181.767443
181.988575
182.210211
182.446374
182.730385
183.040763
183.277233
183.548631
183.777115
183.997204
184.225316
184.442707
184.661999
184.859881
185.092513
185.296103
185.525649
185.732605
185.948217
186.162199
186.387118
186.616195
186.835519
187.061021
187.290553
187.526689
187.763056
187.960320
188.156511
188.375704
188.577633
188.788088
189.017792
189.218362
189.409747
189.641910
189.850073
190.086553
190.329620
190.503675
190.720269
190.903140
191.059609
191.273702
191.483471
191.714776
191.925943
192.178220
192.382680
192.601124
192.835171
193.057148
193.237242
193.494532
193.696494
193.932454
194.141078
194.344505
194.547187
194.753748
194.931246
195.062650
195.184582
195.283733
195.404389
195.561154
195.751617
195.968864
196.239050
196.485492
196.648842
196.741562
196.837176
196.903661
196.925254
196.973289
197.094831
197.263698
197.458140
197.672092
197.898800
198.130007
198.377602
198.625718
198.879340
199.125330
199.362763
199.621669
199.843891
200.071875
200.265053
200.552230
200.739892
200.891137
201.017260
201.109948
201.218823
201.363624
201.518505
201.660244
201.814014
201.981818
202.156946
202.360541
202.564419
202.768163
202.961986
203.199433
203.428916
203.651920
203.912463
204.169665
204.376292
204.509373
204.636802
204.692328
204.752759
204.824236
204.923872
205.094953
205.280999
205.483998
205.693818
205.900206
206.068467
206.206903
206.312286
206.416906
206.553664
206.734555
206.949079
207.151192
207.308691
207.451148
207.589663
207.737875
207.920242
208.119402
208.349127
208.553598
208.745548
208.923569
209.095396
209.292713
209.459015
209.602659
209.774221
209.900206
210.016979
210.166497
210.378385
210.605824
210.830308
210.995926
211.109837
211.213129
211.338820
211.482375
211.638970
211.811476
211.953687
212.125911
212.240449
212.324478
212.395751
212.475245
212.593468
212.755292
212.928882
213.109367
213.288985
213.450660
213.605986
213.863069
214.108431
214.351242
214.603398
214.803133
214.992670
215.172718
215.379394
215.625967
215.819805
216.064432
216.231442
216.464828
216.674294
216.875721
217.036289
217.160322
217.265333
217.358703
217.439853
217.528269
217.660769
217.796740
217.948863
218.105099
218.208928
218.335111
218.463098
218.580201
218.683071
218.783818
218.901930
219.058035
219.235380
219.429783
219.643346
219.828678
220.111669
220.377578
220.622902
220.832645
221.077111
221.307456
221.472920
221.583942
221.629163
221.671672
221.751321
221.823921
221.869500
221.889120
221.962762
222.091896
222.257672
222.468492
222.692883
222.916276
223.134369
223.323905
223.502037
223.670662
223.844386
224.000956
224.129266
224.285436
224.441547
224.599712
224.792486
224.963087
225.157131
225.390000
225.578726
225.824369
226.008222
226.170381
226.341880
226.542707
226.749717
227.008000
227.221387
227.451532
227.669943
227.875919
228.096708
228.332085
228.585302
228.805826
229.022115
229.220870
229.399987
229.616238
229.857705
230.089150
230.322347
230.541084
230.763805
230.981428
231.155732
231.399086
231.625847
231.817714
232.017264
232.180476
232.378281
232.641985
232.825464
232.990197
233.111772
233.193885
233.234797
233.284922
233.397767
233.538095
233.704501
233.899775
234.096667
234.327045
234.514203
234.779135
234.988531
235.183994
235.392813
235.615108
235.836417
236.040952
236.234354
236.463954
236.653134
236.883323
237.137182
237.360159
237.566496
237.777731
237.975974
238.191236
238.404856
238.591201
238.828999
239.088883
239.305275
239.527333
239.743710
239.974168
240.170859
240.336562
240.467381
240.602224
240.726553
240.865291
241.036479
241.211604
241.401201
241.605428
241.831538
242.059478
242.304946
242.523604
242.749893
242.964513
243.170886
243.370509
243.597853
243.811700
244.044655
244.247269
244.457493
244.682006
244.894620
245.082062
245.284881
245.454411
245.580680
245.738742
245.861380
246.007044
246.178373
246.349616
246.542953
246.738653
246.956755
247.161092
247.393465
247.606941
247.813260
248.032783
248.234102
248.458077
248.704485
248.923561
249.151694
249.340433
249.463833
249.609161
249.760994
249.948038
250.155790
250.373011
250.569479
250.770094
250.963524
251.160613
251.375856
251.614930
251.807391
252.051039
252.242351
252.460330
252.651083
252.829613
252.973769
253.084415
253.188359
253.323098
253.490351
253.685022
253.906654
254.122780
254.304024
254.421878
254.549066
254.603684
254.640723
254.666746
254.712479
254.777686
254.890042
255.011235
255.146420
255.287559
255.430647
255.576637
255.722996
255.852842
255.981422
256.130205
256.345608
256.602310
256.823529
256.996388
257.178189
257.362862
257.559111
257.795718
258.028348
258.260658
258.520970
258.735787
258.909235
259.035692
259.128718
259.312311
259.541200
259.775392
260.061239
260.281677
260.495059
260.724261
260.946414
261.146210
261.284978
261.401382
261.541203
261.719916
261.892406
262.081407
262.273056
262.465260
262.669319
262.851766
263.035524
263.212774
263.413853
263.633266
263.836661
264.037894
264.251863
264.454748
264.657856
264.874439
265.053236
265.233539
265.411682
265.599676
265.722882
265.784182
265.796938
265.847031
265.948064
266.095883
266.263468
266.493136
266.704952
267.011947
267.269916
267.507153
267.760926
267.980075
268.262121
268.475574
268.697511
268.948907
269.145994
269.386326
269.655608
269.889429
270.118740
270.337051
270.593275
270.826153
271.076530
271.290928
271.528190
271.732655
271.971234
272.191711
272.399231
272.611449
272.816482
273.024240
273.258738
273.497684
273.709560
273.919954
274.134582
274.342431
274.579961
274.804731
275.026082
275.223131
275.391951
275.555377
275.724082
275.881830
276.050187
276.224539
276.433002
276.639882
276.853872
277.095282
277.341478
277.572638
277.827066
278.067011
278.325434
278.562755
278.816580
279.059721
279.279859
279.493800
279.695158
279.894169
280.105447
280.322903
280.553135
280.765047
280.982049
281.237437
281.448567
281.649815
281.849608
282.039894
282.220218
282.410807
282.612191
282.809217
282.985018
283.199263
283.419930
283.616826
283.859183
284.079576
284.291555
284.493248
284.703158
284.908465
285.132447
285.340131
285.533771
285.759595
285.957909
286.155991
286.313130
286.497369
286.678536
286.901258
287.086795
287.263535
287.451635
287.668563
287.892434
288.137553
288.362318
288.588031
288.813400
289.035970
289.235564
289.370483
289.463974
289.500367
289.512318
289.563967
289.658762
289.739188
289.837358
289.986649
290.129420
290.346636
290.588338
290.805456
291.052592
291.286146
291.469122
291.609340
291.720112
291.790326
291.847341
291.899087
291.969627
292.036096
292.136004
292.284107
292.450868
292.635044
292.869751
293.116675
293.380515
293.644975
293.896024
294.127826
294.348811
294.536532
294.756258
295.010361
295.217372
295.427825
295.653954
295.879991
296.085679
296.293554
296.506681
296.718210
296.916758
297.142703
297.334320
297.511608
297.706293
297.892394
298.054758
298.254254
298.404180
298.611662
298.793652
298.986208
299.175951
299.416387
299.626978
299.868542
300.086063
300.314620
300.493198
300.613405
300.752645
300.905659
301.067561
301.249118
301.449534
301.665250
301.865689
302.063950
302.254882
302.453781
302.660287
302.879395
303.093842
303.296243
303.519185
303.723735
303.902176
304.104268
304.309943
304.504814
304.697852
304.914080
305.126614
305.307209
305.572193
305.764014
305.951766
306.125318
306.269720
306.484678
306.686620
306.857250
307.058062
307.262001
307.464262
307.650132
307.885271
308.089123
308.295946
308.471965
308.616315
308.766465
308.935174
309.130913
309.331759
309.556574
309.762079
309.991081
310.217665
310.414578
310.580972
310.706978
310.814697
310.918488
311.001663
311.067582
311.135204
311.205903
311.255441
311.299017
311.331453
311.355896
311.379737
311.402306
311.427559
311.462999
311.510438
311.575584
311.666091
311.808672
312.015542
312.253854
312.519897
312.756043
313.014903
313.238072
313.472063
313.682165
313.899090
314.072250
314.172788
314.276733
314.381203
314.492256
314.632845
314.800333
314.968266
315.148665
315.318634
315.459654
315.583273
315.693644
315.830747
316.002084
316.179208
316.382845
316.601345
316.819078
317.037071
317.271168
317.502373
317.732055
317.935840
318.108526
318.322413
318.509987
318.762323
318.949813
319.152660
319.363299
319.576534
319.794119
319.980199
320.216025
320.441363
320.655344
320.885089
321.090913
321.316191
321.507525
321.695812
321.847949
321.963210
322.028422
322.064779
322.113104
322.202274
322.337511
322.523223
322.729588
322.957721
323.191156
323.425449
323.647816
323.879231
324.082308
324.271500
324.481768
324.658241
324.864333
325.064944
325.246039
325.415331
325.602355
325.775129
325.970419
326.145657
326.300224
326.540680
326.769889
326.986511
327.204100
327.412813
327.596299
327.867311
328.065898
328.203844
328.336202
328.456304
328.535998
328.651947
328.764327
328.926766
329.066888
329.276369
329.472262
329.679639
329.869662
330.036398
330.252241
330.444513
330.656849
330.845165
330.981579
331.123230
331.241993
331.388309
331.565089
331.756196
331.934613
332.043715
332.096120
332.194800
332.344870
332.520857
332.698580
332.887482
333.081245
333.301482
333.522746
333.774863
334.002705
334.305020
334.552428
334.801412
335.010871
335.152085
335.355935
335.557305
335.754892
335.937144
336.116116
336.256080
336.359387
336.444446
336.525393
336.622869
336.745732
336.896459
337.057096
337.240302
337.516437
337.750361
337.969656
338.188443
338.393118
338.632505
338.885345
339.105785
339.335049
339.566311
339.760424
339.969141
340.130635
340.346784
340.546700
340.732187
340.939566
341.120776
341.293687
341.361992
341.475063
341.594988
341.933198
342.773340
343.703995
343.919231
344.213988
344.483711
344.730277
345.106941
345.240368
345.633411
346.070162
346.469968
346.907578
347.302987
347.612330
347.819519
347.975260
348.109421
348.242014
348.377849
348.527097
348.681118
348.856345
349.011856
349.205670
349.383327
349.585660
349.804846
350.020137
350.236670
350.427573
350.643409
350.827497
351.040543
351.268145
351.463177
351.605641
351.733193
351.901124
352.090114
352.220062
352.284775
352.347935
352.473161
352.620920
352.804450
353.004001
353.235195
353.470230
353.685200
353.879777
354.123403
354.353102
354.570130
354.773479
354.976579
355.145897
355.318192
355.527745
355.723860
355.950599
356.151390
356.350314
356.518698
356.621058
356.732335
356.802198
356.882758
356.978682
357.062961
357.129997
357.220377
357.346668
357.532684
357.723185
357.936748
358.151312
358.330234
358.493846
358.645568
358.779574
358.988710
359.185329
359.375178
359.632994
359.857830
360.125096
360.354083
360.543436
360.679054
360.776282
360.878958
361.025485
361.265758
361.510790
361.721385
361.842280
361.911112
361.992770
362.099377
362.228894
362.379337
362.552102
362.708490
362.885542
363.022655
363.172997
363.316856
363.466749
363.652928
363.859525
364.083527
364.291273
364.520692
364.768367
364.966915
365.162924
365.380142
365.564740
365.750030
365.962125
366.151540
366.342153
366.521808
366.700673
366.870289
367.055862
367.248935
367.442695
367.662746
367.870417
368.075689
368.279084
368.474522
368.672527
368.903099
369.109122
369.314072
369.506779
369.672530
369.821771
369.974725
370.117669
370.235137
370.352993
370.470280
370.600170
370.730418
370.859656
370.914692
370.990903
371.131895
371.299813
371.533729
371.747548
372.006398
372.175961
372.408916
372.676177
372.900877
373.169468
373.428478
373.622833
373.771206
373.868039
373.920455
373.948187
374.006948
374.085722
374.169576
374.225937
374.298860
374.401039
374.529828
374.687767
374.885989
375.058783
375.301592
375.514409
375.732715
375.937462
376.152436
376.352974
376.549340
376.746365
376.934808
377.122430
377.324674
377.530838
377.738577
377.945204
378.150862
378.354283
378.555308
378.744093
378.911762
379.023194
379.087245
379.137963
379.223475
379.337525
379.477905
379.648052
379.833954
380.013541
380.210543
380.342371
380.432000
380.464896
380.523512
380.634886
380.766094
380.893056
381.032467
381.116300
381.143249
381.184737
381.272331
381.373586
381.493485
381.665852
381.853340
382.091493
382.313936
382.543219
382.740662
382.936338
383.120033
383.292200
383.464381
383.662447
383.862393
384.044119
384.244797
384.450725
384.693223
384.904338
385.117029
385.340069
385.547585
385.738958
385.922395
386.098482
386.273518
386.457308
386.662331
386.868309
387.092491
387.331696
387.580267
387.787370
388.066765
388.288694
388.491825
388.679170
388.862915
389.068073
389.312375
389.516457
389.689490
389.848169
390.011168
390.193257
390.383401
390.589375
390.822248
391.057817
391.290798
391.558994
391.804885
392.040149
392.274990
392.539779
392.764327
392.977303
393.195437
393.404521
393.616227
393.850496
394.071522
394.271204
394.480986
394.687565
394.891505
395.093910
395.293005
395.464988
395.701566
395.924795
396.141573
396.351382
396.568105
396.784509
397.039350
397.260382
397.488465
397.732190
397.961726
398.202625
398.436975
398.644254
398.850987
399.048205
399.250721
399.469370
399.665880
399.860465
400.067785
400.297380
400.503648
400.703891
400.902532
401.102779
401.331915
401.508516
401.747129
401.981239
402.199667
402.432136
402.648009
402.862512
403.083364
403.307648
403.527472
403.730170
403.923725
404.104809
404.292785
404.473994
404.688564
404.881087
405.055100
405.216715
405.378004
405.537953
405.687967
405.808049
405.960147
406.137145
406.300226
406.488974
406.672975
406.868907
407.066808
407.273784
407.485836
407.709743
407.898120
408.121760
408.328450
408.530784
408.733323
408.942640
409.155219
409.366150
409.579585
409.793621
410.027598
410.235474
410.457987
410.707545
410.937697
411.151266
411.364600
411.567984
411.775712
411.971694
412.170755
412.370342
412.596522
412.779360
412.961509
413.158517
413.352516
413.551090
413.745414
413.947630
414.152392
414.369126
414.588216
414.792850
414.992793
415.218952
415.398916
415.600613
415.766909
415.926743
416.083472
416.189430
416.259392
416.301668
416.367890
416.455992
416.590436
416.672689
416.686018
416.762509
416.886733
417.009290
417.164045
417.357279
417.556088
417.790400
418.037064
418.288520
418.549735
418.780075
419.006029
419.225058
419.430769
419.636416
419.875399
420.098129
420.307457
420.508919
420.738740
420.961870
421.175920
421.379660
421.584227
421.790548
421.998234
422.210807
422.445837
422.622220
422.851302
423.051353
423.239501
423.455068
423.660062
423.851302
424.053748
424.258408
424.496736
424.719244
424.955739
425.193558
425.424875
425.657662
425.873513
426.086791
426.291295
426.482597
426.694636
426.900118
427.093590
427.278701
427.440406
427.649340
427.851684
427.924615
427.940935
427.988692
428.092965
428.158929
428.338868
428.539880
428.930451
429.379567
429.688035
429.721133
429.773799
429.790395
429.809413
429.818369
429.835583
429.856061
429.883240
429.911250
429.935775
430.043543
430.120583
430.217710
430.317456
430.381780
430.445864
430.478039
430.514676
430.601776
430.757844
431.023942
431.332270
431.740275
432.265123
432.819658
433.287910
433.518194
433.697458
433.876738
434.095207
434.319789
434.503199
434.600865
434.668920
434.749472
434.837349
434.922526
434.999862
435.064521
435.147750
435.269483
435.448177
435.648186
435.876957
436.090651
436.307997
436.567247
436.790228
437.007388
437.234635
437.448045
437.655054
437.856831
438.082611
438.290036
438.499500
438.698622
438.903869
439.106184
439.310532
439.536403
439.762153
439.960746
440.191685
440.368156
440.604561
440.833208
441.047966
441.270444
441.465609
441.683488
441.882169
442.077657
442.295340
442.529503
442.727735
442.954438
443.167589
443.383752
443.592541
443.811132
444.031256
444.228321
444.438903
444.635075
444.846983
445.066447
445.275618
445.487079
445.685350
445.907427
446.131228
446.341713
446.566633
446.790005
447.010856
447.230737
447.451614
447.678503
447.896567
448.127249
448.352918
448.582739
448.799285
449.017803
449.233072
449.440549
449.646075
449.845845
450.050590
450.255408
450.469624
450.706687
450.916613
451.124093
451.319528
451.516771
451.718252
451.919798
452.105367
452.243595
452.370566
452.501151
452.619730
452.761878
452.927666
453.135844
453.316904
453.492307
453.674174
453.877936
454.089917
454.312775
454.550753
454.826908
455.064660
455.299245
455.535613
455.770329
455.981561
456.178126
456.367967
456.552494
456.758214
456.963990
457.172604
457.386682
457.602647
457.817608
458.065024
458.285310
458.554413
458.747040
459.035701
459.264716
459.510120
459.690193
459.950781
460.152022
460.327591
460.544681
460.728484
460.930746
461.130998
461.338720
461.601822
461.823739
462.054591
462.308450
462.521606
462.776361
462.996877
463.187516
463.386915
463.565095
463.739514
463.894415
464.062776
464.239085
464.453806
464.644078
464.864229
465.080857
465.326059
465.569687
465.809040
466.035580
466.236344
466.509695
466.722147
467.020721
467.297250
467.559113
467.799666
468.043372
468.286092
468.500695
468.712556
468.944041
469.152084
469.359667
469.606213
469.846695
470.082488
470.299135
470.510775
470.728998
470.955681
471.165041
471.349945
471.592745
471.809729
472.027113
472.244249
472.450552
472.666051
472.841122
473.086404
473.296654
473.506713
473.716537
473.926071
474.130541
474.344971
474.564222
474.764403
474.986062
475.164045
475.265652
475.292600
475.417693
475.615853
475.848343
476.065146
476.265257
476.455304
476.628023
476.886216
477.133492
477.368056
477.593067
477.825991
478.078452
478.299469
478.509354
478.704362
478.897387
479.084810
479.280552
479.473974
479.675539
479.916690
480.140651
480.358842
480.616996
480.839640
481.035852
481.291642
481.510951
481.696698
481.885317
482.045678
482.263300
482.465163
482.664541
482.870206
483.091044
483.304215
483.517859
483.730709
483.978030
484.228584
484.442312
484.655677
484.863840
485.071712
485.278303
485.486642
485.686467
485.894750
486.094755
486.301613
486.519529
486.722936
486.931593
487.135475
487.339349
487.538290
487.757362
487.956771
488.156154
488.360308
488.553794
488.740871
488.888452
489.034502
489.169793
489.325850
489.500147
489.689546
489.900391
490.138909
490.357915
490.570272
490.790121
490.995802
491.223735
491.437433
491.635235
491.849444
492.055496
492.261835
492.471529
492.677711
492.883517
493.073856
493.258132
493.454447
493.604809
493.820619
494.002236
494.189971
494.413566
494.625094
494.834012
495.037784
495.249132
495.472282
495.697325
495.920449
496.142181
496.404213
496.611884
496.812553
496.981101
497.201864
497.370954
497.580998
497.761437
497.945965
498.143306
498.333805
498.533659
498.773584
499.008144
499.226114
499.432917
499.609871
499.814719
499.969650
500.069561
500.124038
500.160849
500.240989
500.338262
500.520057
500.727653
500.942705
501.163690
501.400089
501.632634
501.871380
502.115966
502.328807
502.529298
502.743099
502.936528
503.125555
503.326604
503.528917
503.743538
503.957515
504.156552
504.354245
504.542772
504.705509
504.919201
505.100380
505.299215
505.498526
505.705511
505.910530
506.076458
506.171731
506.240864
506.334017
506.460643
506.615383
506.786335
506.983806
507.159155
507.343948
507.545977
507.730501
507.915868
508.103205
508.298065
508.482914
508.695132
508.890478
509.096060
509.316972
509.529999
509.705568
509.935772
510.147124
510.319658
510.551517
510.753269
510.954255
511.154685
511.355030
511.555727
511.771547
511.972601
512.177636
512.376746
512.594695
512.793488
513.002748
513.203262
513.409608
513.621723
513.834142
514.061332
514.243916
514.460887
514.702654
514.905422
515.108671
515.346955
515.575616
515.784820
515.994631
516.170054
516.416190
516.622135
516.827306
517.047389
517.252542
517.515384
517.709097
517.895316
518.058321
518.226706
518.415914
518.568491
518.728576
518.893623
519.074489
519.231803
519.457107
519.696450
519.941803
520.167988
520.406107
520.673155
520.891545
521.147745
521.440734
521.685234
521.974867
522.226265
522.497560
522.735962
522.970289
523.222369
523.464652
523.686998
523.911332
524.127504
524.330207
524.530049
524.733402
524.951615
525.160136
525.368434
525.586615
525.795491
525.999975
526.214579
526.435279
526.673532
526.882346
527.090090
527.291037
527.496368
527.712402
527.927024
528.123412
528.351940
528.547626
528.781539
529.004154
529.223573
529.433771
529.623483
529.882195
530.090636
530.289753
530.495052
530.688899
530.901040
531.100818
531.300019
531.548159
531.792387
532.007293
532.241397
532.469049
532.692561
532.919653
533.119334
533.366808
533.558076
533.773115
533.980451
534.180798
534.353928
534.615569
534.825703
535.053981
535.236829
535.503950
535.744650
535.979036
536.211560
536.431037
536.642521
536.856327
537.058303
537.269147
537.499762
537.726612
537.948306
538.168847
538.332506
538.422549
538.503643
538.677893
538.923953
539.183874
539.381424
539.575832
539.729601
539.941988
540.124601
540.346447
540.550508
540.743070
540.946108
541.159437
541.354499
541.563676
541.768662
541.927480
542.165513
542.382480
542.568512
542.751380
542.952973
543.143487
543.342753
543.551971
543.758466
543.933509
544.112004
544.295933
544.483195
544.659446
544.874786
545.065416
545.254386
545.400305
545.521601
545.630932
545.729604
545.837596
545.971963
546.062571
546.106920
546.157426
546.187033
546.205602
546.227061
546.239426
546.248984
546.255665
546.261230
546.264909
546.268043
546.269984
546.271334
546.272364
546.273151
546.273755
546.274180
546.274498
