0.000000
0.000000
0.000000
60.444000
60.763000
60.777000
60.778000
60.808998
62.223999
67.955002
71.655998
73.469002
90.030998
102.109001
105.000999
108.536003
110.027000
117.660004
132.938995
161.850998
179.317993
196.914993
207.548004
217.438995
220.472000
222.294006
223.664993
223.917007
224.184998
225.026993
225.218994
225.755005
226.330002
226.382004
226.382004
226.382996
229.462997
232.147995
232.395004
232.417007
232.429993
232.477997
232.481995
232.481995
239.891998
251.067001
278.621002
284.078003
285.324005
286.869995
289.031006
291.726013
303.095001
317.445007
323.269012
330.592987
348.132996
365.460999
384.446014
392.798004
394.161987
395.562988
398.700012
408.217987
421.826996
447.309998
463.140991
473.157990
480.549988
481.566986
484.600006
490.617004
493.842987
495.321014
499.967987
524.262024
541.559021
553.184998
557.530029
559.390015
560.874023
561.349976
561.780029
562.927979
567.523010
581.979980
584.849976
587.885986
593.021973
600.932983
610.757996
627.078003
637.327026
645.617981
656.567017
663.661987
670.158020
682.117004
690.804993
697.054993
708.476013
714.841980
718.294983
719.872009
720.937988
728.799988
742.888977
747.101013
750.093018
754.060974
756.771973
758.708008
761.715027
769.026001
774.005005
777.747009
779.880981
787.812012
792.607971
798.848022
799.822021
803.411987
805.750000
807.997986
810.307983
814.791016
825.546021
832.166016
834.468994
839.237976
851.276001
858.416992
864.961975
875.271973
883.286011
891.953979
903.556030
911.653992
920.244995
933.247009
941.978027
949.927979
962.062988
969.127991
976.539978
985.939026
992.098999
998.072021
1002.807983
1009.343994
1013.556030
1017.851990
1022.020996
1028.086060
1032.350952
1036.963989
1041.067017
1047.246948
1051.765015
1056.371948
1064.394043
1070.250977
1077.223022
1085.232056
1103.932007
1117.406006
1126.675049
1138.484985
1159.795044
1174.905029
1185.360962
1190.404053
1191.537964
1193.400024
1201.672974
1210.100952
1218.958008
1225.438965
1237.556030
1245.316040
1249.884033
1253.407959
1256.516968
1261.479980
1272.707031
1296.779053
1309.113037
1316.968018
1321.379028
1334.100952
1339.390015
1344.725952
1353.090942
1363.682007
1374.177979
1378.682007
1384.178955
1389.691040
1394.807983
1400.379028
1402.430054
1405.588989
1413.185059
1418.625000
1422.613037
1428.244995
1434.144043
1440.129028
1448.246948
1457.977051
1463.636963
1466.536011
1467.209961
1467.224976
1467.224976
1468.526978
1468.869019
1469.072021
1469.167969
1469.228027
1469.240967
1469.488037
1469.521973
1469.847046
1472.125000
1476.969971
1482.493042
1487.021973
1489.582031
1493.389038
1497.628052
1505.244995
1514.510986
1525.927002
1533.426025
1541.015991
1547.753052
1554.967041
1562.689941
1574.379028
1582.682007
1591.954956
1602.760986
1607.875977
1612.644043
1621.112061
1627.505005
1633.442993
1641.713989
1648.406006
1654.463013
1661.562988
1662.865967
1663.230957
1664.015991
1665.427979
1665.526978
1665.667969
1671.822998
1690.417969
1698.937012
1704.128052
1708.859985
1716.213013
1721.157959
1726.452026
1734.413940
1740.339966
1747.167969
1758.071045
1765.880005
1773.703003
1784.453003
1790.405029
1794.706055
1803.817993
1810.866943
1812.859009
1814.470947
1815.324951
1818.126953
1827.110962
1834.762939
1840.730957
1843.139038
1849.030029
1855.594971
1867.879028
1875.973999
1886.593018
1895.072998
1903.229004
1910.593018
1923.214966
1942.204956
1968.228027
1972.369019
1976.495972
1983.816040
2000.336060
2006.734009
2014.744995
2020.128052
2020.458984
2020.470947
2022.680054
2031.581055
2045.828003
2052.955078
2059.938965
2071.725098
2081.841064
2093.747070
2106.648926
2111.270020
2117.602051
2121.768066
2126.556885
2131.944092
2142.371094
2148.636963
2154.631104
2158.968994
2160.850098
2161.439941
2162.016113
2162.019043
2162.452881
2166.562988
2180.593018
2190.376953
2196.479980
2202.687988
2212.022949
2217.537109
2225.160889
2236.694092
2240.340088
2254.468994
2264.917969
2268.787109
2272.251953
2277.472900
2279.773926
2282.363037
2287.427002
2290.840088
2294.688965
2299.522949
2303.022949
2305.020996
2305.908936
2316.674072
2316.904053
2317.006104
2317.427979
2317.799072
2318.851074
2319.677979
2319.677979
2319.677979
2319.677979
2319.677979
2319.683105
2320.580078
2321.702881
2321.910889
2321.917969
2321.937988
2321.941895
2321.941895
2324.300049
2327.341064
2329.200928
2331.558105
2335.006104
2339.860107
2346.153076
2351.669922
2358.832031
2367.912109
2372.170898
2373.112061
2374.504883
2376.014893
2377.336914
2381.115967
2384.992920
2387.979004
2393.034912
2399.412109
2406.044922
2414.049072
2429.141113
2431.158936
2431.288086
2433.258057
2433.647949
2437.322998
2443.101074
2444.650879
2444.813965
2444.827881
2455.297119
2457.027100
2457.725098
2459.770020
2461.267090
2463.000000
2464.845947
2467.108887
2469.238037
2470.886963
2471.696045
2472.834961
2475.248047
2476.455078
2478.489014
2479.877930
2480.024902
2480.030029
2480.032959
2481.334961
2481.487061
2481.530029
2481.530029
2481.530029
2482.698975
2487.194092
2489.079102
2490.581055
2492.812012
2494.389893
2495.511963
2495.952881
2495.952881
2495.952881
2496.077881
2498.282959
2500.517090
2500.952881
2500.979004
2500.979004
2500.979004
2501.051025
2501.051025
2501.264893
2501.725098
2501.844971
2501.863037
2501.863037
2501.878906
2501.886963
2501.886963
2501.888916
2502.876953
2517.513916
2526.389893
2535.716064
2544.824951
2555.656006
2563.405029
2571.263916
2579.169922
2590.715088
2597.532959
2603.955078
2613.330078
2619.528076
2624.121094
2626.527100
2626.906006
2628.862061
2635.818115
2636.672119
2636.768066
2636.768066
2636.769043
2639.288086
2656.656982
2677.604004
2698.326904
2710.918945
2714.343018
2719.528076
2723.409912
2727.058105
2728.594971
2730.051025
2734.915039
2753.922119
2766.538086
2770.610107
2775.115967
2779.989990
2782.629883
2790.486084
2796.378906
2802.062012
2806.256104
2811.712891
2813.096924
2814.376953
2820.525879
2828.868896
2845.485107
2855.516113
2871.574951
2887.750000
2891.730957
2894.139893
2900.383057
2906.582031
2910.826904
2918.008057
2919.193115
2925.857910
2936.187988
2941.410889
2947.366943
2959.471924
2968.448975
2979.808105
3003.133057
3006.520996
3019.327881
3038.836914
3054.131104
3057.503906
3058.166016
3058.279053
3058.340088
3058.362061
3058.362061
3075.663086
3087.593018
3091.007080
3093.727051
3096.210938
3096.243896
3098.587891
3103.501953
3121.044922
3137.193115
3146.832031
3158.322998
3165.870117
3169.881104
3176.474121
3184.322021
3189.028076
3192.197998
3195.772949
3200.673096
3209.298096
3218.629883
3222.739014
3226.768066
3230.529053
3237.722900
3245.141113
3254.644043
3265.751953
3271.639893
3273.235107
3276.427002
3280.313965
3285.245117
3294.649902
3302.873047
3309.178955
3314.002930
3321.257080
3330.530029
3339.371094
3351.039062
3357.468994
3360.122070
3360.195068
3360.197998
3360.197998
3360.197998
3360.198975
3361.144043
3361.284912
3361.302002
3361.872070
3362.656982
3363.766113
3365.646973
3371.871094
3375.760986
3379.876953
3383.156006
3386.719971
3389.479980
3400.204102
3416.816895
3441.037109
3452.339111
3458.117920
3472.104980
3483.710938
3492.581055
3506.606934
3513.226074
3515.568115
3517.770020
3517.945068
3517.995117
3525.132080
3525.553955
3526.636963
3526.673096
3526.673096
3526.673096
3526.673096
3527.134033
3537.314941
3540.419922
3547.048096
3547.805908
3548.804932
3553.563965
3554.236084
3556.253906
3561.321045
3561.864014
3565.979004
3573.416016
3591.247070
3601.896973
3604.474121
3607.858887
3608.962891
3610.517090
3614.479980
3617.170898
3617.672119
3617.683105
3617.683105
3617.683105
3617.683105
3617.683105
3617.683105
3617.683105
3617.683105
3617.683105
3617.683105
3617.683105
3617.856934
3617.857910
3617.857910
3617.857910
3617.906006
3618.824951
3618.989014
3619.045898
3619.082031
3619.093018
3619.093018
3619.093018
3619.093018
3619.093018
3619.096924
3619.160889
3619.160889
3619.479980
3619.482910
3619.483887
3619.492920
3619.492920
3619.492920
3619.492920
3619.492920
3622.479004
3623.933105
3626.222900
3627.309082
3628.550049
3629.895020
3633.342041
3635.995117
3638.895996
3643.427979
3649.191895
3659.318115
3676.781006
3680.519043
3683.525879
3685.055908
3685.181885
3685.760986
3692.826904
3699.535889
3708.250000
3720.298096
3721.487061
3721.541016
3721.577881
3721.724121
3723.096924
3730.587891
3731.206055
3731.236084
3731.252930
3731.253906
3731.253906
3731.253906
3731.253906
3731.433105
3736.845947
3743.150879
3743.611084
3743.666992
3750.477051
3765.229980
3773.486084
3781.781006
3786.433105
3791.486084
3799.718018
3802.740967
3804.445068
3806.525879
3807.950928
3809.416992
3813.320068
3816.409912
3820.983887
3829.209961
3837.625977
3846.566895
3857.974121
3866.003906
3877.461914
3886.677002
3897.907959
3911.242920
3916.353027
3916.418945
3916.439941
3916.471924
3916.471924
3917.660889
3923.114990
3924.379883
3930.207031
3936.969971
3954.283936
3965.371094
3970.422119
3974.210938
3993.082031
4007.323975
4012.160889
4015.189941
4018.964111
4028.657959
4039.845947
4052.156982
4060.968994
4070.650879
4074.898926
4079.423096
4084.149902
4088.479004
4089.184082
4089.194092
4089.194092
4089.194092
4089.194092
4089.194092
4089.431885
4089.583008
4089.617920
4089.650879
4089.726074
4090.381104
4091.408936
4093.770020
4094.707031
4094.730957
4094.730957
4094.730957
4094.730957
4094.730957
4094.730957
4094.730957
4094.730957
4094.730957
4094.731934
4094.736084
4094.736084
4094.736084
4094.736084
4094.736084
4094.772949
4094.802002
4106.484863
4113.416016
4115.154785
4115.846191
4115.895020
4115.898926
4115.898926
4115.898926
4115.898926
4115.898926
4115.899902
4115.899902
4115.899902
4115.901855
4115.901855
4119.407227
4121.799805
4122.597168
4122.616211
4122.617188
4122.617188
4130.637207
4139.433105
4145.210938
4148.649902
4151.214844
4153.788086
4158.829102
4163.726074
4172.259766
4186.583008
4195.699219
4205.555176
4218.770020
4221.226074
4221.455078
4222.583984
4226.562012
4233.305176
4249.035156
4263.487793
4276.585938
4283.560059
4284.930176
4286.990234
4292.548828
4295.681152
4299.161133
4303.229980
4304.928223
4309.038086
4311.809082
4315.167969
4316.942871
4323.801758
4333.327148
4337.429199
4342.203125
4346.806152
4347.632812
4347.674805
4347.674805
4348.488770
4354.286133
4355.591797
4360.167969
4364.833984
4375.186035
4380.166016
4384.997070
4394.630859
4400.903809
4404.565918
4405.878906
4407.186035
4409.763184
4412.466797
4415.164062
4418.283203
4420.300781
4421.164062
4421.387207
4421.387207
4421.410156
4427.935059
4443.775879
4447.962891
4454.709961
4463.277832
4466.229004
4466.508789
4466.511230
4466.787109
4469.496094
4476.456055
4480.904785
4483.423828
4484.659180
4486.055176
4490.640137
4495.571777
4498.798828
4505.470215
4505.877930
4505.916016
4505.919922
4505.919922
4516.757812
4519.562012
4519.615234
4519.789062
4519.919922
4520.089844
4520.154785
4520.154785
4520.154785
4520.174805
4520.204102
4520.204102
4520.291992
4520.436035
4520.807129
4521.148926
4521.149902
4521.463867
4524.261230
4524.980957
4525.003906
4525.003906
4525.003906
4525.013184
4525.036133
4525.036133
4525.771973
4525.787109
4525.894043
4527.900879
4530.370117
4531.920898
4533.148926
4533.418945
4533.458984
4533.458984
4533.458984
4533.458984
4533.458984
4533.458984
4533.488770
4534.957031
4536.771973
4539.397949
4540.084961
4541.508789
4543.664062
4544.673828
4545.140137
4545.591797
4546.506836
4547.889160
4550.841797
4552.369141
4552.901855
4553.142090
4553.464844
4553.464844
4553.464844
4553.464844
4553.464844
4553.464844
4553.464844
4553.464844
4553.464844
4553.464844
4553.665039
4555.613770
4556.059082
4556.061035
4556.061035
4556.061035
4556.061035
4556.418945
4557.127930
4558.099121
4558.103027
4558.124023
4558.129883
4558.366211
4558.413086
4558.451172
4558.609863
4558.673828
4559.005859
4559.009766
4559.039062
4559.042969
4559.043945
4559.043945
4559.043945
4559.061035
4559.129883
4559.129883
4559.129883
4559.129883
4559.129883
4559.129883
4559.186035
4559.201172
4559.201172
4559.201172
4559.201172
4559.201172
4559.286133
4560.667969
4560.746094
4560.747070
4560.747070
4560.747070
4560.747070
4560.747070
4560.747070
4560.747070
4560.747070
4560.747070
4560.747070
4560.747070
4574.942871
4596.433105
4607.414062
4617.371094
4629.223145
4629.359863
4629.372070
4629.801758
4632.833008
4640.150879
4647.867188
4652.071777
4657.473145
4660.561035
4663.412109
4667.668945
4670.571777
4673.347168
4676.262207
4679.745117
4681.361816
4682.882812
4684.483887
4685.308105
4686.110840
4687.091797
4687.834961
4689.491211
4690.888184
4691.061035
4691.083984
4691.083984
4691.083984
4691.096191
4691.116211
4691.428223
4691.985840
4692.086914
4692.086914
4692.086914
4692.622070
4694.455078
4697.234863
4699.776855
4700.476074
4700.476074
4700.476074
4700.852051
4700.852051
4700.852051
4700.852051
4700.852051
4700.852051
4700.866211
4700.869141
4700.869141
4700.869141
4700.869141
4700.928223
4700.994141
4701.079102
4701.280762
4701.299805
4701.299805
4701.299805
4701.810059
4701.877930
4701.950195
4702.186035
4702.187988
4702.187988
4702.187988
4702.187988
4702.187988
4702.187988
4702.187988
4702.188965
4702.188965
4702.188965
4702.189941
4702.452148
4702.628906
4702.825195
4703.529785
4705.716797
4708.040039
4708.247070
4708.262207
4708.437988
4708.440918
4708.440918
4708.440918
4708.440918
4708.440918
4708.462891
4708.464844
4708.464844
4708.471191
4708.473145
4708.473145
4708.487793
4708.487793
4708.487793
4708.487793
4708.487793
4708.487793
4708.490234
4708.491211
4708.491211
4708.491211
4708.492188
4708.495117
4708.662109
4709.696777
4710.507812
4710.523926
4710.527832
4710.528809
4710.562012
4710.573242
4710.573242
4710.573242
4710.604004
4710.618164
4710.618164
4710.618164
4710.676758
4710.698242
4710.819824
4710.855957
4710.858887
4711.062012
4711.215820
4712.765137
4716.153809
4720.053223
4720.657227
4722.675781
4722.679199
4723.663086
4723.669922
4723.669922
4723.669922
4724.433105
4724.841797
4726.962891
4728.962891
4731.557129
4734.888184
4735.457031
4735.682129
4735.848145
4735.937012
4736.005859
4736.057129
4736.138184
4736.274902
4736.379883
4736.483887
4736.657227
4736.695801
4736.698242
4736.698242
4736.698242
4736.702148
4736.816895
4736.854980
4736.856934
4736.857910
4736.857910
4736.857910
4736.857910
4736.857910
4737.118164
4737.308105
4737.362793
4737.386230
4737.388184
4737.388184
4737.388184
4738.304199
4738.316895
4738.329102
4738.329102
4738.329102
4738.329102
4738.329102
4738.329102
4738.329102
4738.329102
4738.397949
4738.661133
4738.809082
4738.889160
4739.049805
4739.171875
4739.258789
4739.389160
4739.452148
4739.452148
4739.452148
4739.452148
4739.452148
4739.452148
4739.452148
4739.454102
4740.176758
4740.229980
4740.273926
4740.325195
4740.378906
4740.412109
4740.419922
4740.419922
4740.419922
4740.476074
4742.494141
4743.980957
4744.210938
4744.280762
4744.360840
4744.360840
4744.360840
4744.360840
4744.360840
4744.360840
4744.360840
4744.360840
4744.360840
4744.360840
4744.360840
4744.399902
4744.832031
4745.528809
4745.693848
4745.694824
4745.694824
4745.694824
4745.694824
4745.694824
4745.694824
4745.694824
4745.694824
4745.694824
4745.694824
