1.10431
1.10462
2.32568
2.88193
3.32922
3.82967
4.35807
4.83012
5.33115
5.83108
6.33505
6.83208
7.33258
7.83324
8.33373
8.86638
9.33423
9.8347
10.3349
10.8744
11.3361
11.8361
12.3362
12.8369
13.3375
13.8371
14.3373
14.8386
15.3394
15.8399
16.3398
16.8401
17.3398
17.84
18.3411
18.8418
19.3423
19.8428
20.357
20.8434
21.3434
21.8435
22.3439
22.845
23.3441
23.8442
24.3459
24.8457
25.3469
25.8587
26.3464
26.8467
27.3478
27.8487
28.3485
28.8489
29.355
29.8489
30.3491
30.8497
31.3507
31.851
32.3593
32.8506
33.3515
33.8979
34.3526
34.8538
35.36
35.8626
36.3547
36.9101
37.3548
37.8543
38.356
38.8567
39.3563
39.894
40.3573
40.8573
41.3589
41.8577
42.3584
42.8587
43.3599
43.8597
44.3603
44.8936
45.361
45.861
46.3613
46.8774
47.3627
47.8627
48.4026
48.8629
49.3641
49.8781
50.3651
50.8639
51.3654
51.8658
52.365
52.8658
53.3666
53.8668
54.3667
54.8669
55.368
55.8685
56.3694
56.8678
57.3694
57.8689
58.3696
58.8704
59.3698
59.8708
60.371
60.8729
61.3725
61.872
62.3728
62.8728
63.3739
63.8729
64.3738
64.8742
65.375
65.8749
66.3787
66.8757
67.3761
67.881
68.3759
68.8772
69.377
69.8776
70.3786
70.8782
71.3783
71.88
72.4101
72.8808
73.3808
73.8936
74.3801
74.8818
75.3805
75.8901
76.3833
76.8822
77.3841
77.8859
78.3844
78.8842
79.3839
79.8852
80.3851
80.8857
81.408
81.8867
82.388
82.8869
83.4126
83.8908
84.3886
84.8898
85.3966
85.8891
86.3894
86.8888
87.3891
87.8901
88.4311
88.8915
89.3915
89.8907
90.3927
90.8925
91.3906
91.8915
92.3936
92.8939
93.3942
93.9397
94.3951
94.8942
95.3953
95.9268
96.3964
96.8963
97.4179
97.8973
98.3973
98.8974
99.4274
99.8991
100.398
100.9
101.4
101.899
102.4
102.899
103.401
103.9
104.4
104.901
105.401
105.902
106.402
106.902
107.404
107.903
108.403
108.905
109.405
109.905
110.406
110.913
111.405
111.905
112.407
112.912
113.408
113.908
114.407
114.912
115.409
115.91
116.41
116.909
117.41
117.91
118.419
118.912
119.411
119.911
120.411
120.947
121.412
121.912
122.461
122.912
123.413
123.941
124.414
124.915
125.423
125.916
126.415
126.915
127.416
127.917
128.416
128.916
129.417
129.917
130.418
130.918
131.418
131.918
132.418
132.919
133.419
133.92
134.419
134.92
135.417
135.928
136.42
136.921
137.422
137.922
138.423
138.923
139.424
139.924
140.431
140.925
141.424
141.923
142.424
142.926
143.426
143.926
144.426
144.928
145.427
145.927
146.427
146.928
147.429
147.929
148.429
148.931
149.43
149.93
150.431
150.965
151.44
151.931
152.438
152.931
153.429
153.932
154.433
154.933
155.433
155.934
156.434
156.934
157.435
157.935
158.435
158.956
159.436
159.936
160.436
160.942
161.436
161.938
162.437
162.938
163.439
163.937
164.438
164.939
165.438
165.955
166.44
166.94
167.441
167.941
168.441
168.94
169.449
169.942
170.442
170.943
171.443
171.944
172.444
172.944
173.445
173.949
174.446
174.946
175.447
175.946
176.465
176.948
177.448
177.947
178.483
178.948
179.449
179.95
180.45
180.949
181.451
181.95
182.45
182.961
183.452
183.952
184.453
184.953
185.452
185.953
186.453
186.953
187.453
187.954
188.454
188.955
189.455
189.971
190.456
190.955
191.456
191.956
192.458
192.958
193.458
193.958
194.458
194.96
195.459
195.97
196.46
196.96
197.462
197.962
198.46
198.962
199.466
199.963
200.461
201.017
201.461
201.962
202.463
202.964
203.463
203.965
204.468
204.965
205.465
205.966
206.466
206.966
207.482
207.968
208.468
208.975
209.468
209.968
210.469
210.969
211.47
211.971
212.471
212.97
213.471
213.972
214.471
214.971
215.48
215.972
216.473
216.972
217.474
217.974
218.48
218.975
219.475
219.98
220.474
220.974
221.475
221.975
222.477
222.977
223.477
223.978
224.476
225
225.476
225.978
226.484
226.979
227.479
227.979
228.481
228.98
229.518
229.981
230.481
230.981
231.483
231.982
232.482
232.983
233.485
233.988
234.483
235.011
235.484
235.985
236.485
236.985
237.485
237.986
238.487
238.988
239.489
239.987
240.488
240.987
241.488
241.995
242.49
242.989
243.488
243.99
244.511
244.991
245.49
245.99
246.503
246.992
247.492
248.008
248.494
248.993
249.51
249.995
250.521
250.994
251.497
251.995
252.494
252.996
253.494
253.997
254.496
254.997
255.517
255.998
256.497
257.007
257.498
257.998
258.514
258.998
259.499
260
260.5
260.998
261.499
262.001
262.502
263.001
263.5
264.014
264.502
265.003
265.504
266.004
266.505
267.003
267.505
268.005
268.526
269.006
269.506
270.006
270.506
271.006
271.507
272.008
272.518
273.009
273.508
274.012
274.509
275.008
275.522
276.01
276.509
277.01
277.511
278.009
278.511
279.012
279.511
280.011
280.512
281.014
281.513
282.013
282.512
283.013
283.52
284.014
284.515
285.016
285.551
286.017
286.517
287.017
287.516
288.018
288.518
289.017
289.517
290.017
290.518
291.019
291.519
292.019
292.521
293.02
293.521
294.021
294.52
295.02
295.533
296.023
296.523
297.023
297.524
298.024
298.537
299.024
299.524
300.026
300.526
301.026
301.527
302.048
302.527
303.028
303.527
304.027
304.528
305.028
305.529
306.029
306.536
307.029
307.53
308.029
308.531
309.031
309.531
310.031
310.531
311.039
311.532
312.033
312.538
313.033
313.533
314.034
314.535
315.035
315.535
316.035
316.535
317.035
317.536
318.045
318.537
319.038
319.537
320.037
320.538
321.045
321.539
322.039
322.54
323.039
323.54
324.04
324.543
325.041
325.541
326.052
326.542
327.044
327.543
328.047
328.544
329.043
329.562
330.045
330.542
331.044
331.544
332.043
332.544
333.045
333.544
334.047
334.546
335.048
335.548
336.049
336.549
337.049
337.548
338.049
338.549
339.05
339.551
340.058
340.551
341.051
341.551
342.051
342.551
343.053
343.554
344.053
344.553
345.053
345.553
346.053
346.559
347.054
347.554
348.053
348.556
349.055
349.555
350.056
350.556
351.058
351.558
352.058
352.559
353.059
353.559
354.059
354.558
355.06
355.56
356.06
356.56
357.061
357.594
358.06
358.562
359.061
359.563
360.063
360.578
361.061
361.564
362.067
362.565
363.066
363.598
364.066
364.567
365.066
365.566
366.072
366.568
367.067
367.568
368.069
368.569
369.069
369.569
370.07
370.57
371.071
371.571
372.07
372.571
373.07
373.569
374.071
374.572
375.072
375.573
376.079
376.573
377.074
377.574
378.074
378.574
379.095
379.575
380.075
380.576
381.077
381.575
382.077
382.579
383.078
383.577
384.077
384.578
385.079
385.578
386.08
386.58
387.081
387.58
388.08
388.579
389.08
389.581
390.082
390.61
391.083
391.583
392.083
392.582
393.082
393.582
394.083
394.583
395.084
395.586
396.086
396.586
397.086
397.586
398.086
398.586
399.087
399.586
400.086
400.588
401.088
401.607
402.088
402.589
403.088
403.589
404.089
404.59
405.091
405.589
406.089
406.589
407.092
407.596
408.093
408.592
409.094
409.593
410.093
410.594
411.093
411.593
412.095
412.594
413.112
413.596
414.096
414.61
415.097
415.597
416.107
416.598
417.099
417.605
418.099
418.623
419.099
419.6
420.101
420.611
421.1
421.601
422.12
422.602
423.102
423.639
424.102
424.603
425.104
425.604
426.104
426.605
427.105
427.605
428.106
428.624
429.104
429.605
430.116
430.605
431.106
431.606
432.107
432.608
433.109
433.61
434.107
434.615
435.11
435.61
436.11
436.611
437.116
437.611
438.112
438.612
439.112
439.612
440.113
440.614
441.113
441.612
442.113
442.614
443.114
443.627
444.115
444.616
445.115
445.615
446.116
446.618
447.118
447.618
448.118
448.618
449.119
449.619
450.119
450.62
451.12
451.619
452.121
452.622
453.121
453.622
454.123
454.638
455.124
455.623
456.124
456.623
457.123
457.624
458.126
458.625
459.124
459.624
460.125
460.628
461.127
461.628
462.127
462.627
463.129
463.629
464.128
464.649
465.13
465.629
466.139
466.63
467.13
467.641
468.13
468.631
469.136
469.633
470.131
470.632
471.132
471.633
472.132
472.631
473.142
473.634
474.132
474.648
475.135
475.636
476.167
476.635
477.135
477.659
478.137
478.638
479.138
479.638
480.139
480.669
481.138
481.64
482.14
482.641
483.14
483.668
484.141
484.642
485.144
485.641
486.141
486.642
487.143
487.644
488.143
488.644
489.145
489.645
490.146
490.645
491.145
491.646
492.147
492.648
493.148
493.655
494.147
494.648
495.147
495.647
496.148
496.648
497.15
497.686
498.168
498.65
499.151
499.651
500.15
500.675
501.153
501.652
502.153
502.652
503.152
503.653
504.154
504.653
505.155
505.655
506.154
506.655
507.154
507.656
508.161
508.656
509.157
509.658
510.157
510.657
511.158
511.657
512.158
512.659
513.159
513.659
514.16
514.666
515.161
515.668
516.161
516.695
517.163
517.663
518.162
518.663
519.164
519.683
520.165
520.666
521.172
521.666
522.166
522.666
523.167
523.666
524.167
524.667
525.166
525.667
526.168
526.667
527.169
527.67
528.169
528.695
529.17
529.669
530.171
530.67
531.186
531.67
532.17
532.685
533.171
533.672
534.172
534.673
535.173
535.697
536.174
536.675
537.182
537.675
538.175
538.677
539.176
539.696
540.178
540.678
541.206
541.676
542.178
542.678
543.18
543.679
544.195
544.68
545.18
545.681
546.18
546.681
547.181
547.695
548.181
548.681
549.183
549.682
550.183
550.684
551.184
551.684
552.216
552.684
553.185
553.686
554.186
554.686
555.187
555.687
556.205
556.688
557.187
557.689
558.189
558.689
559.19
559.689
560.19
560.689
561.191
561.691
562.22
562.689
563.19
563.691
564.191
564.692
565.193
565.692
566.194
566.721
567.195
567.695
568.195
568.694
569.22
569.695
570.196
570.696
571.196
571.714
572.197
572.698
573.209
573.699
574.199
574.7
575.2
575.699
576.199
576.698
577.2
577.699
578.201
578.703
579.201
579.7
580.202
580.703
581.203
581.703
582.203
582.704
583.204
583.705
584.205
584.705
585.205
585.707
586.206
586.707
587.207
587.708
588.207
588.707
589.208
589.708
590.214
590.709
591.209
591.71
592.209
592.711
593.209
593.71
594.21
594.711
595.211
595.711
596.213
596.714
597.213
597.714
598.215
598.714
599.215
599.716
600.216
600.716
601.215
601.715
602.217
602.717
603.218
603.718
604.219
604.718
605.217
605.718
606.222
606.719
607.22
607.721
608.221
608.72
609.25
609.72
610.22
610.734
611.221
611.722
612.222
612.724
613.224
613.725
614.224
614.724
615.225
615.724
616.225
616.743
617.225
617.726
618.226
618.727
619.228
619.726
620.227
620.728
621.228
621.729
622.23
622.73
623.23
623.731
624.231
624.731
625.234
625.73
626.231
626.75
627.232
627.733
628.233
628.732
629.233
629.761
630.24
630.736
631.273
631.751
632.235
632.736
633.253
633.738
634.237
634.776
635.239
635.738
