0.00775313
0.00707036
0.000397016
0.0256706
0.000543758
0.00118106
0.00123469
0.000662527
0.00277826
0.00116564
0.000427146
0.00138433
0.00104758
0.00637342
0.00141321
0.000610955
0.000897268
0.000557181
0.00157828
0.00113615
0.0031619
0.0015981
0.00245565
0.000961447
0.00147593
0.00169153
0.0016378
0.00113664
0.00216513
0.00244375
0.0011134
0.00226594
0.00107263
0.00830714
0.00650619
0.000339245
0.000396504
0.000843147
0.000916076
0.0045896
0.000688492
0.00104354
0.0017744
0.00610762
0.000442276
0.000404152
0.000703529
0.00191671
0.00804257
0.00333487
0.00171879
0.00140408
0.00100998
0.000729341
0.00226044
0.00534973
0.000932041
0.00284977
0.00173926
0.00312701
0.00168298
0.00128957
0.00274575
0.00377805
0.00322642
0.00176245
0.00172258
0.00106892
0.00242842
0.000433758
0.000689774
0.00161467
0.00220572
0.0011305
0.000622333
0.000726269
0.00547042
0.00167072
0.0129247
0.000580999
0.00488458
0.0118692
0.00156503
0.00104789
0.000740603
0.00346153
0.00292608
0.00113844
0.00621787
0.00165207
0.00137137
0.00116762
0.00205555
0.00123769
0.00233436
0.00133951
0.00110973
0.00263338
0.000856555
0.000998842
0.00427295
0.00184194
0.00344018
0.000728978
0.00167847
0.00402395
0.00163999
0.00244405
0.00286774
0.000472406
0.00357107
0.00131304
0.000894681
0.00071664
0.000486098
0.0027834
0.000543019
0.000483933
0.000494765
0.0103481
0.00586023
0.00516042
0.000630001
0.00117835
0.00522666
0.0127203
0.00130463
0.00420851
0.00966185
0.000640467
0.00115098
0.00159103
0.00203335
0.00119902
0.00205084
0.00455607
0.00408025
0.00734321
0.000580262
