7.92929
9.65306
12.478
22.5513
22.5624
22.5829
22.6023
22.7218
23.1282
23.1468
25.4896
25.5029
25.5222
25.5482
27.2234
27.4503
27.6507
27.6614
27.6823
27.7018
29.9721
29.9909
31.7285
31.7463
31.767
31.7874
31.8073
31.8265
31.8474
31.868
31.8863
31.9078
33.6628
33.6895
33.7079
38.2983
42.2169
42.2376
42.2574
44.1341
44.1501
44.1703
44.3591
44.384
49.1476
49.1605
57.4055
60.2551
62.4132
62.4294
62.4472
62.4668
62.486
64.1263
64.1476
64.1626
64.1744
64.188
64.2071
64.2284
64.2472
66.0749
66.0967
66.7732
66.7928
68.5513
68.5714
68.5903
68.6123
68.6301
68.6501
68.6713
68.6916
68.7107
68.7414
68.7543
68.7796
79.2998
79.512
79.706
80.1419
81.6135
81.6314
81.6422
83.4981
90.285
90.4843
90.5026
98.9312
98.9465
98.9672
98.9868
99.0083
99.0262
99.0479
99.0671
99.086
99.1078
99.1412
99.154
100.902
100.92
101.532
101.55
101.571
101.733
101.751
101.772
101.792
101.81
101.833
101.851
101.87
121.862
121.874
122.957
122.974
123.622
123.634
128.647
128.663
128.682
132.806
132.826
133.903
136.843
137.475
137.498
144.139
144.15
144.163
145.383
148.83
148.849
148.87
148.893
148.912
148.936
152.49
