0.000925526
0.000936337
0.00511587
0.0016715
0.000558751
0.0162644
0.0102621
0.00963916
0.0246093
0.00451149
0.0141823
0.0239825
0.00205372
0.0131425
0.00253713
0.00257244
0.00460639
0.017917
0.00471794
0.0091941
0.00389706
0.00134334
0.00195665
0.00504816
0.00178637
0.00367812
0.00902983
0.00433334
0.00957184
0.00173134
0.00460747
0.00811302
0.000698043
0.00187736
0.00926571
0.00318924
0.0206506
0.00510453
0.0031758
0.00640984
0.00148092
0.00154091
0.00799641
0.0101427
0.000682583
0.00347059
0.00214981
0.00085225
0.00139704
0.00124427
0.0114423
0.00120507
0.00384966
0.00564108
0.00428999
0.00307998
0.00541982
0.00336581
0.0013703
0.000952403
0.00437914
0.0119331
0.018761
0.00537893
0.00466928
0.00165954
0.0014561
0.00173351
0.0117633
0.00807705
0.00640865
0.00812969
0.00156095
0.00231747
0.00326029
0.00766204
0.000842162
0.000913616
0.00237404
0.00075178
0.00831755
0.00321928
0.0092523
0.00986471
0.00581565
0.016488
0.00714112
0.00243042
0.00505137
0.00510028
0.00195305
0.00333996
0.00141518
0.00353277
0.0095084
0.00280525
0.00116199
0.0129037
0.0089876
0.000668211
0.0109169
0.00707994
0.00176185
0.00118635
0.00248016
0.00269698
0.00255187
0.00163267
0.000695875
0.00406566
0.00201472
0.00104177
0.00152084
0.00193614
0.0120953
0.00996173
0.00385118
0.00162811
0.00888058
0.00117007
0.00782096
0.00276285
0.0024364
0.00551386
0.00156622
0.00122253
0.00342255
0.000812054
0.00517044
0.00149739
0.013956
0.00137997
0.00294279
0.00563533
0.000993338
0.00241123
0.00435176
0.00513601
0.00378421
0.0119943
0.0064774
0.0121163
0.00784688
