7.94265
9.66689
11.3705
12.4989
14.242
15.3418
16.4236
18.1804
18.416
18.8384
19.2517
20.3929
21.2356
21.6466
22.6245
22.7437
23.1699
24.9031
25.2909
25.5707
27.2453
27.4629
27.7229
29.5671
30.0109
31.9516
33.731
35.4053
36.7305
38.3113
38.5099
39.8139
41.5782
42.2787
43.9262
44.1927
44.4184
46.083
47.7684
49.1872
51.1441
52.8461
54.6099
56.2952
56.7618
57.1682
57.4281
57.8507
58.4789
60.267
60.6852
62.507
64.2693
66.1193
66.8136
67.8844
68.7993
69.6646
71.3832
72.0266
73.1337
74.8772
76.1844
77.8465
79.3227
79.5291
79.7272
80.16
81.6733
83.5254
85.2513
87.05
88.7675
90.3034
90.5248
90.6975
92.4194
94.1669
94.8244
95.4658
96.3345
96.7648
98.2943
99.1753
100.935
101.606
101.897
103.677
105.414
107.111
108.823
110.552
112.063
113.821
114.502
114.728
114.923
116.638
118.406
119.258
121.004
121.629
121.896
122.986
123.164
123.657
124.524
125.435
127.138
128.702
130.38
132.122
132.847
133.919
135.522
136.179
136.862
137.515
139.223
139.647
139.862
140.493
140.724
140.935
142.664
144.182
145.405
146.931
148.626
148.949
150.763
152.511
153.373
153.616
155.342
157.077
158.178
159.902
161.038
161.261
163.048
164.777
166.941
