2.71323
2.94185
3.16916
3.37996
3.58245
3.77942
3.98093
4.21504
4.40966
4.64838
4.88001
5.08478
5.31581
5.55113
5.75091
5.95416
6.15927
6.39218
6.59087
6.79021
7.0269
7.23142
7.46431
7.66447
7.89183
8.09232
8.30772
8.53272
8.76976
8.96692
9.17657
9.38808
9.63487
9.83797
10.0547
10.2558
10.4492
10.6835
10.9068
11.1373
11.3461
11.5856
11.8233
12.0288
12.2317
12.4663
12.7061
12.9026
13.1154
13.3185
13.5546
13.8012
14.0036
14.2311
14.4301
14.673
14.8683
15.0735
15.3085
15.5117
15.7526
15.9731
16.1647
16.4017
16.6104
16.8336
17.0384
17.2711
17.4757
17.7065
17.9386
18.1571
18.3807
18.591
18.8208
19.0225
19.226
19.4539
19.6906
19.8841
20.1233
20.3534
20.5889
20.7954
21.0188
21.2223
21.4246
21.6223
21.854
22.0496
22.2881
22.513
22.7096
22.9122
23.1141
23.3494
23.5803
23.8101
24.0022
24.2374
24.439
24.644
24.8721
25.0726
25.2724
25.4722
25.7039
25.9032
26.1067
26.3396
26.5695
26.7756
26.9799
27.202
27.436
27.6373
27.8372
28.0791
28.2814
28.473
28.6776
28.9016
29.1024
29.3153
29.548
29.7469
29.9569
30.1878
30.4193
30.6463
30.8475
31.089
31.3138
31.5245
31.7164
31.9477
32.1487
32.3813
32.5871
32.8271
33.0148
33.2132
33.4418
33.6458
33.8883
34.0803
34.3145
34.5167
34.7466
34.9489
35.191
35.3843
35.6215
35.8485
36.0444
36.2791
36.4798
36.7077
36.9174
37.1508
37.3446
37.5871
37.8176
38.056
38.2868
38.4934
38.7269
38.9253
39.1312
39.3597
39.5951
39.7933
39.9926
40.2221
40.4316
40.6629
40.861
41.0948
41.3316
41.565
41.7671
42.0012
42.2052
42.4114
42.6397
42.8317
43.0679
43.2598
43.4614
43.6644
43.901
44.1185
44.3454
44.5682
44.7659
45.0056
45.2318
45.4597
45.6698
45.8624
46.0663
46.2648
46.4923
46.6862
46.9248
47.1163
47.3222
47.5265
47.752
47.9866
48.1816
48.4265
48.6616
48.9052
49.1365
49.3536
49.5724
49.8046
50.0383
50.2453
50.4736
50.6816
50.8784
51.1214
51.3228
51.5441
51.7777
52.0046
52.1969
52.4236
52.6219
52.8271
53.0196
53.2538
53.4616
53.6761
53.8955
54.1296
54.3358
54.5912
54.7944
54.9911
55.1866
55.4165
55.636
55.8294
56.0682
56.2688
56.4868
56.7193
56.9217
57.1534
57.3931
57.5987
57.8382
58.0383
58.2652
58.4657
58.6973
58.9035
59.1281
59.3312
59.5592
59.7983
59.9966
60.2362
60.426
60.662
60.8552
61.0578
61.2962
61.5284
61.7388
61.9306
62.1631
62.3959
62.6054
62.8063
63.0355
63.243
63.4493
63.6841
63.9112
64.1137
64.3453
64.5581
64.7478
64.9472
65.1827
65.4194
65.6634
65.8565
66.0621
66.2883
66.5218
66.7573
66.9802
67.2037
67.4405
67.6695
67.8679
68.1137
68.3355
68.5395
68.7407
68.9736
69.2218
69.4472
69.652
69.8825
70.0791
70.3076
70.5106
70.7445
70.9462
71.1779
71.3715
71.5747
71.7779
72.0151
72.2466
72.4501
72.6808
72.8796
73.1188
73.3156
73.5474
73.7537
73.9549
74.1962
74.4275
74.65
74.8555
75.0499
75.2584
75.4866
75.7175
75.9202
76.1541
76.3588
76.5773
76.7948
77.0065
77.2048
77.4048
77.6375
77.8314
78.0663
78.2738
78.45
78.6503
78.8771
79.0865
79.288
79.4839
79.6939
79.9232
80.1274
80.3593
80.5553
80.7581
80.9599
81.1832
81.3895
81.5907
81.7856
82.0153
82.2249
82.4203
82.6187
82.8268
83.0552
83.2562
83.4836
83.6929
83.9255
84.1638
84.361
84.5985
84.8027
85.0247
85.2337
85.4715
85.6689
85.9073
86.1315
86.3656
86.5665
86.8032
87.0308
87.2285
87.4617
87.6679
87.8923
88.0917
88.3025
88.5247
88.7559
88.9505
89.1585
89.389
89.5825
89.7842
90.0284
90.2604
90.4619
90.6723
90.9004
91.0983
91.3047
91.5397
91.7732
91.9744
92.2127
92.4081
92.6048
92.8431
93.0768
93.2748
93.5094
93.7123
93.9458
94.1555
94.3659
94.6096
94.8109
95.0205
95.2446
95.4551
95.651
95.8866
96.0891
96.3132
96.5103
96.7499
96.9797
97.1795
97.3784
97.6163
97.8438
98.0433
98.2754
98.4803
98.7017
98.9052
99.1402
99.3809
99.6089
99.8385
100.041
100.256
100.454
100.686
100.886
101.118
101.313
101.512
101.712
101.944
102.156
102.373
102.577
102.803
103.012
103.211
103.435
103.664
103.89
104.094
104.324
104.521
104.761
104.962
105.163
105.399
105.599
105.797
106.036
106.259
106.456
106.688
106.886
107.09
107.285
107.495
107.718
107.96
108.17
108.37
108.606
108.81
109.02
109.224
109.456
109.659
109.892
110.099
110.328
110.533
110.763
110.971
111.208
111.404
111.606
111.819
112.049
112.281
112.483
112.708
112.905
113.115
113.341
113.575
113.807
114.042
114.273
114.481
114.712
114.912
115.111
115.317
115.555
115.781
115.988
116.217
116.413
116.61
116.844
117.081
117.275
117.501
117.742
117.943
118.145
118.379
118.604
118.805
119.009
119.247
119.48
119.675
119.904
120.107
120.343
120.542
120.744
120.977
121.176
121.403
121.608
121.85
122.075
122.306
122.513
122.711
122.941
123.149
123.384
123.61
123.808
124.05
124.281
124.506
124.745
124.978
125.187
125.418
125.64
125.848
126.088
126.296
126.494
126.718
126.927
127.127
127.351
127.58
127.784
127.99
128.187
128.412
128.616
128.819
129.044
129.284
129.522
129.732
129.929
130.132
130.365
130.569
130.801
131.028
131.23
131.431
131.674
131.906
132.107
132.357
132.563
132.795
133.02
133.227
133.458
133.652
133.885
134.09
134.32
134.559
134.791
135.018
135.256
135.49
135.723
135.958
136.156
136.394
136.616
136.818
137.023
137.235
137.461
137.662
137.898
138.095
138.329
138.53
138.734
138.966
139.201
139.404
139.634
139.841
140.052
140.279
140.478
140.711
140.919
141.152
141.379
141.584
141.82
142.015
142.213
142.44
142.649
142.886
143.083
143.289
143.517
143.717
143.917
144.115
144.317
144.518
144.724
144.928
145.137
145.365
145.598
145.811
146.042
146.263
146.465
146.673
146.907
147.143
147.338
147.578
147.777
147.974
148.211
148.409
148.611
148.818
149.047
149.245
149.474
149.708
149.909
150.093
150.296
150.526
150.725
150.955
151.191
151.396
151.631
151.831
152.072
152.278
152.472
152.679
152.91
153.115
153.358
153.588
153.793
153.992
154.217
154.426
154.669
154.87
155.106
155.33
155.534
155.767
155.975
156.195
156.399
156.631
156.838
157.064
157.271
157.497
157.704
157.914
158.154
158.349
158.593
158.795
159.025
159.222
159.461
159.696
159.884
160.118
160.361
160.599
160.796
161.022
161.231
161.464
161.662
161.897
162.134
162.373
162.599
162.803
163.031
163.266
163.467
163.698
163.907
164.13
164.334
164.528
164.755
164.996
165.225
165.45
165.659
165.849
166.092
166.298
166.5
166.708
166.922
167.154
167.382
167.583
167.802
168.014
168.241
168.444
168.684
168.914
169.142
169.347
169.548
169.779
169.986
170.22
170.445
170.645
170.85
171.089
171.285
171.483
171.717
171.948
172.182
172.386
172.616
172.817
173.021
173.255
173.455
173.683
173.918
174.15
174.355
174.579
174.784
175.017
175.217
175.452
175.685
175.884
176.084
176.288
176.515
176.716
176.95
177.184
177.418
177.616
177.819
178.056
178.256
178.484
178.721
178.956
179.189
179.39
179.617
179.822
180.06
180.297
180.533
180.735
180.941
181.169
181.379
181.58
181.779
182.013
182.248
182.449
182.684
182.918
183.121
183.35
183.574
183.783
183.986
184.193
184.415
184.623
184.818
185.017
185.256
185.483
185.681
185.883
186.121
186.354
186.552
186.784
186.986
187.195
187.42
187.626
187.829
188.03
188.258
188.486
188.688
188.922
189.157
189.385
189.586
189.822
190.059
190.288
190.484
190.721
190.924
191.125
191.324
191.553
191.753
191.954
192.179
192.38
192.59
192.821
193.063
193.265
193.488
193.692
193.921
194.128
194.326
194.566
194.764
194.959
195.188
195.396
195.622
195.826
196.068
196.287
196.497
196.699
196.937
197.133
197.329
197.538
197.74
197.973
198.205
198.408
198.607
198.836
199.07
199.308
199.504
199.709
199.945
200.141
200.37
200.609
200.815
201.021
201.225
201.422
201.661
201.889
202.095
202.298
202.5
202.731
202.929
203.169
203.393
203.595
203.793
203.995
204.226
204.429
204.628
204.864
205.101
205.336
205.558
205.794
206
206.224
206.465
206.665
206.866
207.094
207.325
207.533
207.735
207.965
208.201
208.401
208.629
208.832
209.07
209.271
209.47
209.706
209.935
210.162
210.399
210.603
210.833
211.061
211.269
211.467
211.665
