1.86895
1.86902
2.39776
2.92986
3.40108
3.9151
4.40979
4.90143
5.40161
5.90178
6.40193
6.90193
7.40449
7.90594
8.40538
8.90533
9.40565
9.90573
10.4058
10.9072
11.4054
11.9083
12.4096
12.9087
13.4098
13.9097
14.4303
14.909
15.4098
15.9122
16.4236
16.9128
17.4136
17.9387
18.4166
18.9181
19.4167
19.9176
20.4166
20.9171
21.4309
21.917
22.4174
22.9179
23.4169
23.9169
24.4392
24.9176
25.4202
25.9212
26.421
26.9211
27.4365
27.9218
28.4218
28.9211
29.4217
29.9571
30.4253
30.9256
31.4252
31.9516
32.4257
32.9252
33.4421
33.9261
34.4254
34.927
35.4291
35.9298
36.4298
36.9296
37.4297
37.9289
38.4297
38.9292
39.4291
39.9302
40.4333
40.9336
41.4333
41.9342
42.4369
42.9368
43.4615
43.9377
44.4378
44.9371
45.4598
45.9371
46.4375
46.9375
47.4378
47.9371
48.4375
48.9374
49.4408
49.9419
50.4737
50.9418
51.4409
51.9417
52.4619
52.9412
53.4412
53.9412
54.4454
54.9455
55.446
55.9463
56.449
56.9497
57.4497
57.95
58.4658
58.9494
59.4492
59.9495
60.4498
60.9494
61.4501
61.9495
62.4497
62.9502
63.4533
63.9538
64.4537
64.9532
65.4539
65.9538
66.4531
66.9804
67.4537
67.9542
68.4535
68.9752
69.4577
69.9572
70.4576
70.9572
71.4574
71.9574
72.4578
72.9619
73.4615
73.9618
74.4615
74.9612
75.4869
75.9612
76.4614
77.0065
77.4616
77.9608
78.4617
78.961
79.4627
79.9652
80.4657
80.9659
81.4652
81.9656
82.4684
82.9694
83.4837
83.9699
84.469
84.9702
85.4719
85.9696
86.4691
86.9691
87.4693
87.969
88.4699
88.9698
89.4727
89.973
90.4731
90.9736
91.4737
91.975
92.4733
92.9731
93.4737
93.9739
94.4755
94.977
95.4776
95.9769
96.4771
96.9799
97.4771
97.9772
98.4805
98.9775
99.4771
99.9776
100.481
100.981
101.482
101.981
102.481
102.982
103.481
103.982
104.482
104.982
105.486
105.986
106.485
106.985
107.496
107.986
108.49
108.99
109.489
109.99
110.49
110.989
111.489
111.989
112.489
112.99
113.49
113.989
114.49
114.989
115.494
115.993
116.493
116.994
117.501
117.993
118.494
119.009
119.494
119.993
120.495
121.004
121.497
121.997
122.513
122.998
123.498
123.998
124.506
124.997
125.498
125.998
126.502
127.001
127.502
128.002
128.502
129.002
129.522
130.001
130.501
131.002
131.502
132.005
132.505
133.02
133.505
134.005
134.505
135.018
135.506
136.005
136.506
137.023
137.505
138.006
138.51
139.009
139.509
140.01
140.509
141.009
141.509
142.016
142.509
143.009
143.517
144.014
144.518
145.014
145.513
146.013
146.513
147.014
147.513
148.014
148.513
149.016
149.517
150.018
150.517
151.017
151.518
152.018
152.517
153.018
153.518
154.017
154.518
155.021
155.534
156.022
156.521
157.022
157.521
158.022
158.521
159.026
159.522
160.021
160.522
161.023
161.526
162.025
162.526
163.032
163.526
164.026
164.529
165.026
165.525
166.026
166.529
167.03
167.529
168.029
168.529
169.029
169.53
170.029
170.529
171.033
171.533
172.033
172.533
173.033
173.534
174.034
174.534
175.033
175.533
176.034
176.534
177.034
177.536
178.037
178.537
179.037
179.538
180.038
180.537
181.037
181.538
182.038
182.541
183.041
183.541
184.042
184.541
185.042
185.541
186.042
186.552
187.044
187.545
188.046
188.546
189.046
189.545
190.059
190.546
191.046
191.553
192.046
192.545
193.064
193.549
194.05
194.567
195.049
195.549
196.05
196.55
197.05
197.552
198.053
198.554
199.053
199.554
200.053
200.553
201.054
201.553
202.053
202.556
203.057
203.558
204.057
204.557
205.058
205.558
206.057
206.557
207.057
207.558
208.057
208.557
209.057
209.562
210.061
210.561
211.062
211.562
