0.000000
0.000000
0.000000
41.557999
41.747002
41.896000
42.060001
42.074001
43.174000
48.238998
50.824001
51.592999
62.916000
73.725998
76.773003
85.237999
88.647003
92.751999
93.989998
96.569000
110.330002
127.328003
141.423004
155.371994
158.865997
160.500000
164.470993
174.410004
184.800003
190.432999
197.266998
201.445999
205.479004
219.335007
232.541000
247.820007
259.089996
267.411011
273.321991
281.085999
291.260986
297.911011
303.388000
306.556000
308.678009
310.740997
313.484009
314.281006
316.881989
317.610992
317.614014
317.632996
322.335999
326.382996
328.809998
329.278015
329.286987
329.299988
329.311005
329.369995
329.450989
331.723999
332.147003
332.674011
332.730988
332.730988
332.795013
332.807007
332.807007
332.807007
332.807007
335.697998
337.332001
339.817993
347.178009
362.263000
368.145996
370.914001
374.631012
378.455994
383.665009
387.619995
390.750000
391.675995
392.838013
395.385986
401.056000
402.907013
405.144012
405.248993
405.315002
405.596985
405.596985
405.596985
405.625000
408.358002
414.154999
418.589996
430.393005
441.591003
452.238007
457.188995
467.398987
473.016998
475.304993
475.799011
475.799011
475.989014
476.057007
476.057007
476.471008
487.131989
499.029999
504.062988
512.169006
515.981995
519.418030
523.219971
529.679993
535.278015
540.629028
553.836975
562.452026
565.187012
567.127014
567.156982
567.846985
569.408997
569.629028
569.632996
569.752014
572.257019
576.994019
580.036011
583.482971
587.859985
591.020020
594.281982
597.966980
604.310974
607.697998
610.012024
616.830017
624.866028
633.703979
650.255981
656.166016
663.817017
682.799988
694.193970
707.106995
711.294983
711.568970
711.645020
711.646973
712.197021
721.744019
725.914978
726.372009
726.681030
726.700989
726.724976
728.861023
728.940002
728.976990
729.044006
729.072998
729.086975
729.122009
729.133972
729.138000
729.145996
731.281006
731.323975
731.325989
731.325989
731.325989
732.773987
751.143005
759.268982
764.401978
770.150024
771.838989
774.205017
780.963989
783.031006
784.494995
788.455017
798.711975
807.072021
810.606995
818.172974
822.732971
827.526001
833.875000
835.177002
835.484009
835.570984
835.578003
835.578003
835.578979
835.578979
843.017029
843.026978
846.513000
848.179993
848.179993
848.179993
848.179993
848.179993
848.179993
848.179993
848.179993
848.179993
848.179993
848.184021
848.648010
849.525024
850.872009
856.547974
858.390991
859.286987
862.659973
866.546997
869.687988
874.114014
884.302002
890.862976
896.995972
902.101990
905.349976
907.859985
907.914001
907.921997
908.280029
910.705017
924.880005
925.367004
926.030029
927.273010
928.515015
929.934021
931.755981
933.172974
934.668030
935.685974
939.096985
943.510986
947.033997
951.820984
957.765991
959.127991
959.437012
959.495972
959.495972
959.523010
967.728027
967.833008
967.833008
967.833008
967.833008
967.841003
980.664978
987.275024
989.114990
990.247986
993.302979
999.200012
1003.921997
1009.914978
1012.763977
1014.895020
1016.294006
1018.383972
1021.190002
1027.484985
1033.894043
1048.567993
1052.010986
1053.734009
1055.676025
1059.881958
1063.057007
1065.437012
1067.619995
1068.225952
1072.485962
1079.436035
1088.629028
1093.208984
1097.035034
1099.623047
1100.817017
1101.208984
1101.744995
1101.917969
1102.667969
1103.173950
1103.173950
1103.173950
1103.173950
1104.094971
1106.178955
1107.495972
1115.491943
1119.208008
1119.885010
1120.383057
1121.855957
1121.865967
1122.011963
1122.180054
1122.182007
1122.522949
1123.647949
1124.120972
1124.135986
1124.135986
1124.135986
1125.114014
1126.475952
1127.067017
1127.723022
1127.822021
1127.822021
1127.989014
1128.310059
1128.365967
1128.947021
1129.038940
1129.517944
1129.521973
1129.545044
1129.683960
1129.688965
1129.688965
1129.688965
1129.688965
1129.688965
1129.715942
1129.819946
1129.819946
1129.821045
1129.821045
1129.821045
1129.821045
1129.821045
1129.821045
1129.821045
1129.821045
1129.821045
1129.821045
1129.821045
1129.821045
1129.821045
1129.821045
1129.821045
1129.821045
1129.821045
1129.821045
1129.821045
1129.821045
1129.821045
1129.821045
1129.821045
1129.821045
1129.821045
1129.821045
1129.821045
1129.821045
1129.821045
1129.821045
1129.821045
1129.821045
1129.821045
1129.821045
1129.821045
1129.821045
1129.821045
1129.821045
1129.821045
1129.821045
1129.821045
1129.821045
1129.821045
1129.821045
1129.821045
1129.821045
1129.821045
1129.821045
1129.821045
1129.821045
1129.821045
1129.821045
1129.821045
1129.821045
1129.821045
1129.821045
1129.821045
1129.821045
1129.821045
1129.821045
1129.821045
1129.821045
1129.821045
1129.821045
1129.821045
1129.821045
1129.821045
1129.821045
1129.821045
1129.821045
1129.821045
1129.821045
1129.821045
1129.821045
1129.821045
1129.821045
1129.821045
1129.821045
1129.821045
