14.2418
14.2556
14.2724
14.283
15.7407
19.0116
19.0219
19.0516
19.2513
23.1857
23.2044
23.2247
23.2462
23.2734
23.284
29.8774
29.8907
29.9009
29.9114
29.931
29.9521
29.9712
29.9911
30.0019
30.022
30.0511
30.0717
30.091
30.1119
30.1299
30.1409
30.1621
30.1826
30.2012
30.2211
30.2513
30.2717
31.1682
31.1867
35.4182
35.4356
35.4551
36.0489
36.5073
37.4386
37.4577
37.4774
37.4982
39.9908
40.0077
42.1243
43.0122
44.0795
44.0918
44.1024
44.1127
44.316
50.1528
51.9585
53.4198
55.6412
55.6609
55.6823
56.287
57.816
63.225
63.2367
64.293
69.3313
69.3421
77.163
77.1857
77.2011
86.393
89.1704
89.8323
89.8523
98.2374
98.2478
115.799
115.813
117.26
117.285
119.394
119.408
119.418
119.433
119.447
121.58
121.59
124.467
138.159
138.979
138.996
139.007
139.029
139.047
139.067
144.095
151.047
151.491
151.511
151.531
151.553
157.804
182.751
182.761
182.777
182.787
182.978
182.988
183.013
184.885
184.906
187.386
187.406
187.416
192.109
204.648
204.66
204.68
205.555
205.577
205.593
205.614
205.636
213.124
215.475
215.491
215.721
215.732
215.752
219.466
219.479
219.498
223.41
223.426
224.911
224.931
224.947
224.966
226.89
226.907
228.114
231.66
233.4
237.569
237.762
247.832
247.844
249.126
249.138
249.159
249.178
249.199
252.613
255.457
255.476
255.487
255.5
255.51
255.53
260.485
260.503
263.306
265.949
265.96
266.369
266.38
266.403
266.429
266.441
271.136
271.152
271.774
271.974
299.107
316.724
323.613
323.625
323.809
323.824
323.844
326.157
326.175
326.194
326.205
326.225
332.408
352.917
353.17
353.188
353.198
353.208
353.227
353.247
353.268
353.357
353.367
353.378
353.398
353.417
353.437
353.831
353.848
361.14
363.293
363.708
364.948
364.972
385.742
388.768
388.786
394.563
401.115
402.596
402.61
403.63
407.219
407.87
411.746
411.757
414.543
416.874
416.889
417.06
417.079
417.28
417.299
417.309
417.32
417.339
419.025
419.042
420.808
420.823
430.967
445.693
445.713
445.74
445.753
445.764
445.785
445.804
445.824
445.844
445.864
445.883
445.909
445.923
447.587
481.315
486.705
486.715
486.734
486.746
486.771
486.785
488.504
488.976
488.985
489.187
489.205
489.215
498.045
498.064
498.702
501.641
501.654
502.321
508.392
508.41
508.43
508.45
508.46
508.47
508.481
508.5
508.511
508.531
508.541
508.551
510.331
510.344
581.824
581.854
581.885
581.924
581.955
581.994
582.035
582.074
582.104
582.134
582.164
582.194
582.223
582.26
582.299
582.339
582.369
582.399
582.429
582.47
582.511
582.549
582.579
582.609
582.639
582.675
582.715
582.746
582.784
582.814
582.845
582.879
582.909
582.939
582.97
583
583.04
583.07
583.105
583.135
583.165
583.195
583.225
583.255
583.285
583.318
583.355
583.385
583.415
583.445
583.475
583.505
583.536
583.575
583.606
583.635
583.665
583.695
583.724
583.756
583.795
583.825
583.855
583.884
583.915
583.945
583.975
584.004
584.034
584.065
584.095
584.13
584.16
584.19
584.22
584.25
584.28
584.32
584.359
584.389
584.42
584.449
584.479
584.511
584.557
584.594
584.625
584.658
584.695
584.725
584.757
584.796
584.826
584.863
584.901
584.93
584.961
584.991
585.021
585.051
585.081
585.112
585.151
585.181
585.211
585.241
585.272
585.307
585.338
585.367
585.397
585.428
585.457
585.487
585.517
585.548
585.587
585.617
585.647
585.676
585.706
585.736
585.767
585.797
585.827
585.856
585.886
585.916
585.95
585.988
586.017
586.056
586.087
586.117
586.147
586.187
586.217
586.248
586.29
586.328
586.357
586.387
586.417
586.449
586.488
586.527
586.557
586.59
586.627
586.657
586.687
586.717
586.748
586.777
586.807
586.836
586.865
586.901
586.932
586.962
586.992
587.022
587.052
587.082
587.113
587.152
587.182
587.211
587.241
587.272
587.302
587.332
587.362
587.392
587.422
587.453
587.483
587.512
587.542
587.573
587.603
587.633
587.662
587.693
587.722
587.752
587.783
587.813
587.845
587.884
587.923
587.953
587.982
588.013
588.044
588.081
588.112
588.143
588.181
588.212
588.241
588.272
588.302
588.332
588.362
588.392
588.422
588.453
588.482
588.513
588.543
588.573
588.603
588.632
588.662
588.695
588.733
588.764
588.793
588.824
588.853
588.898
588.927
588.958
588.988
589.025
589.064
589.094
589.124
589.154
589.184
589.214
589.244
589.274
589.304
589.334
589.364
589.403
589.433
589.463
589.493
589.523
589.553
589.583
589.613
589.643
589.673
589.704
589.734
589.763
589.793
589.824
589.853
589.884
589.914
589.944
589.973
590.003
590.034
590.064
590.094
590.124
590.154
590.184
590.214
590.244
590.275
590.304
590.334
590.365
590.395
590.424
590.454
590.484
590.514
590.544
590.584
590.614
590.644
590.674
590.704
590.734
590.764
590.794
590.823
590.854
590.894
590.924
590.955
590.984
591.014
591.045
591.075
591.104
591.134
591.164
591.195
591.225
591.255
591.284
591.315
591.344
591.375
591.405
591.435
591.47
591.5
591.529
591.56
591.59
591.62
591.651
591.69
591.72
591.75
591.779
591.81
591.84
591.877
591.915
591.945
591.975
592.005
592.036
592.066
592.096
592.126
592.156
592.186
592.216
592.246
592.276
592.306
592.335
592.366
592.396
592.426
592.456
592.486
592.516
592.546
592.576
592.606
592.636
592.665
592.696
592.726
592.756
592.785
592.815
592.846
592.879
592.916
592.946
592.975
593.005
593.036
593.066
593.096
593.129
593.159
593.196
593.226
593.257
593.296
593.325
593.355
593.386
593.415
593.446
593.476
593.506
593.536
593.565
593.598
593.636
593.671
593.701
593.733
593.771
593.8
593.831
593.871
593.901
593.931
593.96
593.99
594.021
594.052
594.091
594.121
594.151
594.191
594.23
594.26
594.291
594.321
594.351
594.38
594.411
594.441
594.471
594.501
594.531
594.571
594.6
594.631
594.66
594.691
594.72
594.751
594.781
594.811
594.841
594.878
594.917
594.947
594.977
595.007
595.037
595.067
595.097
595.127
595.157
595.186
595.217
595.246
595.277
595.307
595.337
595.367
595.397
595.427
595.456
595.486
595.519
595.557
595.587
595.618
595.647
595.677
595.71
595.747
595.777
595.806
595.837
595.867
595.897
595.928
595.969
596.008
596.037
596.067
596.097
596.127
596.157
596.194
596.232
596.263
596.293
596.323
596.353
596.383
596.414
596.463
596.493
596.523
596.553
596.583
596.614
596.644
596.674
596.704
596.734
596.764
596.794
596.83
596.869
596.899
596.929
596.959
596.989
597.019
597.052
597.089
597.121
597.16
597.196
597.234
597.265
597.304
597.336
597.374
597.405
597.434
597.47
597.499
597.53
597.559
597.589
597.619
597.65
597.679
597.71
597.74
597.775
597.805
597.839
597.869
597.903
597.939
597.969
597.999
598.028
598.058
598.089
598.118
598.149
598.189
598.231
598.269
598.298
598.329
598.358
598.388
598.418
598.448
598.481
598.518
598.549
598.578
598.609
598.639
598.67
598.699
598.729
598.759
598.789
598.82
598.849
598.879
598.929
598.959
598.989
599.025
599.056
599.095
599.124
599.156
599.195
599.225
599.256
599.294
599.33
599.36
599.389
599.42
599.45
599.48
599.513
599.551
599.59
599.619
599.65
599.68
599.71
599.74
599.77
599.8
599.83
599.86
599.89
599.922
599.96
599.999
600.029
600.059
600.089
600.119
600.149
600.179
600.215
600.258
600.295
600.335
600.364
600.394
600.424
600.456
600.496
600.525
600.556
600.585
600.615
600.646
600.676
600.705
600.736
600.766
600.799
600.836
600.866
600.897
600.926
600.956
600.987
601.017
601.046
601.076
601.107
601.137
601.167
601.196
601.227
601.258
601.297
601.326
601.356
601.39
601.43
601.459
601.499
601.537
601.567
601.597
601.626
601.656
601.687
601.717
601.747
601.779
601.818
601.858
601.887
601.917
601.947
601.977
602.008
602.047
602.076
602.107
602.137
602.178
602.221
602.257
602.287
602.317
602.347
602.376
602.407
602.437
602.467
602.497
602.527
602.566
602.605
602.643
602.672
602.702
602.733
602.762
602.793
602.823
602.852
602.883
602.913
602.942
602.973
603.002
603.032
603.062
603.093
603.122
603.154
603.184
603.223
603.253
603.282
603.313
603.342
603.372
603.409
603.448
603.478
603.507
603.538
603.568
603.597
603.629
603.66
603.7
603.738
603.768
603.798
603.84
603.877
603.907
603.937
603.967
603.997
604.027
604.059
604.099
604.138
604.168
604.197
604.227
604.26
604.298
604.328
604.359
604.388
604.418
604.448
604.479
604.518
604.548
604.578
604.609
604.638
604.668
604.699
604.728
604.76
604.798
604.828
604.859
604.889
604.926
604.966
605.004
605.034
605.063
605.094
605.125
605.164
605.194
605.224
605.254
605.284
605.324
605.354
605.383
605.414
605.444
605.473
605.504
605.544
605.574
605.604
605.634
605.664
605.694
605.723
605.754
605.784
605.814
605.843
605.874
605.903
605.934
605.964
605.994
606.023
606.054
606.084
606.115
606.144
606.175
606.205
606.235
606.268
606.305
606.338
606.376
606.406
606.436
606.466
606.497
606.536
606.566
606.596
606.626
606.656
606.686
606.715
606.746
606.775
606.815
606.845
606.874
606.91
606.941
606.98
607.024
607.059
607.089
607.122
607.161
607.2
607.23
607.26
607.29
607.321
607.354
607.391
607.421
607.451
607.481
607.511
607.541
607.571
607.601
607.631
607.663
607.701
607.731
607.76
607.791
607.82
607.851
607.882
607.911
607.941
607.971
608
608.031
608.062
608.101
608.131
608.161
608.191
608.227
608.266
608.296
608.326
608.355
608.386
608.415
608.446
608.475
608.506
608.536
608.566
608.596
608.627
608.657
608.687
608.716
608.747
608.776
608.806
608.836
608.865
608.902
608.931
608.961
608.992
609.022
609.052
609.084
609.122
609.152
609.182
609.211
609.242
609.272
609.312
609.342
609.372
609.402
609.432
609.471
609.507
609.536
609.568
609.597
609.627
609.657
609.688
609.726
609.756
609.787
609.816
609.847
609.877
609.909
609.947
609.987
610.017
610.047
610.077
610.109
610.147
610.177
610.217
610.246
610.276
610.307
610.336
610.367
610.397
610.427
610.457
610.487
610.517
610.548
610.578
610.607
610.638
610.668
610.697
610.728
610.757
610.787
610.817
610.847
610.877
610.907
610.938
610.978
611.007
611.038
611.068
611.097
611.127
611.158
611.187
611.217
611.247
611.278
611.308
611.338
611.368
611.397
611.427
611.458
611.488
611.518
611.548
611.579
611.608
611.638
611.669
611.713
611.749
611.779
611.808
611.838
611.867
611.906
611.944
611.974
612.003
612.035
612.069
612.099
612.129
612.159
612.189
612.219
612.249
612.287
612.324
612.386
612.424
612.454
612.486
612.524
612.554
612.584
612.614
612.644
612.674
612.703
612.734
612.765
612.803
612.832
612.863
612.892
612.922
612.953
612.983
613.013
613.043
613.073
613.105
613.143
613.173
613.204
613.234
613.264
613.294
613.334
613.365
613.394
613.423
613.454
613.484
613.514
613.544
613.573
613.604
613.644
613.674
613.704
613.735
613.764
613.794
613.824
613.854
613.885
613.915
613.945
613.978
614.014
614.047
614.085
614.115
614.145
614.175
614.205
614.235
614.267
614.306
614.336
614.366
614.395
614.426
614.456
614.491
614.521
614.551
614.58
614.613
614.65
614.682
614.717
614.756
614.787
614.826
614.856
614.886
614.916
614.956
614.985
615.016
615.046
615.076
615.106
615.136
615.169
615.206
615.237
615.276
615.306
615.335
615.365
615.395
615.425
615.455
615.486
615.515
615.546
615.575
615.604
615.635
615.666
615.695
615.725
615.755
615.787
615.825
615.855
615.887
615.926
615.956
615.986
616.016
616.046
616.078
616.117
616.156
616.186
616.216
616.247
616.277
616.306
616.337
616.367
616.397
616.426
616.457
616.497
616.527
616.557
616.587
616.617
616.647
616.677
616.707
616.738
616.769
616.811
616.846
616.877
616.906
616.937
616.968
616.997
617.027
617.057
617.087
617.117
617.148
617.177
617.208
617.237
617.268
617.298
617.332
617.37
617.408
617.437
617.468
617.498
617.528
617.558
617.588
617.617
617.648
617.678
617.707
617.737
617.768
617.798
617.828
617.858
617.887
617.917
617.947
617.977
618.014
618.052
618.082
618.111
618.142
618.171
618.202
618.232
618.262
618.292
618.323
618.352
618.382
618.412
618.442
618.472
618.502
618.543
618.573
618.606
618.655
618.687
618.726
618.763
618.793
618.835
618.874
618.913
618.943
618.973
619.003
619.033
619.067
619.105
619.134
619.174
619.204
619.234
619.263
619.294
619.324
619.354
619.383
619.413
619.443
619.473
619.503
619.533
619.566
619.603
619.634
619.663
619.693
619.723
619.753
619.782
619.813
619.843
619.873
619.903
619.933
619.963
619.993
620.032
620.061
620.092
620.122
620.153
620.183
620.212
620.242
620.273
620.303
620.333
620.363
620.393
620.423
620.454
620.484
620.513
620.544
620.584
620.626
620.663
620.693
620.725
620.763
620.794
620.824
620.861
620.899
620.929
620.959
620.988
621.019
621.048
621.078
621.114
621.144
621.174
621.205
621.235
621.264
621.3
621.329
621.362
621.4
621.43
621.46
621.49
621.52
621.551
621.581
621.613
621.653
621.691
621.728
621.768
621.806
621.835
621.866
621.896
621.926
621.956
621.985
622.016
622.054
622.085
622.115
622.144
622.174
622.204
622.234
622.264
622.294
622.323
622.354
622.383
622.414
622.444
622.474
622.504
622.534
622.565
622.594
622.624
622.654
622.684
622.715
622.745
622.775
622.805
622.835
622.868
622.906
622.936
622.966
622.996
623.026
623.055
623.086
623.122
623.161
623.2
623.23
623.261
623.291
623.32
623.35
623.381
623.411
623.441
623.473
623.511
623.542
623.572
623.602
623.631
623.662
623.692
623.721
623.751
623.788
623.826
623.856
623.891
623.935
623.965
623.994
624.024
624.054
624.091
624.13
624.176
624.215
624.244
624.276
624.315
624.345
624.374
624.404
624.434
624.465
624.495
624.526
624.556
624.586
624.616
624.645
624.676
624.705
624.735
624.766
624.796
624.826
624.857
624.886
624.917
624.96
624.997
625.027
625.057
625.087
625.116
625.148
625.187
625.216
625.247
625.288
625.317
625.347
625.376
625.412
625.442
625.472
625.502
625.532
625.563
625.599
625.638
625.668
625.698
625.727
625.758
625.787
625.817
625.847
625.877
625.907
625.937
625.968
625.997
626.027
626.057
626.087
626.118
626.148
626.18
626.218
626.248
626.278
626.307
626.337
626.368
626.397
626.428
626.457
626.488
626.518
626.548
626.578
626.607
626.638
626.674
626.712
626.742
626.772
626.802
626.832
626.861
626.894
626.932
626.961
626.992
627.022
627.052
627.083
627.112
627.143
627.174
627.203
627.232
627.263
627.293
627.323
627.353
627.383
627.413
627.442
627.474
627.503
627.546
627.582
627.619
627.649
627.678
627.709
627.741
627.779
627.809
627.839
627.869
627.899
627.929
627.959
627.988
628.019
628.048
628.079
628.109
628.139
628.169
628.199
628.239
628.269
628.309
628.338
628.369
628.398
628.428
628.458
628.488
628.519
628.55
628.579
628.609
628.643
628.68
628.71
628.74
628.771
628.812
628.85
628.88
628.91
628.97
628.999
629.036
629.076
629.115
629.154
629.184
629.215
629.254
629.285
629.314
629.344
629.374
629.404
629.435
629.467
629.505
629.534
629.564
629.594
629.626
629.667
629.697
629.734
629.774
629.805
629.843
629.873
629.903
629.934
629.964
629.993
630.024
630.057
630.095
630.124
630.155
630.185
630.214
630.244
630.275
630.307
630.345
630.376
630.416
630.445
630.476
630.506
630.535
630.565
630.596
630.626
630.656
630.686
630.716
630.746
630.781
630.822
630.851
630.881
630.911
630.941
630.971
631
631.03
631.06
631.09
631.121
631.15
631.18
631.211
631.248
631.286
631.315
631.346
631.376
631.416
631.454
631.496
631.525
631.555
631.585
631.615
631.646
631.678
631.718
631.757
631.787
631.816
631.846
631.879
631.916
631.946
631.976
632.006
632.037
632.066
632.096
632.126
632.156
632.185
632.216
632.246
632.276
632.306
632.335
632.366
632.396
632.426
632.456
632.486
632.526
632.556
632.586
632.616
632.647
632.686
632.726
632.766
632.805
632.836
632.865
632.896
632.933
632.981
633.01
633.041
633.071
633.101
633.131
633.162
633.192
633.232
633.263
633.295
633.332
633.362
633.394
633.432
633.462
633.491
633.521
633.552
633.582
633.611
633.642
633.671
633.702
633.732
633.762
633.793
633.823
633.863
633.892
633.922
633.967
633.997
634.027
634.057
634.087
634.117
634.147
634.179
634.218
634.248
634.279
634.318
634.348
634.377
634.408
634.438
634.467
634.498
634.527
634.558
634.588
634.618
634.648
634.687
634.718
634.748
634.778
634.808
634.838
634.867
634.898
634.928
634.958
634.988
635.018
635.048
635.078
635.108
635.138
635.169
635.199
635.228
635.258
635.288
635.318
635.348
635.38
635.424
635.463
635.5
635.539
635.568
635.599
635.628
635.659
635.689
635.719
635.748
635.787
635.824
635.858
635.894
635.924
635.954
635.983
636.016
636.054
636.084
636.116
636.154
636.185
636.215
636.254
636.284
636.314
636.344
636.378
636.414
636.444
636.474
636.505
636.534
636.564
636.595
636.625
636.654
636.684
636.715
636.746
636.785
636.816
636.845
636.875
636.904
636.935
636.965
636.995
637.025
637.056
637.095
637.131
637.17
637.2
637.229
637.259
637.29
637.319
637.348
637.381
637.419
637.45
637.479
637.51
637.54
637.57
637.6
637.629
637.659
637.69
637.72
637.751
637.782
637.82
637.852
637.892
637.93
637.963
637.992
638.03
638.06
638.09
638.124
638.16
638.19
638.219
638.25
638.281
638.311
638.343
638.38
638.412
638.45
638.482
638.52
638.551
638.581
638.611
638.643
638.682
638.711
638.742
638.782
638.811
638.841
638.879
638.916
638.947
638.99
639.027
639.057
639.086
639.116
639.147
639.177
639.206
639.237
639.267
639.296
639.327
639.356
639.387
639.417
639.446
639.477
639.507
639.536
639.567
639.602
639.631
639.662
639.691
639.722
639.752
639.784
639.822
639.851
639.882
639.911
639.942
639.971
640.002
640.032
640.061
640.092
640.122
640.152
640.191
640.227
640.257
640.287
640.317
640.349
640.387
640.417
640.457
640.486
640.517
640.551
640.581
640.612
640.643
640.686
640.722
640.752
640.781
640.812
640.842
640.872
640.901
640.932
640.962
640.995
641.033
641.075
641.104
641.142
641.172
641.202
641.232
641.263
641.293
641.322
641.353
641.385
641.423
641.453
641.483
641.513
641.543
641.573
641.606
641.643
641.673
641.704
641.743
641.773
641.803
641.833
641.863
641.893
641.923
641.953
641.984
642.028
642.058
642.088
642.118
642.149
642.178
642.208
642.244
642.284
642.315
642.344
642.373
642.404
642.441
642.479
642.509
642.539
642.569
642.599
642.629
642.659
642.698
642.729
642.765
642.805
642.843
642.879
642.909
642.939
642.968
642.999
643.028
643.059
643.089
643.119
643.149
643.179
643.21
643.25
643.279
643.309
643.34
643.369
643.401
643.441
643.48
643.509
643.539
643.57
643.602
643.64
643.67
643.699
643.73
643.76
643.791
643.831
643.87
643.902
643.94
643.969
644
644.029
644.059
644.091
644.13
644.159
644.193
644.229
644.26
644.29
644.32
644.35
644.38
644.41
644.439
644.47
644.501
644.54
644.57
644.6
644.631
644.66
644.69
644.721
644.75
644.781
644.81
644.841
644.871
644.9
644.937
644.976
645.005
645.035
645.067
645.096
645.135
645.165
645.195
645.225
645.255
645.285
645.325
645.363
645.393
645.423
645.453
645.483
645.513
645.544
645.573
645.604
645.634
645.664
645.694
645.725
645.755
645.786
645.825
645.855
645.886
645.915
645.945
645.978
646.014
646.044
646.074
646.103
646.135
646.173
646.211
646.249
646.281
646.319
646.35
646.379
646.409
646.439
646.469
646.5
646.53
646.569
646.599
646.629
646.658
646.688
646.718
646.749
646.778
646.808
646.839
646.868
646.898
646.928
646.958
646.988
647.018
647.048
647.078
647.108
647.138
647.168
647.198
647.229
647.259
647.288
647.32
647.359
647.39
647.42
647.45
647.487
647.525
647.555
647.585
647.615
647.645
647.676
647.707
647.745
647.776
647.805
647.837
647.866
647.896
647.932
647.962
647.993
648.032
648.062
648.092
648.122
648.158
648.188
648.227
648.256
648.286
648.317
648.346
648.383
648.422
648.456
648.492
648.522
648.552
648.582
648.612
648.642
648.671
648.702
648.738
648.768
648.798
648.827
648.858
648.889
648.927
648.958
649.017
649.047
649.078
649.108
649.137
649.167
649.198
649.228
649.258
649.287
649.32
649.358
649.391
649.428
649.458
649.488
649.518
649.548
649.58
649.618
649.658
649.688
649.718
649.747
649.778
649.808
649.838
649.868
649.899
649.937
649.967
649.997
650.032
650.063
650.093
650.123
650.153
650.188
650.218
650.247
650.277
650.307
650.337
650.368
650.398
650.428
650.458
650.489
650.532
650.567
650.597
650.627
650.657
650.689
650.728
650.767
650.797
650.828
650.858
650.89
650.928
650.958
650.989
651.028
651.058
651.093
651.124
651.154
651.183
651.214
651.246
651.285
651.314
651.35
651.379
651.409
651.44
651.469
651.5
651.529
651.561
651.591
651.633
651.669
651.7
651.729
651.759
651.791
651.83
651.86
651.89
651.92
651.95
651.99
652.029
652.059
652.09
652.131
652.168
652.197
652.234
652.264
652.294
652.324
652.355
652.384
652.414
652.444
652.475
652.504
652.535
652.565
652.595
652.625
652.655
652.685
652.715
652.745
652.775
652.805
652.835
652.866
652.895
652.926
652.956
652.985
653.016
653.049
653.086
653.116
653.145
653.176
653.206
653.238
653.275
653.305
653.335
653.365
653.412
653.45
653.483
653.52
653.55
653.579
653.61
653.639
653.671
653.7
653.73
653.76
653.791
653.822
653.851
653.881
653.912
653.941
653.971
654.003
654.04
654.071
654.101
654.13
654.16
654.192
654.231
654.261
654.291
654.321
654.351
654.393
654.431
654.471
654.501
654.531
654.561
654.592
654.631
654.661
654.691
654.721
654.751
654.794
654.831
654.861
654.891
654.921
654.952
654.982
655.013
655.056
655.09
655.127
655.166
655.196
655.227
655.256
655.291
655.322
655.352
655.382
655.413
655.452
655.482
655.512
655.542
655.573
655.611
655.642
655.672
655.702
655.743
655.772
655.803
655.832
655.868
655.907
655.937
655.967
655.998
656.027
656.059
656.088
656.118
656.158
656.188
656.218
656.248
656.278
656.309
656.348
656.378
656.407
656.438
656.47
656.51
656.548
656.588
656.618
656.647
656.677
656.713
656.743
656.773
656.803
656.833
656.863
656.893
656.923
656.953
656.983
657.013
657.043
657.073
657.103
657.133
657.163
657.195
657.232
657.263
657.293
657.322
657.352
657.383
657.426
657.466
657.503
657.533
657.57
657.608
657.639
657.669
657.7
657.739
657.768
657.798
657.834
657.864
657.894
657.924
657.954
657.984
658.013
658.043
658.074
658.107
658.144
658.174
658.205
658.236
658.274
658.304
658.334
658.364
658.395
658.434
658.463
658.496
658.538
658.575
658.604
658.634
658.664
658.696
658.735
658.764
658.794
658.825
658.855
658.885
658.915
658.944
658.975
659.034
659.064
659.094
659.125
659.155
659.184
659.215
659.245
659.275
659.305
659.335
659.365
659.396
659.435
659.464
659.494
659.525
659.567
659.597
659.635
659.664
659.695
659.724
659.754
659.785
659.815
659.844
659.875
659.904
659.938
659.975
660.005
660.036
660.065
660.096
660.126
660.156
660.186
660.216
660.246
660.275
660.306
660.335
660.366
660.396
660.427
660.456
660.485
660.516
660.552
660.591
660.621
660.65
660.68
660.711
660.741
660.771
660.802
660.841
660.882
660.911
660.94
660.97
661.003
661.04
661.071
661.101
661.131
661.171
661.201
661.23
661.262
661.3
661.33
661.361
661.391
661.424
661.461
661.491
661.521
661.551
661.583
661.62
661.65
661.68
661.71
661.74
661.771
661.8
661.831
661.87
661.901
661.941
661.98
662.015
662.045
662.076
662.106
662.135
662.166
662.198
662.238
662.279
662.316
662.346
662.375
662.406
662.439
662.475
662.506
662.547
662.577
662.619
662.656
662.686
662.716
662.746
662.776
662.806
662.836
662.866
662.896
662.926
662.956
662.986
663.016
663.047
663.077
663.106
663.142
663.171
663.207
663.237
663.267
663.297
663.334
663.376
663.412
663.442
663.472
663.502
663.532
663.569
663.598
663.638
663.667
663.697
663.726
663.757
663.787
663.817
663.847
663.877
663.907
663.937
663.97
663.999
664.038
664.077
664.118
664.161
664.191
664.222
664.253
664.283
664.326
664.363
664.394
664.443
664.473
664.503
664.533
664.563
664.593
664.624
664.653
664.688
664.717
664.748
664.778
664.808
664.848
664.878
664.907
664.937
664.967
664.998
665.038
665.077
665.107
665.137
665.167
665.197
665.227
665.257
665.287
665.317
665.348
665.389
665.429
665.467
665.498
665.529
665.559
665.599
665.638
665.669
665.699
665.729
665.759
665.789
665.822
665.859
665.899
665.928
665.958
665.988
666.018
666.049
666.078
666.109
666.138
666.168
666.199
666.239
666.268
666.298
666.328
666.358
666.389
666.418
666.449
666.478
666.509
666.539
666.569
666.6
666.629
666.659
666.689
666.719
666.749
666.782
666.826
666.861
666.901
666.944
666.975
667.006
667.045
667.084
667.115
667.155
667.185
667.215
667.245
667.275
667.305
667.334
667.364
667.399
667.43
667.459
667.49
667.519
667.55
667.58
667.611
667.652
667.692
667.721
667.76
667.791
667.83
667.861
667.89
667.92
667.951
667.99
668.02
668.05
668.089
668.119
668.152
668.188
668.219
668.249
668.279
668.309
668.338
668.37
668.401
668.44
668.481
668.519
668.55
668.584
668.615
668.645
668.674
668.705
668.734
668.764
668.794
668.831
668.872
668.902
668.941
668.971
669
669.046
669.076
669.105
669.135
669.175
669.205
669.246
669.285
669.325
669.355
669.384
669.415
669.457
669.494
669.524
669.554
669.585
669.614
669.645
669.675
669.704
669.74
669.77
669.801
669.83
669.86
669.89
669.92
669.951
669.981
670.011
670.041
670.071
670.101
670.13
670.161
670.191
670.221
670.253
670.294
670.334
670.372
670.405
670.443
670.484
670.522
670.551
670.582
670.612
670.642
670.671
670.701
670.732
670.762
670.798
670.827
670.856
670.886
670.917
670.946
670.976
671.008
671.046
671.076
671.106
671.136
671.166
671.196
671.233
671.273
671.304
671.341
671.371
671.406
671.442
671.472
671.503
671.535
671.573
671.613
671.644
671.683
671.712
671.747
671.778
671.809
671.839
671.884
671.923
671.953
671.983
672.012
672.043
672.072
672.105
672.143
672.173
672.203
672.233
672.263
672.294
672.324
672.355
672.393
672.424
672.453
672.483
672.512
672.549
672.589
672.628
672.669
672.714
672.753
672.793
672.823
672.852
672.882
672.913
672.943
672.973
673.005
673.043
673.074
673.103
673.133
673.163
673.193
673.224
673.253
673.284
673.323
673.354
673.383
673.414
673.444
673.474
673.504
673.534
673.564
673.594
673.624
673.655
673.685
673.714
673.744
673.775
673.812
673.85
673.88
673.909
673.94
673.97
674.01
674.039
674.07
674.099
674.131
674.17
674.199
674.23
674.261
674.29
674.32
674.35
674.383
674.419
674.452
674.49
674.53
674.57
674.6
674.641
674.68
674.71
674.74
674.77
674.817
674.855
674.885
674.917
674.955
674.985
675.017
675.055
675.085
675.116
675.155
675.185
675.216
675.255
675.284
675.316
675.346
675.375
675.407
675.446
675.476
675.506
675.536
675.577
675.612
675.651
675.681
675.711
675.74
675.771
675.801
675.833
