0.0082381
0.00377246
0.000948872
0.00139476
0.00413611
0.000514852
0.000752856
0.0110907
0.0110204
0.0225156
0.00096718
0.00111434
0.00222801
0.00878091
0.000484489
0.018196
0.00070595
0.00074687
0.00125053
0.00109766
0.00169685
0.000877279
0.00139118
0.00152451
0.00202728
0.00194882
0.00163566
0.00136902
0.00227144
0.000724874
0.00172113
0.00211968
0.00280831
0.00126958
0.00172997
0.000668665
0.00168074
0.0319841
0.00134999
0.00326752
0.0010202
0.00137984
0.00392423
0.0172373
0.0268884
0.00208297
0.00168637
0.00174145
0.00308276
0.000818506
0.00065966
0.0119112
0.0158171
0.000487458
0.00121289
0.00098973
0.00886167
0.002365
0.0218541
0.00100707
0.0214759
0.00138072
0.00207292
0.0164692
0.00936755
0.0196162
0.000906986
0.000451389
0.000777496
0.00162015
0.0012895
0.000312721
0.000206769
0.000640489
0.00924044
0.00110683
0.000613331
0.0107032
0.000585738
0.000327201
0.0004106
0.00295504
0.00718916
0.00708246
0.0006637
0.000417917
0.00553038
0.000517642
0.00998141
0.000483979
0.000363702
0.00400515
0.00362644
0.000508045
0.00161421
0.000805718
0.00161805
0.00094905
0.0084544
0.00617575
0.0104857
0.00125503
0.000754581
0.0024175
0.00896262
0.00346779
0.000411048
0.00057366
0.00078977
0.0101989
0.000398299
0.00633578
0.00180168
0.00148249
0.000677029
0.000664236
0.000669847
0.000914064
0.000508725
0.00149592
0.00118805
0.0128681
0.000768621
0.00114699
0.00171585
0.00380308
0.00653049
0.00510205
0.00186717
0.010143
0.00116624
0.00160949
0.0180387
0.000672719
0.000782038
0.0196831
0.000305265
0.00437137
0.00440955
0.00172029
0.000931266
0.0187523
0.0052354
0.000715959
0.00507853
0.00645675
0.000897324
0.00306928
0.0105785
0.00221104
0.0182402
0.00054275
0.00100895
0.00102893
0.00137811
0.00479061
0.00167412
0.000928893
0.000776098
0.00356894
0.000770023
0.0040875
0.00473857
0.00270215
0.00925758
0.000489352
0.000853162
0.000726095
0.00142307
0.00415829
0.00984904
0.00119318
0.0142979
0.000985424
0.00207297
0.00100039
0.00121963
0.0103006
0.0202405
0.00175697
0.000539052
0.00111751
0.0014515
0.000618114
0.000879284
0.000591363
0.000267452
0.000436434
0.00124858
0.000747529
0.0230577
0.000939889
0.000666073
0.00101369
0.00131316
0.00107771
0.000604058
0.000746642
0.000662695
0.000892625
0.00122242
0.000942456
0.00107188
0.0135157
0.00114219
0.000604662
0.00930344
0.00371874
0.00311411
0.00781104
0.0083162
0.00371052
0.000577204
0.000781827
0.000864905
0.00116998
0.000573224
0.00051337
0.00568429
0.00725983
0.000409181
0.000331237
0.0107644
0.015277
0.000599561
0.00114336
0.0005659
0.0010216
0.000674038
0.000700927
0.00169061
0.000908797
0.00349368
0.00125069
0.0014257
0.00383591
0.00344633
0.00108557
0.0013387
0.00491062
0.00149131
0.00187464
0.00193576
0.0020941
0.0018075
0.00127785
0.00135505
0.00139444
0.00136236
0.00153909
0.00175279
0.0129319
0.00063155
0.000611018
0.000516047
0.00193597
0.00604465
0.000658512
0.0228675
0.000581263
0.000664835
0.00229586
0.000528273
0.00062936
0.00285299
0.00217206
0.00879687
0.00636475
0.000183041
0.00602054
0.00216284
0.000561943
0.000590865
0.000781607
0.000939219
0.000973345
0.00104473
0.00069768
0.00120738
0.00123561
0.00117949
0.00118212
0.00059431
0.00324433
0.0205254
0.0206865
0.0212615
0.0200569
0.020502
0.0199652
0.0201666
0.0203204
0.0204958
0.0200542
0.0197128
0.0199624
0.019882
0.0200787
0.0201745
0.0200307
0.0201562
0.0204663
0.020462
0.020173
0.0227162
0.0200427
0.0200239
0.0201955
0.0199854
0.020075
0.0203779
0.0200503
0.0199796
0.0199848
0.0201046
0.0200325
0.0202741
0.020241
0.0202055
0.0201183
0.0201665
0.0200751
0.0202463
0.020187
0.020213
0.0201855
0.0201187
0.020014
0.019851
0.0200531
0.0202144
0.0201575
0.0203841
0.0205576
0.0201527
0.0201719
0.0200859
0.0204379
0.0205743
0.0202783
0.0200531
0.0200463
0.0200208
0.0199754
0.020241
0.0200913
0.0200717
0.0199877
0.0202644
0.0204745
0.0198617
0.0200314
0.0198905
0.0202626
0.0205668
0.0255459
0.0201635
0.020463
0.02008
0.0201389
0.0200607
0.020632
0.0204405
0.0201479
0.0204257
0.0200556
0.0200152
0.0223562
0.0279879
0.0200239
0.0202763
0.0203271
0.0200311
0.0201892
0.0216333
0.0202621
0.0201599
0.0201838
0.0204286
0.0199058
0.020024
0.0200901
0.020152
0.0202279
0.0199524
0.0202463
0.0200382
0.0201396
0.0198321
0.0200342
0.0203168
0.0201135
0.0204267
0.0200521
0.0200649
0.0205261
0.0202743
0.0201159
0.0205119
0.0200805
0.0201147
0.0201675
0.0200364
0.0201533
0.020039
0.0197825
0.0200486
0.0200911
0.0202219
0.0198788
0.0199995
0.0200779
0.0200006
0.0203563
0.0201979
0.0202656
0.0200511
0.0203128
0.0200965
0.0205603
0.0200389
0.0200832
0.0233664
0.0204678
0.0200752
0.0199351
0.0201058
0.0202281
0.0203389
0.0200793
0.0199296
0.0229306
0.0200173
0.0202705
0.020106
0.020339
0.0200514
0.0201173
0.0199907
0.0199803
0.0200508
0.0202416
0.0200294
0.0200325
0.0200282
0.0201598
0.0207195
0.0203295
0.0212636
0.0203997
0.0207062
0.0202033
0.01996
0.0202803
0.0202328
0.0203061
0.0203053
0.0200634
0.0199275
0.020374
0.0206897
0.0200473
0.0202847
0.0201478
0.0203967
0.0201996
0.0199025
0.0202072
0.0198998
0.0197995
0.0200658
0.0198432
0.0229312
0.0202626
0.020284
0.0201177
0.020007
0.0200899
0.0214733
0.0202949
0.020653
0.0215893
0.0200327
0.0200411
0.0200732
0.0200601
0.0198637
0.0201655
0.0197714
0.0196898
0.0199133
0.019844
0.0198603
0.0200412
0.0204844
0.0202002
0.0202912
0.019858
0.0200888
0.0221593
0.0201152
0.0201374
0.0202439
0.0201994
0.0199898
0.0201758
0.0197818
0.0200734
0.0202033
0.0202222
0.0204301
0.0200812
0.0202366
0.0200734
0.0200969
0.0202493
0.0201319
0.0200822
0.0200654
0.0201422
0.0202681
0.0199828
0.020022
0.0201214
0.0200789
0.0205872
0.0202455
0.0201437
0.0201616
0.0200996
0.0199623
0.0200316
0.0202644
0.0200988
0.020062
0.020109
0.0201565
0.0203578
0.0199503
0.0200163
0.0198797
0.0199774
0.0200672
0.0199791
0.0200078
0.0197303
0.0198446
0.0199575
0.0200818
0.0200253
0.0202939
0.020156
0.0199763
0.0199939
0.0201729
0.0201831
0.0199903
0.0199504
0.0201083
0.0203194
0.020124
0.0200518
0.0199386
0.0200417
0.0201657
0.0203552
0.020213
0.0197934
0.020117
0.0200011
0.0201873
0.0199693
0.0200185
0.0199145
0.0197706
0.0203975
0.0201344
0.0201543
0.0200086
0.0201938
0.0201763
0.0200954
0.0199602
0.0199931
0.0199279
0.0200645
0.0200617
0.0204252
0.0199401
0.0253063
0.0202577
0.0199779
0.0204469
0.0201518
0.0203483
0.0200189
0.0202407
0.0200708
0.0199781
0.020036
0.0200027
0.0201772
0.0201088
0.020036
0.0202184
0.0201307
0.01991
0.0202263
0.0201162
0.0199973
0.0206398
0.02025
0.0201731
0.0202136
0.0201405
0.0201083
0.0200436
0.0198555
0.0202839
0.0202454
0.020183
0.0199951
0.0199808
0.0200008
0.0205385
0.0200993
0.0201897
0.0199979
0.0199743
0.0198536
0.0207598
0.0199159
0.0198033
0.0202429
0.0198658
0.0240268
0.0200546
0.0199864
0.020038
0.0198476
0.0207231
0.020053
0.0202115
0.0239008
0.0201492
0.020167
0.0199501
0.021456
0.0202138
0.0203754
0.019913
0.0201185
0.0200044
0.0199675
0.0200079
0.0200723
0.0199916
0.0200801
0.0201438
0.0201863
0.0251539
0.0199888
0.0216082
0.0206612
0.0201247
0.0203082
0.0206412
0.0203979
0.0201767
0.019772
0.0196702
0.0199806
0.0201326
0.0202617
0.0205688
0.0199579
0.0201104
0.0199604
0.020183
0.0199957
0.0202555
0.0199211
0.019925
0.0201994
0.0202105
0.0199619
0.0202175
0.0201842
0.0202558
0.0201229
0.020233
0.0201322
0.0199692
0.0201364
0.0205538
0.0202438
0.0203088
0.0202282
0.0199276
0.0204434
0.0203476
0.0201143
0.0201023
0.0204344
0.0202208
0.0198533
0.019955
0.0202598
0.0197918
0.0199058
0.0198845
0.0200583
0.0202294
0.0198778
0.0200474
0.0202246
0.0202337
0.0202499
0.0202256
0.0201903
0.0202579
0.0203836
0.020332
0.0202236
0.0199473
0.0228471
0.0198897
0.0202119
0.019988
0.0202716
0.0200172
0.0200031
0.0217799
0.0201904
0.0202769
0.0200915
0.019838
0.0199733
0.0202071
0.0201321
0.0199303
0.0201435
0.0200172
0.0200783
0.0201218
0.0199419
0.0198949
0.0200375
0.027645
0.0201288
0.0198985
0.0197364
0.019663
0.0201419
0.0200577
0.0201358
0.0199255
0.0200701
0.020422
0.0202806
0.0201494
0.0201566
0.0202138
0.0200962
0.02003
0.0200874
0.0202757
0.0198913
0.0205764
0.0219861
0.0204791
0.0266112
0.0205253
0.020112
0.0202764
0.0223329
0.0201795
0.0201765
0.0200591
0.0199816
0.0199352
0.0200176
0.0202073
0.0199661
0.0201244
0.0202871
0.0197845
0.0202862
0.020221
0.0248845
0.0203435
0.0249256
0.0200581
0.022638
0.0201615
0.0200332
0.0199913
0.0200332
0.0200281
0.0204225
0.0204239
0.020803
0.0207419
0.022603
0.0200822
0.0200197
0.020164
0.0200996
0.0200962
0.0203125
0.0199988
0.0221694
0.0201789
0.0205144
0.0199086
0.0198767
0.0198399
0.0199303
0.0198941
0.0199638
0.0199809
0.0200444
0.019796
0.0201061
0.0200427
0.020151
0.0199728
0.0199799
0.0200861
0.0199361
0.0202737
0.020116
0.0203874
0.0205685
0.020449
0.0197688
0.0200359
0.0258136
0.0201451
0.0200268
0.0203521
0.0202066
0.0205296
0.0231877
0.0203274
0.0201403
0.0200969
0.0201979
0.0203918
0.0202213
0.0201731
0.0200763
0.0201683
0.0203872
0.0199621
0.0200776
0.0202108
0.0200155
0.0202811
0.0202255
0.0201824
0.0204207
0.0202774
0.0201294
0.0201073
0.0260519
0.0241326
0.020255
0.0208445
0.0201275
0.0199866
0.0197176
0.0217941
0.0205595
0.020214
0.0204963
0.019814
0.0198079
0.0201295
0.0199915
0.0201825
0.0202029
0.0199603
0.0198323
0.0201783
0.0200907
0.020087
0.0200734
0.0203011
0.0200081
0.0201203
0.0201697
0.0201421
0.0199937
0.0201883
0.0200261
0.0200324
0.0198515
0.0201234
0.0204014
0.0200034
0.0198617
0.0232631
0.023027
0.020116
0.0224199
0.0202582
0.0200311
0.0204078
0.0198775
0.0199105
0.0198502
0.0199543
0.0198458
0.021812
0.0212176
0.0204354
0.0200593
0.0200562
0.0200131
0.0200502
0.0201443
0.0204124
0.0202795
0.0201762
0.0201953
0.031687
0.0238806
0.0206543
0.0199604
0.0199523
0.0199193
0.0198719
0.019849
0.0202901
0.0202076
0.019855
0.0199517
0.0258276
0.021984
0.0201056
0.0198013
0.019865
0.0199253
0.0200488
0.0200034
0.0199313
0.0199543
0.0197929
0.0199668
0.0197683
0.0200136
0.0199856
0.0199676
0.0200424
0.020061
0.0199209
0.0207964
0.0200915
0.0201699
0.0203942
0.0200834
0.0200656
0.0199828
0.020157
0.0202563
0.0200329
0.0202656
0.0201926
0.0200953
0.019956
0.0198917
0.0198233
0.0205116
0.0223476
0.020247
0.0202224
0.0209093
0.0201016
0.0203822
0.0198648
0.0200366
0.0200063
0.0200742
0.0201549
0.0198796
0.0226001
0.0201344
0.0200288
0.0201281
0.0199405
0.0201227
0.0202422
0.0200762
0.0204804
0.0203682
0.0202556
0.0200226
0.0204267
0.0201065
0.0201285
0.0207469
0.0201282
0.0200782
0.0203336
0.0202156
0.0204444
0.0201229
0.0202056
0.0201828
0.0201208
0.0200051
0.0201323
0.0229309
0.0202769
0.0201855
0.0201362
0.0203078
0.0209794
0.0199851
0.0200716
0.0202527
0.0201518
0.0201717
0.0202183
0.0200211
0.0199474
0.0200817
0.0201296
0.0199478
0.0200723
0.0202879
0.0201175
0.0198663
0.0199868
0.020377
0.0204047
0.0200749
0.0201054
0.0201773
0.0198954
0.0200243
0.0200811
0.0200004
0.0200419
0.020072
0.0200321
0.0200232
0.0201548
0.0200681
0.0202808
0.0201118
0.0201574
0.0201294
0.0199556
0.0201063
0.0202185
0.0232423
0.0202869
0.0202435
0.0200874
0.0201312
0.0205816
0.0202018
0.0202217
0.0199439
0.0204983
0.0201232
0.0201342
0.0199022
0.0205783
0.0203785
0.0204001
0.0203304
0.0200685
0.0248333
0.0203542
0.0204574
0.0239612
0.0234886
0.0200814
0.0226317
0.0201291
0.02006
0.01995
0.0203553
0.0203762
0.020107
0.020059
0.0201823
0.0200561
0.0201205
0.0204001
0.020034
0.0202395
0.0200863
0.0200994
0.0199256
0.0223129
0.0204732
0.019829
0.020092
0.0198637
0.0198765
0.0199285
0.021101
0.0201875
0.0197268
0.0199719
0.0199112
0.0202742
0.0202915
0.0201527
0.0200939
0.0201508
0.0200489
0.0200515
0.0202233
0.0200752
0.0199557
0.0201008
0.0200683
0.0201654
0.020026
0.0200641
0.0202367
0.0200918
0.0202436
0.0201738
0.0204059
0.0199556
0.0201072
0.0202434
0.0201229
0.0200278
0.0201952
0.0200601
0.0197317
0.0201169
0.0200115
0.0202105
0.0202759
0.0199774
0.0199699
0.019907
0.0202123
0.0200546
0.0202549
0.0200063
0.0202954
0.0201068
0.0202896
0.0204682
0.0204106
0.0202486
0.0202333
0.0203088
0.0202012
0.0199928
0.0201739
0.0201938
0.020123
0.0200512
0.0221202
0.0201543
0.0201015
0.0202609
0.0199881
0.0200099
0.0200693
0.0218874
0.0199566
0.0203336
0.0200193
0.0202753
0.0200444
0.0215867
0.0200424
0.02034
0.0205054
0.0201021
0.0201419
0.0199597
0.0200594
0.0202795
0.0202374
0.0201201
0.020166
0.0201508
0.0199785
0.021466
0.01999
0.0200348
0.0199912
0.0200894
0.0200748
0.0198674
0.019721
0.0197662
0.0198474
0.0199611
0.0200375
0.0198775
0.0203478
0.0201294
0.0198507
0.0203668
0.0204951
0.0201295
0.0201059
0.0201849
0.0197649
0.0200548
0.0201597
0.0211518
0.020316
0.0201141
0.0199884
0.0200595
0.0197801
0.020037
0.0199963
0.0199372
0.0199236
0.0201295
0.0200432
0.0199268
0.0199872
0.0240964
0.020503
0.0200862
0.0199757
0.0200428
0.0199042
0.0227483
0.0202296
0.0201967
0.0197037
0.021369
0.0201101
0.0201823
0.0203368
0.0201736
0.0201417
0.0202077
0.0202074
0.019989
0.0200913
0.0229946
0.0203038
0.0201032
0.0226343
0.0200012
0.0198921
0.0199109
0.0201665
0.0205645
0.0203706
0.0199642
0.020221
0.0206517
0.0203401
0.0200345
0.0202177
0.0203623
0.0200612
0.0201406
0.0200751
0.0201947
0.0202857
0.0201611
0.0217075
0.0200322
0.0200415
0.0197591
0.0204444
0.0202351
0.0203045
0.0201448
0.0205967
0.0202207
0.020043
0.0199475
0.0201718
0.0201581
0.0200003
0.0199488
0.0212223
0.0299665
0.0200941
0.0200963
0.0202444
0.0199848
0.0202098
0.0199629
0.0202018
0.0204075
0.0201516
0.0200231
0.0234898
0.0199686
0.0203325
0.0203032
0.020097
0.0200516
0.0200096
0.0201075
0.0201757
0.0201235
0.0203783
0.0202341
0.0201962
0.0200041
0.0200825
0.0202816
0.0201313
0.0200227
0.0201055
0.0199158
0.0216462
0.0197274
0.0208928
0.0199754
0.0203421
0.0205424
0.0202355
0.0203148
0.0203717
0.020343
0.0202465
0.0200681
0.0204968
0.020264
0.0205384
0.020325
0.0200741
0.0201564
0.0204642
0.0216584
0.0203234
0.0202054
0.0199841
0.0199914
0.0199515
0.0200761
0.020233
0.0201596
0.0200874
0.0202768
0.020263
0.0199376
0.0204524
0.0198317
0.019841
0.0200718
0.0200613
0.0220082
0.0199974
0.0203022
0.0207082
0.0199999
0.0203751
0.0203117
0.0202552
0.0203666
0.0219721
0.0210572
0.0201703
0.0203131
0.0198738
0.0201088
0.0203838
0.020134
0.0205023
0.0201217
0.0201006
0.0201277
0.0201714
0.0201572
0.0199623
0.0202439
0.020205
0.0201412
0.0202452
0.0201766
0.0200851
0.0210729
0.0204735
0.0243776
0.0199796
0.0202221
0.0201619
0.0200139
0.0200206
0.0202464
0.0204924
0.0201947
0.0201147
0.0202156
0.0198583
0.0199511
0.0200453
0.0197742
0.01991
0.0200812
0.0243034
0.020115
0.0204627
0.0200132
0.0201958
0.0201315
0.0202989
0.0204894
0.0199938
0.0199723
0.0200012
0.0204914
0.0199091
0.0198627
0.0199439
0.0197769
0.0198795
0.0202436
0.0201111
0.0205544
0.0198765
0.0201099
0.0200539
0.0209497
0.0199525
0.0198707
0.0200203
0.01996
0.020263
0.0199675
0.0202073
0.0199529
0.0201572
0.0201693
0.0205162
0.0203415
0.0199505
0.0199337
0.0201067
0.0204028
0.0199488
0.0228096
0.0318136
0.0202204
0.0233736
0.020486
0.0206026
0.0322968
0.0208247
0.0203273
0.0198945
0.0203209
0.0200938
0.0202662
0.0228542
0.0199296
0.0204294
0.0205474
0.0199887
0.0199442
0.0198647
0.020294
0.0201781
0.0203428
0.0200554
0.0198905
0.0200333
0.0201876
0.0202046
0.0200088
0.0229531
0.0201989
0.0201196
0.020007
0.0201322
0.0202781
0.0197808
0.0197216
0.0198016
0.0199964
0.0200065
0.0202177
0.0202211
0.0200828
0.0201062
0.0201504
0.0199895
0.0201003
0.0204058
0.0200524
0.0199704
0.0198736
0.0197422
0.0201474
0.0202868
0.0198992
0.0200254
0.0199807
0.0197278
0.0198403
0.0201325
0.0198976
0.0201443
0.0205639
0.0221515
0.0200389
0.0203966
0.0215568
0.0203466
0.0202797
0.020152
0.0199218
0.0202328
0.0203322
0.0199551
0.0197959
0.0201486
0.0198392
0.0204481
0.0201609
0.0203291
0.0201813
0.0202714
0.0200897
0.0200463
0.0198611
0.0198633
0.0217363
0.0201901
0.0201008
0.0201555
0.0203027
0.0201394
0.0203242
0.0203975
0.021641
0.0224119
0.0203377
0.0200138
0.0220364
0.0200387
0.0199458
0.0200633
0.020253
0.0203316
0.0201914
0.0200293
0.0199468
0.0200562
0.019872
0.0199517
0.0202335
0.0202984
0.0201523
0.0200735
0.0204732
0.0200956
0.0201916
0.0202473
0.0199589
0.0198907
0.0200719
0.0201287
0.0200317
0.0203962
0.0200945
0.020095
0.0198642
0.0200932
0.0200347
0.0200288
0.0202728
0.0201581
0.0201548
0.0200666
0.0215548
0.0208064
0.0203168
0.0200772
0.0200792
0.0201245
0.0202304
0.020352
0.0258059
0.0200731
0.0293383
0.0198735
0.0200196
0.0200414
0.0198123
0.0200112
0.0200099
0.0202637
0.0199776
0.0199655
0.0199743
0.020334
0.0201839
0.0200962
0.019944
0.0198671
0.0201658
0.0198649
0.0198071
0.0266954
0.0200347
0.0200633
0.0200659
0.020328
0.0202162
0.0199966
0.02006
0.020141
0.0200265
0.0216894
0.0244607
0.0210344
0.0200108
0.0216186
0.0203607
0.0201468
0.0205603
0.0201406
0.0203452
0.0202245
0.0200226
0.0204539
0.0201908
0.0202127
0.0200588
0.0202131
0.020355
0.0200083
0.0198689
0.0201535
0.0202918
0.0201623
0.0201569
0.0202851
0.0203641
0.0244636
0.020601
0.0199769
0.0201164
0.0199361
0.0197432
0.0200758
0.0198705
0.0198374
0.0202241
0.0207224
0.0200772
0.0198999
0.0198565
0.0202772
0.019986
0.0200867
0.0201153
0.0199844
0.0208671
0.0199173
0.0200255
0.0211465
0.0200737
0.0198527
0.0202759
0.0202942
0.0201068
0.0200166
0.0199719
0.0200297
0.0201693
0.0200647
0.0204122
0.0200373
0.0197268
0.019904
0.0199276
0.020235
0.0220143
0.0199418
0.0199586
0.0198754
0.0200218
0.0197258
0.0201385
0.0200171
0.0200207
0.019965
0.02002
0.0200623
0.0202588
0.0200306
0.0202246
0.0200219
0.020638
0.0201925
0.019831
0.0201135
0.0201086
0.0203657
0.0201292
0.0200354
0.0204701
0.0200364
0.0201671
0.0199674
0.0200244
0.0202025
0.0198799
0.0200374
0.0200521
0.0197525
0.0200401
0.0201224
0.0202639
0.0201623
0.0200628
0.0200309
0.0200493
0.0200554
0.0201494
0.0199619
0.0230602
0.0258746
0.0202013
0.0200334
0.0201337
0.0201972
0.0199704
0.0201662
0.0201727
0.02042
0.0200848
0.020278
0.0204465
0.0201741
0.0202708
0.0199629
0.0201134
0.0202769
0.0201371
0.0201612
0.020191
0.0201969
0.0202406
0.0203551
0.0199809
0.0197423
0.0212536
0.0200258
0.0198398
0.0198305
0.0200199
0.0199182
0.0203777
0.0201067
0.0199938
0.0239242
0.0199808
0.0199993
0.0201066
0.0208268
0.0200723
0.0202747
0.0201283
0.0206875
0.0203298
0.0203458
0.0201879
0.020601
0.0211124
0.0202055
0.0204076
0.0203763
0.020963
0.0202208
0.0199652
0.0202304
0.0203665
0.0200789
0.0200866
0.0198984
0.0200963
0.0200075
0.0202329
0.0202394
0.0216854
0.0230323
0.0203688
0.0202583
0.0203456
0.021499
0.0200221
0.0199884
0.0200797
0.0200473
0.0200871
0.019839
0.0200266
0.0234785
0.020139
0.0198094
0.0201225
0.0200812
0.0201488
0.0202214
0.0199196
0.0225206
0.0200721
0.0198498
0.0200896
0.0199612
0.0199052
0.0199974
0.0198979
0.0198664
0.0198242
0.0199362
0.0204362
0.0203083
0.0202429
0.0202682
0.0202157
0.0203215
0.0200501
0.0199743
0.0200929
0.0202059
0.0202025
0.0202625
0.020147
0.0204514
0.0201805
0.0197448
0.0196786
0.0200991
0.019983
0.0200528
0.0201073
0.019903
0.0200299
0.0201895
0.0203035
0.0201979
0.0247425
0.0200274
0.0200831
0.0200948
0.0204696
0.0201564
0.0200503
0.0214393
0.0204055
0.0204369
0.0200486
0.020255
0.0201002
0.0203234
0.0202625
0.0201601
0.0199594
0.0201314
0.0200117
0.020271
0.0207587
0.0200026
0.0200399
0.0201415
0.0201061
0.0201605
0.0201867
0.0199565
0.0199923
0.0200679
0.0203195
0.0198909
0.0199852
0.0201578
0.0200228
0.0202195
0.0201174
0.020292
0.0203768
0.0203162
0.0201863
0.0203264
0.0200337
0.0201101
0.0204236
0.0273989
0.0203079
0.0199629
0.0202034
0.0199137
0.0201355
0.0201655
0.0206342
0.0204157
0.0203975
0.0204481
0.0231511
0.020295
0.0203796
0.0202425
0.0202777
0.0204411
0.0201174
0.0201941
0.0202984
0.0204001
0.0203051
0.0198898
0.0203396
0.0199872
0.0200449
0.0201445
0.0211919
0.0200936
0.0206195
0.0200999
0.0201296
0.0205277
0.0201692
0.0199397
0.0198233
0.0202871
0.0203098
0.0202125
0.0204715
0.0201807
0.0200884
0.0201718
0.0203396
0.0200775
0.0198681
0.0198019
0.019686
0.0199699
0.0201878
0.0200299
0.0200159
0.0198321
0.0201548
0.0201159
0.0199659
0.0207262
0.020342
0.0203562
0.0202614
0.0202005
0.0199909
0.0203043
0.0201064
0.0200032
0.0199715
0.0198665
0.0200146
0.0198537
0.0204096
0.0199288
0.0202612
0.0202005
0.02007
0.0202467
0.0200291
0.0201949
0.0200334
0.0200489
0.0262837
0.0204085
0.0267478
0.0201267
0.0199972
0.0203114
0.0200426
0.020334
0.0201692
0.0202137
0.0199736
0.0202462
0.0202738
0.0233316
0.0201412
0.0199592
0.0198212
0.0199626
0.0200764
0.0202486
0.020074
0.0214667
0.0200214
0.020381
0.0201027
0.0200077
0.0201221
0.0200381
0.0199983
0.0231144
0.019951
0.020088
0.019766
0.0200078
0.0199194
0.0201512
0.0202746
0.0201422
0.0198689
0.0198549
0.0201679
0.0217279
0.0206168
0.0206635
0.0202566
0.0203101
0.0200255
0.0200509
0.020235
0.0201203
0.0200071
0.0201108
0.0200438
0.0201618
0.0205088
0.0203253
0.0201096
0.0204901
0.020724
0.0199285
0.0198155
0.0200528
0.0201223
0.0201246
0.01985
0.0200254
0.0203491
0.0201623
0.0202255
0.0202381
0.0202564
0.0203416
0.02022
0.0208651
0.0204045
0.0202651
0.0218823
0.0217726
0.0201179
0.0226893
0.0199943
0.0205153
0.0200758
0.0198944
0.0240524
0.0200415
0.0198707
0.0198798
0.0201224
0.0202078
0.0201972
0.0224791
0.0203511
0.0218566
0.0204078
0.0203842
0.0203302
0.0201809
0.020107
0.0201112
0.0229196
0.0201491
0.0203471
0.0207576
0.0202077
0.0201463
0.0203135
0.0203217
0.0202845
0.0202913
0.0236015
0.0205708
0.0200579
0.0200127
0.0199737
0.0199302
0.0201962
0.0198328
0.0201684
0.020328
0.0197734
0.0199903
0.0197999
0.0200247
0.0198776
0.0197843
0.0197805
0.020007
0.0199879
0.0200281
0.0258797
0.0198421
0.0199908
0.0200179
0.0201259
0.0198128
0.0198382
0.0201807
0.0200849
0.0202737
0.0199037
0.0197423
0.0197358
0.0199999
0.0199813
0.0199316
0.0200443
0.0201207
0.0200405
0.0204392
0.0201187
0.0198286
0.0201003
0.0201433
0.0215064
0.0203217
0.0199257
0.0201388
0.020213
0.0203123
0.02477
0.0199566
0.0200013
0.0198978
0.0210124
0.0202912
0.0209058
0.0200827
0.0200261
0.0199111
0.019899
0.0200469
0.0213626
0.0200204
0.0228585
0.0210613
0.023187
0.0198919
0.02019
0.0203407
0.0199953
0.0199371
0.0199131
0.0198169
0.0198481
0.0200456
0.0202751
0.0202508
0.020035
0.0199809
0.0200285
0.0199727
0.0201915
0.0229107
0.0202988
0.0202679
0.0220185
0.0200894
0.0200043
0.0202057
0.020174
0.0201907
0.0201784
0.0202572
0.020091
0.0198859
0.0258625
0.0200162
0.019847
0.0199942
0.020154
0.0200257
0.0201917
0.0259269
0.0204506
0.0203825
0.0199458
0.0198714
0.0202226
0.0201098
0.0206453
0.0201049
0.0202132
0.0200092
0.0202548
0.0200414
0.0199727
0.0203534
0.0201604
0.0258379
0.0219787
0.0200446
0.0200646
0.020369
0.0200053
0.0197825
0.0198142
0.0197266
0.0197929
0.0201547
0.0200645
0.019983
0.0200419
0.0203855
0.0205708
0.0202087
0.020104
0.0201739
0.0198794
0.0217408
0.0215412
0.0201174
0.0201093
0.0202028
0.020093
0.0223364
0.0201836
0.0200709
0.0200222
0.0201629
0.0200226
0.0205885
0.020652
0.0201097
0.0219242
0.020298
0.0199281
0.0202903
0.0199563
0.0202195
0.0202443
0.0202424
0.0201411
0.0202764
0.0202143
0.0201907
0.0201573
0.0202266
0.0200329
0.0202112
0.0201888
0.0201637
0.0201059
0.0212573
0.0202923
0.0203115
0.0200552
0.0203347
0.019836
0.0201321
0.0200295
0.0198768
0.0200994
0.0201062
0.0200295
0.0198558
0.0197839
0.0259824
0.0200681
0.0201558
0.0198038
0.0224214
0.0199203
0.020052
0.0198451
0.0197003
0.0201505
0.0202475
0.0202579
0.0203561
0.0201574
0.0200737
0.0198041
0.0199643
0.0200941
0.019949
0.0200805
0.0199644
0.0196563
0.020119
0.0201304
0.0201007
0.0201422
0.0201863
0.0198368
0.0203204
0.020034
0.0201519
0.0200654
0.020115
0.0198727
0.0201255
0.0201612
0.0200437
0.020082
0.0206525
0.0199711
0.0200042
0.0201029
0.0214241
0.0203718
0.0201192
0.0201176
0.020019
0.0199861
0.0201434
0.0201827
0.0202011
0.0204985
0.0202895
0.0201684
0.019896
0.0203203
0.0205568
0.0201323
0.0199556
0.02021
0.0204155
0.0201174
0.0201453
0.0200449
0.0204873
0.0202175
0.0205494
0.0200418
0.0198904
0.0197884
0.020136
0.0202338
0.0200226
0.020049
0.0202336
0.0198823
0.0214405
0.0202232
0.0202146
0.0201641
0.0200445
0.0201264
0.0203815
0.0201113
0.0202191
0.020115
0.0199697
0.0200921
0.0199315
0.0199172
0.0199992
0.0200615
0.0214497
0.0200393
0.0200298
0.0199829
0.0204045
0.0211506
0.0200888
0.0202179
0.0200689
0.0203504
0.0199516
0.0200012
0.0200919
0.019868
0.0198921
0.0200305
0.0202252
0.02042
0.020347
0.0243927
0.0202343
0.0203004
0.0203483
0.0201265
0.0200294
0.0202035
0.0197793
0.0198748
0.0258504
0.0199835
0.0202948
0.0202301
0.0199383
0.0201107
0.0201316
0.0199072
0.0204714
0.0198885
0.020056
0.019932
0.0198989
0.0199189
0.0202362
0.0202515
0.0199146
0.0199736
0.019866
0.0204706
0.0200542
0.020067
0.0204121
0.0201973
0.0200861
0.0200718
0.023235
0.0202334
0.0201168
0.0201514
0.0201384
0.0198958
0.0201288
0.0202954
0.0199783
0.0199776
0.0209712
0.0199788
0.0203705
0.0198506
0.0201876
0.0200941
0.0201313
0.0201625
0.0199967
0.0257483
0.0199949
0.0201004
0.0200617
0.0201554
0.0200445
0.0207348
0.0202764
0.0204085
0.0199479
0.020034
0.0242419
0.0201428
0.0199399
0.0199852
0.019889
0.0200647
0.020569
0.0203023
0.020023
0.0200352
0.0199171
0.0200445
0.0202822
0.0202091
0.0211445
0.0204444
0.0201971
0.0220193
0.0199918
0.0203061
0.020064
0.020059
0.022726
0.0218172
0.0199837
0.0254496
0.0202686
0.020011
0.0202978
0.0200567
0.0199233
0.0200454
0.0210837
0.0199791
0.0238125
0.0200231
0.0199709
0.0199216
0.0200429
0.0198355
0.0202667
0.0204171
0.0202834
0.0204449
0.0199696
0.0200289
0.0199755
0.0203022
0.0200496
0.0218814
0.0201994
0.0198894
0.0203835
0.0198994
0.0200066
0.019837
0.0201908
0.020082
0.019909
0.0200245
0.0200686
0.0198931
0.0200436
0.020078
0.0198258
0.0199824
0.0201687
0.0198977
0.0199183
0.0206059
0.0199579
0.0201312
0.0199568
0.0202047
0.0200406
0.0201441
0.0200903
0.0203203
0.0213264
0.0201876
0.0201453
0.0199316
0.0200171
0.0201827
0.0204714
0.0226475
0.020376
0.0200943
0.0200102
0.0209079
0.0276137
0.0203794
0.0204368
0.0202459
0.0198646
0.0200018
0.02008
0.020195
0.0202025
0.019848
0.0200057
0.0199806
0.0206286
0.0209322
0.0202929
0.0204234
0.0200988
0.0201409
0.0201403
0.0217191
0.0203776
0.0203926
0.020305
0.0200342
0.0202984
0.0199874
0.0203494
0.0203918
0.0201734
0.020089
0.0198834
0.0205636
0.0200999
0.0203532
0.02031
0.0199621
0.0198079
0.0200181
0.0201321
0.0200063
0.0201238
0.01991
0.0202201
0.0203556
0.0203886
0.0202893
0.0202333
0.0198896
0.020744
0.0203035
0.0204416
0.024843
0.0233952
0.0205692
0.0205812
0.0202167
0.0200722
0.0202568
0.0248157
0.0201834
0.0207502
0.0203036
0.0215415
0.02019
0.0201821
0.0202546
0.0204815
0.0209723
0.0202295
0.0201781
0.0200726
0.0203993
0.0203819
0.0201094
0.0202435
0.0202198
0.0203643
0.0202725
0.0202843
0.0200465
0.0205577
0.0201144
0.0206777
0.0201395
0.0202607
0.0206029
0.0201437
0.0208907
0.0204425
0.0204062
0.0201113
0.0207616
0.0200769
0.0200328
0.0199191
0.0229065
0.0200459
0.0206782
0.0203898
0.0202356
0.0201351
0.0199103
0.0200822
0.0201988
0.0201268
0.0201445
0.0202219
0.0201342
0.0202718
0.0197721
0.0199717
0.0203555
0.0201874
0.0200687
0.0200186
0.0201746
0.0200787
0.0199729
0.0202348
0.0201364
0.0200862
0.0201263
0.0199539
0.0199037
0.0207793
0.0229145
0.022924
0.0202378
0.0201752
0.0199424
0.0199412
0.0203006
0.019875
0.0217303
0.0203975
0.019887
0.0198909
0.0200692
0.0201562
0.0205592
0.0205567
0.0203139
0.0201139
0.0200416
0.0200567
0.0203219
0.0226985
0.0202342
0.0202648
0.020313
0.0200617
0.0204962
0.0201054
0.020317
0.0202045
0.0202065
0.0202717
0.0199831
0.0203671
0.0236388
0.0203589
0.0198117
0.0197409
0.0199412
0.0198635
0.020206
0.0200544
0.0199839
0.0200586
0.0203867
0.020083
0.0198618
0.0199198
0.0200332
0.0202077
0.0198896
0.0199704
0.0199769
0.0199698
0.0199781
0.0199946
0.0198883
0.0200473
0.0200322
0.0199974
0.0198916
0.0202508
0.0201017
0.020057
0.0197641
0.0202636
0.0203384
0.0200836
0.0202343
0.0200254
0.0202136
0.0200501
0.0200889
0.0206909
0.0200944
0.0200482
0.0198926
0.0199663
0.023452
0.0201992
0.0202524
0.020047
0.0199591
0.0202451
0.0200498
0.0201504
0.020187
0.0200722
0.0202767
0.0199556
0.0200104
0.0200262
0.0199183
0.0200432
0.0204114
0.0198581
0.020041
0.0200905
0.025528
0.0204065
0.0202874
0.0200317
0.0198589
0.0201016
0.020009
0.0197545
0.0201807
0.021111
0.0201218
0.0200093
0.0201209
0.019919
0.0223323
0.0202679
0.0201011
0.0200019
0.0204862
0.0199684
0.0203979
0.0199318
0.020308
0.0203585
0.0200283
0.0202226
0.0200957
0.0229394
0.0199743
0.0201009
0.0202781
0.0204389
0.0199784
0.0200361
0.0197427
0.0202288
0.0200019
0.0203603
0.0203756
0.0201826
0.0203376
0.0203218
0.0216251
0.0211639
0.0206276
0.0201715
0.0201543
0.0202459
0.0202049
0.0199761
0.0200718
0.021318
0.0203414
0.0237752
0.0203279
0.0203729
0.0203392
0.0209341
0.0229738
0.0202047
0.0201712
0.0209877
0.0210091
0.0232518
0.0204617
0.0199274
0.0200856
0.0203538
0.0200488
0.0200457
0.020153
0.0202622
0.0197547
0.0197788
0.0197118
0.0196365
0.0198945
0.0200591
0.0199159
0.0198644
0.0200969
0.0200662
0.0255355
0.0200431
0.0198589
0.019999
0.0200821
0.024211
0.0204823
0.0202699
0.0201059
0.0203044
0.0199817
0.0198728
0.0200802
0.0204809
0.0199238
0.0201462
0.0201613
0.0199597
0.0201285
0.0201361
0.0201712
0.0203781
0.0202223
0.0204933
0.022752
0.0197885
0.0202057
0.0204838
0.0209463
0.0246983
0.0201902
0.0202881
0.0203182
0.0206843
0.0234326
0.0204205
0.0210184
0.0202985
0.0205533
0.0203355
0.0201524
0.0202277
0.0204414
0.0216628
0.019725
0.0244463
0.0198797
0.0199914
0.0204233
0.0213277
0.0205752
0.0204694
0.0201242
0.0198914
0.0202664
0.0214293
0.0210122
0.0204093
0.020033
0.0199812
0.0200141
0.0202192
0.0203431
0.0201237
0.0201073
0.0198625
0.0213943
0.0219375
0.0216661
0.0204186
0.0202438
0.0198394
0.020244
0.0202303
0.0203348
0.0204237
0.0203539
0.020441
0.0202513
0.020079
0.0234156
0.0206338
0.0207774
0.0199703
0.0199591
0.0201521
0.0206169
0.0202232
0.0202248
0.0201981
0.020215
0.0199426
0.0198679
0.0203125
0.0199336
0.0199812
0.0203491
0.0199332
0.020423
0.0200091
0.0202506
0.0198202
0.0202286
0.0199313
0.0200216
0.0201762
0.0200528
0.0197932
0.0197437
0.0198456
0.0198599
0.0226943
0.0266022
0.0202096
0.0202779
0.0248394
0.0204439
0.0214049
0.0206764
0.0202807
0.0203653
0.0202597
0.0204339
0.0201038
0.0201529
0.0202416
0.0198372
0.0198782
0.0203529
0.0238901
0.020042
0.0201461
0.0203668
0.0200854
0.0201987
0.0202034
0.0205917
0.0216188
0.0215311
0.0199844
0.0202076
0.0206608
0.0201667
0.0213092
0.020239
0.0200248
0.0201317
0.0200759
0.0202953
0.0201826
0.0204587
0.0200113
0.0198656
0.019804
0.0200282
0.0200302
0.02022
0.0202552
0.0201086
0.0221175
0.0203528
0.0212738
0.0216767
0.0204277
0.0201845
0.0246826
0.0201771
0.0200364
0.0199274
0.0201097
0.01998
0.020167
0.0202598
0.020277
0.0222532
0.0205523
0.0203071
0.0200833
0.0199862
0.0202943
0.0201226
0.0199579
0.0199952
0.0203777
0.0200299
0.020223
0.0203699
0.0202636
0.0201514
0.0199738
0.0208914
0.0234203
0.0201637
0.0204303
0.0201982
0.0199137
0.0201023
0.0203093
0.0199232
0.0199521
0.0202077
0.0201766
0.0204025
0.0200447
0.0200015
0.0198259
0.019866
0.0199086
0.0200366
0.0204777
0.0205094
0.0202337
0.0202113
0.0200046
0.0199319
0.0199981
0.0199527
0.0213047
0.0225637
0.0201315
0.0201527
0.020916
0.0212243
0.0222366
0.0204361
0.0203019
0.0202807
0.0201561
0.0200139
0.0200088
0.0199177
0.0199443
0.0200081
0.0201453
0.0201658
0.0198473
0.0197865
0.0198979
0.0201529
0.0203449
0.0200023
0.0203895
0.0200937
0.0201638
0.0202574
0.0200871
0.0200894
0.0201847
0.0205393
0.0202258
0.0200164
0.0199123
0.0237183
0.020358
0.0201506
0.0198495
0.0225125
0.0202358
0.0201429
0.0200134
0.0203138
0.0203273
0.0250595
0.0202387
0.0204106
0.020405
0.0258662
0.0202903
0.0201516
0.0201167
0.019853
0.0198969
0.0198575
0.0202736
0.0201419
0.0201091
0.0201913
0.0202021
0.0200333
0.0200774
0.0196665
0.0203593
0.0200283
0.0202312
0.0197282
0.0199065
0.0197917
0.0201669
0.0200618
0.0206225
0.0202588
0.0199953
0.0211751
0.0201121
0.0204493
0.0200616
0.019862
0.0203057
0.0201468
0.0199993
0.0200426
0.0200506
0.0204258
0.0200875
0.0199845
0.0198787
0.0198059
0.019847
0.0200413
0.0204959
0.0204226
0.0203074
0.0197397
0.0200318
0.0197693
0.0199944
0.02011
0.0201598
0.0200064
0.0201402
0.020073
0.0207046
0.0203393
0.0200184
0.0201406
0.0199453
0.0273858
0.0203519
0.0202302
0.0201969
0.0199862
0.0202234
0.020282
0.0203418
0.0200951
0.0200181
0.0206495
0.0203095
0.0202835
0.0200303
0.0204089
0.020093
0.0200492
0.0201121
0.0228951
0.0199822
0.0227803
0.0204343
0.0208377
0.0207439
0.0206302
0.0208043
0.0205776
0.0206346
0.020275
0.0203519
0.0271126
0.0202684
0.0212572
0.0207401
0.0204659
0.0201596
0.0220528
0.0200934
0.0205336
0.0209767
0.0202432
0.0201482
0.0212006
0.0201388
0.019778
0.0202866
0.0198922
0.0199224
0.0202291
0.0202298
0.0199536
0.0200905
0.0199753
0.0218793
0.0201
0.0205539
0.0201156
0.0202645
0.0203499
0.0202703
0.0199468
0.0199629
