7.88592
9.62996
11.4096
12.483
14.3048
15.52
15.7575
17.4424
18.3119
19.0743
19.2639
19.9212
20.5867
21.0509
22.751
23.2965
23.3932
25.056
25.5127
27.2434
28.9515
29.1936
29.632
30.2916
31.1991
31.3477
33.0723
33.2497
35.0324
35.4761
36.0698
36.5218
37.5186
38.4984
40.0201
41.0908
42.1411
42.8038
43.0336
44.1364
44.3295
44.4992
46.2191
47.3335
49.0683
49.9625
50.1674
51.9783
52.1586
53.0376
53.431
53.9066
55.7017
56.3014
56.5338
57.8304
59.5461
60.8183
62.5915
63.2467
64.3321
66.0156
66.8886
68.6716
69.3635
70.4054
72.1264
73.8964
74.3279
74.766
76.5297
77.2139
78.9584
80.7139
81.1429
81.3965
82.9362
84.707
86.4048
86.835
87.8851
89.1831
89.3578
89.8633
91.1525
91.579
91.9982
92.2438
93.5909
94.6857
95.6054
95.8231
97.6139
98.2592
98.4693
99.7752
100.88
102.587
104.298
104.556
106.074
107.896
108.147
109.237
110.988
112.787
114.522
115.83
117.3
117.459
119.154
119.464
121.151
121.341
121.603
121.774
123.328
124.478
124.875
125.876
127.445
128.948
130.725
132.019
133.783
134.479
135.157
135.788
136.872
137.931
138.178
139.079
140.337
140.578
142.303
143.851
144.107
144.281
145.628
146.737
146.925
147.365
147.6
149.32
149.958
151.062
151.577
153.418
155.123
156.907
157.136
157.815
158.666
160.346
162.063
162.291
164.071
165.793
166.625
166.834
167.504
169.254
169.493
171.294
173.082
174.778
176.39
178.11
178.803
180.559
180.767
182.508
182.798
183.028
183.183
184.925
186.771
187.428
187.597
189.329
189.538
189.747
191.465
192.12
192.74
193.648
195.411
196.998
197.419
198.753
199.893
200.57
202.304
203.128
204.699
205.653
207.265
208.961
209.191
210.977
211.638
212.916
213.139
214.835
215.243
215.511
215.771
216.826
218.591
219.511
219.678
219.888
221.585
223.437
223.824
224.979
226.668
226.928
228.137
229.89
231.675
232.734
233.412
235.146
235.63
237.33
237.579
237.783
239.472
239.908
241.174
242.907
244.65
246.319
246.953
247.862
249.227
250.187
251.911
252.628
253.527
255.249
255.549
257.192
258.924
260.517
262.136
263.318
263.524
265.322
265.729
265.97
266.46
268.082
269.843
271.163
271.794
271.999
273.679
274.11
275.597
276.021
276.868
277.741
278.766
280.089
281.17
282.486
282.886
283.151
283.792
284.222
285.041
286.721
288.442
290.194
291.98
293.739
294.832
296.528
298.283
299.128
300.886
302.661
303.969
304.181
305.966
307.674
309.349
310.88
312.363
314.079
314.551
315.189
316.744
318.46
319.072
320.775
321.868
323.646
323.861
325.496
326.246
327.459
329.162
330.677
332.424
334.147
334.366
335.009
336.074
336.749
338.483
340.202
341.865
343.63
345.354
345.565
347.259
348.951
349.375
351.152
352.938
353.302
353.457
353.868
354.062
355.733
356.415
356.618
358.386
360.064
361.153
361.565
363.304
363.725
364.125
364.295
364.994
366.643
368.392
369.261
370.368
372.038
373.751
375.503
377.231
379.002
380.726
382.514
384.246
385.756
387.21
387.859
388.806
389.837
391.481
392.868
394.333
394.585
395.863
396.932
397.561
398.661
399.601
401.145
402.627
403.048
403.231
403.651
405.098
406.373
407.235
407.885
408.087
409.816
410.227
411.777
412.594
414.318
414.557
416.219
416.641
416.901
417.09
417.351
419.052
420.841
422.562
424.312
425.988
426.391
428.14
429.475
430.995
432.736
434.425
436.104
436.792
438.482
440.129
441.858
443.598
445.28
445.942
447.61
449.339
450.422
451.739
451.958
453.702
455.409
457.135
458.866
460.63
462.391
464.2
465.941
467.733
469.491
471.213
472.906
474.617
476.287
478.076
479.792
480.669
481.333
482.6
484.324
486.083
486.806
488.522
488.997
489.225
490.683
491.759
493.488
494.159
495.886
497.614
498.083
498.713
500.346
501.665
502.336
502.536
504.319
504.519
506.2
507.943
508.585
510.368
511.665
513.37
515.079
516.75
518.499
519.863
521.562
523.265
525.105
526.825
527.92
529.688
531.423
533.134
534.907
536.598
538.377
540.108
541.805
543.527
545.273
546.786
548.584
550.243
551.931
553.678
555.445
557.149
558.872
560.639
562.342
564.115
565.861
567.537
569.297
571.015
572.327
574.027
575.767
577.41
579.176
580.935
581.374
