0.00431707
0.015973
0.015317
0.0060736
0.00332176
0.0161785
0.00367037
0.00231272
0.0117429
0.00377036
0.00337689
0.0146566
0.014375
0.00807754
0.00101352
0.00263163
0.00396956
0.000638712
0.00633735
0.0149789
0.0013517
0.0142945
0.0132029
0.00175752
0.00326446
0.0124359
0.0157748
0.00671705
0.00843132
0.00182644
0.00475549
0.00214264
0.00225934
0.000796999
0.00197383
0.00127187
0.00142429
0.000898675
0.00300246
0.00540967
0.00290654
0.00254421
0.000944744
0.0192835
0.0333008
0.0213332
0.00352249
0.0010288
0.00107449
0.00101378
0.00206098
0.0229506
0.00201383
0.001087
0.0232871
0.00398433
0.00848099
0.0179525
0.016022
0.000731256
0.0205678
0.00319728
0.000829371
0.000901382
0.00316026
0.0188199
0.00860808
0.00230937
0.012946
0.0115621
0.00369658
0.00272637
0.00493746
0.00896268
0.00325783
0.00732525
0.0150189
0.0163642
0.00117475
0.00118335
0.00592654
0.00197085
0.00142248
0.0014743
0.0247194
0.0124688
0.000942638
0.00590563
0.0122984
0.00108038
0.0150268
0.0123663
0.0479525
0.00119026
0.0216435
0.0211144
0.00499097
0.000538506
0.00979951
0.00137729
0.0104645
0.000838584
0.0167575
0.00191434
0.0206948
0.0138366
0.00720125
0.00103115
0.0034593
0.00172417
0.00674903
0.00678228
0.010844
0.00146703
0.00236284
0.00446269
0.0110183
0.000903864
0.0086022
0.00979571
0.000920939
0.0188047
0.0195993
0.00205551
0.0143415
0.0144527
0.0291975
0.0142654
0.00744268
0.00252941
0.00246857
0.00285567
0.00440196
0.00920881
0.0025312
0.000951822
0.00117081
0.000583284
0.00836701
0.0247144
0.00203105
0.00721574
0.0123976
0.00103329
0.0202829
0.0022539
0.00679171
0.000996101
0.000800907
0.00156329
0.00175775
0.00108407
0.0148371
0.00162397
0.000856779
0.00674521
0.00160199
0.00210371
0.00104632
0.00242219
0.0014797
0.0033348
0.00585907
0.00513304
0.00770433
0.00207004
0.00814828
0.00557595
0.00887367
0.00163512
0.00148067
0.0012206
0.00148311
0.000723156
0.00620631
0.00176017
0.000460246
0.00241757
0.0113104
0.0224202
0.00186037
0.000887968
0.00726101
0.00119976
0.000636173
0.0280752
0.00463376
0.050358
0.0121492
0.00938615
0.00868577
0.0104099
0.0245633
0.00519284
0.00111628
0.00128815
0.00665383
0.00590504
0.010485
0.00624419
0.00138573
0.00436809
0.00214387
0.010188
0.00480171
0.00118786
0.00121726
0.00148563
0.00385011
0.00346064
0.00152758
0.0108219
0.0060915
0.000758088
0.0153292
0.0029109
0.0110327
0.00602892
0.00403813
0.0156438
0.000998705
0.00430716
0.00186745
0.00353441
0.0171679
0.000887216
0.00110273
0.00357566
0.0105669
0.00875863
0.0020601
0.00101581
0.0256911
0.00757867
0.00254479
0.00104134
0.0105347
0.00138942
0.00309596
0.00290453
0.00141121
0.00394036
0.00285564
0.00376821
0.00415185
0.00290591
0.00100402
0.00118014
0.00762717
0.00370686
0.000741233
0.000928403
0.00185546
0.00241507
0.00168963
0.00156361
0.00162772
0.00631283
0.00475392
0.0055364
0.00117758
0.00532848
0.0027146
0.015522
0.00385819
0.0116376
0.00123649
0.00730523
0.00101438
0.0312993
0.00150477
0.00562422
0.00538333
0.00405565
0.00739469
0.00913321
0.00322581
0.00281693
0.00345971
0.00329755
0.00316258
0.00270633
0.00863143
0.00708439
0.0250589
0.00130752
0.0104299
0.00277503
0.00411149
0.0110614
0.00727113
0.0185975
0.0152265
0.00272957
0.0012411
0.0166383
0.00391747
0.00454746
0.00205706
0.00252258
0.00468797
0.00140323
0.00227771
0.00140703
0.00161337
0.0157654
0.00511248
0.00396841
0.00283968
0.00634752
0.0039951
0.00373428
0.0157473
0.0139518
0.00489646
0.0393236
0.00685114
0.0191948
0.00105198
0.0013708
0.00354865
0.00182607
0.00163627
0.015004
0.00145787
0.00157099
0.0108302
0.00143572
0.00155964
0.00396202
0.00887798
0.00206791
0.00118339
0.00243706
0.00119448
0.00135953
0.00131066
0.00152259
0.00950961
0.00159244
0.0142523
0.00280947
0.00976696
0.00661203
0.00596544
0.00547901
0.00741975
0.00452616
0.00466687
0.00317881
0.00379142
0.00218741
0.0105576
0.00815377
0.00218321
0.0111662
0.0133614
0.00122973
0.0044944
0.00183116
0.00769298
0.0123201
0.000777142
0.00857128
0.00280355
0.0200288
0.00178989
0.0225602
0.00620357
0.00117653
0.00165272
0.00132952
0.00190526
0.001648
0.00464279
0.0127018
0.00278962
0.00107786
0.00810694
0.00097765
0.0041971
0.0105916
0.00187947
0.00206138
0.00107554
0.00187632
0.00128746
0.00492978
0.00363179
0.00268125
0.00788258
0.00176285
0.0153149
0.0023402
0.0109973
0.00721884
0.00503529
0.00370272
0.00495134
0.00563352
0.00405951
0.00349683
0.00654009
0.00679045
0.00664957
0.00664791
0.00208408
0.00642251
0.000981073
0.0116075
0.014628
0.010203
0.0106221
0.00958861
0.0120904
0.0118818
0.00970546
0.0100193
0.0113197
0.00705386
0.00866191
0.00548549
0.00434344
0.00450472
0.00268629
0.00124612
0.00117337
0.00151906
0.00885882
0.000947516
0.00465137
0.00227982
0.00232396
0.00208615
0.00128955
0.00674891
0.00535189
0.0135031
0.0137406
0.00105013
0.00219479
0.00139371
0.00185265
0.00122979
0.000971847
0.00104182
0.00122951
0.0128081
0.00232893
0.00113593
0.00460436
0.00364008
0.00757832
0.0050938
0.00750686
0.00565132
0.00517588
0.00422134
0.00608312
0.00444886
0.0063568
0.00563804
0.0186461
0.0128675
0.0104514
0.0138768
0.00894213
0.0115982
0.00963142
0.0125066
0.007481
0.00571422
0.00449647
0.00249931
0.0257871
0.022995
0.0208295
0.0243078
0.0188761
0.0184701
0.0166146
0.0133879
0.0095078
0.0109726
0.00892662
0.00693343
0.00378221
0.00627568
0.00336184
0.00540628
0.00634685
0.017868
0.00937265
0.00370574
0.0066341
0.00956534
