2.85278
3.07742
3.28453
3.49198
3.72199
3.93687
4.13116
4.36891
4.57621
4.78161
5.01626
5.23277
5.44682
5.6605
5.84767
6.06935
6.2925
6.49239
6.72058
6.93467
7.1765
7.40436
7.62861
7.86071
8.06978
8.26462
8.4975
8.72945
8.93037
9.14309
9.36279
9.59616
9.7886
10.0396
10.2726
10.5043
10.7034
10.9018
11.1286
11.3767
11.5722
11.8179
12.0386
12.2713
12.4642
12.6904
12.9013
13.1011
13.3299
13.5577
13.7558
13.9789
14.2158
14.4233
14.6309
14.8609
15.0807
15.2862
15.4865
15.7177
15.9435
16.1463
16.3505
16.5834
16.7903
16.991
17.221
17.4259
17.6488
17.8484
18.0491
18.2863
18.5143
18.7467
18.9948
19.2303
19.4568
19.6594
19.8952
20.0919
20.3344
20.5606
20.7988
21.0262
21.2419
21.4379
21.6824
21.8997
22.0982
22.3107
22.5109
22.7399
22.9454
23.1448
23.3794
23.5814
23.8141
24.0129
24.2204
24.422
24.633
24.8474
25.0456
25.2585
25.4963
25.6862
25.9312
26.1133
26.3142
26.544
26.7451
26.9877
27.2181
27.4184
27.6272
27.861
28.0902
28.2812
28.5171
28.7365
28.936
29.1614
29.3734
29.6058
29.8468
30.0488
30.2506
30.4836
30.6827
30.8965
31.1189
31.3231
31.5523
31.7642
31.9926
32.1976
32.3941
32.6341
32.8288
33.0306
33.2269
33.4338
33.676
33.867
34.0947
34.3037
34.5351
34.7695
35.0061
35.1984
35.4043
35.6271
35.8328
36.0332
36.2703
36.472
36.6998
36.9392
37.152
37.3888
37.5896
37.8196
38.0496
38.2739
38.4789
38.7141
38.9414
39.1396
39.3389
39.5786
39.7752
39.9747
40.2132
40.4404
40.6478
40.8369
41.0772
41.2832
41.4851
41.6882
41.9121
42.1099
42.3137
42.5476
42.7857
42.9814
43.1866
43.4174
43.6445
43.842
44.0451
44.2884
44.4834
44.7249
44.9524
45.1466
45.3913
45.5883
45.7874
46.0073
46.2052
46.4183
46.6524
46.8615
47.0935
47.2922
47.5251
47.7561
47.9477
48.1852
48.3869
48.5926
48.7905
49.0177
49.2234
49.4321
49.6672
49.9195
50.1399
50.3728
50.6027
50.8097
51.0364
51.2702
51.4981
51.7145
51.9155
52.1401
52.3397
52.5376
52.7616
53.0031
53.1958
53.3994
53.6327
53.8657
54.0977
54.2926
54.5201
54.7588
54.9626
55.1758
55.3994
55.603
55.824
56.0303
56.2608
56.492
56.6983
56.9245
57.1233
57.3534
57.5714
57.7884
57.9909
58.1943
58.4207
58.6659
58.8583
59.0591
59.293
59.52
59.7132
59.9132
60.1511
60.3498
60.5465
60.7798
61.0162
61.2518
61.4641
61.708
61.9367
62.138
62.372
62.5612
62.7632
62.9649
63.1922
63.3935
63.598
63.8412
64.0761
64.2715
64.4757
64.7059
64.9061
65.1451
65.3601
65.5697
65.804
66.0027
66.2014
66.4382
66.6396
66.8737
67.0794
67.3124
67.5424
67.7703
67.9728
68.1967
68.4196
68.6526
68.8755
69.0713
69.3112
69.5157
69.7386
69.9504
70.1818
70.3759
70.5782
70.8015
71.0127
71.2454
71.4726
71.6734
71.8703
72.1075
72.3034
72.5088
72.7438
72.9794
73.2079
73.403
73.6438
73.8751
74.0777
74.2999
74.5092
74.7388
74.937
75.1707
75.4112
75.639
75.8478
76.0554
76.2859
76.5092
76.7453
76.9432
77.1517
77.3746
77.611
77.821
78.0704
78.3035
78.5064
78.7338
78.9348
79.1319
79.3583
79.5579
79.7852
80.0217
80.2581
80.4793
80.6872
80.886
81.1232
81.3665
81.5955
81.8236
82.0319
82.2342
82.4558
82.6777
82.9033
83.1123
83.3405
83.5334
83.7756
84.0147
84.2111
84.4525
84.6796
84.8828
85.1124
85.312
85.5243
85.7539
85.9702
86.1787
86.3749
86.5805
86.8169
87.0036
87.2398
87.4376
87.6397
87.8691
88.0696
88.2765
88.5043
88.7058
88.9355
89.1424
89.3466
89.5914
89.8196
90.0502
90.2816
90.504
90.7102
90.9083
91.112
91.3539
91.5477
91.7442
91.9873
92.2286
92.428
92.6651
92.9057
93.1074
93.3327
93.5684
93.8057
94.0034
94.2346
94.4413
94.6719
94.8786
95.1105
95.3662
95.5734
95.8015
96.0391
96.2749
96.4705
96.6677
96.9063
97.1042
97.3291
97.5437
97.7733
97.99
98.2109
98.4272
98.6322
98.8515
99.0489
99.284
99.5113
99.7421
99.9558
100.188
100.39
100.625
100.857
101.067
101.3
101.539
101.738
101.934
102.135
102.365
102.568
102.799
102.992
103.195
103.418
103.651
103.885
104.078
104.276
104.52
104.764
104.998
105.207
105.44
105.64
105.842
106.045
106.279
106.512
106.741
106.975
107.207
107.436
107.638
107.876
108.111
108.313
108.54
108.785
109.013
109.219
109.452
109.691
109.892
110.113
110.321
110.525
110.75
110.95
111.193
111.42
111.622
111.861
112.091
112.296
112.521
112.757
112.99
113.187
113.428
113.662
113.849
114.087
114.288
114.491
114.726
114.919
115.122
115.354
115.552
115.789
115.987
116.171
116.405
116.602
116.804
117.01
117.237
117.439
117.635
117.837
118.072
118.27
118.472
118.674
118.911
119.134
119.378
119.613
119.807
120.038
120.239
120.473
120.672
120.885
121.12
121.322
121.56
121.757
121.965
122.194
122.405
122.632
122.83
123.07
123.303
123.507
123.735
123.975
124.217
124.449
124.649
124.849
125.048
125.246
125.442
125.642
125.848
126.082
126.282
126.513
126.727
126.96
127.205
127.433
127.654
127.851
128.057
128.281
128.482
128.677
128.913
129.146
129.342
129.577
129.815
130.01
130.224
130.46
130.688
130.891
131.116
131.319
131.554
131.762
132
132.228
132.459
132.68
132.883
133.12
133.321
133.549
133.752
133.991
134.237
134.455
134.659
134.883
135.115
135.32
135.554
135.753
135.954
136.178
136.41
136.643
136.846
137.047
137.245
137.467
137.675
137.906
138.136
138.344
138.542
138.741
138.966
139.208
139.442
139.642
139.875
140.117
140.316
140.542
140.747
140.98
141.183
141.421
141.658
141.883
142.084
142.283
142.522
142.727
142.955
143.163
143.393
143.596
143.836
144.067
144.271
144.47
144.699
144.934
145.138
145.374
145.604
145.834
146.032
146.249
146.445
146.694
146.913
147.122
147.343
147.578
147.814
148.015
148.249
148.449
148.681
148.881
149.07
149.301
149.508
149.73
149.921
150.163
150.369
150.6
150.8
151.031
151.262
151.466
151.7
151.906
152.106
152.31
152.531
152.737
152.936
153.166
153.397
153.597
153.801
154.038
154.241
154.452
154.678
154.912
155.112
155.312
155.534
155.772
156.015
156.233
156.427
156.656
156.893
157.121
157.332
157.563
157.777
158.004
158.211
158.406
158.639
158.876
159.069
159.272
159.502
159.711
159.934
160.129
160.334
160.542
160.76
160.963
161.185
161.394
161.607
161.813
162.053
162.271
162.484
162.686
162.921
163.16
163.393
163.592
163.823
164.053
164.258
164.467
164.666
164.89
165.121
165.324
165.545
165.775
165.982
166.186
166.414
166.614
166.82
167.052
167.258
167.493
167.691
167.897
168.1
168.34
168.566
168.768
169.001
169.238
169.471
169.702
169.906
170.103
170.337
170.582
170.806
171.04
171.277
171.478
171.707
171.945
172.181
172.384
172.604
172.846
173.057
173.264
173.497
173.744
173.943
174.139
174.338
174.566
174.758
174.993
175.225
175.47
175.701
175.921
176.117
176.37
176.591
176.82
177.023
177.258
177.484
177.684
177.883
178.093
178.322
178.558
178.782
179.018
179.221
179.46
179.688
179.92
180.119
180.352
180.548
180.755
180.983
181.184
181.425
181.626
181.852
182.057
182.289
182.491
182.73
182.958
183.16
183.391
183.603
183.796
183.997
184.227
184.462
184.664
184.868
185.072
185.27
185.478
185.699
185.903
186.103
186.312
186.512
186.751
186.96
187.154
187.368
187.568
187.768
188.009
188.244
188.443
188.669
188.886
189.09
189.295
189.526
189.728
189.957
190.159
190.393
190.595
190.799
190.999
191.234
191.439
191.654
191.899
192.092
192.31
192.509
192.721
192.951
193.154
193.36
193.602
193.822
194.056
194.296
194.529
194.735
194.958
195.196
195.397
195.626
195.836
196.055
196.277
196.491
196.708
196.929
197.163
197.391
197.618
197.859
198.058
198.292
198.493
198.725
198.959
199.184
199.422
199.645
199.875
200.077
200.315
200.55
200.752
200.943
201.178
201.416
201.611
201.821
202.054
202.253
202.492
202.697
202.913
203.11
203.312
203.527
203.73
203.974
204.201
204.438
204.636
204.846
205.074
205.29
205.525
205.759
205.97
206.174
206.404
206.603
206.798
207.023
207.237
207.439
207.656
207.87
208.082
208.303
208.513
208.715
208.937
209.171
209.367
209.572
209.81
210.034
210.244
210.483
210.686
210.952
211.191
211.415
211.615
211.847
212.073
212.269
212.473
212.705
212.902
213.101
213.311
213.535
213.735
213.97
214.175
214.401
214.597
214.804
215.03
215.226
215.458
215.697
215.903
216.13
216.371
216.599
216.797
216.999
217.234
217.468
217.695
217.902
218.13
218.329
218.568
218.784
218.991
219.224
219.433
219.665
219.864
220.066
220.302
220.539
220.746
220.978
221.171
221.37
221.566
221.801
222
222.239
222.446
222.673
222.88
223.121
223.37
223.581
223.799
224.023
224.226
224.425
224.656
224.886
225.103
225.323
225.529
225.733
225.965
226.169
226.405
226.647
226.853
227.076
227.276
227.475
227.682
227.904
228.103
228.319
228.519
228.748
228.98
229.184
229.411
229.61
229.856
230.081
230.298
230.495
230.735
230.962
231.164
231.396
231.636
231.871
232.077
232.29
232.495
232.719
232.953
233.177
233.381
233.606
233.827
234.036
234.25
234.45
234.681
234.889
235.129
235.364
235.599
235.813
236.046
236.255
236.463
236.671
236.888
237.112
237.315
237.549
237.748
237.948
238.178
238.383
238.613
238.815
239.043
239.245
239.447
239.665
239.887
240.094
240.297
240.509
240.748
240.949
241.161
241.387
241.602
241.819
242.034
242.24
242.441
242.673
242.895
243.119
243.323
243.525
243.734
243.933
244.17
244.405
244.611
244.818
245.05
245.247
245.458
245.672
245.876
246.082
246.301
246.496
246.703
246.934
247.146
247.359
247.57
247.803
248.039
248.229
248.462
248.669
248.865
249.097
249.332
249.562
249.764
249.965
250.168
250.397
250.629
250.86
251.094
251.293
251.49
251.688
251.898
252.132
252.356
252.596
252.814
253.046
253.278
253.488
253.712
253.919
254.14
254.348
254.542
254.776
255.002
255.235
255.438
255.669
255.896
256.097
256.305
256.531
256.736
256.966
257.17
257.4
257.605
257.832
258.031
258.266
258.466
258.701
258.904
259.135
259.368
259.578
259.816
260.031
260.233
260.463
260.66
260.87
261.108
261.314
261.524
261.72
261.924
262.12
262.355
262.585
262.811
263.052
263.278
263.501
263.702
263.931
264.169
264.398
264.628
264.833
265.072
265.306
265.509
265.713
265.939
266.144
266.355
266.569
266.797
267.015
267.23
267.459
267.67
267.866
268.066
268.274
268.497
268.725
268.953
269.181
269.403
269.608
269.825
270.04
270.25
270.441
270.673
270.88
271.109
271.308
271.543
271.758
271.962
272.162
272.371
272.567
272.807
273.012
273.208
273.419
273.661
273.886
274.092
274.293
274.491
274.726
274.941
275.148
275.382
275.585
275.794
275.999
276.207
276.418
276.638
276.856
277.08
277.278
277.503
277.705
277.904
278.125
278.329
278.547
278.744
278.98
279.185
279.395
279.625
279.85
280.064
280.266
280.49
280.725
280.924
281.156
281.362
281.58
281.79
282.022
282.255
282.46
282.66
282.874
283.102
283.336
283.539
283.781
283.994
284.206
284.418
284.623
284.818
285.026
285.232
285.429
285.662
285.869
286.067
286.276
286.475
286.707
286.912
287.15
287.356
287.559
287.79
287.993
288.219
288.425
288.634
288.843
289.043
289.265
289.495
289.728
289.939
290.167
290.371
290.584
290.803
291.028
291.259
291.496
291.725
291.961
292.192
292.395
292.601
292.815
293.035
293.266
293.496
293.727
293.947
294.174
294.375
294.58
294.812
295.011
295.244
295.448
295.682
295.881
296.09
296.314
296.512
296.715
296.928
297.154
297.366
297.582
297.81
298.033
298.27
298.472
298.684
298.879
299.09
299.313
299.532
299.749
299.982
300.226
300.448
300.649
300.86
301.091
301.327
301.557
301.75
301.983
302.221
302.427
302.644
302.84
303.045
303.263
303.477
303.702
303.926
304.161
304.386
304.611
304.825
305.04
305.265
305.504
305.736
305.937
306.14
306.364
306.566
306.795
307.023
307.243
307.441
307.662
307.873
308.079
308.294
308.497
308.693
308.894
309.121
309.334
309.536
309.747
309.95
310.176
310.397
310.623
310.858
311.071
311.267
311.48
311.714
311.926
312.13
312.345
312.561
312.76
312.974
313.196
313.4
313.611
313.846
314.05
314.283
314.518
314.722
314.942
315.175
315.396
315.617
315.827
316.042
316.267
316.497
316.702
316.93
317.15
317.379
317.579
317.792
317.998
318.211
318.426
318.641
318.843
319.051
319.255
319.488
319.688
319.905
320.103
320.314
320.547
320.76
320.993
321.227
321.445
321.655
321.849
322.048
322.26
322.491
322.697
322.924
323.131
323.33
323.576
323.793
324.004
324.206
324.416
324.629
324.849
325.057
325.259
325.462
325.686
325.903
326.145
326.358
326.583
326.786
326.994
327.218
327.446
327.657
327.859
328.095
328.289
328.52
328.717
328.916
329.138
329.344
329.548
329.78
329.999
330.206
330.419
330.642
330.844
331.067
331.269
331.474
331.706
331.94
332.172
332.392
332.597
332.827
333.037
333.267
333.481
333.693
333.915
334.133
334.352
334.579
334.785
334.993
335.19
335.395
335.62
335.825
336.058
336.292
336.519
336.727
336.946
337.164
337.374
337.578
337.791
337.994
338.221
338.45
338.655
338.859
339.098
339.327
339.538
339.759
339.969
340.178
340.381
340.6
340.8
340.996
341.204
341.429
341.634
341.843
342.071
342.273
342.484
342.691
342.916
343.121
343.354
343.573
343.794
344.018
344.244
344.444
344.68
344.889
345.099
345.337
345.534
345.737
345.977
346.215
346.416
346.614
346.842
347.039
347.241
347.442
347.644
347.879
348.121
348.323
348.535
348.726
348.933
349.165
349.362
349.567
349.809
350.022
350.264
350.471
350.706
350.932
351.137
351.348
351.567
351.789
352.024
352.229
352.46
352.7
352.901
353.135
353.34
353.576
353.801
354.034
354.245
354.438
354.651
354.856
355.063
355.295
355.518
355.72
355.925
356.168
356.399
356.603
356.818
357.029
357.241
357.468
357.685
357.918
358.138
358.366
358.57
358.794
359.005
359.214
359.454
359.654
359.854
360.045
360.254
360.482
360.682
360.886
361.122
361.321
361.544
361.783
361.993
362.214
362.413
362.636
362.847
363.059
363.272
363.473
363.685
363.889
364.101
364.283
364.509
364.709
364.925
365.131
365.34
365.57
365.796
365.997
366.199
366.429
366.63
366.838
367.029
367.259
367.488
367.692
367.925
368.156
368.365
368.599
368.805
369.011
369.241
369.442
369.674
369.879
370.1
370.34
370.548
370.749
370.95
371.187
371.394
371.6
371.801
372.02
372.219
372.429
372.669
372.901
373.103
373.307
373.537
373.735
373.951
374.175
374.395
374.607
374.83
375.041
375.268
375.487
375.71
375.934
376.131
376.365
376.567
376.769
376.975
377.207
377.442
377.669
377.882
378.114
378.349
378.55
378.758
378.987
379.217
379.42
379.633
379.838
380.06
380.276
380.487
380.701
380.903
381.132
381.372
381.578
381.797
382.021
382.257
382.494
382.7
382.906
383.1
383.303
383.531
383.768
383.999
384.232
384.435
384.666
384.862
385.062
385.291
385.493
385.713
385.925
386.13
386.33
386.555
386.76
386.988
387.189
387.399
387.599
387.833
388.075
388.3
388.516
388.746
388.97
389.172
389.388
389.605
389.809
390.041
390.243
390.451
390.655
390.846
391.044
391.249
391.451
391.683
391.92
392.149
392.383
392.608
392.839
393.036
393.264
393.461
393.665
393.861
394.1
394.31
394.54
394.778
395.004
395.225
395.439
395.644
395.846
396.075
396.276
396.477
396.695
396.904
397.107
397.308
397.551
397.779
397.977
398.182
398.407
398.643
398.865
399.102
399.35
399.58
399.814
400.044
400.241
400.467
400.667
400.868
401.091
401.292
401.517
401.724
401.93
402.14
402.345
402.578
402.788
403.006
403.206
403.414
403.612
403.809
404.02
404.218
404.447
404.647
404.852
405.078
405.281
405.483
405.711
405.91
406.139
406.349
406.558
406.781
406.987
407.197
407.409
407.607
407.846
408.072
408.273
408.477
408.678
408.905
409.096
409.33
409.566
409.787
410.013
410.214
410.428
410.655
410.883
411.088
411.318
411.529
411.736
411.941
412.15
412.361
412.567
412.772
412.977
413.202
413.432
413.653
413.866
414.073
414.298
414.515
414.72
414.935
415.136
415.372
415.572
415.776
415.984
416.195
416.402
416.629
416.837
417.043
417.267
417.469
417.675
417.89
418.123
418.337
418.572
418.788
419.006
419.215
419.454
419.649
419.889
420.113
420.349
420.56
420.793
420.998
421.225
421.437
421.668
421.876
422.09
422.326
422.547
422.754
422.969
423.202
423.412
423.635
423.836
424.073
424.295
424.495
424.695
424.9
425.112
425.326
425.55
425.765
425.97
426.169
426.376
426.592
426.811
427.027
427.236
427.448
427.672
427.907
428.108
428.351
428.565
428.796
429.025
429.249
429.462
429.664
429.872
430.107
430.309
430.529
430.744
430.943
431.145
431.346
431.58
431.81
432.048
432.275
432.489
432.705
432.928
433.134
433.329
433.539
433.762
433.965
434.212
434.407
434.605
434.834
435.03
435.237
435.435
435.652
435.865
436.083
436.324
436.556
436.77
437.006
437.233
437.433
437.637
437.837
438.052
438.254
438.46
438.67
438.891
439.096
439.303
439.504
439.701
439.903
440.106
440.339
440.536
440.746
440.956
441.157
441.389
441.617
441.836
442.043
442.237
442.472
442.702
442.899
443.129
443.355
443.574
443.788
443.993
444.195
444.414
444.612
444.835
445.044
445.254
445.479
445.682
445.907
446.111
446.327
446.531
446.729
446.947
447.154
447.355
447.565
447.789
448.018
448.243
448.454
448.668
448.874
449.11
449.323
449.555
449.768
449.97
450.179
450.403
450.637
450.872
451.07
451.292
451.492
451.728
451.936
452.14
452.35
452.569
452.797
453
453.215
453.436
453.669
453.892
454.095
454.306
454.534
454.74
454.952
455.172
455.383
455.61
455.826
456.031
456.232
456.459
456.661
456.871
457.105
457.319
457.518
457.734
457.956
458.18
458.383
458.616
458.84
459.067
459.293
459.505
459.723
459.946
460.16
460.389
460.607
460.818
461.027
461.258
461.467
461.694
461.923
462.161
462.363
462.599
462.839
463.078
463.312
463.526
463.743
463.946
464.171
464.377
464.588
464.816
465.022
465.258
465.488
465.711
465.914
466.144
466.353
466.579
466.815
467.049
467.274
467.514
467.705
467.943
468.167
468.404
468.599
468.799
469.03
469.237
469.469
469.685
469.919
470.141
470.363
470.579
470.783
470.995
471.194
471.396
471.614
471.83
472.034
472.265
472.468
472.673
472.88
473.092
473.315
473.538
473.76
473.97
474.188
474.388
474.594
474.826
475.024
475.227
475.43
475.658
475.858
476.062
476.264
476.497
476.7
476.903
477.127
477.359
477.6
477.827
478.055
478.262
478.49
478.699
478.904
479.11
479.328
479.55
479.774
480.001
480.215
480.415
480.644
480.847
481.08
481.283
481.51
481.748
481.95
482.178
482.381
482.577
482.779
482.982
483.197
483.411
483.638
483.871
484.074
484.302
484.534
484.739
484.946
485.165
485.405
485.648
485.849
486.069
486.299
486.495
486.693
486.917
487.148
487.371
487.611
487.811
488.021
488.254
488.472
488.706
488.957
489.171
489.373
489.579
489.792
489.988
490.221
490.44
490.662
490.884
491.099
491.334
491.532
491.735
491.937
492.159
492.393
492.596
492.828
493.028
493.232
493.461
493.685
493.919
494.13
494.365
494.606
494.805
495.007
495.236
495.467
495.668
495.869
496.102
496.303
496.542
496.768
496.992
497.187
497.393
497.595
497.829
498.027
498.232
498.462
498.669
498.893
499.091
499.296
499.501
499.703
499.926
500.126
500.335
500.561
500.784
500.994
501.195
501.421
501.623
501.834
502.062
502.299
502.523
502.749
502.972
503.184
503.417
503.618
503.824
504.064
504.294
504.5
504.697
504.924
505.134
505.338
505.549
505.751
505.974
506.182
506.39
506.589
506.823
507.03
507.255
507.484
507.717
507.922
508.154
508.38
508.581
508.783
509.007
509.209
509.439
509.65
509.876
510.092
510.318
510.545
510.776
511.01
511.239
511.441
511.643
511.848
512.064
512.278
512.483
512.7
512.932
513.142
513.344
513.566
513.795
513.996
514.204
514.402
514.635
514.86
515.061
515.26
515.494
515.697
515.895
516.096
516.292
516.489
516.727
516.945
517.133
517.353
517.585
517.793
518.006
518.236
518.477
518.683
518.917
519.145
519.379
519.614
519.841
520.04
520.239
520.471
520.675
520.878
521.113
521.344
521.544
521.783
522.017
522.217
522.413
522.638
522.839
523.039
523.241
523.473
523.702
523.941
524.176
524.385
524.608
524.849
525.087
525.288
525.502
525.725
525.928
526.166
526.366
526.591
526.792
526.99
527.192
527.425
527.663
527.892
528.091
528.293
528.523
528.728
528.962
529.188
529.429
529.661
529.886
530.087
530.29
530.521
530.731
530.934
531.169
531.4
531.599
531.803
532.037
532.265
532.484
532.713
532.914
533.112
533.318
533.541
533.757
533.984
534.189
534.397
534.644
534.876
535.106
535.31
535.538
535.74
535.942
536.148
536.367
536.571
536.793
536.995
537.232
537.463
537.707
537.935
538.141
538.347
538.576
538.785
538.997
539.211
539.419
539.634
539.859
540.087
540.288
540.483
540.702
540.935
541.142
541.346
541.575
541.781
541.98
542.203
542.406
542.624
542.856
543.081
543.322
543.513
543.714
543.914
544.149
544.348
544.591
544.814
545.041
545.251
545.477
545.679
545.889
546.11
546.329
546.549
546.749
547.007
547.202
547.403
547.634
547.871
548.076
548.308
548.54
548.719
548.924
549.153
549.359
549.575
549.777
549.977
550.206
550.43
550.642
550.842
551.036
551.265
551.464
551.668
551.896
552.129
552.329
552.536
552.769
552.979
553.201
553.416
553.641
553.864
554.076
554.291
554.524
554.737
554.962
555.195
555.41
555.633
555.831
556.037
556.273
556.483
556.712
556.917
557.122
557.352
557.573
557.787
557.994
558.218
558.449
558.648
558.849
559.078
559.291
559.513
559.735
559.967
560.179
560.406
560.61
560.829
561.03
561.27
561.504
561.702
561.907
562.117
562.313
562.532
562.766
562.999
563.22
563.428
563.638
563.862
564.092
564.293
564.535
564.774
565.005
565.202
565.407
565.639
565.839
566.041
566.243
566.473
566.68
566.879
567.093
567.298
567.519
567.739
567.967
568.192
568.396
568.6
568.814
569.041
569.272
569.472
569.704
569.904
570.107
570.338
570.561
570.797
571
571.229
571.433
571.662
571.86
572.093
572.308
572.516
572.725
572.929
573.136
573.334
573.544
573.768
574
574.201
574.412
574.643
574.855
575.09
575.306
575.527
575.731
575.961
576.161
576.361
576.592
576.785
576.982
577.185
577.384
577.596
577.794
578.023
578.25
578.471
578.697
578.925
579.161
579.375
579.606
579.847
580.048
580.255
580.462
580.667
580.905
581.135
581.343
581.577
581.785
582.014
582.24
582.447
582.655
582.859
583.084
583.298
583.516
583.734
583.954
584.199
584.429
584.637
584.843
585.059
585.287
585.494
585.714
585.928
586.155
586.394
586.597
586.844
587.06
587.279
587.49
587.701
587.931
588.151
588.37
588.581
588.801
589.005
589.222
589.471
589.68
589.892
590.101
590.313
590.521
590.742
590.962
591.203
591.412
591.627
591.856
592.073
592.284
592.493
592.704
592.923
593.137
593.363
593.578
593.779
593.998
594.199
594.418
594.638
594.857
595.075
595.285
595.498
595.717
595.948
596.174
596.393
596.593
596.81
597.031
597.245
597.449
597.658
597.877
598.096
598.336
598.586
598.797
599.005
599.233
599.458
599.687
599.901
600.127
600.342
600.563
600.779
600.994
601.204
601.437
601.664
601.865
602.084
602.294
602.505
602.71
602.921
603.162
603.388
603.609
603.82
604.034
604.235
604.457
604.676
604.906
605.133
605.362
605.581
605.821
606.031
606.248
606.474
606.694
606.92
607.13
607.334
607.549
607.768
607.979
608.207
608.423
608.634
608.844
609.064
609.28
609.487
609.696
609.916
610.127
610.345
610.556
610.764
610.985
611.195
611.405
611.616
611.846
612.047
612.267
612.494
612.713
612.93
613.151
613.372
613.581
613.802
614.026
614.243
614.471
614.697
614.924
615.147
615.373
615.583
615.794
616.024
616.254
616.465
616.684
616.884
617.095
617.339
617.566
617.775
617.994
618.21
618.419
618.664
618.882
619.084
619.302
619.511
619.731
619.941
620.19
620.401
620.634
620.841
621.056
621.28
621.497
621.707
621.934
622.151
622.362
622.573
622.782
623.003
623.208
623.419
623.67
623.871
624.071
624.292
624.503
624.713
624.924
625.127
625.354
625.579
625.795
626.005
626.225
626.436
626.653
626.874
627.09
627.301
627.511
627.72
627.936
628.147
628.376
628.587
628.791
629.015
629.222
629.447
629.675
629.881
630.102
630.315
630.543
630.759
631.008
631.228
631.434
631.654
631.857
632.073
632.314
632.533
632.744
632.96
633.17
633.373
633.59
633.802
634.005
634.225
634.445
634.665
634.875
635.086
635.326
635.546
635.765
635.995
636.223
636.452
636.662
636.883
637.111
637.327
637.548
637.758
637.971
638.197
638.419
638.651
638.858
639.064
639.275
639.514
639.73
639.949
640.168
640.395
640.623
640.849
641.082
641.3
641.521
641.75
641.96
642.186
642.42
642.636
642.859
643.097
643.317
643.517
643.738
643.948
644.171
644.417
644.638
644.848
645.075
645.293
645.521
645.732
645.958
646.191
646.417
646.637
646.846
647.055
647.266
647.467
647.687
647.912
648.138
648.362
648.589
648.835
649.086
649.3
649.526
649.755
649.975
650.196
650.405
650.635
650.835
651.066
651.292
651.507
651.737
651.957
652.176
652.392
652.603
652.813
653.029
653.246
653.461
653.678
653.889
654.109
654.329
654.538
654.771
654.99
655.204
655.421
655.621
655.848
656.067
656.289
656.49
656.693
656.901
657.11
657.33
657.55
657.776
657.993
658.216
658.442
658.672
658.892
659.132
659.342
659.546
659.762
659.983
660.194
660.434
660.658
660.861
661.108
661.338
661.563
661.778
661.995
662.217
662.447
662.663
662.874
663.084
663.313
663.549
663.765
663.978
664.199
664.422
664.632
664.856
665.084
665.295
665.509
665.736
665.966
666.176
666.396
666.637
666.84
667.053
667.283
667.498
667.699
667.93
668.132
668.378
668.592
668.811
669.014
669.225
669.465
669.682
669.897
670.108
670.314
670.559
670.777
670.987
671.212
671.414
671.624
671.846
672.051
672.271
672.491
672.693
672.921
673.141
673.362
673.602
673.829
674.047
674.268
674.469
674.687
674.894
675.123
675.353
675.59
675.813
