1.08482
1.08514
2.3188
2.8201
3.3227
3.8233
4.32312
4.82514
5.32595
5.84771
6.32629
6.82654
7.32702
7.86075
8.32834
8.82847
9.36282
9.82919
10.3295
10.8297
11.3289
11.8302
12.3314
12.8324
13.3324
13.8317
14.3316
14.8326
15.3341
15.8335
16.3505
16.8351
17.3357
17.8356
18.3355
18.8367
19.3352
19.8352
20.3467
20.8375
21.338
21.8373
22.339
22.8397
23.3394
23.8396
24.3401
24.8478
25.3406
25.8419
26.343
26.843
27.3433
27.8613
28.3436
28.8454
29.3448
29.8476
30.3455
30.8454
31.3477
31.8462
32.3466
32.8472
33.3484
33.8671
34.3485
34.8488
35.3498
35.8556
36.3506
36.8503
37.389
37.8513
38.3514
38.8509
39.3519
39.8527
40.3528
40.8532
41.3547
41.8539
42.3546
42.8551
43.3551
43.8561
44.3563
44.8574
45.3914
45.8572
46.3576
46.8618
47.359
47.8598
48.3869
48.8605
49.3605
49.9195
50.3732
50.8603
51.362
51.9155
52.3621
52.8634
53.3997
53.8659
54.3639
54.8653
55.3995
55.8649
56.3651
56.8658
57.3652
57.8656
58.3672
58.8671
59.3679
59.8679
60.3688
60.8702
61.3707
61.8708
62.3723
62.8703
63.3935
63.8712
64.3719
64.8729
65.373
65.8725
66.3736
66.8742
67.3742
67.8753
68.3757
68.8864
69.3754
69.8769
70.3762
70.8768
71.3772
71.8777
72.3771
72.8783
73.3783
73.8787
74.3793
74.8803
75.3796
75.8796
76.381
76.8819
77.3812
77.8825
78.3816
78.8834
79.3819
79.8836
80.3841
80.8862
81.3848
81.8853
82.386
82.9035
83.3856
83.8869
84.3866
84.8865
85.3937
85.8878
86.393
86.8892
87.3892
87.9017
88.3893
88.8908
89.3909
89.8911
90.3911
90.9085
91.3925
91.8927
92.428
92.9062
93.3933
93.894
94.4414
94.8943
95.3951
95.8959
96.3966
96.9067
97.3957
97.8964
98.4272
98.8985
99.3987
99.8983
100.399
100.9
101.4
101.934
102.401
102.904
103.418
103.902
104.402
104.903
105.44
105.903
106.404
106.903
107.436
107.904
108.404
108.906
109.452
109.907
110.406
110.906
111.42
111.908
112.408
112.909
113.428
113.909
114.41
114.919
115.409
115.909
116.412
116.912
117.439
117.912
118.416
118.911
119.412
119.914
120.414
120.914
121.415
121.915
122.415
122.916
123.414
123.916
124.449
124.916
125.442
125.916
126.418
126.96
127.434
127.92
128.42
128.919
129.419
129.92
130.421
130.921
131.42
131.922
132.459
132.923
133.423
133.924
134.423
134.936
135.424
135.954
136.424
136.925
137.426
137.924
138.425
138.927
139.442
139.927
140.428
140.929
141.429
141.929
142.43
142.955
143.431
143.931
144.431
144.934
145.429
145.931
146.445
146.933
147.433
147.932
148.449
148.933
149.434
149.934
150.436
150.935
151.436
151.936
152.439
152.936
153.437
153.937
154.452
154.937
155.438
155.938
156.438
156.94
157.44
157.94
158.441
158.94
159.441
159.941
160.441
160.942
161.443
161.943
162.444
162.944
163.443
163.944
164.467
164.944
165.444
165.946
166.446
166.946
167.447
167.947
168.447
168.948
169.447
169.948
170.448
170.949
171.449
171.949
172.45
172.951
173.448
173.95
174.45
174.952
175.47
175.952
176.453
176.953
177.454
177.955
178.455
178.955
179.46
179.952
180.455
180.955
181.455
181.955
182.457
182.959
183.458
183.958
184.463
184.958
185.478
185.96
186.46
186.961
187.46
187.961
188.46
188.962
189.461
189.962
190.461
190.961
191.465
191.963
192.464
192.965
193.464
193.965
194.466
194.966
195.466
195.968
196.467
196.998
197.467
197.967
198.493
198.967
199.469
199.969
200.47
200.97
201.471
201.972
202.492
202.972
203.472
203.974
204.472
204.973
205.471
205.973
206.473
206.973
207.474
207.974
208.513
208.975
209.475
209.976
210.483
210.977
211.476
211.977
212.477
212.976
213.477
213.978
214.479
214.978
215.479
215.98
216.48
216.999
217.481
217.981
218.482
218.983
219.482
219.982
220.483
220.983
221.484
221.985
222.486
222.985
223.486
223.984
224.485
224.986
225.487
225.987
226.487
226.987
227.487
227.987
228.52
228.99
229.489
229.988
230.495
230.99
231.49
231.99
232.495
232.991
233.491
233.997
234.491
235.003
235.493
235.993
236.494
236.995
237.493
237.994
238.494
238.995
239.495
239.996
240.509
240.997
241.497
242.034
242.496
242.997
243.525
243.998
244.499
244.999
245.5
246.001
246.499
247.001
247.5
248.039
248.501
249.001
249.503
250.003
250.503
251.003
251.506
252.004
252.505
253.006
253.506
254.005
254.506
255.005
255.506
256.006
256.506
257.007
257.508
258.009
258.509
259.009
259.509
260.009
260.511
261.01
261.525
262.011
262.511
263.012
263.511
264.012
264.512
265.012
265.514
266.013
266.513
267.015
267.514
268.015
268.515
269.014
269.515
270.016
270.516
271.017
271.517
272.018
272.518
273.019
273.519
274.02
274.518
275.019
275.521
276.021
276.521
277.02
277.521
278.021
278.547
279.021
279.521
280.064
280.523
281.023
281.524
282.024
282.524
283.024
283.539
284.025
284.525
285.026
285.525
286.025
286.526
287.027
287.527
288.029
288.53
289.043
289.529
290.031
290.53
291.03
291.53
292.031
292.532
293.035
293.531
294.032
294.533
295.033
295.533
296.033
296.534
297.035
297.536
298.035
298.534
299.036
299.536
300.046
300.537
301.037
301.557
302.038
302.539
303.045
303.538
304.039
304.54
305.041
305.54
306.04
306.566
307.041
307.541
308.079
308.541
309.041
309.542
310.042
310.543
311.071
311.544
312.045
312.561
313.045
313.544
314.05
314.551
315.045
315.547
316.047
316.555
317.048
317.579
318.049
318.549
319.051
319.549
320.05
320.55
321.05
321.551
322.051
322.551
323.052
323.576
324.052
324.552
325.058
325.554
326.054
326.583
327.055
327.554
328.095
328.555
329.056
329.556
330.056
330.555
331.067
331.558
332.059
332.558
333.058
333.558
334.058
334.579
335.059
335.56
336.06
336.561
337.06
337.578
338.062
338.562
339.061
339.562
340.063
340.6
341.062
341.564
342.072
342.565
343.065
343.574
344.065
344.566
345.066
345.567
346.067
346.568
347.068
347.569
348.068
348.57
349.07
349.57
350.07
350.571
351.07
351.571
352.071
352.573
353.072
353.576
354.071
354.573
355.073
355.574
356.073
356.574
357.075
357.576
358.075
358.575
359.076
359.576
360.076
360.576
361.077
361.577
362.076
362.577
363.078
363.579
364.101
364.579
365.079
365.581
366.081
366.582
367.082
367.583
368.082
368.599
369.083
369.583
370.1
370.583
371.085
371.601
372.085
372.585
373.103
373.586
374.086
374.607
375.087
375.587
376.086
376.588
377.088
377.588
378.114
378.589
379.088
379.586
380.089
380.59
381.132
381.59
382.091
382.592
383.1
383.593
384.092
384.593
385.093
385.593
386.094
386.595
387.095
387.599
388.096
388.595
389.095
389.605
390.096
390.596
391.098
391.597
392.097
392.608
393.098
393.599
394.1
394.598
395.099
395.6
396.101
396.6
397.108
397.601
398.101
398.602
399.104
399.605
400.102
400.604
401.115
401.605
402.104
402.605
403.104
403.612
404.105
404.606
405.106
405.607
406.139
406.608
407.108
407.609
408.107
408.607
409.108
409.608
410.11
410.61
411.11
411.61
412.111
412.611
413.111
413.611
414.112
414.613
415.137
415.612
416.113
416.63
417.114
417.614
418.123
418.615
419.116
419.615
420.116
420.617
421.116
421.617
422.118
422.618
423.119
423.635
424.119
424.619
425.12
425.619
426.12
426.619
427.121
427.62
428.121
428.621
429.123
429.623
430.122
430.623
431.145
431.624
432.125
432.624
433.134
433.626
434.124
434.624
435.125
435.625
436.126
436.627
437.126
437.637
438.127
438.625
439.125
439.629
440.129
440.629
441.157
441.629
442.13
442.63
443.13
443.631
444.132
444.633
445.133
445.631
446.131
446.632
447.132
447.633
448.135
448.635
449.135
449.635
450.135
450.637
451.136
451.636
452.14
452.636
453.137
453.637
454.137
454.638
455.139
455.639
456.138
456.661
457.139
457.639
458.141
458.641
459.142
459.643
460.16
460.642
461.142
461.643
462.161
462.645
463.144
463.644
464.172
464.645
465.146
465.646
466.146
466.647
467.148
467.646
468.168
468.648
469.148
469.648
470.149
470.648
471.15
471.65
472.151
472.673
473.15
473.652
474.151
474.652
475.153
475.658
476.152
476.653
477.154
477.654
478.154
478.654
479.155
479.656
480.155
480.657
481.157
481.657
482.178
482.657
483.157
483.658
484.158
484.658
485.165
485.657
486.158
486.659
487.16
487.66
488.16
488.661
489.171
489.66
490.161
490.662
491.162
491.664
492.163
492.662
493.163
493.664
494.164
494.666
495.166
495.668
496.166
496.666
497.166
497.667
498.167
498.67
499.167
499.668
500.169
500.668
501.17
501.669
502.169
502.671
503.171
503.672
504.171
504.672
505.173
505.673
506.182
506.673
507.174
507.675
508.175
508.674
509.176
509.675
510.176
510.675
511.173
511.674
512.176
512.677
513.177
513.677
514.204
514.678
515.178
515.697
516.179
516.679
517.18
517.68
518.18
518.684
519.182
519.681
520.182
520.682
521.183
521.683
522.184
522.683
523.184
523.685
524.184
524.684
525.185
525.686
526.184
526.686
527.193
527.687
528.188
528.688
529.188
529.688
530.188
530.69
531.189
531.689
532.19
532.713
533.191
533.692
534.191
534.692
535.192
535.692
536.193
536.693
537.194
537.708
538.195
538.694
539.212
539.696
540.197
540.703
541.196
541.697
542.203
542.698
543.198
543.714
544.199
544.7
545.2
545.699
546.199
546.7
547.203
547.701
548.201
548.719
549.201
549.702
550.207
550.702
551.202
551.703
552.204
552.703
553.205
553.704
554.205
554.737
555.207
555.707
556.207
556.713
557.208
557.708
558.218
558.709
559.209
559.709
560.209
560.71
561.209
561.71
562.211
562.711
563.221
563.712
564.21
564.712
565.212
565.712
566.213
566.713
567.214
567.714
568.214
568.715
569.215
569.716
570.216
570.716
571.229
571.717
572.217
572.726
573.218
573.717
574.218
574.718
575.22
575.731
576.218
576.719
577.22
577.721
578.22
578.721
579.222
579.722
580.223
580.723
581.222
581.723
582.26
582.724
583.225
583.734
584.224
584.726
585.241
585.736
586.226
586.727
587.241
587.727
588.242
588.733
589.244
589.734
590.245
590.742
591.23
591.73
592.246
592.731
593.231
593.733
594.23
594.731
595.247
595.747
596.232
596.734
597.234
597.74
598.234
598.734
599.235
599.74
600.234
600.737
601.236
601.747
602.236
602.737
603.253
603.738
604.238
604.738
605.254
605.754
606.24
606.746
607.239
607.74
608.241
608.747
609.242
609.756
610.247
610.757
611.247
611.749
612.249
612.743
613.244
613.744
614.245
614.756
615.246
615.755
616.255
616.747
617.248
617.748
618.262
618.763
619.263
619.753
620.248
620.763
621.265
621.768
622.264
622.75
623.261
623.751
624.249
624.766
625.252
625.758
626.253
626.751
627.264
627.754
628.269
628.771
629.255
629.753
630.255
630.759
631.255
631.757
632.256
632.766
633.263
633.762
634.258
634.758
635.258
635.765
636.259
636.76
637.26
637.76
638.259
638.761
639.275
639.762
640.261
640.761
641.263
641.773
642.264
642.765
643.279
643.765
644.265
644.781
645.265
645.765
646.281
646.778
647.267
647.776
648.267
648.768
649.267
649.778
650.277
650.767
651.293
651.77
652.269
652.776
653.276
653.77
654.271
654.772
655.291
655.772
656.278
656.773
657.272
657.776
658.274
658.774
659.275
659.785
660.276
660.776
661.276
661.779
662.279
662.776
663.277
663.788
664.283
664.779
665.287
665.789
666.277
666.783
667.283
667.791
668.279
668.794
669.285
669.78
670.294
670.798
671.282
671.783
672.294
672.793
673.285
673.784
674.291
674.784
675.285
675.801
