7.3988e-05
0.0181315
0.00519796
0.00570636
0.000763077
0.00115804
0.00194971
0.00103754
0.000657138
0.000463747
0.00116607
0.00107334
0.0150924
0.00143677
0.00676377
0.000649635
0.00681711
0.00129425
0.0130055
0.006661
0.00256624
0.000744199
0.00142264
0.00107667
0.0123623
0.000760809
0.00370553
0.0119395
0.00135428
0.00256158
0.00413488
0.000701036
0.00310732
0.0022225
0.00267938
0.00385466
0.000493868
0.00572574
0.000627955
0.0015303
0.00107313
0.000943239
0.000930998
0.000498568
0.00106231
0.00222933
0.00202919
0.00189296
0.000938413
0.000443581
0.000401262
0.00079386
0.000947865
0.00130573
0.00101103
0.00150188
0.00101354
0.000703144
0.00357574
0.00299895
0.00389999
0.00187335
0.00316092
0.00105605
0.000861124
0.0015287
0.00093587
0.00289529
0.000921126
0.000718687
0.000791903
0.00123475
0.000597101
0.00520269
0.00134449
0.000904028
0.00168854
0.000755671
0.00399661
0.00194992
0.00195311
0.00420469
0.00590303
0.00047037
0.011809
0.00262978
0.00161495
0.00494166
0.00115209
0.000824554
0.00214088
0.000523267
0.00117597
0.0100464
0.000253553
0.00343796
0.00197505
0.0003508
0.000390046
0.000483897
0.00398749
0.00105478
0.00184642
0.0126531
0.0003182
0.000438577
0.000572704
0.000489798
0.00673133
0.00211579
0.00460673
0.00148031
0.0050504
0.000810841
0.000857174
0.00413765
0.00430117
0.00771566
0.00424767
0.00431935
0.00759749
0.00434242
0.00746471
0.00479711
0.00548317
0.00945951
0.00426561
0.00689511
0.00967245
0.00545983
0.00416551
0.00716815
0.00692338
0.00834386
0.00657786
0.00581091
0.00913665
0.00416507
0.00425018
0.00875017
0.00441461
0.00732818
0.00568377
0.00632484
0.00552254
0.0108714
0.00437672
0.00425875
0.00530337
0.00762299
0.00926123
0.00422465
0.00510261
0.00747379
0.00412286
0.00813707
0.00464362
0.00813672
0.00413814
0.00477435
0.00551074
0.00680499
0.00568539
0.00425326
0.00777974
0.00595441
0.00428399
0.00902834
0.00404705
0.00421154
0.00854482
0.00447397
0.00545845
0.0043827
0.00426401
0.0060164
0.00608058
0.00472846
0.00682512
0.00410979
0.0043924
0.00536499
0.00866028
0.00407435
0.00812277
0.00641599
0.00561468
0.0073338
0.00420169
0.00415677
0.00463747
0.00556071
0.00782322
0.006731
0.00576686
0.00871687
0.00430381
0.00714061
0.00864802
0.00418096
0.00413099
0.0042169
0.00784017
0.00410917
0.0088455
0.00442035
0.00534695
0.00684523
0.00530831
0.00575612
0.00411232
0.00417
0.00753312
0.00478992
0.00418454
0.00824295
0.0041862
0.00455272
0.0077693
0.00430665
0.00808191
0.00432321
0.00414205
0.00422318
0.00906691
0.00424956
0.00423452
0.00882641
0.00421025
0.00782888
0.00493343
0.00413253
0.00412942
0.00633223
0.00575679
0.00480485
0.00535921
0.00743544
0.00478162
0.00460038
0.00807928
0.00412434
0.00530771
0.00738345
0.00442314
0.00421421
0.00762017
0.00412222
0.00515392
0.00761961
0.00422535
0.00626738
0.0042941
0.00544689
0.00653374
0.01008
0.00436374
0.0049165
0.00803218
0.0042985
0.00448421
0.0049664
0.00437369
0.00422475
0.00663993
0.0046708
0.0082028
0.0042706
0.004245
0.00655615
0.00960167
0.00652794
0.00725818
0.00417673
0.006643
0.00872929
0.00553926
0.00424998
0.00933275
0.00546534
0.00432681
0.00906257
0.00426018
0.00592276
0.00410763
0.004144
0.0041865
0.00597082
0.00821961
0.00434785
0.00447859
0.00411477
0.00435057
0.00751012
0.00418723
0.00433694
0.00471146
0.00419131
0.0079162
0.00450767
0.00413209
0.00649026
0.00445652
0.00912502
0.00503909
0.00434694
0.00422004
0.00664398
0.00537404
0.00872094
0.00413036
0.00448715
0.00837673
0.00448057
0.00592476
0.00749234
0.00427193
0.0070021
0.00432699
0.00826191
0.00946026
0.00753047
0.00432671
0.00615208
0.0106457
0.00462765
0.00525919
0.00613638
0.00498054
0.00505713
0.0107639
0.0054442
0.0108563
0.0042158
0.00604139
0.0061076
0.00423125
0.00698932
0.00488224
0.00433327
0.00731435
0.00455843
0.00556015
0.0046712
0.00553817
0.00560939
0.00692373
0.00433691
0.00667287
0.00420271
0.00419167
0.00625885
0.00508132
0.00781216
0.00859058
0.00658585
0.00424011
0.00799331
0.00430774
0.00481489
0.00621186
0.00534997
0.00746331
0.00591239
0.00430932
0.00876927
0.00428038
0.00559081
0.00684526
0.00420753
0.00695372
0.00560057
0.00419333
0.00412175
0.00423402
0.00543974
0.00605769
0.0066723
0.00560479
0.00435693
0.00957236
0.0042658
0.00617097
0.0095053
0.00408823
0.00768794
0.0104642
0.00550444
0.00773224
0.00441128
0.00616672
0.00816461
0.00423895
0.00641086
0.00645754
0.0049559
0.00869033
0.00415592
0.00638988
0.00907699
0.00421582
0.00846943
0.00430714
0.00431277
0.00712755
0.00522917
0.00594101
0.00603163
0.00424432
0.00777556
0.00433437
0.0107012
0.0048115
0.00642414
0.00487412
0.00487483
0.0100484
0.0042622
0.00558118
0.00633197
0.00436749
0.0083004
0.00541265
0.00671567
0.010484
0.00436825
0.00971954
0.00495999
0.00406567
0.00717713
0.00442085
0.00529874
0.0082794
0.00413618
0.00561509
0.0075948
0.00413962
0.00821343
0.00636269
0.00683185
0.00867298
0.0043278
0.00424197
0.00895271
0.00409481
0.00706227
0.00638239
0.00709631
0.00697489
0.00427116
0.00731749
