9.53386
12.4029
22.2464
22.4431
22.4576
22.4783
22.4995
22.67
23.0687
26.689
26.702
26.7224
26.7563
26.7699
26.7881
26.8892
29.9676
29.982
30.8817
37.8841
39.3822
39.4005
39.4224
39.4422
46.0971
46.114
53.6366
55.5932
57.2819
57.3033
57.3257
57.514
57.5364
57.5547
57.5755
57.5965
59.4049
59.851
59.8652
59.886
59.9064
59.9255
59.9463
60.7418
60.7537
60.7752
60.9751
61.1788
61.1977
61.4059
64.6749
71.7421
71.9414
71.9656
71.9817
74.3508
74.361
75.0012
90.3691
90.3876
90.409
93.5864
97.2919
97.3092
97.3297
97.3523
97.3692
97.3919
97.4091
97.4291
97.4498
97.4693
97.4894
97.5139
97.5311
97.5495
97.5706
97.5893
97.6126
97.6308
97.6503
116.137
121.443
121.457
122.701
122.724
130.807
130.829
130.847
132.53
134.943
137.358
137.378
137.567
140.625
140.648
140.667
140.686
140.705
140.726
142.345
142.362
142.383
146.509
146.525
146.537
147.616
147.629
151.764
151.779
214.51
214.526
215.41
218.438
218.45
221.274
221.294
221.317
221.333
221.354
221.377
221.394
221.416
221.434
221.455
221.479
221.493
221.516
221.539
221.555
221.573
221.596
221.616
221.638
221.656
221.675
221.699
221.721
221.742
221.766
221.782
221.805
221.823
221.844
221.863
221.888
221.901
221.929
221.946
221.969
221.991
222.005
222.026
222.049
222.065
222.089
222.105
222.129
222.162
222.178
222.198
222.22
222.238
222.257
222.281
222.299
222.318
222.342
222.367
222.381
222.406
222.422
222.443
222.462
222.481
222.503
222.523
222.542
222.564
222.599
222.613
222.635
222.658
222.674
222.698
222.716
222.735
222.757
222.773
222.799
222.815
222.836
222.858
222.878
222.897
222.92
222.936
222.959
222.981
222.997
223.035
223.049
223.073
223.089
223.114
223.129
223.151
223.172
223.191
223.21
223.234
223.25
223.273
223.289
223.31
223.334
223.349
223.369
223.393
223.41
223.433
223.465
223.481
223.502
223.526
223.541
223.562
223.586
223.601
223.624
223.642
223.667
223.682
223.704
223.722
223.742
223.762
223.785
223.802
223.821
223.845
223.868
223.891
223.912
223.929
223.949
223.972
223.989
224.01
224.032
224.049
224.072
224.106
224.122
224.143
224.168
224.181
224.202
224.225
224.241
224.262
224.282
224.302
224.329
224.352
224.372
224.393
224.409
224.429
224.451
224.475
224.492
224.512
224.528
224.552
224.578
224.603
224.622
224.646
224.663
224.681
224.707
224.722
224.743
224.756
224.771
224.789
224.811
224.833
224.849
224.869
224.89
224.91
224.933
224.95
224.97
224.99
225.01
225.033
225.05
225.072
225.092
225.109
225.134
225.15
225.169
225.192
225.211
225.23
225.253
225.271
225.29
225.314
225.329
225.351
225.372
225.393
225.412
225.429
225.453
225.477
225.505
225.521
225.543
225.568
225.59
225.61
225.631
225.65
225.672
225.696
225.711
225.736
225.75
225.771
225.791
225.809
225.832
225.85
225.87
225.892
225.91
225.93
225.95
225.97
225.991
226.012
226.03
226.052
226.069
226.094
226.111
226.13
226.153
226.176
226.203
226.222
226.245
226.262
226.281
226.303
226.323
226.345
226.363
226.381
226.406
226.421
226.442
226.464
226.482
226.504
226.522
226.535
226.549
226.571
226.591
226.611
226.632
226.651
226.669
226.695
226.709
226.731
226.754
226.77
226.793
226.816
226.831
226.853
226.87
226.891
226.913
226.93
226.952
226.972
226.99
227.013
227.029
227.051
227.076
227.089
227.114
227.129
227.15
227.172
227.191
227.211
227.235
227.25
227.277
227.301
227.328
227.343
227.364
227.382
227.403
227.428
227.442
227.462
227.483
227.501
227.526
227.542
227.564
227.588
227.602
227.627
227.643
227.667
227.685
227.703
227.724
227.748
227.764
227.785
227.808
227.825
227.848
227.867
227.887
227.91
227.925
227.945
227.97
227.986
228.008
228.027
228.048
228.068
228.086
228.108
