7.93895
9.54957
11.2752
12.4185
14.1512
15.2775
16.4087
18.1306
18.3602
18.8223
19.2531
20.3269
21.1788
21.3986
21.6122
22.2632
22.5196
22.6942
23.0953
24.3721
26.0573
26.807
26.9055
28.6624
30.0021
30.2034
30.9078
32.6421
33.2752
33.9138
34.5757
36.3459
36.7903
37.8984
38.3493
39.4677
41.1751
42.8751
44.5835
46.1267
46.3144
48.0273
49.296
49.5314
49.7691
51.451
51.6708
53.4137
53.6557
53.8344
55.6104
57.3445
57.6151
59.4193
59.9719
60.7992
61
61.2218
61.4307
62.6723
62.8737
64.6953
65.7435
67.4888
67.6884
68.5506
70.2859
71.7772
72.0041
73.7062
74.3811
75.022
76.718
78.4811
79.8071
81.5115
83.2344
84.2932
84.9265
85.1711
85.5734
86.031
87.799
88.4343
89.9334
90.4338
92.2627
93.3543
93.6091
95.3327
97.0472
97.6762
99.4768
101.258
102.93
104.651
106.385
107.492
109.252
110.986
111.223
112.89
113.991
115.698
116.163
117.863
119.64
121.471
122.745
124.189
125.928
127.712
127.936
128.167
129.949
130.867
132.549
134.288
134.954
135.788
137.398
137.579
139.327
140.747
141.501
142.405
144.121
145.857
146.559
147.65
149.143
149.578
151.341
151.792
152.639
154.023
154.878
155.284
157.043
158.802
160.556
162.289
164.03
165.806
167.604
169.347
171.14
172.834
174.529
176.23
177.95
179.715
181.435
183.609
185.295
187.036
188.81
190.347
192.045
193.773
195.513
197.253
198.984
200.711
202.421
204.157
205.865
207.627
209.361
211.158
212.808
213.47
214.546
214.731
214.934
215.428
215.845
216.076
217.774
218.472
218.67
220.41
221.061
