0.00112045
0.000850334
0.00286286
0.00388445
0.00054411
0.0121485
0.0151446
0.00114275
0.0197571
0.00495081
0.0118418
0.0257661
0.0132202
0.00113415
0.00651514
0.00182307
0.00284919
0.00491156
0.00620023
0.0121573
0.000465294
0.00631015
0.00495284
0.00107747
0.00151252
0.00664565
0.00670107
0.000868207
0.0018308
0.00472928
0.0101273
0.00113054
0.0176533
0.0016086
0.00411205
0.00728987
0.0136097
0.00189765
0.0108738
0.00195589
0.00105415
0.00154252
0.00700931
0.00183889
0.0122148
0.00142575
0.00226801
0.00902545
0.00292894
0.00190894
0.00133453
0.0037455
0.00252347
0.00322363
0.00709459
0.00599531
0.00683103
0.00449755
0.00537092
0.00292195
0.00502046
0.00225944
0.00202625
0.00350703
0.00358417
0.00697429
0.000491931
0.0159047
0.00301321
0.00176041
0.00449448
0.00878805
0.00556423
0.007818
0.0104809
0.0020469
0.00124983
0.00769153
0.000956576
0.000550898
0.00359651
0.00564669
0.000822237
0.00894927
0.000989845
0.00863998
0.00148412
0.00141689
0.00435679
0.0080731
0.000759181
0.00760552
0.00777103
0.00816322
0.00532867
0.0023756
0.00412852
0.00271466
0.00712689
0.000737494
0.00187215
0.00124056
0.00116898
0.00482915
0.00978268
0.00139942
0.00331409
0.00174688
0.00327364
0.00073243
0.00368916
0.00786551
0.00262686
0.00182314
0.00751779
0.00224245
0.0075308
0.00730167
0.000785909
0.00997586
0.00135569
0.00235253
0.00135487
0.00173013
0.00868064
0.00314597
0.00714307
0.00392317
0.00171698
0.00199332
0.0106325
0.00121083
0.00370061
0.00228719
0.00909591
0.00553498
0.000968479
0.00758205
0.0064247
0.00418419
0.00736999
0.00407068
0.00467992
0.00870104
0.00683638
0.0129656
0.00699868
0.00906098
0.00822858
0.00528769
0.0046751
0.00647318
0.00600225
0.00780779
0.00706124
0.00654025
0.00675115
0.00587358
0.00725442
0.00796415
0.00835916
0.00423207
0.00400519
0.00628437
0.00352987
0.00454148
0.00386531
0.00561982
0.00409133
0.0011335
0.00358344
0.00126672
0.000948218
0.00513126
0.00132155
0.00290722
0.0044803
0.00726065
0.00500626
0.0027902
0.00128672
0.00124068
0.00444065
