2.72214
2.94683
3.18097
3.38819
3.61974
3.82535
4.05998
4.25783
4.49118
4.69196
4.89397
5.09325
5.29519
5.50682
5.74424
5.96951
6.20738
6.41195
6.63849
6.86395
7.11195
7.34601
7.57318
7.805
8.01231
8.20448
8.44739
8.67662
8.89844
9.11238
9.32193
9.51677
9.75304
9.95884
10.1811
10.3702
10.564
10.7964
11.0264
11.2591
11.4651
11.6722
11.916
12.1511
12.3725
12.6126
12.8238
13.0585
13.2339
13.4411
13.6614
13.8797
14.1123
14.3472
14.5911
14.8273
15.0295
15.2537
15.4783
15.6943
15.9274
16.1495
16.384
16.5812
16.7778
17.0184
17.2206
17.4475
17.6543
17.8838
18.0876
18.3236
18.5562
18.8061
19.0254
19.2291
19.4288
19.6577
19.85
20.0505
20.2836
20.5222
20.7208
20.9517
21.1552
21.3865
21.594
21.8227
22.0248
22.2284
22.4256
22.658
22.8484
23.0571
23.2855
23.5139
23.7141
23.9127
24.1479
24.3503
24.5508
24.7827
25.0136
25.2186
25.4188
25.6457
25.8417
26.0405
26.2489
26.4748
26.6732
26.8769
27.1122
27.3469
27.5767
27.7781
28.0065
28.2128
28.4446
28.647
28.8796
29.0832
29.3194
29.5479
29.7438
29.9478
30.1853
30.414
30.6186
30.85
31.0473
31.2443
31.4775
31.6804
31.9233
32.1559
32.3887
32.6233
32.8537
33.053
33.2561
33.4859
33.6921
33.8992
34.0947
34.332
34.5539
34.7661
35.0003
35.2304
35.4613
35.6985
35.9253
36.1271
36.3353
36.5543
36.7609
36.9628
37.1913
37.4273
37.6291
37.8644
38.0923
38.3345
38.5374
38.7376
38.9665
39.1659
39.3702
39.6009
39.8383
40.0714
40.2767
40.5054
40.7119
40.9186
41.1514
41.3471
41.5631
41.7651
41.9905
42.1913
42.423
42.6501
42.8533
43.0576
43.2581
43.501
43.7111
43.9054
44.1094
44.3524
44.5609
44.8012
45.0118
45.2116
45.4305
45.6325
45.8646
46.0694
46.3034
46.4991
46.7295
46.9297
47.1647
47.3918
47.6126
47.8034
48.0093
48.2414
48.4383
48.6435
48.8436
49.0753
49.2769
49.5181
49.7469
49.944
50.1605
50.3918
50.6044
50.7945
51.0047
51.2284
51.4278
51.6591
51.8917
52.1305
52.3608
52.5606
52.7888
52.996
53.187
53.3948
53.6235
53.8174
54.0201
54.2312
54.4628
54.6973
54.8972
55.1277
55.3423
55.5698
55.7937
56.0396
56.2414
56.4411
56.6677
56.8623
57.0664
57.2685
57.5006
57.7025
57.9321
58.1341
58.3428
58.585
58.7743
58.9901
59.1837
59.3849
59.5897
59.8358
60.027
60.2692
60.5011
60.7305
60.9636
61.1649
61.395
61.6276
61.8224
62.0313
62.2583
62.4556
62.6583
62.8574
63.0934
63.3295
63.5635
63.791
63.9955
64.224
64.4294
64.6636
64.8967
65.1277
65.3352
65.5329
65.7312
65.9314
66.1672
66.4029
66.6028
66.8392
67.0708
67.2836
67.4754
67.672
67.906
68.1018
68.3022
68.5434
68.7468
68.9715
69.1708
69.4033
69.6104
69.8385
70.0424
70.2747
70.474
70.7158
70.9253
71.1273
71.3172
71.5251
71.7312
71.9265
72.1585
72.3534
72.5907
72.7998
73.0357
73.2637
73.4939
73.6914
73.8925
74.1294
74.3366
74.541
74.7572
74.9905
75.2001
75.4298
75.6636
75.8625
76.0603
76.2579
76.4912
76.7019
76.9056
77.1441
77.3535
77.5781
77.8179
78.0506
78.2496
78.4627
78.6944
78.925
79.1256
79.3564
79.5845
79.7869
80.0216
80.2118
80.4435
80.6531
80.8494
81.075
81.2797
81.482
81.684
81.9192
82.1468
82.3547
82.5789
82.8092
83.01
83.2154
83.4431
83.6434
83.8428
84.0475
84.2755
84.483
84.7153
84.9144
85.154
85.3563
85.5588
85.7823
86.0134
86.2086
86.4474
86.6777
86.8778
87.1111
87.3493
87.5525
87.7864
87.9794
88.2111
88.4144
88.611
88.8127
89.0492
89.2552
89.4768
89.6826
89.916
90.1105
90.3555
90.5839
90.7757
90.9761
91.1789
91.4096
91.6106
91.8059
92.0108
92.2435
92.4737
92.6828
92.9065
93.1035
93.3385
93.5704
93.7629
93.991
94.2286
94.4298
94.66
94.8608
95.0934
95.3054
95.5337
95.739
95.9384
96.1681
96.3718
96.6023
96.8058
97.0348
97.2725
97.5062
97.7059
97.9087
98.1422
98.349
98.5821
98.8092
99.0117
99.2428
99.4443
99.6754
99.8834
100.114
100.338
100.576
100.802
101.009
101.238
101.467
101.673
101.873
102.108
102.311
102.506
102.714
102.913
103.111
103.314
103.548
103.775
104.004
104.213
104.44
104.639
104.847
105.069
105.306
105.538
105.74
105.975
106.172
106.366
106.567
106.802
107.004
107.253
107.48
107.709
107.938
108.143
108.365
108.572
108.802
109.029
109.23
109.457
109.665
109.903
110.107
110.342
110.547
110.778
110.973
111.209
111.434
111.633
111.828
112.052
112.284
112.485
112.676
112.878
113.108
113.314
113.558
113.777
113.98
114.174
114.387
114.612
114.813
115.047
115.25
115.45
115.682
115.885
116.121
116.318
116.551
116.78
116.981
117.21
117.417
117.619
117.849
118.075
118.316
118.519
118.752
118.941
119.17
119.373
119.627
119.857
120.055
120.295
120.517
120.746
120.948
121.18
121.426
121.607
121.803
122.006
122.239
122.47
122.672
122.876
123.106
123.317
123.544
123.753
123.983
124.18
124.38
124.615
124.846
125.046
125.252
125.481
125.713
125.911
126.146
126.347
126.57
126.777
127.015
127.245
127.479
127.688
127.923
128.151
128.358
128.591
128.792
129.029
129.267
129.494
129.731
129.925
130.157
130.358
130.555
130.791
131.026
131.225
131.434
131.657
131.865
132.099
132.328
132.512
132.744
132.972
133.177
133.411
133.611
133.813
134.043
134.271
134.503
134.698
134.931
135.13
135.343
135.542
135.762
136.003
136.234
136.432
136.667
136.878
137.108
137.338
137.547
137.78
138.012
138.238
138.438
138.679
138.908
139.111
139.311
139.54
139.769
139.969
140.177
140.376
140.614
140.846
141.051
141.278
141.481
141.686
141.891
142.123
142.329
142.564
142.764
142.97
143.198
143.402
143.635
143.873
144.1
144.3
144.536
144.736
144.937
145.169
145.376
145.607
145.841
146.048
146.271
146.485
146.713
146.914
147.133
147.368
147.604
147.805
148.023
148.217
148.449
148.693
148.922
149.119
149.328
149.567
149.792
149.99
150.195
150.388
150.615
150.846
151.08
151.32
151.522
151.746
151.951
152.177
152.379
152.61
152.848
153.076
153.316
153.561
153.788
154.006
154.205
154.43
154.643
154.866
155.066
155.265
155.492
155.705
155.906
156.127
156.364
156.596
156.793
157.025
157.258
157.46
157.688
157.89
158.11
158.316
158.552
158.785
158.988
159.214
159.423
159.657
159.854
160.105
160.332
160.537
160.768
160.973
161.174
161.399
161.638
161.86
162.071
162.275
162.491
162.69
162.916
163.118
163.353
163.588
163.799
164.004
164.208
164.439
164.644
164.881
165.115
165.35
165.586
165.785
166.014
166.225
166.455
166.685
166.924
167.154
167.349
167.579
167.785
168.013
168.213
168.454
168.686
168.883
169.12
169.318
169.559
169.779
169.985
170.211
170.451
170.68
170.885
171.113
171.315
171.527
171.734
171.942
172.141
172.358
172.582
172.809
173.009
173.218
173.458
173.66
173.888
174.101
174.311
174.509
174.708
174.933
175.128
175.321
175.554
175.788
175.989
176.214
176.419
176.652
176.861
177.055
177.284
177.492
177.721
177.934
178.166
178.365
178.567
178.798
179.03
179.222
179.462
179.692
179.926
180.122
180.356
180.56
180.763
180.991
181.197
181.418
181.651
181.872
182.104
182.303
182.504
182.738
182.941
183.154
183.348
183.589
183.814
184.015
184.244
184.445
184.644
184.842
185.076
185.276
185.511
185.716
185.939
186.149
186.35
186.554
186.777
187.018
187.25
187.483
187.681
187.93
188.119
188.351
188.586
188.792
189.023
189.226
189.462
189.693
189.891
190.121
190.329
190.563
190.789
190.997
191.223
191.424
191.626
191.822
192.025
192.226
192.455
192.661
192.899
193.121
193.328
193.554
193.751
193.949
194.154
194.359
194.557
194.795
195.031
195.267
195.489
195.695
195.934
196.159
196.372
196.597
196.802
197
197.237
197.469
197.706
197.939
198.161
198.366
198.57
198.775
198.969
199.166
199.397
199.596
199.833
200.06
200.264
200.495
200.695
200.928
201.133
201.375
201.585
201.8
202.007
202.208
202.406
202.607
202.805
203.042
203.275
203.473
203.704
203.938
204.142
204.351
204.571
204.772
204.974
205.207
205.411
205.647
205.851
206.085
206.28
206.514
206.74
206.938
207.167
207.374
207.609
207.813
208.04
208.246
208.479
208.682
208.915
209.124
209.347
209.545
209.779
210.023
210.246
210.481
210.722
210.924
211.148
211.353
211.558
211.76
211.959
212.16
212.394
212.592
212.792
213.029
213.232
213.459
213.653
213.876
214.077
214.279
214.492
214.715
214.923
215.159
215.395
215.597
215.829
216.058
216.255
216.456
216.686
216.894
217.093
217.324
217.559
217.757
217.997
218.224
218.427
218.656
218.855
219.088
219.286
219.516
219.719
219.961
220.183
220.389
220.619
220.819
221.047
221.252
221.489
221.717
221.925
222.158
222.363
222.594
222.795
223.031
223.23
223.46
223.663
223.864
224.102
224.325
224.524
224.752
224.985
225.188
225.389
225.616
225.858
226.089
226.297
226.531
226.762
226.996
227.229
227.437
227.663
227.878
