1.87512
1.87521
2.3985
2.93454
3.40119
3.90816
4.40143
4.90507
5.40445
5.90448
6.412
6.90532
7.4051
7.90522
8.40483
8.90477
9.40847
9.90866
10.4092
10.909
11.409
11.9162
12.4085
12.9092
13.4095
13.9094
14.4091
14.9128
15.4126
15.9276
16.413
16.9126
17.413
17.913
18.4128
18.9129
19.4316
19.915
20.4166
20.9166
21.4162
21.9166
22.426
22.9172
23.4176
23.9176
24.4209
24.9219
25.4205
25.9213
26.4213
26.9207
27.4207
27.9213
28.4211
28.9222
29.4248
29.9254
30.4248
30.925
31.4256
31.9248
32.4246
32.9247
33.4253
33.9251
34.4281
34.9288
35.4296
35.9291
36.4284
36.929
37.4289
37.9284
38.429
38.9288
39.4329
39.9332
40.4331
40.9332
41.4333
41.933
42.433
42.9331
43.433
43.9334
44.4366
44.9363
45.4371
45.9367
46.4366
46.9369
47.4368
47.9375
48.4384
48.9405
49.4404
49.9442
50.4406
50.9412
51.4405
51.9406
52.4514
52.9406
53.4416
53.9416
54.463
54.9445
55.4451
55.945
56.4452
56.9457
57.4447
57.9452
58.445
58.9454
59.4481
59.9484
60.4495
60.9638
61.4487
61.9494
62.456
62.9487
63.4491
63.9491
64.4493
64.9496
65.4532
65.9528
66.4528
66.9526
67.4758
67.9532
68.4527
68.9738
69.4527
69.9525
70.4742
70.9533
71.4533
71.9564
72.457
72.9567
73.4565
73.9569
74.4571
74.9566
75.4571
75.9573
76.4569
76.961
77.4614
77.9605
78.4633
78.9608
79.4614
79.9611
80.4608
80.9611
81.4823
81.9646
82.4652
82.9654
83.4649
83.9646
84.4833
84.9645
85.4702
85.9653
86.4651
86.9645
87.4688
87.9795
88.4693
88.9694
89.477
89.9688
90.4688
90.9764
91.469
91.969
92.4741
92.973
93.4729
93.9725
94.4734
94.9732
95.4726
95.973
96.4731
96.9731
97.4768
97.977
98.4771
98.9766
99.4776
99.9764
100.477
100.977
101.477
101.977
102.478
102.981
103.481
104.004
104.481
104.981
105.481
105.981
106.481
106.981
107.481
107.981
108.484
108.985
109.485
109.984
110.485
110.986
111.485
111.985
112.485
112.985
113.485
113.985
114.487
114.989
115.489
115.989
116.489
116.989
117.489
117.989
118.489
118.989
119.491
119.993
120.493
120.993
121.493
121.993
122.493
122.993
123.493
123.993
124.492
124.997
125.496
125.997
126.496
126.997
127.497
127.997
128.497
128.997
129.497
129.997
130.499
131.001
131.501
132.001
132.501
133.001
133.5
134.001
134.503
135.001
135.504
136.005
136.504
137.004
137.505
138.013
138.505
139.005
139.505
140.005
140.505
141.005
141.514
142.009
142.509
143.009
143.509
144.009
144.536
145.01
145.508
146.008
146.51
147.009
147.511
148.023
148.513
149.013
149.513
150.013
150.513
151.013
151.522
152.013
152.513
153.013
153.516
154.023
154.517
155.017
155.517
156.017
156.517
157.025
157.517
158.017
158.517
159.017
159.519
160.021
160.538
161.022
161.521
162.021
162.521
163.021
163.521
164.021
164.522
165.021
165.523
166.025
166.525
167.025
167.525
168.024
168.525
169.025
169.525
170.025
170.525
171.025
171.529
172.029
172.528
173.029
173.529
174.029
174.529
175.029
175.529
176.029
176.53
177.033
177.533
178.033
178.533
179.033
179.533
180.033
180.533
181.033
181.533
182.033
182.533
183.033
183.537
184.037
184.537
185.037
185.537
186.037
186.554
187.037
187.537
188.037
188.538
189.041
189.541
190.04
190.563
191.041
191.542
192.045
192.542
193.041
193.554
194.044
194.558
195.045
195.545
196.044
196.545
197.045
197.545
198.045
198.57
199.049
199.549
200.06
200.549
201.049
201.585
202.049
202.549
203.049
203.549
204.048
204.571
205.052
205.553
206.085
206.553
207.053
207.552
208.052
208.553
209.052
209.553
210.053
210.553
211.053
211.558
212.057
212.592
213.056
213.558
214.077
214.557
215.056
215.557
216.058
216.557
217.06
217.56
218.061
218.56
219.06
219.561
220.061
220.561
221.061
221.562
222.065
222.565
223.073
223.565
224.065
224.565
225.066
225.568
226.065
226.565
227.064
227.565
228.069
