0.000000
0.000000
0.000000
41.557999
41.745998
41.976002
42.016998
42.058998
43.105999
48.118999
50.851002
52.589001
66.015999
72.757004
75.851997
84.980003
90.339996
96.096001
98.043999
99.887001
114.314003
138.981003
153.947006
160.651993
164.460007
165.531998
169.742996
179.261002
189.138000
196.968002
201.809998
205.669998
209.748993
223.322998
236.259003
249.748993
263.907990
268.421997
273.304993
281.104004
291.842010
298.826996
305.230011
307.325012
309.550995
313.165985
314.352997
315.230011
315.727997
315.750000
315.753998
319.554993
320.977997
321.721008
321.804993
321.968994
321.970001
324.229004
329.984985
334.042999
336.122009
339.471008
342.066010
345.651001
349.548004
369.489014
371.776001
374.221008
378.020996
384.987000
388.828003
391.337006
395.183014
399.825012
405.377014
408.998993
413.816010
419.635986
426.342987
429.260010
429.428986
429.454010
429.454010
429.454010
429.454010
431.673004
436.019989
445.286011
457.114990
461.246002
467.880005
469.540009
469.940002
470.554993
476.933014
482.421997
490.674988
500.088013
503.200012
506.710999
512.169983
518.247986
522.283997
525.513000
530.836975
535.931030
544.271973
552.456970
562.416992
567.091980
569.976990
570.007019
570.853027
572.322021
572.341003
572.416016
572.945007
575.620972
580.697998
586.059021
588.419983
590.570984
594.044006
597.379028
601.369995
605.723999
614.723022
620.830994
628.205994
641.445007
654.302002
660.382996
670.710022
685.888000
696.372986
716.104980
716.583984
716.752014
716.768005
716.796997
718.661011
730.210999
730.706970
731.088989
731.185974
731.218994
731.255981
731.302002
731.460022
731.504028
731.588989
731.669006
731.801025
731.921997
732.005981
732.010010
732.307007
733.013000
735.848022
738.181030
742.338013
744.151978
744.607971
744.616028
744.617004
744.617004
753.020996
763.911987
776.146973
782.664001
788.742981
793.763977
798.823975
805.864990
810.856018
815.523987
823.330017
827.742981
829.825989
830.367004
830.400024
830.411011
830.414001
830.414978
830.414978
830.414978
830.414978
830.414978
830.414978
830.414978
830.414978
830.414978
830.414978
835.228027
835.900024
835.900024
835.900024
835.900024
842.320984
844.804993
846.023010
846.604004
846.653015
846.653992
846.653992
846.653992
846.653992
846.653992
846.653992
846.653992
846.653992
846.653992
852.609985
855.893982
855.898010
855.931030
856.275024
858.562988
861.604004
864.987000
868.237000
871.825012
879.443970
883.593994
888.442993
897.288025
901.601013
902.692017
903.786987
906.955017
910.182007
910.200012
910.200012
910.200012
910.366028
917.041016
918.822021
928.242004
929.244019
930.185974
940.219971
940.268982
940.911987
944.666016
946.161987
948.137024
949.109985
949.447021
949.458984
949.458984
949.458984
949.458984
949.458984
950.586975
954.585999
956.145996
963.351013
963.523987
963.523987
963.525024
966.658997
969.228027
974.080017
974.080017
974.080017
974.088013
985.818970
988.869019
989.991028
990.059998
990.913025
997.109009
1006.693970
1011.994995
1012.312012
1012.640991
1012.791016
1012.864990
1013.875977
1017.570984
1027.597046
1032.996948
1040.463013
1046.034058
1050.479004
1057.254028
1061.305054
1064.048950
1066.672974
1068.001953
1071.838989
1076.545044
1084.276978
1093.906982
1096.727051
1099.286987
1101.540039
1102.961060
1103.041992
1103.197021
1103.612061
1105.061035
1105.927979
1107.869995
1110.854004
1117.967041
1120.869019
1122.078979
1123.265991
1123.489990
1123.578003
1123.602051
1123.605957
1123.605957
1123.605957
1123.605957
1123.605957
1123.605957
1123.608032
1123.608032
1123.770996
1123.833984
1123.833984
1123.833984
1123.833984
1123.833984
1123.833984
1123.833984
1123.836060
1123.838013
1123.838013
1123.838013
1123.838013
1123.838013
1124.176025
1124.437988
1124.557983
1124.868042
1124.871948
1124.871948
1124.871948
1124.871948
1124.871948
1124.871948
1124.871948
1125.038940
1125.076050
1125.078979
1125.100952
1125.103027
1125.817993
1125.973022
1126.453003
1126.453003
1126.453003
1126.457031
1126.457031
1126.457031
1126.457031
1126.457031
1126.459961
1126.499023
1126.505005
1126.505005
1126.505005
1126.505005
1126.505005
1126.505005
1126.505005
1126.505005
1126.506958
1126.506958
1126.512939
1126.520996
1126.520996
1126.520996
1126.526978
1126.657959
1127.108032
1127.521973
1128.003052
1128.396973
1128.465942
1128.477051
1128.484009
1128.495972
1128.500000
1128.504028
1128.512939
1128.543945
1128.563965
1128.583008
1128.583008
1128.583008
1128.583008
1128.583008
1128.583008
1128.583008
1128.583008
1128.654053
1128.942993
1128.948975
1128.948975
1128.948975
1128.948975
1128.948975
1128.984985
1129.017944
1129.068970
1129.130981
1129.135986
1129.135986
1129.135986
1129.135986
1129.135986
1129.135986
1129.135986
1129.135986
1129.139038
1129.141968
1129.191040
1129.209961
1130.954956
1133.932007
1137.119019
1142.563965
1147.802002
1155.691040
1165.060059
1171.827026
1173.290039
1174.344971
1178.701050
1179.989014
1181.034058
1181.598022
1181.814941
1181.843994
1182.208984
1184.081055
1186.439941
1186.451050
1186.463989
1186.463989
1186.463989
1186.463989
1186.463989
1186.463989
1186.463989
1186.463989
1186.463989
1186.463989
1186.463989
1186.463989
