0.00253228
0.000485624
0.0143346
0.00094048
0.000940688
0.00576723
0.00135772
0.0024915
0.00127301
0.00679359
0.0126794
0.00118611
0.001538
0.000642817
0.00439878
0.00215761
0.00135225
0.0113953
0.0107389
0.000536199
0.000745097
0.0084998
0.000689878
0.0166637
0.00625414
0.000611299
0.00073282
0.00568717
0.000677511
0.00936087
0.0011245
0.0246035
0.0017191
0.00075021
0.00113429
0.0166592
0.00247807
0.00464875
0.00785944
0.0161701
0.0127388
0.0095537
0.000296128
0.000417546
0.00953416
0.00327576
0.000620007
0.000823144
0.00114191
0.0107039
0.00390499
0.00132703
0.000726473
0.00434171
0.000813928
0.00551537
0.000828009
0.0145175
0.000482084
0.000618154
0.00784426
0.00103543
0.00767742
0.000574029
0.000904565
0.000906318
0.00790667
0.0083383
0.00483144
0.000478851
0.0108493
0.00202524
0.0160157
0.000790583
0.00648563
0.000521367
0.00736152
0.000550987
0.000840095
0.000847417
0.00102949
0.00143731
0.000604718
0.000950513
0.00103787
0.00104415
0.00416967
0.0011937
0.00560652
0.0036149
0.0031514
0.000519288
0.0007648
0.0178982
0.000679286
0.0159785
0.0129304
0.00499717
0.000596593
0.00672878
0.000823055
0.00192535
0.00099702
0.000942529
0.0013016
0.00150102
0.00127417
0.00191885
0.00160428
0.00164158
0.00130847
0.00190902
0.00199568
0.00223779
0.00116778
0.00137014
0.00163031
0.0127282
0.0026809
0.0208114
0.000623269
0.0133511
0.000697629
0.00150931
0.000892403
0.0152044
0.000637874
0.000984588
0.0103105
0.014574
0.000674945
0.00069392
0.00150038
0.00131211
0.00219996
0.0182248
0.00219691
0.0151536
0.000538266
0.000462532
0.00260969
0.00714123
0.000638278
0.0136381
0.000292053
0.011007
0.000440463
0.000517082
0.00631042
0.00110107
0.00109452
0.00179528
0.00300974
0.000911566
0.000876339
0.000982772
0.00151486
0.00683299
0.00280261
0.00223137
0.00161527
0.00286658
0.0022557
0.00221589
0.000490409
0.000324939
0.000242149
0.00447602
0.0279885
0.000690715
0.0109918
0.000485551
0.000600928
0.00611054
0.000711385
0.00689814
0.00052527
0.00510235
0.00182979
0.00456477
0.00792365
0.00289389
0.00128541
0.000681751
0.000722561
0.000798318
0.00055637
0.00071868
0.000941407
0.0171495
0.000972906
0.000433533
0.00430787
0.00694113
0.000821744
0.00458982
0.00108982
0.00312586
0.00338019
0.00640311
0.00346743
0.0045991
0.00315842
0.0041516
0.00462895
0.00673188
0.00677182
0.00506345
0.0161881
0.000787718
0.0102382
0.000773563
0.00251891
0.000692211
0.00532582
0.00181421
0.0209748
0.021095
0.0207773
0.0206705
0.0280419
0.0208252
0.0219449
0.0209108
0.0205502
0.0220636
0.0208547
0.0208899
0.0208498
0.0210808
0.02074
0.0224759
0.0209122
0.0204815
0.0206771
0.0206464
0.0204679
0.0208149
0.0204746
0.0211914
0.0209282
0.0212245
0.0210564
0.0206091
0.0205926
0.020447
0.0207084
0.0207501
0.0209537
0.0212371
0.0207077
0.0208065
0.0228454
0.0205501
0.02056
0.0207364
0.0206392
0.0206926
0.0206899
0.020673
0.0206139
0.0210496
0.0212273
0.0209886
0.0206489
0.0211435
0.0208659
0.0208474
0.0210622
0.0217359
0.020838
0.02054
0.0209434
0.020985
0.0208594
0.0205711
0.0212533
0.0209099
0.0205569
0.0207194
0.0206875
0.0206212
0.0205362
0.0262637
0.0207224
0.0223542
0.0228671
0.0210272
0.0248122
0.02083
0.0208212
0.0247084
0.0222504
0.0206437
0.0211176
0.02396
0.0230069
0.0213727
0.02071
0.0205602
0.0208845
0.0209218
0.0204998
0.0217624
0.0205525
0.0209936
0.0203945
0.0206979
0.0206999
0.0206575
0.0203905
0.0206181
0.0208336
0.020759
0.0207636
0.0208283
0.0206761
0.0206236
0.0203945
0.0209439
0.0204869
0.0205847
0.0207496
0.0206003
0.0206623
0.0211655
0.0205641
0.0205846
0.0205921
0.0205897
0.0212415
