12.3673
12.7698
18.3093
18.3258
18.3573
18.3798
18.3961
18.417
18.4362
20.8728
23.9669
25.011
25.0217
25.0407
26.3203
26.3376
26.3569
27.4535
28.4932
28.503
28.514
32.6399
32.6516
36.393
38.9415
38.9557
38.9692
45.2861
51.3928
51.6038
51.6163
58.2248
58.2374
58.2566
58.267
60.8375
60.8534
60.875
76.466
76.7144
80.643
87.6758
87.6869
88.1023
97.5161
97.5366
97.964
97.974
106.086
111.978
111.991
112.009
117.374
117.818
117.834
127.231
127.244
135.25
135.266
135.276
135.879
135.892
142.623
142.639
142.656
142.676
142.819
152.253
152.276
157.397
158.907
158.918
159.619
159.634
168.824
168.839
169.481
174.497
174.517
174.698
174.708
174.939
174.96
174.978
174.988
175.008
175.022
205.757
205.788
219.395
223.833
223.851
223.861
226.023
226.036
236.259
241.47
246.47
247.952
252.96
267.39
267.411
267.424
267.825
267.841
267.861
267.881
267.892
267.911
267.931
267.951
267.971
267.992
268.012
268.047
268.066
269.737
291.411
295.806
300.027
300.046
300.498
300.515
300.537
300.556
304.829
328.811
332.258
341.563
343.293
343.309
345.021
345.041
345.051
345.075
345.928
353.237
354.114
357.093
357.113
357.536
361.283
363.862
365.973
369.061
369.271
369.281
369.292
371.533
380.974
380.997
387.514
387.536
392.236
392.247
392.257
392.267
392.293
392.309
392.328
392.347
392.368
408.51
421.648
421.666
421.676
424.221
424.466
429.788
430.216
434.621
434.633
434.65
435.04
435.051
439.012
439.026
439.882
439.899
443.274
445.934
445.949
445.967
445.986
445.997
446.016
446.027
446.046
446.056
447.609
447.623
447.642
447.797
462.414
463.54
463.555
463.569
483.366
483.385
486.92
486.939
493.462
494.1
494.122
494.142
494.164
494.184
494.202
506.33
506.345
526.472
526.483
533.009
534.078
534.294
536.04
596.345
596.376
596.406
596.445
596.493
596.532
596.571
596.61
596.641
596.672
596.71
596.748
596.785
596.825
596.855
596.887
596.925
596.963
596.995
597.025
597.055
597.085
597.115
597.155
597.189
597.22
597.25
597.29
597.32
597.35
597.38
597.414
597.445
597.476
597.515
597.556
597.588
597.621
597.651
597.69
597.72
597.75
597.78
597.823
597.861
597.901
597.941
597.98
598.01
598.052
598.09
598.121
598.161
598.192
598.23
598.274
598.311
598.35
598.391
598.43
598.461
598.502
598.54
598.571
598.601
598.631
598.661
598.696
598.738
598.777
598.818
598.856
598.899
598.946
598.985
599.019
599.051
599.09
599.15
599.184
599.218
599.256
599.286
599.316
599.357
599.396
599.426
599.457
599.496
599.537
599.579
599.616
599.656
599.696
599.726
599.756
599.797
599.836
599.876
599.906
599.936
599.967
600.002
600.042
600.072
600.102
600.133
600.172
600.208
600.248
600.278
600.308
600.338
600.368
600.417
