0.0011331
0.00712919
0.00639682
0.00281135
0.00233326
0.0204525
0.00176915
0.00237592
0.00188274
0.0253788
0.0173411
0.00317863
0.00376845
0.00461761
0.002055
0.00124186
0.0030126
0.00114331
0.00205676
0.00205456
0.00403072
0.00938819
0.00210572
0.0096372
0.00910804
0.00474098
0.00704767
0.00462941
0.011603
0.00405445
0.00280102
0.00164583
0.0233023
0.000824441
0.00213863
0.0272179
0.0111528
0.00199856
0.0196341
0.0280338
0.0142225
0.00357517
0.022731
0.00657236
0.0243936
0.00198702
0.00125994
0.00220539
0.0237012
0.000946733
0.00330906
0.00395222
0.00237325
0.000571705
0.00511453
0.0115779
0.0160342
0.00964057
0.00753558
0.0221924
0.0407646
0.00117752
0.00315398
0.000539345
0.0152008
0.00104825
0.00268387
0.000600476
0.00487577
0.00507127
0.00107078
0.0063343
0.00809522
0.00151324
0.00210828
0.00108931
0.00282634
0.00109877
0.000900782
0.001975
0.0143375
0.00529863
0.0129175
0.0111096
0.0300852
0.00726117
0.00155337
0.00611371
0.00141299
0.0352941
0.0162934
0.0032048
0.00815482
0.000973631
0.00267391
0.00176583
0.0218569
0.0145351
0.00140329
0.0180953
0.00195451
0.00746083
0.00309196
0.00177905
0.00766674
0.00141908
0.0121365
0.00458825
0.00185647
0.00493557
0.00734352
0.00619059
0.00192545
0.00402295
0.0284862
0.00127632
0.0224642
0.00586447
0.000854748
0.000811261
0.0024081
0.00189282
0.00181545
0.00117135
0.0153885
0.0074287
0.0115211
0.00132853
0.00212978
0.0183424
0.00348441
0.00760032
0.00119434
0.00174142
0.00170611
0.0131988
0.00456971
0.00282608
0.0176082
0.00160776
0.00506353
0.00118429
0.0165007
0.0010999
0.00209682
0.0121372
0.00101395
0.0118565
0.0142583
0.00155766
0.00107845
0.00136551
0.00704048
0.00284223
0.00666676
0.00166056
0.00438366
0.00313465
0.00396325
0.00256783
0.00251912
0.00728052
0.0118235
0.0129401
0.00271933
0.0111059
0.00520229
0.0042146
0.00505243
0.00321595
0.00344447
0.00327226
0.0015636
0.00274242
0.00803638
0.00655507
0.00762327
0.0171075
0.00709558
0.00501792
0.00484553
0.00209338
0.00166831
0.00826168
0.0112901
0.00109322
0.00622337
0.00190005
0.0132224
0.0022842
0.0114245
0.0101607
0.010281
0.0242402
0.0348833
0.00289904
0.00106239
0.0200511
0.0174257
0.00167732
0.000451936
0.000942425
0.0011595
0.0132115
0.000611348
0.00245613
0.0278481
0.000534897
0.0146018
0.0177994
0.000800863
0.00218173
0.00175452
0.000574583
0.0116845
0.00133316
0.00823795
0.0158405
0.00625245
0.00294653
0.00129029
0.0350308
0.0015258
0.00742619
0.00667278
0.0168553
0.00858961
0.00138818
0.00366421
0.00329778
0.010343
0.00539633
0.00218253
0.0113525
0.00172332
0.00321671
0.00573008
0.00496838
0.00479356
0.00456591
0.00627777
0.00327409
0.00309814
0.00200374
0.00133433
0.00134003
0.0235248
0.0115215
0.00779561
0.00090028
0.0175591
0.00520091
0.00362822
0.0162429
0.00139026
0.0171523
0.00117812
0.00299603
0.0252896
0.00105731
0.00626334
0.000538611
0.000805083
0.00628775
0.0164369
0.017859
0.00619344
0.0131846
0.00329552
0.0161079
0.0403342
0.00646986
0.00918371
0.00186644
0.00243014
0.00338837
0.00471551
0.00143519
0.00545291
0.00201628
0.00838744
0.00437213
0.0159718
0.00590313
0.0197133
0.00555135
0.00232996
0.00809474
0.0104452
0.00167328
0.000758846
0.00147729
0.00218526
0.0013331
0.0111343
0.000922132
0.000798758
0.0137607
0.00448224
0.00212716
0.000956129
0.00217441
0.00530555
0.000939869
0.00592281
0.0211014
0.0011013
0.0133002
0.00767876
0.0018537
0.000596865
0.00148454
0.00111616
0.0154287
0.00468805
0.0144468
0.0210997
0.00100995
0.00564824
0.00099428
0.0121577
0.00169468
0.0102713
0.00286856
0.00651724
0.00252927
0.00363694
0.00929008
0.00241988
0.00327077
0.00588201
0.00356469
0.00224908
0.00477095
0.00738872
0.00181191
0.00609443
0.00863492
0.00282941
0.00493214
0.0035944
0.00523228
0.00305572
0.00170819
0.00193749
0.00244708
0.00789241
0.00128037
0.00757842
0.000968295
0.000483588
0.00698749
0.00138068
0.00847133
0.00091879
0.00101129
0.00422917
0.000596018
0.00143018
0.0110341
0.00927801
0.0196352
0.000715399
0.000502516
0.00104847
0.0132301
0.00126524
0.0155666
0.00256831
0.017133
0.00105377
0.00113643
0.00716408
0.00438148
0.00124248
0.00289182
0.00248459
0.0034808
0.00074074
0.00159967
0.00356323
0.000940417
0.00127058
0.00538471
0.0124784
0.0283762
0.00300125
0.0404228
0.00796616
0.00101648
0.00649207
0.000853171
0.00390152
0.00164525
0.0201858
0.00164008
0.00309271
0.00354819
0.0107937
0.0119349
0.00466993
0.024503
0.0135153
0.0277197
0.00191523
0.00313448
0.00208735
0.00176861
0.00432258
0.00175886
0.00177804
0.0125298
0.00177216
0.00760214
0.0158254
0.00915824
0.00288845
0.00160838
0.00187337
0.000806437
0.0101421
0.00834744
0.00785028
0.00664911
0.00365444
0.00360996
0.00411978
0.00126449
0.00121584
0.000693705
0.000894024
0.00433631
0.00766804
0.00476316
0.00624023
0.00215643
0.0135928
0.00112789
0.00822601
0.000567445
0.00338111
0.0094262
0.00398491
0.00352094
0.00867495
0.00405442
0.00260732
0.00228114
0.00166167
0.00111773
0.00137067
0.00218459
0.00433691
0.00189834
0.0156526
0.00330374
0.00515151
0.00579995
0.00868586
0.0114702
0.00202897
0.0013046
0.00753327
0.00739166
0.00985109
0.0112089
0.00754544
0.00846486
0.0077214
0.00602505
0.00601456
0.00343799
0.00542648
0.0158261
0.0142444
0.0109019
0.011271
0.00888503
0.00771752
0.0116632
0.00558205
0.00532804
0.00788069
0.00416794
0.00456085
0.00450814
0.0136238
0.00321735
0.00744313
0.00590441
0.00338631
0.00338034
0.00298396
0.00201293
0.0017356
