7.84233
9.50004
11.276
12.1625
12.3873
12.5894
12.782
13.4636
15.1898
16.7742
18.5071
20.2339
20.8893
21.6922
21.9295
22.8643
23.9873
25.0538
26.3682
27.4734
28.537
28.7375
28.9609
29.1698
30.6865
32.4307
32.6685
33.0992
34.8337
36.1424
36.4067
36.5551
36.847
38.5368
38.9874
39.4079
40.4394
42.2011
43.7738
44.6823
45.1041
45.3038
47.074
47.7244
49.0481
50.7211
51.4102
51.6373
53.3203
55.0438
56.2922
56.7274
58.2875
59.9652
60.8958
62.3542
64.0907
65.4149
67.1744
68.8652
69.5178
71.197
72.9487
74.5308
74.9631
76.4794
76.7313
78.5054
79.5507
80.6654
80.8374
82.5347
84.2328
84.4262
86.1142
87.7001
88.1146
89.3726
89.8231
91.4372
91.8952
93.4267
93.8649
95.5486
95.7935
97.561
97.9848
99.727
99.9548
101.531
101.982
103.671
104.12
105.88
106.098
107.869
109.574
110.462
112.029
113.704
115.478
117.18
117.387
117.844
119.399
121.162
121.602
123.33
125.022
125.488
127.261
128.933
130.639
132.423
132.887
133.084
133.791
135.291
135.912
137.613
139.326
141.092
142.697
142.832
143.702
145.285
146.354
147.87
148.936
150.734
152.295
153.935
155.661
157.413
157.814
158.04
158.941
159.645
161.347
162.672
163.97
165.728
167.484
168.849
169.496
169.916
171.621
172.077
173.849
174.298
174.537
174.728
175.045
176.664
178.427
180.173
180.821
182.549
184.323
186.099
187.928
189.689
189.924
191.651
191.861
193.636
194.03
195.771
197.533
199.28
200.983
202.649
203.082
204.213
205.814
207.525
208.591
209.928
211.664
213.424
215.145
216.867
218.534
219.42
220.444
222.123
222.336
223.872
225.579
226.048
226.922
228.463
229.12
230.869
231.699
232.092
233.383
233.831
234.52
236.275
236.704
237.345
239.076
240.824
241.261
241.489
242.561
244.35
244.795
245.468
246.486
247.963
249.745
251.403
252.296
252.975
254.348
255.43
256.923
257.149
258.855
259.724
261.408
262.053
263.148
264.938
266.662
267.44
268.088
269.76
271.476
273.193
274.946
275.185
276.906
278.233
278.681
280.383
282.084
283.778
284.392
286.138
287.821
289.626
291.43
293.142
293.605
295.379
295.606
295.824
296.721
297.347
299.124
299.36
300.067
300.26
300.576
302.414
303.143
304.404
304.853
306.352
308.026
309.719
310.159
311.856
313.643
314.528
315.989
316.872
318.194
319.81
320.043
320.916
321.962
322.609
324.376
326.169
327.898
328.831
330.529
332.281
332.903
333.953
335.677
336.729
338.453
340.22
341.124
341.575
343.329
345.091
345.942
346.975
348.729
348.918
350.568
352.369
353.26
354.132
355.848
357.125
357.559
359.304
361.052
361.317
362.168
363.898
365.576
365.991
367.76
369.072
369.312
369.706
371.551
373.228
373.645
375.356
375.566
377.246
377.713
379.018
380.768
381.016
382.71
383.151
383.383
385.125
386.23
387.556
388.363
390.107
391.798
392.39
394.205
395.9
397.635
399.329
399.523
401.217
402.956
404.688
406.003
407.677
408.53
410.191
410.646
412.339
412.565
414.321
416.01
417.759
418.193
419.511
421.206
421.686
423.381
424.233
424.483
425.769
425.977
426.823
428.056
429.807
430.23
431.105
432.874
433.949
434.672
434.832
435.07
436.125
437.872
438.35
439.038
439.921
441.59
443.293
443.725
444.398
446.08
447.652
447.813
449.108
449.786
451.528
451.723
453.516
455.175
455.613
456.054
456.907
458.618
460.343
462.018
462.429
463.081
463.582
465.274
467.006
468.731
470.079
471.586
473.287
473.459
475.003
475.461
476.814
477.708
479.023
479.677
480.787
482.531
483.408
485.186
486.962
488.656
490.426
491.727
493.478
494.227
496.026
497.762
499.444
501.171
502.906
504.608
506.356
508.048
509.773
511.083
511.928
512.572
513.886
514.336
516.053
517.846
518.064
519.106
519.759
520.403
522.159
523.836
524.907
525.809
526.506
528.219
529.948
531.699
533.028
534.089
534.311
536.063
537.802
538.276
538.735
540.477
542.189
543.939
545.686
546.098
546.318
546.745
548.465
550.179
551.92
553.609
555.311
556.977
558.691
560.408
562.069
563.773
563.983
565.759
567.467
569.177
570.901
572.58
574.305
575.99
577.693
579.395
581.133
582.705
584.425
586.165
587.633
587.83
589.56
590.836
592.549
593.595
595.305
596.116
