2.83369
3.02739
3.23626
3.44825
3.6698
3.86362
4.07801
4.28721
4.48774
4.68844
4.89083
5.13014
5.32894
5.54337
5.74658
5.9544
6.22215
6.4558
6.67466
6.87715
7.08803
7.32245
7.55399
7.75215
7.99017
8.18086
8.3902
8.6181
8.81916
9.05432
9.25298
9.4761
9.71189
9.94196
10.1332
10.3446
10.5863
10.8107
11.0185
11.2519
11.4884
11.6898
11.9191
12.1404
12.3555
12.5513
12.7591
12.9619
13.1874
13.4237
13.62
13.8215
14.0525
14.2815
14.4833
14.7235
14.9484
15.1759
15.4089
15.6442
15.8766
16.0743
16.2858
16.5143
16.7394
16.9543
17.1475
17.3813
17.6159
17.8167
18.0429
18.2782
18.4897
18.6893
18.9139
19.1231
19.3162
19.5509
19.746
19.9801
20.2196
20.4493
20.6548
20.8491
21.0523
21.2773
21.4738
21.6778
21.9155
22.1445
22.3831
22.6169
22.8503
23.0548
23.2549
23.4887
23.7253
23.9355
24.1274
24.339
24.5595
24.7648
24.9956
25.2278
25.4626
25.672
25.9004
26.1072
26.3034
26.5358
26.7403
26.9777
27.2029
27.429
27.639
27.8316
28.0361
28.2647
28.4731
28.7104
28.9352
29.1344
29.371
29.5768
29.7972
30.0118
30.2051
30.4318
30.6674
30.8689
31.0737
31.3094
31.5392
31.7327
31.9312
32.1644
32.4078
32.6149
32.8381
33.0785
33.2857
33.4791
33.7124
33.9116
34.1485
34.3532
34.569
34.805
35.0033
35.2252
35.4374
35.6421
35.8801
36.1195
36.3472
36.5401
36.8057
37.0316
37.2292
37.4387
37.6379
37.8377
38.0763
38.3062
38.5036
38.7011
38.9258
39.1608
39.362
39.5571
39.7803
39.9776
40.1868
40.4091
40.6415
40.8761
41.0889
41.3221
41.5108
41.7489
41.9527
42.1868
42.4062
42.6334
42.8527
43.0718
43.2691
43.4951
43.7434
43.978
44.2069
44.4372
44.6371
44.8405
45.0725
45.2694
45.4966
45.7045
45.9349
46.1431
46.3646
46.593
46.7983
47.0349
47.2317
47.4667
47.7056
47.9297
48.1318
48.3296
48.5297
48.7712
49.0034
49.2054
49.4411
49.6727
49.9038
50.1014
50.2992
50.5037
50.6986
50.9031
51.1452
51.3824
51.5773
51.7797
51.9874
52.1952
52.4279
52.6306
52.834
53.0616
53.2784
53.4831
53.7198
53.9541
54.1628
54.4058
54.6196
54.8178
55.0229
55.2222
55.4567
55.6433
55.8422
56.0445
56.2787
56.4762
56.6756
56.9062
57.1039
57.3297
57.5374
57.7693
57.9759
58.1818
58.4075
58.6177
58.8535
59.0884
59.3071
59.5126
59.7382
59.9442
60.1835
60.3923
60.5843
60.809
61.0165
61.2148
61.4497
61.6597
61.8836
62.0951
62.3261
62.5584
62.7801
62.9831
63.1887
63.417
63.6366
63.8529
64.0634
64.2868
64.517
64.748
64.9644
65.1728
65.3873
65.616
65.8097
66.0095
66.2503
66.4824
66.7172
66.9464
67.1472
67.3443
67.5525
67.7796
67.9797
68.1805
68.384
68.6215
68.8252
69.0341
69.2371
69.4603
69.6616
69.8898
70.102
70.3001
70.5106
70.7424
70.9742
71.1834
71.4051
71.6044
71.8292
72.0282
72.2735
72.4918
72.6928
72.933
73.1715
73.3906
73.5858
73.8284
74.0292
74.2721
74.511
74.7067
74.935
75.1465
75.3769
75.5864
75.8143
76.0134
76.2495
76.4487
76.6882
76.913
77.1413
77.3796
77.5932
77.8018
78.0349
78.2389
78.4768
78.6737
78.9073
79.1007
79.3394
79.5348
79.7377
79.9728
80.1743
80.4081
80.6204
80.8193
81.018
81.2159
81.4218
81.6563
81.8536
82.0874
82.3194
82.5175
82.7161
82.9189
83.1559
83.354
83.5571
83.7836
83.9931
84.2147
84.4139
84.6114
84.8506
85.0744
85.2766
85.4885
85.6932
85.8896
86.0957
86.3282
86.5606
86.7862
86.989
87.1978
87.4468
87.6502
87.8871
88.0852
88.2925
88.5098
88.7204
88.9167
89.1517
89.3544
89.5954
89.8129
90.0173
90.2488
90.4928
90.7188
90.9572
91.1923
91.4246
91.6255
91.862
92.0622
92.2582
92.4959
92.7301
92.9638
93.1728
93.4033
93.6036
93.8347
94.036
94.2657
94.4648
94.6983
94.9253
95.1218
95.3232
95.5247
95.7522
95.963
96.1931
96.3901
96.6201
96.8296
97.0538
97.2955
97.4946
97.7225
97.9296
98.133
98.3634
98.5934
98.7992
99.033
99.2673
99.4724
99.7109
99.9381
100.171
100.409
100.612
100.808
101.012
101.245
101.477
101.712
101.943
102.167
102.367
102.566
102.77
103.004
103.224
103.433
103.658
103.869
104.091
104.295
104.51
104.727
104.958
105.202
105.432
105.633
105.869
106.066
106.276
106.51
106.73
106.932
107.166
107.363
107.594
107.821
108.027
108.26
108.488
108.696
108.892
109.124
109.327
109.529
109.73
109.954
110.189
110.434
110.663
110.86
111.085
111.296
111.525
111.725
111.95
112.153
112.388
112.596
112.827
113.034
113.238
113.471
113.672
113.905
114.106
114.332
114.57
114.801
115.037
115.236
115.466
115.679
115.878
116.115
116.318
116.521
116.728
116.958
117.16
117.361
117.565
117.802
118.002
118.239
118.468
118.709
118.936
119.142
119.374
119.575
119.808
120.039
120.233
120.445
120.676
120.906
121.142
121.374
121.58
121.81
122.01
122.248
122.469
122.679
122.874
123.077
123.31
123.51
123.741
123.946
124.156
124.369
124.603
124.799
125.002
125.232
125.473
125.683
125.882
126.11
126.307
126.54
126.769
127.007
127.205
127.404
127.639
127.84
128.068
128.272
128.508
128.707
128.911
129.146
129.345
129.549
129.782
129.99
130.181
130.385
130.618
130.818
131.057
131.259
131.501
131.724
131.966
132.178
132.401
132.601
132.841
133.07
133.309
133.542
133.746
133.974
134.174
134.384
134.583
134.817
135.023
135.22
135.429
135.623
135.859
136.099
136.323
136.526
136.726
136.965
137.201
137.397
137.602
137.832
138.03
138.229
138.456
138.669
138.886
139.104
139.305
139.529
139.764
139.998
140.205
140.436
140.658
140.871
141.071
141.301
141.501
141.711
141.947
142.171
142.367
142.598
142.8
142.993
143.226
143.437
143.668
143.904
144.148
144.369
144.581
144.801
145.037
145.267
145.501
145.709
145.904
146.142
146.333
146.561
146.796
146.992
147.195
147.421
147.66
147.856
148.091
148.293
148.505
148.718
148.921
149.128
149.359
149.587
149.787
150.015
150.255
150.455
150.697
150.931
151.135
151.368
151.597
151.794
152.019
152.232
152.437
152.634
152.865
153.074
153.269
153.466
153.672
153.911
154.11
154.338
154.546
154.768
154.992
155.223
155.42
155.643
155.85
156.055
156.283
156.481
156.683
156.912
157.118
157.364
157.564
157.803
158.008
158.214
158.445
158.673
158.876
159.124
159.353
159.582
159.821
160.044
160.271
160.469
160.706
160.91
161.105
161.313
161.558
161.791
162.006
162.239
162.461
162.661
162.865
163.071
163.311
163.512
163.746
163.947
164.171
164.371
164.599
164.811
165.036
165.24
165.471
165.708
165.941
166.174
166.369
166.574
166.807
167.006
167.22
167.45
167.651
167.879
168.104
168.342
168.578
168.804
169.009
169.213
169.455
169.677
169.887
170.114
170.317
170.52
170.726
170.95
171.156
171.393
171.602
171.835
172.056
172.292
172.53
172.728
172.934
173.156
173.388
173.617
173.819
174.047
174.284
174.483
174.681
174.921
175.113
175.323
175.544
175.779
176.008
176.214
176.442
176.641
176.874
177.072
177.307
177.504
177.707
177.936
178.17
178.406
178.611
178.841
179.082
179.319
179.522
179.752
179.954
180.157
180.391
180.599
180.799
181.002
181.238
181.471
181.67
181.889
182.09
182.324
182.53
182.765
182.962
183.163
183.399
183.63
183.868
184.069
184.299
184.496
184.732
184.938
185.175
185.41
185.615
185.848
186.086
186.324
186.561
186.784
187.003
187.211
187.446
187.671
187.909
188.145
188.363
188.56
188.788
188.986
189.232
189.461
189.663
189.894
190.097
190.333
190.533
190.747
190.955
191.179
191.378
191.618
191.843
192.086
192.281
192.482
192.721
192.952
193.156
193.382
193.615
193.811
194.014
194.243
194.445
194.648
194.881
195.086
195.29
195.52
195.75
195.993
196.222
196.427
196.63
196.839
197.053
197.287
197.51
197.71
197.919
198.152
198.362
198.599
198.831
199.072
199.265
199.48
199.699
199.9
200.1
200.3
200.534
200.727
200.963
201.166
201.396
201.595
201.798
202.028
202.229
202.426
202.627
202.862
203.06
203.302
203.532
203.734
203.961
204.201
204.433
204.635
204.844
205.076
205.309
205.5
205.74
205.95
206.158
206.396
206.593
206.839
207.069
207.27
207.501
207.712
207.945
208.169
208.375
208.569
208.794
209.001
209.233
209.462
209.69
209.892
210.119
210.321
210.544
210.75
210.96
211.188
211.415
211.647
211.891
212.11
212.313
212.547
212.741
212.974
213.203
213.401
213.605
213.812
214.011
214.21
214.444
214.675
214.88
215.118
215.321
215.55
215.769
215.979
216.202
216.401
216.606
216.838
217.038
217.239
217.445
217.647
217.879
218.09
218.325
218.522
218.71
218.939
219.181
219.379
219.573
219.776
220.009
220.21
220.414
220.641
220.843
221.045
221.248
221.456
221.685
221.887
222.088
222.321
222.524
222.722
222.949
223.15
223.379
223.583
223.816
224.016
224.221
224.449
224.683
224.886
225.114
225.318
225.548
225.754
225.986
226.191
226.439
226.662
226.891
227.097
227.321
227.527
227.731
227.966
228.206
228.434
228.681
228.88
229.093
229.315
229.547
229.747
229.973
230.175
230.417
230.617
230.832
231.061
231.256
231.458
231.654
231.874
232.073
232.277
232.491
232.721
232.956
233.157
233.359
233.56
233.793
234.038
234.254
234.486
234.688
234.912
235.15
235.344
235.55
235.8
236.027
236.229
236.456
236.686
236.889
237.124
237.333
237.553
237.758
237.989
238.195
238.4
238.604
238.828
239.058
239.256
239.455
239.688
239.92
240.157
240.389
240.592
240.801
241.046
241.245
241.447
241.656
241.858
242.057
242.294
242.514
242.731
242.957
243.192
243.428
243.655
243.902
244.128
244.336
244.536
244.761
245.008
245.2
245.431
245.627
245.832
246.024
246.247
246.449
246.684
246.893
247.101
247.336
247.537
247.742
247.938
248.167
248.368
248.568
248.803
249.014
249.265
249.497
249.725
249.927
250.127
250.354
250.554
250.755
250.985
251.183
251.384
251.612
251.817
252.024
252.265
252.499
252.739
252.944
253.176
253.374
253.618
253.859
254.082
254.324
254.56
254.788
254.989
255.189
255.395
255.628
255.845
256.072
256.272
256.48
256.707
256.901
257.129
257.334
257.564
257.766
257.975
258.199
258.403
258.637
258.835
259.035
259.234
259.468
259.671
259.9
260.104
260.299
260.526
260.76
260.963
261.161
261.394
261.594
261.802
262.029
262.263
262.494
262.697
262.92
263.123
263.357
263.556
263.786
263.987
264.213
264.452
264.678
264.907
265.105
265.336
265.535
265.749
265.983
266.215
266.464
266.688
266.918
267.133
267.371
267.602
267.81
268.043
268.271
268.476
268.683
268.882
269.088
269.316
269.518
269.725
269.946
270.179
270.379
270.582
270.78
271.015
271.247
271.456
271.657
271.891
272.095
272.331
272.531
272.724
272.941
273.171
273.36
273.592
273.796
274.026
274.253
274.457
274.692
274.925
275.157
275.358
275.586
275.79
276.025
276.252
276.484
276.684
276.885
277.088
277.314
277.516
277.745
277.979
278.219
278.429
278.657
278.864
279.076
279.279
279.507
279.717
279.954
280.159
280.368
280.566
280.767
280.988
281.197
281.402
281.625
281.856
282.06
282.265
282.493
282.686
282.876
283.075
283.308
283.554
283.756
283.94
284.166
284.371
284.587
284.831
285.054
285.255
285.476
285.682
285.879
286.116
286.316
286.523
286.725
286.934
287.139
287.376
287.605
287.808
288.045
288.253
288.482
288.704
288.949
289.191
289.407
289.608
289.81
290.044
290.272
290.467
290.699
290.931
291.169
291.389
291.623
291.86
292.065
292.287
292.49
292.695
292.93
293.129
293.366
293.568
293.798
294.034
294.236
294.47
294.71
294.945
295.148
295.351
295.581
295.786
296.021
296.248
296.482
296.688
296.893
297.113
297.32
297.549
297.773
297.989
298.191
298.422
298.659
298.866
299.101
299.327
299.536
299.756
299.996
300.232
300.466
300.69
300.89
301.091
301.294
301.523
301.724
301.924
302.153
302.395
302.643
302.871
303.102
303.334
303.562
303.765
303.966
304.171
304.381
304.595
304.797
305.007
305.234
305.446
305.651
305.888
306.127
306.329
306.528
306.724
306.919
307.141
307.356
307.586
307.794
307.997
308.193
308.391
308.595
308.805
309.012
309.251
309.48
309.695
309.894
310.133
310.326
310.527
310.723
310.954
311.179
311.379
311.615
311.823
312.036
312.278
312.504
312.709
312.949
313.176
313.415
313.627
313.848
314.049
314.255
314.494
314.724
314.955
315.155
315.374
315.575
315.786
315.968
316.197
316.406
316.616
316.837
317.058
317.272
317.489
317.703
317.926
318.143
318.363
318.561
318.771
318.973
319.178
319.385
319.578
319.79
320.015
320.215
320.456
320.691
320.895
321.097
321.324
321.523
321.74
321.95
322.172
322.398
322.594
322.82
323.05
323.291
323.489
323.69
323.918
324.147
324.354
324.584
324.825
325.056
325.288
325.487
325.72
325.955
326.155
326.382
326.578
326.778
327.012
327.214
327.449
327.649
327.879
328.077
328.32
328.558
328.785
328.988
329.194
329.424
329.631
329.866
330.102
330.308
330.512
330.722
330.927
331.147
331.363
331.57
331.79
332.013
332.246
332.456
332.667
332.87
333.073
333.304
333.529
333.73
333.93
334.16
334.372
334.583
334.805
335.017
335.221
335.442
335.647
335.875
336.082
336.27
336.468
336.709
336.931
337.137
337.351
337.573
337.767
337.987
338.216
338.433
338.661
338.879
339.102
339.329
339.551
339.764
339.971
340.196
340.426
340.665
340.905
341.099
341.311
341.538
341.767
341.966
342.188
342.406
342.63
342.849
343.049
343.267
343.491
343.717
343.95
344.152
344.354
344.555
344.792
345.001
345.243
345.477
345.68
345.892
346.1
346.325
346.539
346.744
346.956
347.163
347.389
347.602
347.793
348.035
348.273
348.504
348.707
348.908
349.116
349.327
349.525
349.742
349.964
350.146
350.347
350.545
350.763
350.994
351.225
351.461
351.665
351.889
352.108
352.338
352.564
352.79
353.017
353.219
353.442
353.667
353.867
354.085
354.291
354.529
354.742
354.95
355.183
355.386
355.605
355.816
356.042
356.233
356.436
356.668
356.878
357.079
357.306
357.524
357.734
357.944
358.176
358.407
358.609
358.85
359.08
359.292
359.493
359.721
359.914
360.137
360.37
360.579
360.808
361.03
361.256
361.488
361.704
361.934
362.14
362.374
362.578
362.789
363.027
363.244
363.452
363.655
363.852
364.079
364.299
364.507
364.713
364.937
365.145
365.353
365.549
365.751
365.949
366.189
366.402
366.627
366.843
367.074
367.287
367.518
367.747
367.973
368.189
368.392
368.609
368.809
369.05
369.244
369.471
369.673
369.911
370.139
370.372
370.598
370.819
371.045
371.274
371.508
371.722
371.952
372.151
372.356
372.558
372.759
372.975
373.196
373.4
373.606
373.84
374.042
374.254
374.462
374.67
374.892
375.123
375.341
375.542
375.746
375.961
376.171
376.396
376.618
376.823
377.022
377.228
377.464
377.688
377.922
378.126
378.358
378.563
378.766
378.998
379.22
379.449
379.664
379.887
380.113
380.317
380.544
380.748
380.963
381.161
381.397
381.629
381.828
382.055
382.248
382.464
382.693
382.93
383.139
383.368
383.595
383.82
384.044
384.261
384.47
384.69
384.892
385.099
385.328
385.528
385.735
385.97
386.208
386.411
386.641
386.844
387.063
387.289
387.503
387.726
387.939
388.137
388.345
388.55
388.783
388.988
389.186
389.433
389.664
389.894
390.086
390.286
390.501
390.718
390.915
391.127
391.342
391.574
391.781
391.987
392.222
392.438
392.64
392.851
393.079
393.284
393.514
393.718
393.95
394.183
394.393
394.593
394.799
395.01
395.216
395.439
395.666
395.885
396.113
396.335
396.571
396.779
397.009
397.214
397.409
397.611
397.817
398.018
398.237
398.449
398.653
398.859
399.088
399.309
399.51
399.727
399.923
400.128
400.353
400.555
400.759
400.961
401.195
401.426
401.632
401.856
402.075
402.296
402.509
402.717
402.937
403.166
403.373
403.588
403.788
403.993
404.243
404.437
404.666
404.868
405.078
405.306
405.547
405.753
405.989
406.192
406.392
406.595
406.808
407.03
407.239
407.451
407.666
407.866
408.069
408.27
408.494
408.693
408.893
409.119
409.329
409.529
409.752
409.954
410.172
410.392
410.619
410.841
411.046
411.246
411.452
411.684
411.887
412.089
412.318
412.54
412.756
412.964
413.17
413.405
413.624
413.858
414.083
414.3
414.518
414.721
414.921
415.134
415.334
415.534
415.77
415.991
416.215
416.44
416.653
416.852
417.072
417.295
417.525
417.739
417.972
418.176
418.407
418.625
418.825
419.033
419.256
419.488
419.714
419.929
420.132
420.363
420.56
420.767
420.966
421.189
421.388
421.629
421.859
422.071
422.286
422.501
422.737
422.963
423.16
423.364
423.587
423.797
424.003
424.204
424.444
424.649
424.881
425.095
425.3
425.508
425.739
425.955
426.194
426.389
426.587
426.786
426.999
427.215
427.426
427.634
427.853
428.045
428.245
428.447
428.649
428.884
429.093
429.299
429.529
429.743
429.978
430.205
430.408
430.63
430.837
431.07
431.293
431.495
431.725
431.929
432.181
432.404
432.633
432.855
433.055
433.287
433.497
433.713
433.917
434.146
434.382
434.6
434.803
435.022
435.24
435.462
435.669
435.883
436.105
436.336
436.536
436.766
437.005
437.207
437.436
437.636
437.853
438.097
438.336
438.547
438.763
438.988
439.196
439.418
439.656
439.864
440.073
440.29
440.515
440.738
440.948
441.149
441.368
441.577
441.778
441.983
442.196
442.397
442.619
442.833
443.042
443.257
443.486
443.713
443.935
444.152
444.382
444.586
444.799
445.021
445.247
445.476
445.679
445.915
446.119
446.341
446.552
446.751
446.961
447.176
447.374
447.576
447.782
448.001
448.227
448.462
448.662
448.864
449.093
449.3
449.52
449.758
449.99
450.202
450.426
450.636
450.839
451.075
451.278
451.478
451.701
451.925
452.151
452.364
452.576
452.798
453.013
453.231
453.462
453.669
453.878
454.101
454.3
454.497
454.716
454.93
455.157
455.366
455.586
455.796
456.032
456.24
456.44
456.655
456.888
457.085
457.283
457.49
457.715
457.937
458.167
458.385
458.605
458.831
459.058
459.258
459.46
459.669
459.887
460.108
460.322
460.533
460.741
460.952
461.167
461.365
461.57
461.77
461.985
462.187
462.397
462.622
462.855
463.066
463.298
463.523
463.74
463.958
464.168
464.379
464.581
464.78
465.017
465.246
465.469
465.696
465.919
466.139
466.339
466.54
466.749
466.98
467.2
467.427
467.657
467.881
468.099
468.297
468.507
468.715
468.947
469.164
469.387
469.607
469.815
470.034
470.245
470.452
470.673
470.905
471.136
471.348
471.555
471.758
471.981
472.195
472.419
472.624
472.83
473.04
473.244
473.446
473.663
473.882
474.097
474.323
474.546
474.762
474.991
475.193
475.438
475.653
475.89
476.11
476.338
476.571
476.79
477.006
477.235
477.449
477.674
477.902
478.104
478.333
478.551
478.781
479.003
479.23
479.456
479.655
479.86
480.082
480.307
480.538
480.764
480.99
481.212
481.434
481.634
481.851
482.071
482.294
482.511
482.724
482.924
483.147
483.348
483.573
483.807
484.036
484.252
484.483
484.706
484.931
485.155
485.387
485.611
485.795
486.009
486.224
486.456
486.672
486.903
487.11
487.342
487.565
487.781
487.986
488.181
488.411
488.638
488.858
489.081
489.303
489.526
489.758
489.974
490.198
490.406
490.64
490.847
491.067
491.297
491.498
491.715
491.943
492.167
492.375
492.591
492.799
493.028
493.221
493.443
493.67
493.881
494.085
494.301
494.496
494.725
494.949
495.158
495.364
495.573
495.795
496.008
496.221
496.441
496.654
496.876
497.097
497.312
497.523
497.736
497.945
498.158
498.367
498.572
498.775
498.996
499.21
499.424
499.655
499.88
500.102
500.32
500.527
500.735
500.939
501.15
501.38
501.58
501.804
502.017
502.247
502.469
502.678
502.885
503.105
503.329
503.531
503.746
503.95
504.148
504.387
504.594
504.797
505.025
505.25
505.452
505.663
505.873
506.075
506.299
506.528
506.743
506.95
507.169
507.385
507.615
507.822
508.031
508.239
508.442
508.672
508.878
509.105
509.311
509.536
509.757
509.961
510.173
510.41
510.629
510.864
511.066
511.274
511.493
511.704
511.912
512.126
512.34
512.545
512.779
512.997
513.221
513.443
513.646
513.865
514.087
514.311
514.514
514.727
514.951
515.171
515.389
515.607
515.828
516.038
516.268
516.501
516.708
516.933
517.153
517.365
517.597
517.818
518.048
518.278
518.481
518.675
518.882
519.083
519.3
519.522
519.748
519.974
520.175
520.381
520.617
520.832
521.057
521.279
521.481
521.698
521.928
522.137
522.339
522.545
522.744
522.959
523.164
523.388
523.61
523.816
524.033
524.24
524.441
524.663
524.893
525.113
525.336
525.563
525.79
526.006
526.242
526.443
526.656
526.882
527.098
527.322
527.551
527.776
527.986
528.207
528.417
528.638
528.858
529.084
529.298
529.501
529.727
529.929
530.135
530.354
530.563
530.812
531.011
531.221
531.448
531.678
531.903
532.129
532.339
532.553
532.775
532.992
533.205
533.408
533.623
533.824
534.064
534.271
534.485
534.69
534.92
535.159
535.384
535.612
535.815
536.028
536.236
536.442
536.681
536.884
537.123
537.345
537.557
537.786
538.015
538.245
538.477
538.713
538.933
539.147
539.374
539.588
539.812
540.037
540.244
540.461
540.667
540.888
541.107
541.327
541.526
541.763
541.961
542.167
542.392
542.629
542.835
543.032
543.254
543.48
543.701
543.919
544.138
544.34
544.572
544.771
544.995
545.199
545.43
545.665
545.87
546.086
546.304
546.501
546.72
546.935
547.162
547.362
547.565
547.776
548.007
548.21
548.446
548.653
548.885
549.089
549.296
549.521
549.723
549.94
550.159
550.386
550.595
550.795
550.996
551.221
551.449
551.682
551.891
552.097
552.306
552.513
552.715
552.916
553.131
553.356
553.584
553.818
554.02
554.225
554.425
554.635
554.849
555.068
555.292
555.493
555.709
555.907
556.134
556.343
556.542
556.747
556.952
557.173
557.395
557.62
557.843
558.05
558.25
558.462
558.674
558.9
559.115
559.323
559.539
559.746
559.962
560.181
560.391
560.597
560.803
561.009
561.228
561.425
561.622
561.829
562.047
562.246
562.463
562.666
562.875
563.082
563.293
563.516
563.749
563.951
564.171
564.378
564.612
564.83
565.051
565.274
565.506
565.729
565.922
566.135
566.341
566.567
566.771
566.977
567.213
567.438
567.646
567.853
568.063
568.291
568.51
568.725
568.944
569.147
569.366
569.6
569.819
570.024
570.25
570.456
570.66
570.882
571.103
571.313
571.523
571.745
571.941
572.154
572.351
572.555
572.781
573.012
573.224
573.446
573.655
573.888
574.084
574.275
574.477
574.679
574.893
575.117
575.346
575.552
575.761
575.966
576.181
576.385
576.61
576.817
577.034
577.25
577.452
577.678
577.91
578.112
578.329
578.546
578.754
578.958
579.176
579.378
579.586
579.816
580.039
580.261
580.476
580.704
580.911
581.113
581.325
581.55
581.784
582.011
582.224
582.446
582.683
582.888
583.091
583.307
583.538
583.748
583.949
584.178
584.411
584.626
584.831
585.03
585.24
585.461
585.661
585.896
586.134
586.332
586.543
586.749
586.97
587.175
587.406
587.61
587.813
588.041
588.255
588.486
588.708
588.916
589.107
589.316
589.539
589.748
589.959
590.162
590.368
590.585
590.813
591.034
591.243
591.467
591.682
591.89
592.121
592.322
592.527
592.727
592.934
593.138
593.354
593.57
593.776
593.976
594.185
594.41
594.645
594.854
595.078
595.293
595.493
595.695
595.895
596.096
596.309
596.511
596.727
596.94
597.167
597.393
597.6
597.802
598.03
598.25
598.48
598.716
598.925
599.129
599.336
599.556
599.776
599.982
600.187
600.396
