0.202234
0.202253
0.202278
0.202448
0.202619
0.202633
0.202648
0.202662
0.202675
0.202709
0.202756
0.267967
0.403794
0.555025
0.698714
0.811040
0.916672
0.989912
1.009606
1.245880
1.598554
1.931680
2.130073
2.218917
2.288883
2.344033
2.406679
2.497437
2.588012
2.695797
2.781972
2.873925
2.956646
3.044125
3.126207
3.207284
3.289681
3.344286
3.389863
3.423447
3.457915
3.497438
3.569705
3.671202
3.833535
3.991841
4.146461
4.263432
4.375882
4.518101
4.686888
4.897079
5.146684
5.332787
5.463265
5.612041
5.770876
5.947955
6.157523
6.395525
6.645672
6.868620
7.094122
7.361912
7.630988
7.857286
8.077710
8.308997
8.489015
8.601532
8.727489
8.865410
8.993608
9.121458
9.257525
9.351310
9.420550
9.506713
9.616343
9.783957
9.991578
10.226001
10.439291
10.657391
10.873678
11.117718
11.325079
11.527623
11.764444
12.001920
12.217767
12.403769
12.568044
12.705496
12.848334
13.025610
13.230588
13.429549
13.631478
13.831148
14.056478
14.249205
14.485527
14.721595
14.957593
15.149409
15.366506
15.550637
15.738768
15.962072
16.161463
16.395535
16.625294
16.847872
17.042196
17.239143
17.438415
17.667592
17.856597
18.079438
18.305678
18.508621
18.750824
18.951543
19.171633
19.351522
19.533103
19.750769
19.982902
20.185562
20.391261
20.630972
20.818042
20.937287
21.013101
21.067271
21.133286
21.219595
21.353006
21.522711
21.673542
21.807278
21.960450
22.083351
22.215335
22.336515
22.502794
22.700082
22.889913
23.127135
23.343418
23.562814
23.817440
24.063764
24.292720
24.476249
24.658670
24.806839
24.936500
25.074122
25.217816
25.365818
25.543971
25.719328
25.861510
25.995097
26.138886
26.274108
26.380135
26.488346
26.615751
26.702153
26.764682
26.888628
27.066165
27.273871
27.460257
27.672179
27.848644
28.044623
28.201482
28.374783
28.518301
28.677532
28.809770
28.959164
29.080746
29.215526
29.348560
29.475982
29.596194
29.739765
29.907853
30.121358
30.399456
30.627948
30.864956
31.055676
31.273914
31.464945
31.696382
31.924691
32.123002
32.357463
32.558540
32.792172
33.015665
33.248844
33.457448
33.666753
33.866262
34.090140
34.312273
34.514756
34.760406
34.996099
35.193497
35.334482
35.458365
35.583002
35.721667
35.878889
36.084074
36.301746
36.487990
36.663694
36.829791
36.921917
36.963269
36.979233
37.024242
37.110692
37.212740
37.339824
37.512990
37.696208
37.847734
38.058273
38.298276
38.511312
38.715043
38.908059
39.121917
39.293521
39.458257
39.616641
39.791700
39.927467
40.050537
40.171462
40.226198
40.253944
40.300831
40.400809
40.582980
40.785376
41.032899
41.251915
41.495859
41.721994
41.938761
42.131654
42.365484
42.570229
42.815014
43.023863
43.227782
43.450658
43.631183
43.794777
43.961623
44.101138
44.273027
44.440801
44.656631
44.888921
45.127626
45.331873
45.514140
45.684862
45.790946
45.877475
45.937725
46.022200
46.142365
46.298177
46.479835
46.654117
46.836162
47.049959
47.224036
47.377287
47.505317
47.561713
47.574999
47.644928
47.744312
47.876704
48.039884
48.218335
48.300943
48.347109
48.404210
48.504674
48.620939
48.775912
48.950507
49.182888
49.396974
49.638992
49.802517
49.903567
49.962934
50.006243
50.039110
50.077866
50.148529
50.235256
50.371855
50.523935
50.742009
50.982800
51.202532
51.464664
51.727456
51.985163
52.209895
52.474682
52.700933
52.967639
53.228717
53.454598
53.717186
53.936875
54.182975
54.381148
54.606614
54.809946
55.059197
55.274281
55.518452
55.735785
55.920237
56.069396
56.232879
56.407813
56.641051
56.853752
57.112239
57.335126
57.589812
57.801977
58.026464
58.191990
58.335676
58.483475
58.584423
58.640960
58.659048
58.727956
58.833651
58.956594
59.066510
59.154051
59.198483
59.261281
59.364673
59.490179
59.645191
59.824587
60.050265
60.228853
60.379329
60.521216
60.626350
60.749740
60.873827
61.020249
61.219938
61.426236
61.605165
61.811961
61.992620
62.178468
62.372156
62.608515
62.852104
63.098101
63.320672
63.550507
63.822194
64.046827
64.293839
64.484185
64.652838
64.821242
64.959370
65.112551
65.342476
65.558325
65.807618
66.041093
66.236883
66.465052
66.695817
66.920290
67.145357
67.368290
67.588664
67.783741
68.016365
68.215262
68.412980
68.644004
68.839606
69.097985
69.294587
69.530376
69.736200
69.976768
70.184305
70.422837
70.623192
70.854860
71.077456
71.269691
71.462500
71.657207
71.888787
72.087674
72.320897
72.516586
72.738383
72.930174
73.157376
73.389085
73.590919
73.827446
74.034861
74.245241
74.476515
74.711074
74.908669
75.131951
75.357468
75.549950
75.778756
76.005663
76.239362
76.471758
76.666710
76.859306
77.051256
77.274401
77.507946
77.747674
77.986663
78.222004
78.401603
78.567899
78.732381
78.934055
79.148625
79.347905
79.590615
79.799341
80.040759
80.239341
80.434725
80.655603
80.854883
81.016774
81.149322
81.270366
81.431255
81.591700
81.766440
81.975440
82.161819
82.329009
82.541608
82.742595
82.986107
83.226979
83.424767
83.641194
83.821007
83.903742
83.925962
84.017037
84.152668
84.320285
84.508195
84.739299
84.983219
85.226795
85.460106
85.656575
85.878311
86.062837
86.284887
86.483907
86.722078
86.931034
87.168782
87.363848
87.544095
87.656680
87.733077
87.792019
87.843210
87.925856
88.024458
88.156355
88.261493
88.323885
88.390513
88.477579
88.613876
88.762381
88.921481
89.120019
89.289627
89.464058
89.628049
89.817522
89.985698
90.158893
90.336311
90.544157
90.718941
90.918772
91.107161
91.291087
91.477151
91.707638
91.941848
92.135681
92.360086
92.580653
92.780969
92.990776
93.232023
93.461307
93.657394
93.913599
94.110364
94.341702
94.537778
94.759049
94.941139
95.061179
95.152310
95.223420
95.314296
95.413551
95.564545
95.723157
95.906086
96.139328
96.395878
96.624483
96.858410
97.132290
97.389495
97.595847
97.782199
97.986890
98.162951
98.370354
98.565288
98.759773
98.930394
99.110096
99.332079
99.526729
99.752773
99.948741
100.177385
100.370454
100.567818
100.794994
100.989715
101.182887
101.406267
101.597096
101.790569
101.984628
102.205023
102.397852
102.636078
102.879497
103.151226
103.393387
103.615249
103.802421
104.011661
104.202168
104.433379
104.665885
104.890673
105.119595
105.320877
105.548419
105.742510
105.928972
106.111603
106.331150
106.536505
106.739456
106.947015
107.155470
107.393483
107.615711
107.822708
107.990561
108.139064
108.284455
108.402959
108.493814
108.586855
108.706506
108.824132
108.948596
109.090473
109.200055
109.298449
109.404702
109.491555
109.591509
109.698432
109.796968
109.875475
110.004117
110.176833
110.405845
110.628044
110.901825
111.137325
111.370907
111.640376
111.862401
112.079071
112.308835
112.484830
112.641210
112.801150
112.929226
113.086691
113.264835
113.465906
113.681147
113.871508
114.092618
114.315461
114.541645
114.782984
114.994545
115.209784
115.459545
115.660144
115.871602
116.046643
116.184932
116.348421
116.573486
116.819665
117.029971
117.273439
117.473977
117.668682
117.894592
118.097765
118.306194
118.552275
118.787646
118.975728
119.195258
119.442357
119.666024
119.924224
120.150219
120.311283
120.459396
120.604510
120.767592
121.000547
121.227163
121.465566
121.686108
121.900030
122.037732
122.127613
122.174453
122.196884
122.252810
122.334685
122.468209
122.602028
122.764739
122.969690
123.202537
123.395658
123.595097
123.738064
123.931078
124.141990
124.330712
124.527138
124.764228
124.981160
125.246872
125.478376
125.750285
125.969045
126.157674
126.355965
126.574742
126.781403
127.036062
127.283556
127.529653
127.771369
128.009715
128.249824
128.427182
128.582537
128.675218
128.749364
128.833797
128.950086
129.139537
129.289724
129.456007
129.643718
129.812495
129.959469
130.156113
130.308212
130.432452
130.541840
130.654320
130.800542
130.946235
131.126013
131.256997
131.357906
131.398955
131.426619
131.506095
131.639745
131.829326
132.023402
132.236654
132.502258
132.736564
132.987078
133.267774
133.501172
133.755596
133.998055
134.230920
134.456915
134.687935
134.884046
135.078762
135.303991
135.506039
135.648936
135.767948
135.872131
135.969344
136.056051
136.178764
136.307855
136.481105
136.648400
136.867861
137.098622
137.335874
137.565069
137.756059
137.946847
138.167730
138.394754
138.623275
138.819724
139.048270
139.283780
139.483361
139.681207
139.913190
140.108161
140.296381
140.498642
140.664170
140.769663
140.825118
140.887555
140.960785
141.075778
141.202269
141.310482
141.327072
141.376563
141.478608
141.616553
141.783413
141.945579
142.148588
142.364943
142.579883
142.756389
142.949691
143.108432
143.257987
143.422396
143.554041
143.682577
143.817226
143.970067
144.149945
144.336727
144.575001
144.786018
145.027456
145.227476
145.459589
145.655874
145.851645
146.078417
146.314031
146.553624
146.758971
146.993990
147.195401
147.427005
147.619920
147.844027
148.063422
148.255646
148.485451
148.722236
148.961583
149.211254
149.462377
149.706421
149.916622
150.159771
150.395382
150.591772
150.809338
151.010603
151.183623
151.382902
151.550825
151.747379
151.937337
152.103233
152.312374
152.510825
152.759719
152.972048
153.209832
153.412309
153.648835
153.850649
154.088906
154.322815
154.561040
154.761677
154.959990
155.159708
155.413801
155.605612
155.828521
156.059312
156.258235
156.458986
156.694469
156.897832
157.069350
157.198115
157.268743
157.328107
157.405489
157.490810
157.636000
157.804299
157.968243
158.151018
158.360298
158.571404
158.830167
159.069804
159.277082
159.478878
159.710459
159.907914
160.099404
160.357727
160.593011
160.796683
161.007799
161.241836
161.450332
161.657809
161.863724
162.104078
162.307296
162.544459
162.744945
162.974280
163.173346
163.372446
163.606622
163.806102
163.975933
164.206044
164.441627
164.642513
164.879035
165.116386
165.316605
165.541203
165.770970
166.008116
166.215328
166.425202
166.667123
166.914107
167.124225
167.369707
167.590904
167.792220
168.023804
168.220235
168.454480
168.687857
168.892559
169.133409
169.337191
169.573597
169.802926
170.007547
170.224220
170.486623
170.703494
170.936808
171.166390
171.429412
171.655954
171.909014
172.113166
172.293255
172.385587
172.457906
172.574130
172.730165
172.913300
173.117234
173.304885
173.501940
173.738615
173.936082
174.152516
174.367853
174.555982
174.753802
174.961053
175.179934
175.396745
175.653031
175.909533
176.126828
176.379562
176.591990
176.838368
177.075480
177.278194
177.513205
177.711423
177.908616
178.139777
178.341047
178.536596
178.730964
178.924894
179.153110
179.347584
179.575199
179.767444
179.958766
180.179320
180.409438
180.608598
180.805081
181.006191
181.253390
181.462525
181.666234
181.896978
182.100632
182.295136
182.483877
182.667251
182.878637
183.059087
183.243752
183.468344
183.665610
183.865332
184.094554
184.293653
184.527786
184.726976
184.960213
185.158136
185.356286
185.589741
185.824340
186.026733
186.261395
186.463580
186.694779
186.886024
187.110022
187.307167
187.537532
187.763331
187.985510
188.182008
188.411958
188.604336
188.793281
189.042258
189.306694
189.547832
189.772099
189.959561
190.145857
190.338886
190.498427
190.627834
190.766091
190.902846
191.112772
191.323259
191.554565
191.812098
192.028766
192.235711
192.440848
192.687665
192.900061
193.102395
193.280655
193.464852
193.649148
193.829734
194.024997
194.223225
194.457048
194.677233
194.849570
195.017017
195.191007
195.444410
195.707898
195.921673
196.112797
196.309821
196.480311
196.604823
196.726150
196.836201
196.912691
196.954051
197.022458
197.124154
197.233707
197.311667
197.351726
197.403464
197.485801
197.602063
197.743811
197.877633
198.021836
198.200405
198.376694
198.551431
198.717456
198.853383
198.976358
199.106715
199.204579
199.304024
199.405925
199.485359
199.517068
199.570332
199.685685
199.824602
199.996813
200.169049
200.353316
200.551890
200.777715
201.024438
201.243937
201.468500
201.701316
201.923130
202.097037
202.271658
202.387759
202.500823
202.634781
202.843969
203.057777
203.317096
203.540162
203.724242
203.844966
203.932374
204.063276
204.225170
204.349310
204.409402
204.472022
204.552282
204.722408
204.951236
205.164638
205.376501
205.565491
205.764847
206.005708
206.205574
206.394493
206.597269
206.769442
206.925146
207.087547
207.211953
207.349305
207.564597
207.807493
208.017208
208.131930
208.209663
208.288899
208.389764
208.527425
208.748669
208.988791
209.218922
209.453344
209.647893
209.830596
210.002163
210.199145
210.372513
210.562156
210.689610
210.834753
211.040364
211.235290
211.470335
211.675524
211.909918
212.086967
212.237875
212.390796
212.507600
212.639238
212.763927
212.905748
213.067064
213.278223
213.470838
213.707539
213.915902
214.109137
214.281715
214.417920
214.523803
214.617658
214.783312
214.927189
215.084834
215.275941
215.477268
215.691142
215.884193
216.119959
216.334415
216.581085
216.783312
216.988600
217.140018
217.315522
217.488457
217.653016
217.823366
217.987354
218.198250
218.392746
218.604900
218.854806
219.092947
219.322522
219.543352
219.758954
219.954322
220.162135
220.380746
220.564092
220.782394
221.009784
221.207044
221.399354
221.555117
221.670950
221.751599
221.777018
221.798735
221.865768
221.980149
222.110662
222.268085
222.446705
222.672905
222.900814
223.098611
223.292698
223.514081
223.701191
223.930239
224.127891
224.319451
224.504530
224.715311
224.900989
225.121842
225.310519
225.533837
225.756812
225.953256
226.183036
226.409317
226.628661
226.820239
227.052320
227.254506
227.487801
227.720830
227.977378
228.208373
228.443097
228.675867
228.945651
229.173830
229.435798
229.704243
229.973457
230.200811
230.452621
230.659329
230.865608
231.068271
231.299201
231.471081
231.729239
231.926673
232.125973
232.324564
232.520661
232.744907
232.950090
233.157834
233.403551
233.659654
233.881644
234.107082
234.374173
234.602384
234.829841
235.052261
235.301528
235.536411
235.728219
235.917446
236.137207
236.329959
236.520581
236.744107
236.976341
237.184397
237.432380
237.649299
237.864184
238.113630
238.324504
238.540496
238.749610
238.966666
239.174637
239.418354
239.652362
239.854534
240.064037
240.301729
240.543474
240.776024
241.011385
241.247028
241.478683
241.680291
241.881187
242.120324
242.350519
242.550836
242.769732
242.975923
243.176923
243.384017
243.611933
243.850151
244.050573
244.273965
244.444049
244.672649
244.908876
245.106994
245.334590
245.530936
245.746913
245.946096
246.172158
246.402277
246.625219
246.852513
247.047630
247.245314
247.481002
247.683780
247.916667
248.152928
248.380071
248.557220
248.709203
248.871683
249.024503
249.225465
249.409556
249.628286
249.811122
250.025835
250.261019
250.473705
250.731584
250.982734
251.201549
251.435179
251.678223
251.916263
252.149533
252.376393
252.541126
252.674236
252.789912
252.935389
253.084862
253.258092
253.477697
253.711148
253.938846
254.144317
254.319442
254.455709
254.575512
254.693863
254.859816
255.062550
255.280430
255.527930
255.734292
255.930359
256.146355
256.325194
256.494246
256.726716
256.949846
257.089755
257.176241
257.227164
257.280941
257.358239
257.418296
257.476027
257.532147
257.576851
257.616037
257.650538
257.682405
257.716928
257.754372
257.801755
257.855519
257.913473
257.972157
258.047910
258.131635
258.257527
258.416164
258.580943
258.674351
258.699589
258.731582
258.800934
258.909631
259.082084
259.291302
259.493849
259.747995
260.016630
260.290264
260.532711
260.816052
261.051673
261.253169
261.398429
261.473665
261.583211
261.670922
261.823404
262.001029
262.189007
262.382367
262.596143
262.807847
263.018958
263.236171
263.455476
263.672965
263.898485
264.080422
264.226297
264.347972
264.465032
264.588258
264.701106
264.778730
264.881665
265.016659
265.178426
265.361048
265.597803
265.811495
266.063493
266.296889
266.484549
266.647879
266.815458
266.942065
267.034765
267.070237
267.132262
267.232494
267.377686
267.522058
267.682746
267.819345
267.890080
267.978205
268.113732
268.276672
268.448497
268.670257
268.923028
269.177368
269.391498
269.534411
269.650119
269.730516
269.805931
269.925481
270.062776
270.181776
270.231465
270.264529
270.361900
270.481748
270.655624
270.834881
271.071247
271.328364
271.572455
271.785030
271.987757
272.208755
272.392350
272.602864
272.821469
273.015507
273.215391
273.428479
273.640189
273.846858
273.986834
274.106222
274.178523
274.196362
274.231952
274.312066
274.413885
274.538193
274.686748
274.887157
275.086281
275.247048
275.393185
275.550307
275.689983
275.827698
275.957193
276.123857
276.288187
276.463530
276.666728
276.901807
277.160542
277.390691
277.616306
277.874447
278.129483
278.365565
278.532056
278.624317
278.659703
278.717234
278.814081
278.949091
279.123277
279.313330
279.503091
279.777117
280.028335
280.254116
280.457871
280.689585
280.918789
281.162161
281.415058
281.638219
281.859025
282.070753
282.226926
282.305871
282.386131
282.529622
282.688865
282.918409
283.103810
283.302097
283.498357
283.685238
283.854207
284.039332
284.193637
284.350841
284.543546
284.713851
284.921854
285.119746
285.293165
285.475939
285.666136
285.884567
286.050684
286.234311
286.382169
286.525412
286.702702
286.858967
286.985476
287.085049
287.175997
287.302462
287.442972
287.606850
287.786567
287.956986
288.103486
288.249641
288.381583
288.554776
288.689982
288.871093
289.047435
289.239366
289.444582
289.659047
289.854435
290.076750
290.292310
290.510944
290.705917
290.857407
290.953599
290.997859
291.042188
291.120591
291.220297
291.365018
291.536619
291.743732
291.915296
292.060263
292.201260
292.322360
292.483381
292.660171
292.894201
293.116134
293.305646
293.532343
293.706987
293.852140
293.952400
294.018009
294.062535
294.131150
294.219561
294.345858
294.500895
294.723802
294.961371
295.140356
295.364069
295.564119
295.720018
295.917174
296.113240
296.302662
296.484806
296.650776
296.808687
296.935913
297.105802
297.308240
297.482452
297.666414
297.858062
298.056650
298.249949
298.374629
298.456835
298.530469
298.628913
298.776171
298.968386
299.115700
299.238686
299.308860
299.456218
299.679105
299.926731
300.172413
300.398666
300.634369
300.818269
300.993200
301.139482
301.283341
301.420355
301.589826
301.766490
301.968245
302.169731
302.370611
302.583307
302.796211
303.039212
303.251192
303.487433
303.676246
303.851990
303.988910
304.111751
304.244590
304.383165
304.587999
304.788294
305.011666
305.224716
305.467780
305.669648
305.864131
306.053575
306.245931
306.434137
306.658474
306.853747
307.058853
307.296682
307.497511
307.708115
307.895477
308.091022
308.265532
308.490098
308.734047
308.941422
309.147102
309.358801
309.563481
309.781811
309.994225
310.191785
310.385445
310.581147
310.814435
311.046220
311.284343
311.486929
311.712432
311.870964
311.985273
312.056257
312.103759
312.160844
312.234357
312.329618
312.501757
312.681323
312.881184
313.087101
313.306365
313.517211
313.764236
313.983671
314.131308
314.268364
314.385997
314.494593
314.673536
314.849505
315.022633
315.218614
315.384177
315.598201
315.789701
315.976651
316.180041
316.414232
316.641671
316.867150
317.136584
317.369653
317.611016
317.887684
318.159281
318.383272
318.633910
318.838483
319.018882
319.146684
319.225670
319.310073
319.403707
319.535177
319.650396
319.761970
319.919888
320.087349
320.267886
320.494676
320.733163
320.972992
321.182783
321.400504
321.617037
321.823357
322.006182
322.198974
322.366275
322.578319
322.776628
322.975460
323.240442
323.466309
323.676255
323.900614
324.147062
324.359599
324.608156
324.817934
325.063403
325.305782
325.529165
325.747177
325.931738
326.155690
326.397030
326.619282
326.817569
327.060146
327.274653
327.486967
327.698456
327.889615
328.103212
328.290331
328.485410
328.662875
328.827404
328.982882
329.130988
329.271847
329.398713
329.540834
329.690753
329.883868
330.076350
330.212076
330.364905
330.477935
330.633038
330.829250
331.051416
331.262828
331.459390
331.697651
331.882212
332.077737
332.238267
332.345528
332.406125
332.453123
332.530211
332.645845
332.761909
332.957633
333.152102
333.368246
333.632696
333.851087
334.088247
334.273285
334.448382
334.644924
334.846791
335.022768
335.235359
335.425160
335.614228
335.810537
336.016439
336.234221
336.458169
336.681154
336.910954
337.118167
337.319556
337.513493
337.743102
337.942500
338.146072
338.384278
338.581227
338.770585
338.976641
339.177480
339.395513
339.620972
339.818663
340.071568
340.273185
340.470998
340.668846
340.899714
341.095192
341.296080
341.528289
341.747787
341.933640
342.170192
342.349542
342.470428
342.533278
342.583715
342.635397
342.700407
342.795307
342.916803
343.021583
343.057886
343.096332
343.167652
343.283294
343.424825
343.602061
343.810231
344.031126
344.255624
344.504715
344.755757
345.013619
345.228846
345.460316
345.643194
345.849641
346.037683
346.199035
346.357703
346.542136
346.753129
346.990826
347.208920
347.414943
347.650015
347.845096
348.038066
348.230643
348.453197
348.649073
348.883233
349.117975
349.330685
349.544078
349.757535
349.959612
350.204516
350.400940
350.604160
350.794463
351.036685
351.242632
351.441878
351.677309
351.881102
352.114807
352.294657
352.459911
352.634620
352.846785
353.065539
353.301494
353.508605
353.709208
353.906668
354.117019
354.341355
354.523856
354.754278
354.924737
355.139838
355.329045
355.527807
355.718595
355.887939
356.013657
356.062516
356.068247
356.121049
356.223759
356.356013
356.496314
356.679474
356.857528
357.032858
357.176625
357.307620
357.469605
357.612790
357.749351
357.932079
358.105367
358.292072
358.486202
358.698120
358.961800
359.197582
359.422834
359.691498
359.944585
360.176516
360.361042
360.527369
360.679674
360.848488
360.982980
361.182869
361.381105
361.577305
361.737521
361.886502
362.003425
362.109849
362.265902
362.437901
362.645970
362.877622
363.143822
363.342222
363.503825
363.613568
363.660455
363.697827
363.791531
363.910736
364.087281
364.307921
364.516328
364.681419
364.813047
364.936966
365.080218
365.237094
365.405747
365.603088
365.815925
366.007228
366.182569
366.336695
366.468535
366.586534
366.710837
366.829924
366.960946
367.067923
367.211397
367.354117
367.495226
367.653201
367.843678
368.068067
368.265937
368.475055
368.633495
368.787263
368.925527
369.078147
369.238633
369.474520
369.667900
369.835532
370.057312
370.279150
370.493748
370.697274
370.849760
371.015776
371.226866
371.434570
371.653175
371.867692
372.037138
372.270672
372.502678
372.714265
372.910514
373.116652
373.265102
373.376120
373.466162
373.550232
373.664105
373.792961
373.910982
374.010970
374.080723
374.178207
374.290682
374.410505
374.548441
374.711410
374.863307
375.010739
375.138891
375.274826
375.416146
375.517798
375.612699
375.711515
375.886295
376.073332
376.247886
376.416660
376.592739
376.746613
376.917014
377.099437
377.275378
377.435875
377.579208
377.709079
377.824144
377.922832
378.000948
378.043496
378.072249
378.095687
378.131835
378.191282
378.257121
378.329983
378.418042
378.516710
378.620478
378.781206
378.921568
379.143086
379.325751
379.533362
379.769226
379.992592
380.209791
380.427340
380.662066
380.893290
381.090496
381.352009
381.552493
381.733915
381.870314
381.969835
382.046320
382.134977
382.221275
382.375201
382.533691
382.709687
382.860193
383.073586
383.265568
383.482599
383.691295
383.918663
384.121982
384.394353
384.639756
384.878544
385.130728
385.375506
385.667515
385.924669
386.204945
386.459426
386.703724
386.948641
387.173925
387.388757
387.611292
387.802225
387.957430
388.091112
388.232474
388.390654
388.577454
388.744354
388.988900
389.194517
389.407503
389.627256
389.834780
390.043094
390.256962
390.464770
390.653743
390.874651
391.089236
391.296615
391.516973
391.716132
391.942799
392.173281
392.404863
392.626727
392.852335
393.060867
393.315104
393.530224
393.760968
393.969286
394.182975
394.412310
394.619285
394.855684
395.084894
395.335742
395.585716
395.820480
396.046605
396.232131
396.402247
396.556976
396.708898
396.901746
397.124553
397.358423
397.585776
397.797759
397.955261
398.075439
398.143375
398.191835
398.264862
398.374085
398.503757
398.662093
398.815358
398.978440
399.133750
399.262888
399.369873
399.506330
399.669918
399.865005
400.087366
400.328709
400.566514
400.783146
401.014098
401.263839
401.523665
401.732438
401.990772
402.252432
402.459843
402.721904
402.933244
403.121509
403.317590
403.529884
403.711854
403.933073
404.136249
404.339765
404.538593
404.745969
404.939866
405.143487
405.330062
405.535961
405.728950
405.931896
406.131322
406.318303
406.539579
406.750507
406.948746
407.120937
407.273565
407.423559
407.571978
407.718611
407.874928
408.039071
408.167366
408.265837
408.359540
408.467175
408.616263
408.810697
408.953262
409.092055
409.255386
409.452381
409.633143
409.887330
410.121430
410.353094
410.608809
410.862622
411.111361
411.346308
411.588127
411.822286
412.041210
412.257443
412.447760
412.622441
412.800457
412.973187
413.138107
413.333373
413.528218
413.738584
413.955265
414.167114
414.399440
414.629548
414.872003
415.101109
415.373214
415.642698
415.882913
416.143184
416.378041
416.563616
416.795753
416.996308
417.194809
417.368491
417.548743
417.723428
417.910417
418.141520
418.343863
418.605249
418.862456
419.115344
419.349509
419.593803
419.785469
420.021086
420.246564
420.426053
420.679405
420.880816
421.093232
421.300611
421.514304
421.671099
421.850636
422.040443
422.204985
422.367294
422.561228
422.751315
422.929720
423.127420
423.330558
423.522845
423.720680
423.935403
424.136100
424.336327
424.493301
424.646458
424.769870
424.880200
425.077368
425.281970
425.581154
425.809207
425.976123
426.084436
426.172658
426.258871
426.375232
426.531226
426.744280
426.938254
427.104868
427.235150
427.318492
427.356028
427.374660
427.422447
427.535812
427.668227
427.821807
428.064085
428.270774
428.492832
428.682257
428.917393
429.105125
429.325354
429.584998
429.805334
429.996703
430.168376
430.350597
430.550874
430.772930
430.999389
431.214112
431.361816
431.474372
431.550133
431.613912
431.698524
431.756882
431.805580
431.903370
432.027979
432.141201
432.263087
432.412283
432.536045
432.701170
432.866443
433.038861
433.239130
433.452179
433.647622
433.850869
434.039704
434.208701
434.351181
434.460617
434.550815
434.659910
434.772460
434.831038
434.851874
434.941871
435.045527
435.117181
435.146424
435.207579
435.310548
435.507768
435.735674
435.914878
436.130109
436.365469
436.596419
436.823283
437.055860
437.247021
437.483752
437.683085
437.917560
438.127203
438.348384
438.564591
438.806129
439.017465
439.226570
439.448520
439.664129
439.874688
440.074996
440.265227
440.468790
440.679668
440.900748
441.126475
441.352611
441.576396
441.758293
441.894099
441.992146
442.045122
442.113257
442.181358
442.241224
442.323290
442.471584
442.630461
442.814640
442.976439
443.164662
443.429179
443.618977
443.869162
444.136068
444.377110
444.638905
444.865888
445.146145
445.374731
445.626597
445.856790
446.063416
446.251998
446.399511
446.519417
446.614460
446.694869
446.794985
446.920784
447.081803
447.266202
447.471970
447.668499
447.902045
448.107514
448.318755
448.549925
448.793378
449.004362
449.211518
449.442544
449.668166
449.882331
450.094394
450.296749
450.480280
450.691660
450.871037
451.061369
451.234140
451.430108
451.601062
451.799588
451.964886
452.194926
452.376891
452.574189
452.738338
452.968061
453.144279
453.297393
453.407204
453.472128
453.503838
453.558210
453.628966
453.755467
453.914152
454.065840
454.228366
454.393983
454.549844
454.769534
454.988218
455.209476
455.428440
455.653813
455.908005
456.154038
456.406047
456.634208
456.864527
457.091531
457.312587
457.519409
457.730297
457.951004
458.180683
458.403547
458.639964
458.845093
459.048918
459.245938
459.451456
459.647385
459.829428
460.075656
460.275791
460.487234
460.677317
460.892286
461.103360
461.306621
461.521425
461.741113
461.985044
462.229022
462.465969
462.700573
462.915724
463.121158
463.327723
463.517153
463.770500
463.983792
464.189940
464.398039
464.592223
464.810100
465.027872
465.243131
465.453367
465.667731
465.870629
466.101960
466.302324
466.508654
466.721239
466.942595
467.139462
467.349389
467.538346
467.741460
467.912462
468.142543
468.353477
468.561952
468.763562
468.962931
469.207454
469.412288
469.605211
469.782246
469.906620
470.068931
470.227450
470.391481
470.590823
470.797684
471.028322
471.265747
471.500491
471.764944
472.011255
472.229087
472.432942
472.642956
472.865802
473.083874
473.286839
473.491482
473.688378
473.899677
474.135367
474.348232
474.547140
474.782764
475.003910
475.206742
475.408788
475.612229
475.798646
476.004080
476.215962
476.413446
476.621207
476.815700
477.016255
477.242040
477.443768
477.675866
477.893023
478.092738
478.306535
478.499731
478.681848
478.836706
479.034677
479.191158
479.415538
479.631387
479.835482
480.055322
480.240296
480.475783
480.739466
480.992947
481.226967
481.467528
481.696200
481.907998
482.140994
482.375867
482.583923
482.770137
482.988275
483.224293
483.427412
483.646714
483.844016
484.046468
484.266835
484.469084
484.673749
484.869459
485.066433
485.235702
485.405541
485.551429
485.738037
485.958837
486.122827
486.331758
486.506679
486.745445
486.941979
487.136330
487.331713
487.507260
487.664491
487.833593
488.025440
488.192376
488.314091
488.403653
488.474704
488.552103
488.673310
488.807428
488.987930
489.180446
489.357863
489.551150
489.740531
489.934712
490.127256
490.340545
490.543418
490.754891
491.006162
491.236085
491.443646
491.702750
491.924873
492.151038
492.397564
492.649554
492.868784
493.088699
493.289915
493.493085
493.714187
493.906055
494.135858
494.320441
494.504891
494.684321
494.857935
495.054334
495.240719
495.431410
495.637250
495.848285
496.072238
496.272136
496.540531
496.764618
496.965306
497.222943
497.461190
497.681693
497.955924
498.226710
498.473107
498.690734
498.904292
499.107738
499.314204
499.530209
499.721550
499.945281
500.158944
500.372097
500.577484
500.777816
501.004154
501.232388
501.415627
501.628046
501.810971
501.961391
502.079366
502.168953
502.277669
502.381837
502.485915
502.559419
502.614116
