0.000000
0.000000
0.000000
60.563999
60.768002
60.782001
60.782001
60.798000
62.958000
68.837997
71.287003
72.169998
94.777000
101.609001
104.555000
109.379997
114.125000
119.758003
137.042999
155.085999
174.317993
192.072998
218.871002
229.139008
231.194000
235.552002
239.981995
240.048004
240.082993
240.481995
249.929001
260.809998
264.355011
266.593994
269.243011
273.664001
275.636993
275.720001
275.825012
276.976013
281.036987
284.992004
289.756012
297.174988
302.140015
310.459015
318.342010
321.696014
325.636993
329.131989
335.053009
340.031006
345.799988
354.773010
360.789001
366.088989
373.709015
378.651001
383.087006
390.782990
395.975006
399.824005
401.006012
410.229004
417.625000
418.765015
423.835999
424.022003
424.022003
436.632996
456.953003
483.479004
487.908997
493.571014
500.993988
514.109985
526.551025
527.275024
527.471008
530.098999
532.762024
535.770020
539.481995
556.171997
566.838989
580.456970
590.708008
601.231018
608.596008
614.505005
623.559021
629.747009
636.187988
643.247009
652.838989
660.620972
668.439026
679.039001
682.007019
683.773987
691.020996
704.101990
706.283020
707.650024
714.580017
722.241028
722.931030
723.125977
723.301025
723.767029
734.500000
745.981995
750.344971
752.416992
759.317017
775.817017
784.767029
792.968018
807.575012
821.440002
834.908997
844.275024
849.619995
855.543030
860.210022
864.612000
864.833984
864.833984
868.557007
873.900024
875.768982
876.231018
876.338989
876.463013
876.463013
876.463013
876.549988
881.585022
883.934021
884.263000
884.263000
884.263000
884.263000
884.288025
884.288025
884.757996
889.182983
897.533997
913.966980
922.742004
934.388977
946.588989
949.721008
951.583984
952.786011
953.440002
956.955994
967.731995
980.877014
986.991028
990.844971
990.880981
990.887024
992.148010
994.708984
996.221008
997.427002
998.208984
998.635010
998.635010
998.635010
998.635010
1001.208008
1020.896973
1031.246948
1039.098022
1044.310059
1050.040039
1054.998047
1060.890015
1070.385986
1076.936035
1083.607056
1091.447021
1104.321045
1111.438965
1117.750000
1126.739014
1131.620972
1136.821045
1144.428955
1149.457031
1155.360962
1164.095947
1170.353027
1177.008057
1184.218994
1194.961060
1203.084961
1210.061035
1217.421997
1229.087036
1235.807007
1241.577026
1251.451050
1258.371948
1265.192017
1271.064941
1279.154053
1284.141968
1291.034058
1298.177979
1302.260010
1306.488037
1310.532959
1313.635010
1313.862061
1314.089966
1326.399048
1329.223999
1331.489014
1333.879028
1338.540039
1341.677979
1343.357056
1344.816040
1348.229004
1349.254028
1349.276001
1351.360962
1354.878052
1358.529053
1363.771973
1368.368042
1373.584961
1382.072998
1386.208984
1388.525024
1391.255981
1395.619995
1398.489990
1399.324951
1399.342041
1399.342041
1399.342041
1399.342041
1399.342041
1399.342041
1399.342041
1401.542969
1401.552002
1401.552002
1401.552002
1401.552002
1401.552002
1401.552002
1401.552002
1401.582031
1401.614014
1401.614014
1402.032959
1402.571045
1408.894043
1414.838989
1421.972046
1429.662964
1442.307983
1447.567017
1453.473999
1458.451050
1463.989014
1470.541992
1482.624023
1486.135010
1489.224976
1493.489014
1506.972046
1509.536011
1511.288940
1511.375000
1512.401978
1526.819946
1539.939941
1558.803955
1583.373047
1596.019043
1602.561035
1607.826050
1613.795044
1627.729004
1640.594971
1648.987061
1656.811035
1662.901001
1669.584961
1681.519043
1688.662964
1692.607056
1701.761963
1716.182007
1722.068970
1724.505981
1731.490967
1744.699951
1756.509033
1756.779053
1756.817993
1756.938965
1756.938965
1757.288940
1757.383057
1758.288940
1764.395996
1776.662964
1796.168945
1806.292969
1818.193970
1827.436035
1836.779053
1839.696045
1841.343994
1845.347046
1853.833008
1859.546021
1864.512939
1871.171021
1877.162964
1881.572998
1883.526001
1883.526001
1883.694946
1885.803955
1891.650024
1898.376953
1901.588013
1906.183960
1919.776001
1930.134033
1933.522949
1938.087036
1947.192993
1960.706055
1968.286987
1977.160034
1983.384033
1989.369995
1995.651001
1998.614990
1998.788940
1998.790039
1999.619019
1999.676025
1999.677979
1999.677979
1999.935059
2001.057007
2001.109985
2001.113037
2001.113037
2001.625000
2002.354980
2002.364990
2002.646973
2002.980957
2002.985962
2002.985962
2002.985962
2002.985962
2002.985962
2002.985962
2002.985962
2003.177979
2003.348022
2003.353027
2003.355957
2007.040039
2009.729980
2012.192993
2015.840942
2024.021973
2030.347046
2035.645020
2043.022949
2048.436035
2053.455078
2057.137939
2059.110107
2059.302002
2059.313965
2059.315918
2060.368896
2060.383057
2060.383057
2060.383057
2060.383057
2060.391113
2060.391113
2060.393066
2060.397949
2060.402100
2060.405029
2062.028076
2067.332031
2071.085938
2073.854980
2076.410889
2077.121094
2077.325928
2077.520996
2078.281982
2079.288086
2080.430908
2084.220947
2087.329102
2090.100098
2092.117920
2093.199951
2094.247070
2094.947998
2095.226074
2095.226074
2095.229004
2095.263916
2095.278076
2095.295898
2095.367920
2095.516113
2095.543945
2095.634033
2095.637939
2095.637939
2095.637939
2095.650879
2096.468018
2099.707031
2109.492920
2112.593018
2117.826904
2122.168945
2127.156982
2136.127930
2141.842041
2145.766113
2150.631104
2153.608887
2156.114014
2160.354980
2164.199951
2168.779053
2176.729004
2183.210938
2191.461914
2200.374023
2215.502930
2230.343994
2245.333984
2252.826904
2259.724121
2263.451904
2266.946045
2275.386963
2281.559082
2291.023926
2295.149902
2297.954102
2300.940918
2306.946045
2312.961914
2321.406006
2343.458984
2354.691895
2366.114014
2377.229004
2378.333984
2378.341064
2378.376953
2379.937988
2383.513916
2393.440918
2405.195068
2426.462891
2440.215088
2445.889893
2447.820068
2449.246094
2449.862061
2456.669922
2463.457031
2466.935059
2469.319092
2473.212891
2481.424072
2487.873047
2502.249023
2504.041992
2504.058105
2504.205078
2504.309082
2504.322998
2504.322998
2504.322998
2515.052979
2530.314941
2541.012939
2549.695068
2554.450928
2563.836914
2577.085938
2585.065918
2593.341064
2603.584961
2610.342041
2616.752930
2626.294922
2631.770996
2637.159912
2641.541992
2647.086914
2656.790039
2663.028076
2668.795898
2676.607910
2681.756104
2687.832031
2695.400879
2700.187012
2701.912109
2702.377930
2702.903076
2710.294922
2731.217041
2738.717041
2745.764893
2748.091064
2748.152100
2749.100098
2750.257080
2750.678955
2751.072021
2751.284912
2751.372070
2751.437988
2751.551025
2751.562012
2751.562012
2751.594971
2753.264893
2755.875977
2758.013916
2758.258057
2759.331055
2759.647949
2759.774902
2760.295898
2764.141113
2769.460938
2769.995117
2770.211914
2770.221924
2770.922119
2770.922119
2770.937988
2770.971924
2770.971924
2771.198975
2771.976074
2773.250000
2774.727051
2774.928955
2774.940918
2774.948975
2774.952881
2774.954102
2775.197021
2775.197021
2775.197021
2775.197021
2775.197998
2775.767090
2777.508057
2779.666016
2782.407959
2786.746094
2790.927002
2795.393066
2804.238037
2812.635986
2819.853027
2825.966064
2837.159912
2844.024902
2848.958984
2856.893066
2863.100098
2868.863037
2874.043945
2889.131104
2902.843994
2908.629883
2910.289062
2912.318115
2914.179932
2920.844971
2931.333984
2941.034912
2944.830078
2952.605957
2972.604980
2981.354980
2991.056885
3002.920898
3006.750000
3009.742920
3011.273926
3013.583984
3015.080078
3017.264893
3018.040039
3021.472900
3022.148926
3022.222900
3022.239014
3022.242920
3022.261963
3030.653076
3048.041992
3059.943115
3069.322021
3074.687988
3083.386963
3089.832031
3101.392090
3113.404053
3125.246094
3134.145996
3136.641113
3139.961914
3142.553955
3146.729980
3156.803955
3163.584961
3169.930908
3171.943115
3174.267090
3176.760986
3177.154053
3177.489014
3177.962891
3181.975098
3183.585938
3183.595947
3184.239014
3184.304932
3184.543945
3191.062012
3200.260010
3209.189941
3217.842041
3236.436035
3251.642090
3258.967041
3260.349121
3262.165039
3270.396973
3276.814941
3278.459961
3282.175049
3285.340088
3289.342041
3293.445068
3295.502930
3299.950928
3306.465088
3307.770020
3308.022949
3308.053955
3310.767090
3313.905029
3317.343018
3322.745117
3332.051025
3334.356934
3336.240967
3339.888916
3342.362061
3346.259033
3357.940918
3366.010986
3373.769043
3384.243896
3391.512939
3397.739990
3404.010986
3407.086914
3411.386963
3421.070068
3423.039062
3428.498047
3431.072021
3431.152100
3431.152100
3431.152100
3452.270996
3455.864014
3463.809082
3473.793945
3483.959961
3493.291016
3500.638916
3503.025879
3504.148926
3504.529053
3505.316895
3514.580078
3514.756104
3514.803955
3514.805908
3514.805908
3520.263916
3528.581055
3539.459961
3550.871094
3564.054932
3566.934082
3567.456055
3567.614014
3567.617920
3567.625977
3567.949951
3569.483887
3574.051025
3576.654053
3576.943115
3577.210938
3577.214111
3594.389893
3605.031006
3611.804932
3615.871094
3619.641113
3624.856934
3630.534912
3639.205078
3644.955078
3652.420898
3657.406006
3662.058105
3666.685059
3676.027100
3681.968994
3690.851074
3696.365967
3702.509033
3709.159912
3718.543945
3722.285889
3723.735107
3726.646973
3730.465088
3732.549072
3734.241943
3734.458008
3734.470947
3734.472900
3735.266113
3736.281006
3736.288086
3736.302002
3736.302002
3736.302002
3737.195068
3739.000977
3739.749023
3740.861084
3741.113037
3741.754883
3741.970947
3742.058105
3742.482910
3742.500000
3742.510010
3742.537109
3742.576904
3742.606934
3742.606934
3742.606934
3742.606934
3742.606934
3742.606934
3742.606934
3742.642090
3742.660889
3742.665039
3742.665039
3744.012939
3747.489990
3751.509033
3755.095947
3758.595947
3762.738037
3766.625000
3767.084961
3767.163086
3767.193115
3767.197021
3767.226074
3767.242920
3767.382080
3767.677002
3768.336914
3770.616943
3771.702881
3773.218018
3776.394043
3778.866943
3782.551025
3784.824951
3787.229004
3791.065918
3793.708008
3795.424072
3797.702881
3799.260986
3800.687988
3802.008057
3802.094971
3802.339111
3802.341064
3802.341064
3802.832031
3803.135986
3803.135986
3803.185059
3814.061035
3819.133057
3821.113037
3823.641113
3827.857910
3830.670898
3833.135010
3837.303955
3840.281006
3843.188965
3846.548096
3851.575928
3856.322021
3861.177979
3871.742920
3881.233887
3897.908936
3912.447998
3919.714111
3932.490967
3940.281982
3950.752930
3954.748047
3955.873047
3959.620117
3970.059082
3972.833008
3976.218018
3980.355957
3983.074951
3987.733887
3994.791016
4005.404053
4008.681885
4010.729004
4013.635010
4018.294922
4019.170898
4019.184082
4019.185059
4021.866943
4030.104004
4036.523926
4040.972900
4043.083008
4045.784912
4046.812988
4046.812988
4046.812988
4046.998047
4051.684082
4058.730957
4064.396973
4067.852051
4071.425049
4075.135010
4079.528076
4081.610107
4083.980957
4088.622070
4092.208984
4098.757812
4105.461914
4115.765137
4125.794922
4142.590820
4152.470215
4159.981934
4175.937988
4178.951172
4181.674805
4187.455078
4196.476074
4200.393066
4210.458984
4224.066895
4247.181152
4269.597168
4275.328125
4276.270996
4278.307129
4280.083984
4281.530762
4283.253906
4290.419922
4298.554199
4301.636230
4304.998047
4309.469238
4312.902832
4314.089844
4315.100098
4315.666016
4315.679199
4315.679199
4315.897949
4317.226074
4317.443848
4317.536133
4317.536133
4317.549805
4317.549805
4323.349121
4331.877930
4338.168945
4347.309082
4352.982910
4357.625977
4365.692871
4374.524902
4382.100098
4393.422852
4400.804199
4409.909180
4419.408203
4438.059082
4452.813965
4459.894043
4466.312012
4471.170898
4474.708984
4481.476074
4489.431152
4494.471191
4496.639160
4499.089844
4501.784180
4503.995117
4504.502930
4504.582031
4504.816895
4506.794922
4506.950195
4506.978027
4507.027832
4507.049805
4507.049805
4507.079102
4507.684082
4507.720215
4507.721191
4507.931152
4507.934082
4507.934082
4507.934082
4507.934082
4507.966797
4508.039062
4508.039062
4510.530762
4513.137207
4515.145996
4518.777832
4520.306152
4520.356934
4520.356934
4520.356934
4520.357910
4520.357910
4520.357910
4520.357910
4520.357910
4520.357910
4520.357910
4520.357910
4520.357910
4520.357910
4520.357910
4520.357910
4520.390137
4520.390137
4520.390137
4520.390137
4520.390137
4520.390137
4520.409180
4520.409180
4529.334961
4529.334961
4529.334961
4529.338867
4529.338867
4529.796875
4529.957031
4530.125977
4533.779785
4552.308105
4562.905762
4568.469238
4578.831055
4585.803223
4588.752930
4600.076172
4607.528809
4608.982910
4608.996094
4608.997070
4608.997070
4610.699219
4618.351074
4627.049805
4634.511230
4636.759766
4641.354980
4651.420898
4655.566895
4656.117188
4657.222168
4659.079102
4659.383789
4660.496094
4660.502930
4660.780762
4663.129883
4666.229004
4667.944824
4669.176758
4670.008789
4670.008789
4670.008789
4670.008789
4670.013184
4670.199219
4670.271973
4670.299805
4670.301758
4670.692871
4670.692871
4670.692871
4670.693848
4671.404785
4672.511230
4673.902832
4674.896973
4674.896973
4674.896973
4674.896973
4674.896973
4674.896973
4674.924805
4674.924805
4683.100098
4683.142090
4683.162109
4683.163086
4683.165039
4683.208984
4683.347168
4683.347168
4683.349121
4683.361816
4684.138184
4686.440918
4690.778809
4698.270020
4701.305176
4704.498047
4707.438965
4708.173828
4708.183105
4708.183105
4708.183105
4708.183105
4708.317871
4708.320801
4708.320801
4708.320801
4708.320801
4708.324219
4708.333008
4708.333008
4708.333008
4708.333008
4708.333008
4708.333008
4708.333008
4708.333008
4708.333008
4708.333008
4708.333008
4708.338867
4708.367188
4708.370117
4708.473145
4708.566895
4708.836914
4709.455078
4709.592773
4709.774902
4710.583984
4710.888184
4711.073242
4712.512207
4712.727051
4712.729980
4712.833984
4712.835938
4713.078125
4713.107910
4713.108887
4713.129883
4713.155762
4713.182129
4713.194824
4713.202148
4713.202148
4713.205078
4713.207031
4713.213867
4713.213867
4713.232910
4713.237793
4713.237793
4713.237793
4713.237793
4713.237793
4713.274902
4713.362793
4714.024902
4714.561035
4714.602051
4714.602051
4714.602051
4714.602051
4714.602051
4714.602051
4714.716797
4714.749023
4714.757812
4715.889160
4717.229004
4717.690918
4717.790039
4717.791016
4717.791016
4717.791016
4717.812988
4718.904785
4719.616211
4719.762207
4720.626953
4721.314941
4721.417969
4721.430176
4721.491211
4721.509766
4721.624023
4721.819824
4721.819824
4721.819824
4721.953125
4722.910156
4722.926758
4722.969238
4723.263184
4724.888184
4726.525879
4728.097168
4728.425781
4728.556152
4728.645996
4728.652832
4728.879883
4729.125977
4729.213867
