9.53161
12.3844
18.2415
22.1269
23.0373
23.0509
23.4643
23.479
23.4979
23.5197
23.5445
23.5581
23.5785
23.6017
27.7862
27.8083
27.8274
28.0234
28.0437
28.4471
34.4626
38.8848
38.9063
38.926
38.9463
38.9659
38.9867
48.8288
48.8473
50.5237
57.2542
57.2687
57.2847
57.3055
57.3217
57.3356
57.3552
57.3752
57.3959
58.7627
58.7866
59.2276
59.2478
59.2683
59.2864
59.3077
59.3279
59.3465
60.5715
65.446
69.4771
69.701
69.7112
71.9218
71.9426
73.919
78.6324
85.8108
89.9095
91.4155
91.4294
91.4517
91.4694
91.4915
91.5107
91.5307
91.5506
91.5715
91.5912
91.6212
95.139
95.1532
95.1752
95.1915
95.2139
95.2323
95.2515
95.2709
95.2915
95.3122
95.339
95.3514
95.3713
95.3927
108.763
110.271
110.282
110.473
113.707
115.407
116.071
117.37
117.386
117.407
117.427
120.238
122.681
125.581
125.591
127.293
127.921
130.515
130.943
130.955
130.978
130.995
133.825
134.729
139.085
139.519
141.177
141.191
147.276
169.881
173.774
173.788
173.979
174.001
174.019
174.043
174.06
174.084
174.098
174.119
174.143
174.164
174.179
174.199
174.218
174.244
174.262
174.282
174.304
174.32
174.344
174.363
174.379
174.405
174.423
174.439
174.459
174.479
174.504
174.524
174.541
174.565
174.581
174.602
174.626
174.642
174.663
174.684
174.702
174.726
174.747
174.769
174.786
174.809
174.826
174.847
174.867
174.888
174.907
174.926
174.952
174.971
174.987
175.011
175.026
175.051
175.07
175.086
175.11
175.127
175.151
175.171
175.187
175.204
175.23
175.246
175.267
175.288
175.31
175.328
175.347
175.369
175.39
175.406
175.432
175.448
175.468
175.489
175.51
175.529
175.549
175.576
175.592
175.612
175.632
175.65
175.673
175.69
175.716
175.733
175.753
175.778
175.803
175.834
175.85
175.872
175.89
175.915
175.936
175.951
175.976
175.997
176.021
176.044
176.058
176.083
176.103
176.12
176.141
176.165
176.196
176.212
176.232
176.272
176.286
176.31
176.329
176.351
176.368
176.391
176.412
176.427
176.452
176.475
176.491
176.516
176.544
176.562
176.581
176.604
176.621
176.641
176.658
176.683
176.704
176.719
176.743
176.764
176.78
176.803
176.819
176.841
176.863
176.878
176.906
176.923
176.944
176.968
176.986
177.007
177.028
177.048
177.066
177.088
177.108
177.123
177.148
177.165
177.188
177.208
177.227
177.247
177.265
177.287
177.308
177.333
177.352
177.376
177.391
177.417
177.447
177.467
177.484
177.508
177.534
177.552
177.575
177.591
177.611
177.631
177.651
177.674
177.695
177.714
177.733
177.751
177.772
177.793
177.814
177.835
177.857
177.889
177.906
177.929
177.948
177.965
177.989
178.008
178.026
178.048
178.064
178.088
178.107
178.124
178.149
178.171
178.193
178.216
178.232
178.253
178.276
178.293
178.315
178.336
178.353
178.372
178.393
178.411
178.435
178.456
178.474
178.497
178.529
178.555
178.573
178.592
178.615
178.633
178.658
178.688
178.705
178.728
178.748
178.764
178.788
178.807
178.824
178.846
178.864
178.887
178.907
178.923
178.949
178.967
178.985
179.007
179.024
179.045
179.062
179.084
179.109
179.124
179.146
179.168
179.195
179.211
179.236
179.256
179.273
179.291
179.315
179.337
179.355
179.374
