7.6181e-05
0.00744928
0.00793745
0.00567346
0.0155839
0.000507752
0.00634976
0.000731674
0.000734973
0.00128783
0.00636305
0.000700673
0.0010978
0.00387428
0.000723874
0.00197724
0.0011885
0.00094982
0.00139576
0.000744856
0.00060104
0.0191207
0.00102801
0.000505549
0.000912923
0.000447482
0.000708092
0.000513975
0.00115635
0.00148449
0.000367062
0.00165616
0.0030397
0.00361989
0.000590005
0.0014019
0.00152666
0.00129081
0.0016058
0.000460375
0.00466616
0.00221649
0.00234666
0.00233123
0.000991968
0.00170544
0.00159238
0.00062932
0.00985359
0.00385389
0.00675366
0.00258873
0.000997891
0.000671639
0.00128189
0.000485489
0.00674912
0.000811498
0.00417739
0.00785188
0.00149941
0.00308232
0.000630807
0.00217784
0.00121324
0.000615703
0.000548181
0.00157091
0.00109289
0.011198
0.00166576
0.0033709
0.00548189
0.00109314
0.00365527
0.00242131
0.000949391
0.000709103
0.00169611
0.00200947
0.000969562
0.00156192
0.000751237
0.0019757
0.00133986
0.000584676
0.000921266
0.00346394
0.00569672
0.000600487
0.00519561
0.00430542
0.000242966
0.000884006
0.00042623
0.000343029
0.00342296
0.0027155
0.0011305
0.00806868
0.00797687
0.000973259
0.000766433
0.00168682
0.004777
0.00045357
0.00432682
0.00698467
0.0030641
0.00540812
0.00697354
0.000849107
0.00219186
0.00482086
0.000748782
0.00194282
0.00465102
0.00722177
0.00555082
0.00827627
0.00671207
0.0102573
0.00452593
0.00435329
0.00828492
0.00432749
0.00433068
0.00594134
0.0044242
0.0101491
0.00806583
0.00747516
0.0107917
0.00609213
0.00939677
0.00419915
0.00428059
0.0101669
0.00833209
0.00434575
0.00430405
0.00473475
0.00782498
0.00765388
0.00490949
0.0043062
0.00423304
0.00470204
0.0085618
0.00512872
0.0063991
0.00681389
0.00506625
0.00917919
0.00989648
0.00433885
0.00441475
0.00715052
0.00504357
0.0050335
0.00456799
0.00639088
0.00481346
0.00477131
0.0107044
0.00438951
0.00445316
0.0092294
0.00455102
0.00870636
0.00804
0.00449281
0.0073284
0.00452415
0.00930597
0.00927567
0.00437428
0.00435615
0.00868108
0.0043995
0.00486322
0.00654866
0.00735631
0.00640537
0.00518137
0.00671834
0.00787899
0.00434582
0.00433974
0.00613031
0.00599401
0.00722814
0.00840327
0.00693379
0.00739737
0.00662348
0.00689259
0.00598829
0.00428257
0.00453634
0.00680709
0.00477842
0.0104281
0.00631319
0.00682988
0.0120428
0.00980427
0.00427507
0.00444067
0.00611589
0.00446354
0.00814014
0.0100304
0.00531034
0.00985425
0.0107734
0.00740403
0.00550603
0.00456168
0.00897224
0.00975415
0.0053879
0.00750046
0.0109889
0.010029
0.00677295
0.00622935
0.00436506
0.00431276
0.00792248
0.00709593
0.0100899
0.00627757
0.00903959
0.0100187
0.00505085
0.00987689
0.00430177
0.00459496
0.0104435
0.00998816
0.00794585
0.00727848
0.00964251
0.00643158
0.00727668
0.00437208
0.00913488
0.00430837
0.00435955
0.00983225
0.00976995
0.00573139
0.00979674
0.00519547
0.00710265
0.00855664
0.00466786
0.00431909
0.00460098
0.00632234
0.00972896
0.00881327
0.00857386
0.0106528
0.0101514
0.00863009
0.00952627
0.00429331
0.00454437
0.00992916
0.00792698
0.00980343
0.00949034
0.00913408
0.0100064
0.00762483
0.00925049
0.00946582
0.00436484
0.00567632
0.00964641
0.00543233
0.0109992
0.00914171
0.00970459
0.00572081
0.0102257
0.00443163
0.00601619
0.0089135
0.0047658
0.00573432
0.00527933
0.00456544
0.0074491
0.00922376
0.00801493
0.00429659
0.00464166
0.00592596
0.00730946
0.00862499
0.00860021
0.0107206
0.0106525
0.0074728
0.0100551
0.00421758
0.00718984
0.0101163
0.0102824
0.00755587
0.0103293
0.00648848
0.0102266
0.00968823
0.0056806
0.0118312
0.00433244
0.00688234
0.00998304
0.00593992
0.00734409
0.0103815
0.00742632
0.00834135
0.0099367
0.007142
0.00434348
0.00696114
0.00464642
0.00942805
0.00954565
0.00823079
0.0105368
0.0100516
0.00913793
0.00428157
0.00571724
0.00902603
0.0071321
0.0121456
0.0106095
0.00657965
0.0090708
0.00937698
0.00593623
0.0105463
0.00430418
0.00558079
0.00867205
0.00652445
0.00864714
0.0093241
0.00548264
0.0107525
0.00841148
0.00753034
0.00989364
0.00624011
0.00452963
0.00431766
0.00575424
0.0113014
0.00623159
0.00764273
0.0109281
0.00970664
0.00571459
0.00968874
0.0092086
0.00438022
0.0058033
0.00897907
0.0099131
0.00917
0.00770025
