0.00457714
0.00089914
0.00220323
0.00422015
0.000551754
0.0079764
0.00309341
0.013958
0.00177383
0.00906094
0.000885377
0.0165776
0.0139554
0.0160128
0.00170327
0.00124124
0.00142676
0.0146026
0.000856706
0.00448922
0.00259742
0.00818137
0.0104364
0.010583
0.000968724
0.00387608
0.00109521
0.0013503
0.00261127
0.00123881
0.00244525
0.00378
0.00174318
0.0216246
0.0189234
0.0188364
0.00443557
0.00227421
0.0062567
0.00212867
0.00135726
0.000964797
0.0132335
0.00542925
0.00294697
0.000655585
0.00446514
0.00135419
0.00526184
0.00171042
0.00192092
0.0158575
0.0041743
0.00198198
0.00996418
0.00265102
0.00797728
0.00129357
0.000485976
0.00293266
0.00243091
0.000718427
0.0132372
0.0124073
0.0159333
0.00374959
0.00771087
0.00161156
0.00128118
0.0018147
0.016076
0.00417264
0.00110636
0.00260896
0.00217227
0.00953695
0.00243034
0.00162983
0.00507152
0.0136913
0.00494764
0.00363066
0.00166625
0.00284257
0.0031234
0.0022173
0.0165734
0.00114381
0.00328207
0.00249081
0.00997058
0.000953346
0.00518392
0.00564882
0.00162408
0.00224966
0.00461731
0.00195069
0.00266523
0.00218524
0.0011216
0.00244593
0.000849275
0.00434298
0.00189968
0.000798926
0.00105007
0.00244158
0.00121909
0.00153834
0.00416073
0.00330338
0.00825094
0.00264176
0.00148455
0.00169288
0.00107165
0.000960713
0.00163973
0.0063944
0.0013054
0.000743491
0.00127373
0.00187041
0.00213926
0.00888084
0.00097825
0.00398125
0.00462849
0.00423001
0.00430014
0.00904491
0.00657328
0.00771211
0.00474342
0.00658561
0.00533966
0.0048762
0.00868206
0.00609169
0.00454357
0.00403057
0.00336751
0.00122119
0.0141876
0.000843973
0.00403987
0.00315279
0.00133701
0.00261154
0.00902067
0.00162143
0.00125308
