7.95832
9.54746
11.2681
12.4015
14.168
15.2657
16.3136
18.0316
18.2555
18.8994
19.1029
20.6343
21.708
22.1577
23.0634
23.6498
25.4154
25.6687
27.3868
27.8507
28.0648
28.4662
29.0999
30.8045
30.9987
31.8861
32.3354
34.0311
34.4845
36.0068
36.6687
38.4055
39.0079
41.8761
43.517
44.6611
45.5515
46.8591
47.296
48.8594
50.5359
50.9432
52.6674
54.3837
54.8087
56.1501
56.3706
57.4422
58.8077
59.3677
60.5836
62.3413
62.5613
63.4997
65.247
65.4644
66.137
66.3793
68.1226
69.4925
69.7322
71.4818
71.974
72.1655
73.9497
75.2658
77.0739
77.2956
78.6478
79.6956
81.4896
81.7069
83.1782
83.5768
85.1481
85.8398
87.5473
88.6151
89.9307
91.6513
93.3551
95.413
97.0993
98.7651
100.501
102.204
103.942
105.027
105.897
106.765
108.536
108.783
110.307
110.495
112.163
113.501
113.727
115.428
115.869
116.088
117.447
117.608
118.939
120.042
120.26
121.991
122.699
124.44
125.612
127.308
127.939
129.445
130.322
130.536
131.015
132.72
133.387
133.839
134.264
134.748
136.435
137.735
139.095
139.545
139.733
141.218
142.943
144.441
144.674
145.943
147.051
147.295
148.989
150.721
152.482
154.185
155.947
157.658
158.094
159.848
161.531
163.306
165.085
166.815
168.564
168.776
169.642
169.899
171.148
171.353
171.599
173.343
173.806
