0.202239
0.202308
0.202367
0.202433
0.202499
0.202555
0.202611
0.202667
0.202721
0.202801
0.202886
0.237407
0.357697
0.531635
0.692296
0.805736
0.909363
0.983829
0.999160
1.237103
1.594740
1.895593
2.090978
2.212189
2.284593
2.339702
2.406548
2.487544
2.604165
2.745449
2.910227
3.044212
3.112348
3.161350
3.246932
3.346620
3.452278
3.567635
3.666834
3.744008
3.816244
3.896456
3.976507
4.048525
4.139384
4.223744
4.332683
4.434725
4.525456
4.561856
4.616899
4.702437
4.843990
4.996856
5.207276
5.410913
5.665999
5.931610
6.145524
6.361598
6.544887
6.706268
6.884282
7.106671
7.330103
7.523910
7.718139
7.912191
8.103429
8.288892
8.492673
8.654962
8.801577
8.971593
9.160955
9.340553
9.518925
9.659676
9.775467
9.905095
10.059732
10.263494
10.484011
10.685187
10.893897
11.138565
11.335178
11.551703
11.735572
11.952392
12.180174
12.408187
12.597790
12.815663
13.009294
13.246447
13.450470
13.652273
13.852658
14.080354
14.297108
14.517209
14.744580
14.980886
15.187495
15.430361
15.663429
15.858271
16.043696
16.215707
16.404768
16.573534
16.775776
16.992769
17.181805
17.370010
17.576929
17.734202
17.877967
17.971220
18.084404
18.192427
18.313469
18.426945
18.586352
18.745227
18.914314
19.087825
19.297577
19.483510
19.679595
19.883879
20.117807
20.309212
20.513110
20.724591
20.935714
21.113863
21.326550
21.565717
21.770267
21.966199
22.187725
22.382068
22.581001
22.813242
23.010794
23.237832
23.456701
23.640860
23.815960
24.010120
24.176745
24.376941
24.577287
24.748829
24.938475
25.115598
25.289392
25.452761
25.661601
25.855237
26.056683
26.298188
26.501892
26.733472
26.958960
27.147525
27.336314
27.572330
27.778775
28.017450
28.258284
28.468460
28.710928
28.901722
29.097713
29.244319
29.394290
29.512737
29.623187
29.685216
29.745018
29.803093
29.839964
29.970417
30.169784
30.399654
30.596064
30.828190
31.082361
31.351559
31.609775
31.862132
32.113082
32.292994
32.430837
32.544386
32.749387
32.944012
33.113319
33.301375
33.500986
33.705877
33.885559
34.066151
34.285356
34.473914
34.692030
34.882194
35.112177
35.345768
35.584181
35.822910
36.019221
36.180260
36.300697
36.397696
36.445789
36.483702
36.560639
36.714296
36.883800
37.058186
37.223711
37.328000
37.400256
37.488750
37.639706
37.807967
38.003927
38.219455
38.446504
38.714165
38.976315
39.207018
39.389319
39.568416
39.743208
39.926288
40.046863
40.147930
40.272877
40.425402
40.663421
40.881917
41.120117
41.340986
41.562219
41.754439
41.981395
42.174795
42.403492
42.638116
42.841476
43.077539
43.275410
43.477632
43.707922
43.938113
44.140555
44.300134
44.459838
44.635983
44.832555
45.072432
45.294955
45.541768
45.774158
45.975308
46.220694
46.463464
46.695510
46.883189
47.100438
47.324483
47.558834
47.789688
48.026154
48.234751
48.473982
48.695403
48.885839
49.082762
49.312151
49.549432
49.746685
49.925104
50.121108
50.317765
50.496569
50.661718
50.818397
51.002158
51.154811
51.297998
51.475459
51.681901
51.874419
52.109941
52.352121
52.600284
52.798059
52.990076
53.138050
53.258738
53.368191
53.467991
53.604413
53.744543
53.910102
54.078053
54.256189
54.475734
54.704535
54.899889
55.117522
55.297777
55.421287
55.534929
55.604859
55.673454
55.772436
55.935074
56.103249
56.253466
56.406430
56.559515
56.773152
56.985562
57.241261
57.480879
57.717486
57.927688
58.182330
58.433267
58.648536
58.897838
59.151736
59.402325
59.653931
59.871539
60.128888
60.381092
60.631600
60.844289
61.082933
61.272527
61.484026
61.695049
61.883533
62.078769
62.275590
62.498808
62.676454
62.876702
63.075777
63.280065
63.457982
63.673411
63.899617
64.101145
64.304079
64.505999
64.744364
64.980506
65.196172
65.408276
65.624107
65.840877
66.086314
66.290722
66.527954
66.725874
66.952862
67.181196
67.417388
67.652669
67.863365
68.095264
68.325478
68.527140
68.729583
68.954879
69.157216
69.325683
69.527228
69.711900
69.907341
70.147085
70.355670
70.605980
70.819705
71.022388
71.238147
71.395485
71.517822
71.618187
71.692056
71.764238
71.893834
72.048904
72.224189
72.403211
72.635582
72.842099
73.046065
73.274555
73.449856
73.602230
73.685889
73.736105
73.771139
73.825652
73.903486
74.033078
74.192521
74.345797
74.522365
74.680352
74.872589
75.071284
75.280835
75.469392
75.698791
75.897071
76.097571
76.328527
76.524572
76.750926
76.983104
77.182308
77.383556
77.618963
77.822787
78.059264
78.262072
78.463051
78.662348
78.860734
79.093746
79.289855
79.483858
79.705443
79.925183
80.116452
80.351081
80.558075
80.765171
80.996224
81.189856
81.388387
81.594974
81.835245
82.033783
82.253853
82.432882
82.640218
82.824488
83.047412
83.243774
83.473155
83.691937
83.875175
84.083179
84.258985
84.467776
84.652448
84.869302
85.048615
85.243914
85.427228
85.564546
85.696939
85.871837
86.090625
86.306019
86.555513
86.780739
86.969844
87.198222
87.399558
87.632144
87.823330
88.042791
88.264837
88.494921
88.692297
88.887445
89.106496
89.292018
89.512945
89.714464
89.925072
90.138701
90.355964
90.556365
90.649443
90.675081
90.713640
90.805692
90.918256
91.083737
91.246343
91.456749
91.653661
91.889974
92.124461
92.308187
92.472873
92.619326
92.774320
92.914864
93.097074
93.267871
93.478424
93.659512
93.868531
94.071660
94.239676
94.408218
94.622782
94.834142
94.988210
95.116994
95.255608
95.397621
95.541881
95.656145
95.755049
95.831133
95.950720
96.101523
96.274092
96.429613
96.610645
96.771827
96.971980
97.151295
97.364043
97.545359
97.709189
97.842958
97.963079
98.122946
98.324241
98.554024
98.799102
99.037959
99.235348
99.400785
99.533360
99.668294
99.764899
99.847207
99.963212
100.095261
100.292954
100.487370
100.731897
100.986394
101.243068
101.481484
101.669884
101.866495
102.015608
102.169467
102.329239
102.523023
102.762335
102.966220
103.199491
103.399457
103.593230
103.772292
103.960463
104.110922
104.294597
104.485137
104.728834
104.970043
105.160903
105.375203
105.557341
105.754112
105.901448
106.046513
106.160209
106.319440
106.495677
106.725901
106.922162
107.141911
107.356692
107.579997
107.778627
108.016678
108.215684
108.440270
108.639334
108.881937
109.088702
109.306608
109.493050
109.662163
109.792828
109.915401
110.069449
110.210658
110.377029
110.529449
110.727747
110.908165
111.123312
111.309011
111.520512
111.711680
111.926678
112.119788
112.354555
112.557223
112.792063
113.028420
113.237335
113.483755
113.682629
113.888722
114.048221
114.137122
114.203032
114.303654
114.455553
114.671522
114.862186
115.041370
115.233317
115.378473
115.522461
115.646795
115.776951
115.929769
116.085678
116.265267
116.484727
116.687016
116.891391
117.125026
117.302554
117.445512
117.555587
117.622709
117.686346
117.760504
117.818990
117.865155
117.973128
118.089326
118.219745
118.390692
118.570009
118.769838
118.970662
119.203689
119.388564
119.547229
119.719218
119.872445
119.999203
120.090668
120.178674
120.276846
120.416369
120.582206
120.747531
120.960179
121.153117
121.349030
121.547378
121.788880
122.001746
122.220306
122.476957
122.730347
122.944723
123.197507
123.449451
123.703553
123.919603
124.127983
124.352260
124.511007
124.666439
124.795204
124.952997
125.098451
125.276171
125.453067
125.627163
125.780022
125.977864
126.157106
126.368241
126.550450
126.762370
126.944365
127.130817
127.352420
127.588222
127.801715
128.022292
128.248186
128.514817
128.745451
128.976620
129.251467
129.517858
129.711949
129.772281
129.894875
130.146232
130.532134
130.961818
131.250537
131.425696
131.567546
131.820835
132.061457
132.318153
132.510631
132.698896
132.926301
133.158898
133.393025
133.588955
133.816384
134.022085
134.253399
134.490259
134.723530
134.955339
135.153770
135.387318
135.585524
135.784193
136.015627
136.247888
136.447826
136.681252
136.876543
137.103769
137.302184
137.534192
137.733660
137.931428
138.162526
138.389916
138.618705
138.812622
139.034788
139.220891
139.409950
139.636763
139.870968
140.068824
140.259127
140.482766
140.711269
140.916099
141.112177
141.310993
141.478092
141.694602
141.881799
142.052719
142.215516
142.342209
142.439596
142.564515
142.765096
142.980376
143.187425
143.363310
143.580367
143.773990
144.005011
144.205543
144.406253
144.609435
144.817845
145.021341
145.223538
145.457415
145.673190
145.837331
145.973252
146.080224
146.183206
146.278641
146.411897
146.529069
146.627960
146.707389
146.751419
146.782842
146.808750
146.831761
146.846636
146.857465
146.866386
146.872922
146.877691
