2.72743
2.96644
3.19429
3.42775
3.66043
3.86236
4.0624
4.27107
4.46899
4.70153
4.93201
5.14489
5.34554
5.58917
5.82023
6.0185
6.26831
6.48607
6.7167
6.95974
7.16951
7.37114
7.57127
7.80406
8.03094
8.25044
8.4752
8.67026
8.88039
9.07628
9.2898
9.52066
9.74967
9.96969
10.1919
10.3924
10.5931
10.8159
11.0435
11.2507
11.4512
11.688
11.935
12.1431
12.3672
12.5655
12.8067
13.012
13.2276
13.4579
13.6894
13.9025
14.1247
14.3254
14.5822
14.7752
15.0053
15.2476
15.4449
15.6758
15.9007
16.1002
16.2981
16.5368
16.7721
16.9742
17.1668
17.376
17.5797
17.7771
18.0081
18.2216
18.4151
18.6532
18.8791
19.09
19.3119
19.541
19.7431
19.9479
20.1492
20.377
20.6075
20.8107
21.0076
21.2413
21.4514
21.6814
21.8819
22.1092
22.3503
22.5786
22.774
23.0106
23.2158
23.4469
23.6485
23.8382
24.0421
24.2768
24.5072
24.7406
24.9663
25.1995
25.4014
25.6328
25.8687
26.0589
26.2738
26.4638
26.7031
26.9024
27.134
27.3713
27.57
27.7748
28.0095
28.2065
28.4353
28.6394
28.8722
29.0711
29.2972
29.504
29.7374
29.9339
30.1367
30.3353
30.5821
30.7838
30.9862
31.1902
31.417
31.6252
31.8719
32.0927
32.322
32.5186
32.7552
32.9869
33.1829
33.3845
33.6126
33.8142
34.0187
34.2446
34.4516
34.6833
34.9142
35.1109
35.3152
35.5539
35.761
35.995
36.2235
36.4276
36.655
36.8982
37.1237
37.3227
37.5517
37.7502
37.967
38.185
38.3844
38.6289
38.8538
39.0586
39.2646
39.5056
39.7164
39.9543
40.172
40.3669
40.591
40.7969
41.0263
41.229
41.4567
41.6613
41.8973
42.1181
42.3512
42.5488
42.7865
43.0196
43.2561
43.4848
43.6879
43.9155
44.1388
44.3774
44.6298
44.8551
45.0886
45.2893
45.5297
45.7316
45.9624
46.1704
46.3715
46.6074
46.8426
47.0725
47.2787
47.476
47.7048
47.9078
48.1452
48.3391
48.5714
48.8154
49.0445
49.2764
49.4691
49.6763
49.8725
50.0961
50.2927
50.4995
50.6997
50.9291
51.1243
51.328
51.553
51.7903
52.0233
52.2272
52.4521
52.6445
52.8474
53.0432
53.2505
53.4754
53.717
53.949
54.1592
54.3663
54.5572
54.7957
55.0098
55.2394
55.4771
55.6826
55.9226
56.1295
56.3551
56.5813
56.8073
57.0081
57.2416
57.4407
57.6747
57.907
58.1006
58.3434
58.5407
58.7512
58.9794
59.2138
59.4445
59.6475
59.8421
60.0827
60.3123
60.5498
60.7442
60.9802
61.2165
61.4145
61.6479
61.8774
62.1154
62.3135
62.5448
62.7847
63.0239
63.2485
63.4857
63.6805
63.9234
64.1582
64.356
64.5574
64.7957
65.0256
65.2274
65.4319
65.6594
65.8886
66.1191
66.3519
66.5631
66.7918
66.9986
67.2123
67.4473
67.6718
67.8772
68.1096
68.3456
68.5506
68.7597
68.9937
69.2182
69.4589
69.684
69.8901
70.1158
70.3227
70.5614
70.7965
71.006
71.2333
71.4703
71.672
71.9095
72.1412
72.3396
72.5751
72.7751
73.0024
73.2059
73.4339
73.6732
73.9074
74.1381
74.35
74.5795
74.7796
75.0131
75.2508
75.4781
75.683
75.9052
76.1459
76.3478
76.5735
76.8144
77.0446
77.2799
77.4779
77.7194
77.9513
78.182
78.3781
78.6138
78.8181
79.0548
79.2777
79.4831
79.6786
79.8947
80.1306
80.3266
80.5645
80.7942
81.0282
81.2245
81.4626
81.69
81.8905
82.097
82.2924
82.5287
82.7554
82.9623
83.1653
83.3681
83.5633
83.7954
84.0023
84.2277
84.4307
84.6643
84.8949
85.1264
85.3587
85.5608
85.7895
86.0239
86.2305
86.4303
86.6667
86.9008
87.0977
87.3297
87.5317
87.7312
87.96
88.1662
88.3961
88.598
88.802
89.0128
89.2121
89.4126
89.6534
89.8783
90.0811
90.2886
90.514
90.7457
90.9476
91.1786
91.3814
91.5837
91.8155
92.0163
92.2491
92.4516
92.6562
92.886
93.1132
93.3188
93.5537
93.7811
93.9866
94.2162
94.4181
94.6554
94.891
95.1214
95.3379
95.5664
95.7682
95.9711
96.1978
96.4011
96.6285
96.879
97.0852
97.2794
97.5139
97.713
97.9432
98.1367
98.3471
98.5476
98.7525
98.9743
99.1819
99.3792
99.6151
99.8427
100.051
100.288
100.488
100.689
100.919
101.119
101.322
101.518
101.755
101.959
102.19
102.39
102.623
102.824
103.049
103.243
103.477
103.711
103.91
104.141
104.342
104.576
104.786
105.011
105.215
105.451
105.682
105.876
106.089
106.324
106.554
106.75
106.985
107.21
107.417
107.641
107.846
108.088
108.285
108.515
108.751
108.985
109.187
109.389
109.62
109.824
110.051
110.253
110.458
110.658
110.859
111.088
111.285
111.517
111.716
111.951
112.149
112.379
112.589
112.809
113.015
113.245
113.489
113.691
113.888
114.09
114.318
114.518
114.742
114.945
115.18
115.39
115.622
115.849
116.047
116.244
116.488
116.711
116.92
117.113
117.351
117.585
117.811
118.019
118.249
118.452
118.694
118.926
119.151
119.351
119.592
119.792
120.026
120.228
120.459
120.665
120.864
121.076
121.274
121.503
121.736
121.979
122.203
122.438
122.666
122.898
123.096
123.33
123.569
123.766
123.994
124.198
124.428
124.615
124.843
125.079
125.316
125.567
125.763
125.994
126.193
126.426
126.635
126.835
127.066
127.269
127.505
127.702
127.904
128.102
128.327
128.53
128.757
128.965
129.201
129.431
129.637
129.864
130.064
130.296
130.5
130.732
130.93
131.158
131.371
131.598
131.799
132.039
132.273
132.496
132.703
132.932
133.137
133.373
133.58
133.805
134.009
134.243
134.468
134.708
134.911
135.119
135.35
135.554
135.776
135.979
136.216
136.423
136.639
136.85
137.078
137.29
137.528
137.724
137.958
138.162
138.393
138.624
138.829
139.065
139.27
139.502
139.72
139.925
140.118
140.319
140.523
140.757
140.958
141.156
141.393
141.593
141.834
142.062
142.302
142.531
142.731
142.927
143.153
143.35
143.559
143.792
143.993
144.193
144.427
144.659
144.854
145.055
145.295
145.497
145.721
145.928
146.131
146.362
146.597
146.833
147.035
147.262
147.466
147.671
147.907
148.136
148.361
148.559
148.767
148.963
149.204
149.426
149.628
149.856
150.054
150.251
150.453
150.698
150.893
151.096
151.329
151.558
151.764
151.999
152.236
152.468
152.67
152.883
153.109
153.306
153.529
153.731
153.966
154.165
154.412
154.644
154.877
155.069
155.302
155.506
155.732
155.932
156.181
156.373
156.57
156.804
157.034
157.234
157.431
157.644
157.869
158.067
158.278
158.518
158.758
158.982
159.177
159.416
159.624
159.832
160.067
160.261
160.457
160.654
160.89
161.089
161.319
161.514
161.716
161.942
162.171
162.414
162.612
162.837
163.059
163.289
163.522
163.761
164.007
164.206
164.433
164.639
164.845
165.071
165.302
165.503
165.736
165.937
166.174
166.376
166.611
166.803
167.01
167.24
167.472
167.708
167.909
168.137
168.339
168.54
168.764
168.987
169.191
169.397
169.627
169.865
170.066
170.269
170.501
170.72
170.937
171.137
171.34
171.567
171.794
171.99
172.203
172.435
172.661
172.895
173.094
173.331
173.534
173.758
173.962
174.16
174.359
174.561
174.765
174.965
175.2
175.427
175.627
175.83
176.038
176.267
176.468
176.699
176.902
177.103
177.329
177.529
177.729
177.943
178.167
178.368
178.569
178.803
179.041
179.269
