0.000000
0.000000
0.000000
41.557999
41.748001
41.993000
42.035000
42.057999
43.185001
48.653000
50.622002
51.612000
66.717003
73.127998
76.483002
85.915001
87.445000
89.883003
91.815002
93.664001
107.252998
133.511002
147.625000
153.847000
157.307999
159.115005
161.518997
172.412994
186.151001
190.703003
194.813995
199.328995
205.681000
215.324005
235.625000
253.848999
260.756989
263.665985
268.515991
274.963989
285.532990
292.071991
299.062012
304.862000
308.643005
311.032990
314.536011
317.243988
318.742004
319.421997
319.446014
319.450012
320.091003
323.674011
329.731995
330.677002
332.058014
335.915009
339.213989
343.229004
352.640991
368.265991
370.303009
372.817993
378.781006
383.147003
388.183990
390.377014
392.420990
395.781006
401.967987
403.628998
404.950012
408.252991
411.046997
416.778992
423.846008
442.527008
448.856995
454.566010
460.704987
461.938995
462.279999
462.609009
462.640991
462.661011
470.132996
482.210999
489.783997
493.296997
494.194000
496.113007
497.791992
499.609985
502.860992
507.455994
513.255005
515.742004
517.067017
518.768005
519.606018
522.379028
522.426025
522.456970
522.476013
522.479980
529.539001
540.182983
549.833984
555.237000
565.440002
568.232971
571.539001
574.492981
577.541016
581.895996
585.026978
587.296021
590.159973
595.137024
606.765991
612.484009
617.549988
623.406982
635.487976
645.640991
659.742004
666.080994
677.343994
686.973022
694.604980
708.041016
709.232971
709.268982
709.268982
709.268982
721.745972
723.633972
724.026001
724.187988
724.257996
724.291016
724.395020
724.521973
724.552002
724.552979
724.728027
724.767029
724.794983
724.809021
724.853027
727.494995
730.353027
735.252991
738.456970
741.848022
747.895996
753.306030
759.617004
766.775024
776.158997
781.192993
785.310974
796.218994
801.775024
809.205017
814.294006
819.525024
822.728027
823.679993
823.929016
823.945984
823.950989
823.955994
823.955994
829.538025
829.538025
829.538025
829.538025
829.538025
829.538025
829.538025
829.538025
829.538025
829.538025
829.538025
829.538025
829.538025
829.538025
829.538025
829.635986
835.343994
836.643005
836.653015
836.653992
836.653992
836.653992
836.653992
836.653992
836.653992
836.655029
836.655029
836.671021
836.924011
837.664001
838.575012
840.065979
846.763977
848.721985
850.296021
852.557007
858.822021
863.060974
868.812988
880.080994
887.862000
893.556030
897.093018
901.815002
902.036011
902.059998
902.094971
902.098022
904.083008
918.017029
922.218018
923.616028
924.127014
924.317993
925.278015
927.265015
931.193970
933.244995
934.161011
934.818970
935.758972
936.931030
942.211975
947.773010
953.192993
954.112976
954.114990
954.114990
954.117981
954.978027
955.083984
955.086975
955.086975
955.426025
966.393982
966.864014
970.520020
984.651001
989.018982
991.073975
992.166016
996.676025
999.507996
1007.583008
1008.489014
1008.922974
1009.106018
1009.286987
1009.293030
1011.588989
1023.396973
1033.754028
1042.115967
1046.334961
1056.427979
1059.676025
1063.060059
1067.516968
1069.079956
1069.532959
1070.529053
1081.244019
1093.131958
1095.459961
1101.115967
1103.807983
1104.001953
1104.022949
1104.036011
1104.046997
1104.317017
1104.754028
1106.866943
1107.048950
1107.308960
1108.880981
1117.241943
1121.519043
1122.041992
1122.316040
1122.370972
1122.375000
1122.375977
1122.375977
1122.375977
1122.375977
1122.386963
1122.386963
1122.387939
1122.387939
1122.387939
1122.431030
1122.431030
1122.441040
1122.933960
1123.133057
1123.197021
1123.197021
1123.380981
1123.487061
1123.498047
1123.498047
1123.498047
1123.498047
1123.498047
1123.500977
1123.519043
1123.524048
1123.545044
1123.547974
1123.551025
1123.552979
1123.568970
1123.571045
1123.572021
1123.572998
1123.572998
1123.644043
1126.404053
1133.719971
1138.666016
1141.958984
1148.713013
1155.286011
1160.610962
1165.088013
1167.108032
1170.347046
1174.442993
1179.093994
1179.816040
1180.165039
1180.224976
1180.290039
1180.333008
1180.368042
1180.373047
1180.385986
1180.392944
1180.395996
1180.396973
