1.88603
1.88612
2.41323
2.95447
3.42788
3.92119
4.41762
4.93225
5.41801
5.91857
6.4175
6.9185
7.42201
7.9218
8.42154
8.9217
9.42214
9.92187
10.4219
10.9223
11.4217
11.9352
12.4262
12.9259
13.4257
13.9253
14.426
14.9255
15.445
15.9263
16.426
16.9267
17.4292
17.9293
18.4297
18.9305
19.4302
19.9481
20.4297
20.9326
21.4515
21.9332
22.4338
22.9332
23.447
23.9337
24.4342
24.9333
25.4343
25.9338
26.4373
26.9375
27.4381
27.9374
28.4381
28.9383
29.4381
29.9375
30.4404
30.9413
31.4413
31.9419
32.442
32.9421
33.4414
33.9414
34.4519
34.9422
35.4415
35.9724
36.4461
36.9493
37.4455
37.967
38.4462
38.9464
39.4499
39.9816
40.4499
40.9497
41.4568
41.95
42.45
42.9502
43.4496
43.9501
44.4495
44.95
45.4498
45.9627
46.4541
46.9538
47.4762
47.9539
48.4541
48.9536
49.4694
49.9536
50.4536
50.9582
51.4576
51.9577
52.4578
52.9583
53.4575
53.958
54.4583
54.9584
55.4772
55.9611
56.4611
56.9621
57.4616
57.9636
58.4659
58.9798
59.4665
59.9662
60.4649
60.9805
61.4653
61.9658
62.4657
62.9653
63.4858
63.9655
64.4663
64.9663
65.4699
65.9701
66.4702
66.9986
67.4702
67.9692
68.4692
68.9693
69.4771
69.9699
70.4699
70.9696
71.4722
71.974
72.4743
72.9736
73.4742
73.9742
74.4742
74.9738
75.4784
75.9741
76.4779
76.9777
77.4781
77.9774
78.4778
78.9773
79.4833
79.9773
80.478
80.9776
81.4897
81.9816
82.4816
82.982
83.4815
84.0025
84.4817
84.9821
85.482
85.9812
86.4818
86.982
87.4838
87.986
88.4849
88.9863
89.4855
89.9858
90.4852
90.9853
91.4916
91.9903
92.4901
92.9901
93.4899
93.9907
94.4903
94.9898
95.4897
95.9896
96.4898
96.99
97.5142
97.9904
98.4935
98.9938
99.4937
99.9937
100.493
100.994
101.518
101.994
102.494
102.994
103.495
103.998
104.498
105.011
105.498
105.997
106.498
106.998
107.498
107.998
108.515
108.998
109.499
110.002
110.502
111.002
111.517
112.001
112.502
113.015
113.502
114.002
114.519
115.001
115.506
116.006
116.506
117.006
117.506
118.02
118.506
119.006
119.506
120.026
120.506
121.01
121.51
122.01
122.509
123.01
123.51
124.01
124.51
125.01
125.51
126.01
126.514
127.014
127.514
128.014
128.513
129.014
129.514
130.013
130.515
131.015
131.514
132.017
132.518
133.018
133.518
134.018
134.517
135.017
135.518
136.018
136.517
137.019
137.528
138.018
138.521
139.022
139.522
140.023
140.524
141.022
141.522
142.022
142.531
143.022
143.525
144.026
144.525
145.026
145.526
146.025
146.525
147.035
147.526
148.026
148.526
149.027
149.53
150.03
150.53
151.03
151.53
152.03
152.53
153.03
153.53
154.03
154.533
155.034
155.534
156.033
156.533
157.034
157.533
158.034
158.534
159.034
159.534
160.068
160.538
161.038
161.538
162.038
162.537
163.059
163.538
164.038
164.541
165.071
165.541
166.042
166.542
167.041
167.542
168.041
168.542
169.042
169.542
170.066
170.546
171.045
171.567
172.046
172.545
173.046
173.545
174.046
174.565
175.051
175.55
176.049
176.55
177.05
177.552
178.049
178.555
179.051
