0.00585529
0.00127069
0.00999323
0.00652196
0.00395724
0.00063378
0.0183179
0.000926785
0.00120012
0.0011124
0.00122718
0.00686333
0.00120798
0.0016699
0.00319104
0.000400181
0.00105571
0.00131681
0.00151679
0.000934733
0.00449276
0.000607882
0.000947991
0.00168087
0.00298443
0.0182416
0.00551323
0.000938084
0.000546832
0.00376387
0.00491201
0.00166352
0.000461041
0.00372062
0.00166786
0.00195155
0.00283097
0.0034721
0.0027111
0.00247159
0.00119445
0.00060411
0.00145744
0.00201996
0.000532621
0.00289467
0.0035935
0.00193937
0.00327851
0.000718477
0.00140682
0.000504788
0.00122947
0.000934259
0.00137314
0.00449888
0.00532677
0.00193957
0.000596251
0.00965368
0.00628701
0.000669946
0.00118517
0.00924046
0.00614335
0.00187593
0.00062891
0.00422517
0.00445209
0.00335111
0.000678305
0.0110384
0.00972562
0.00172469
0.00141023
0.00538361
0.000988816
0.00156815
0.000789939
0.000765713
0.00133569
0.000593248
0.00100865
0.00116979
0.00449936
0.00174947
0.00301359
0.000659437
0.0015926
0.000849422
0.00173197
0.00186402
0.00137262
0.00199466
0.00199564
0.00107483
0.000852674
0.00111803
0.00184993
0.0102854
0.00606572
0.00332042
0.000827314
0.00105216
0.00355232
0.000422171
0.000580071
0.000685662
0.00379322
0.000655421
0.000767183
0.00409142
0.00188678
0.0128204
0.00336756
0.00142845
0.00645132
0.00456415
0.000395865
0.00476785
0.000444336
0.000705503
0.000778842
0.000798504
0.000608115
0.000913757
0.00208374
0.00181601
0.00454216
0.00716449
0.00427315
0.00138658
0.000790387
0.00128788
0.000676311
0.000815389
0.00796739
0.00659438
0.00719533
0.00497204
0.00442947
0.00683088
0.00952824
0.00486892
0.00616614
0.00563931
0.00469822
0.00435332
0.00559152
0.00726108
0.0109123
0.00455629
0.00698994
0.0101068
0.00654886
0.0114215
0.0112679
0.00430842
0.00469995
0.00439244
0.00744844
0.00431459
0.00533143
0.00602489
0.00556728
0.00774237
0.00427911
0.00423325
0.00434071
0.00962048
0.0043008
0.00618921
0.00549335
0.00448195
0.00566663
0.00562058
0.00450906
0.0044309
0.00429442
0.00436661
0.00881185
0.00448041
0.0061263
0.00893978
0.0057127
0.00598247
0.00770329
0.00419287
0.00437556
0.00756458
0.00434042
0.00765866
0.00559733
0.00438282
0.00886625
0.00448607
0.00898932
0.00427508
0.00431875
0.00465149
0.00774693
0.00552597
0.00967936
0.00517163
0.00593642
0.00888589
0.00565199
0.00621516
0.00435421
0.00435474
0.00648544
0.0106138
0.00429147
0.00537794
0.00557834
0.0062224
0.00856799
0.00920284
0.0044787
0.00441107
0.00632002
0.00436918
0.00842679
0.00533503
0.00598844
0.00692099
0.00436248
0.00663577
0.00608679
0.00418239
0.00424591
0.00601322
0.00494359
