7.83755
7.85276
9.52525
12.2818
16.0637
21.3234
22.1658
25.705
25.7163
25.7367
25.7573
27.4103
27.425
27.4374
29.0826
42.4805
42.5001
42.521
42.5409
42.5603
42.5842
42.6
42.6202
42.6412
46.2425
47.5373
47.5531
51.8721
56.0117
56.0348
57.7797
57.7967
58.6558
58.679
58.6967
58.7179
58.7382
58.7595
58.7779
58.7976
58.8472
58.8601
58.8816
58.9014
60.3596
60.382
60.4033
60.4211
60.4429
60.5848
60.605
60.9881
61.0087
61.0281
61.0485
61.0727
61.8653
61.8811
64.0078
67.4897
71.4452
71.4603
71.4806
71.8764
72.3098
74.4488
74.468
74.492
74.5115
80.8952
80.9124
85.267
93.8212
95.3372
95.3571
95.3808
95.3967
95.4171
95.4362
95.4566
95.4766
95.4958
95.5156
95.5486
98.42
98.4376
98.451
98.4686
98.49
98.508
98.53
98.5498
98.5707
98.5898
98.6099
98.6282
98.6485
98.6688
98.681
102.121
108.118
117.243
118.972
118.984
120.543
120.56
120.58
120.602
121.224
127.316
129.064
129.08
129.098
130.859
132.583
136.264
136.29
136.308
136.324
136.348
136.364
136.384
141.964
149.681
150.136
150.157
151.238
151.257
156.636
156.659
156.676
156.7
227.108
227.121
227.14
229.433
231.615
231.634
231.655
231.673
231.692
231.714
231.737
231.752
231.774
231.793
231.812
231.83
231.854
231.875
231.898
231.912
231.935
231.957
231.974
231.999
232.027
232.065
232.083
232.1
232.124
232.14
232.161
232.181
232.201
232.224
232.24
232.274
232.292
232.318
232.331
232.354
232.372
232.392
232.413
232.433
232.452
232.483
232.5
232.52
232.545
232.56
232.582
232.605
232.621
232.642
232.663
232.689
232.704
232.728
232.744
232.767
232.785
232.804
232.829
232.844
232.869
232.894
232.908
232.928
232.951
232.969
232.993
233.008
233.03
233.052
233.069
233.09
233.119
233.136
233.158
233.182
233.196
233.216
233.237
233.258
233.28
233.301
233.328
233.344
233.366
233.383
233.408
233.425
233.445
233.467
233.484
233.506
233.525
233.556
233.572
233.593
233.612
