7.87277
9.53677
11.1891
12.2979
12.5336
14.3112
14.9419
16.0815
17.8824
18.0979
18.7258
18.9712
19.9923
20.8607
21.3455
21.9184
22.1779
22.3773
23.2552
25.0397
25.4769
25.7772
27.4586
29.1079
30.8303
32.6637
34.4051
36.1003
37.7957
38.0019
38.9085
39.3451
40.9998
42.0412
42.6959
43.5744
45.3486
46.2619
47.3334
47.5708
49.2792
49.4675
51.2405
51.8858
52.7891
53.0241
53.8873
55.6196
56.055
57.81
58.9218
60.4649
60.6261
61.0947
61.9071
63.6082
64.0311
65.3322
67.0852
67.5007
68.3262
70.1205
71.5014
71.6694
71.8917
72.3302
74.0139
74.5318
76.1506
77.8947
79.5533
80.9327
81.089
81.3312
83.0964
84.8255
85.2846
86.106
86.9814
87.4308
88.947
89.6165
91.3492
92.481
93.8393
95.5775
97.3205
98.7011
100.414
102.137
103.842
105.517
107.254
108.135
109.848
111.575
112.045
113.755
115.479
117.266
117.905
118.765
119.004
119.637
120.622
121.242
122.08
123.824
124.681
126.419
127.336
128.864
129.125
130.881
132.602
134.28
136.064
136.411
138.024
139.781
141.481
141.988
142.633
142.861
144.577
146.385
146.833
148.609
149.701
150.177
151.278
152.737
152.939
154.687
156.414
156.713
158.37
160.156
160.345
160.569
160.801
162.564
164.289
164.519
166.191
167.875
169.614
171.968
173.754
175.488
176.768
178.295
180.026
180.892
182.45
184.25
185.989
186.839
188.377
190.136
191.838
192.502
194.039
195.779
197.501
198.143
199.843
201.563
203.365
204.227
205.805
207.509
209.209
210.937
211.814
213.341
215.113
216.418
216.632
218.401
220.113
221.853
223.606
224.501
225.341
225.575
226.645
227.166
227.544
229.214
229.454
231.19
