0.00128777
0.000885345
0.00166968
0.00184742
0.0255706
0.0198748
0.0179464
0.00202387
0.0233943
0.00591915
0.00995858
0.0118405
0.000835402
0.00877547
0.00220029
0.00658178
0.00174317
0.00155526
0.0182133
0.00494017
0.00111657
0.00219482
0.00287676
0.00808541
0.0023763
0.00299466
0.0137397
0.00904285
0.00948282
0.00271614
0.00514862
0.00535953
0.00470391
0.00191687
0.00121364
0.00274004
0.00914215
0.00219657
0.00520545
0.00290538
0.00776969
0.00343068
0.00882911
0.00183603
0.00875975
0.000803228
0.00413876
0.00375734
0.00339864
0.00281244
0.00233574
0.00482945
0.00236115
0.00661563
0.00697564
0.00104582
0.00384708
0.00442197
0.00934887
0.000618355
0.010974
0.00489955
0.00158621
0.00183186
0.0044151
0.00632951
0.00591076
0.00405054
0.0025424
0.00330172
0.00133313
0.000986354
0.0012241
0.00302805
0.00130437
0.00207051
0.000842707
0.00627794
0.0139753
0.00274107
0.00440484
0.0133351
0.00111129
0.00181289
0.00723325
0.00956952
0.0132803
0.00530339
0.00235783
0.00534686
0.00196242
0.00154593
0.00269124
0.00326962
0.0040927
0.00291282
0.00181331
0.0112538
0.00750984
0.00623493
0.00559269
0.00104552
0.00400682
0.0053568
0.00252698
0.00229123
0.000720724
0.00435436
0.000760354
0.00218327
0.000754781
0.00802477
0.00957594
0.00217744
0.00189244
0.00112253
0.00379839
0.00730582
0.00427173
0.00118712
0.00106481
0.00497669
0.000983252
0.00186832
0.00932718
0.0168191
0.00579684
0.00109181
0.00146327
0.00150239
0.00244925
0.00108764
0.00244402
0.00722757
0.00307162
0.00138301
0.00177773
0.00500974
0.00540455
0.00930247
0.00521807
0.00445703
0.000913948
0.00377805
0.00682786
0.00380824
0.00565102
0.00777916
0.00670328
0.00371554
0.00445322
0.00411383
0.0020479
0.00661336
0.0030959
0.00228867
0.00181569
0.00749614
0.00613539
0.00371989
0.00228764
0.00610179
0.0032481
0.00288709
0.0033153
0.00426237
0.00372515
0.00357758
0.0016391
0.00357368
0.0019017
0.0045228
0.00226084
0.00169453
0.00612681
0.00164433
0.00153054
0.00665597
0.00453504
0.00502447
0.00527747
0.00224317
0.00681567
0.00114501
0.00523907
0.00784998
0.00153261
0.00622784
0.00485321
0.00287234
0.00193502
0.00304324
