2.75613
2.98376
3.19029
3.42144
3.62851
3.82868
4.07473
4.27693
4.47748
4.7089
4.90867
5.11943
5.31187
5.56002
5.79194
5.99606
6.21758
6.42231
6.61788
6.85215
7.09369
7.32405
7.56791
7.76091
7.99187
8.19921
8.43201
8.63378
8.84061
9.0329
9.25767
9.50332
9.6991
9.89785
10.1326
10.3236
10.5175
10.7437
10.973
11.1765
11.3789
11.5924
11.8123
12.0324
12.2633
12.4982
12.7335
12.9365
13.1462
13.3715
13.5803
13.7968
14.0298
14.2792
14.4725
14.7177
14.911
15.1452
15.3365
15.5824
15.8062
16.0384
16.2291
16.4702
16.6976
16.9045
17.1309
17.369
17.6107
17.846
18.0805
18.2887
18.4743
18.7064
18.943
19.1382
19.3436
19.5476
19.7765
19.9782
20.1996
20.4038
20.6118
20.8403
21.0744
21.3113
21.5159
21.7018
21.9013
22.1374
22.365
22.5686
22.7918
22.9952
23.2262
23.4621
23.6924
23.8939
24.1201
24.3615
24.5939
24.789
25.0229
25.2228
25.4562
25.69
25.9174
26.1216
26.3238
26.5554
26.7578
26.9575
27.1551
27.3908
27.5907
27.793
27.9968
28.2243
28.4259
28.6374
28.8625
29.0634
29.3008
29.5402
29.7493
29.9739
30.1835
30.4092
30.6145
30.8175
31.051
31.2852
31.483
31.7099
31.9486
32.1797
32.4093
32.651
32.8907
33.081
33.2781
33.513
33.7474
33.9542
34.1456
34.379
34.5805
34.7843
35.0088
35.2122
35.4136
35.6449
35.8769
36.076
36.278
36.4715
36.7083
36.9123
37.1068
37.3391
37.5728
37.7663
37.9888
38.2282
38.456
38.687
38.8921
39.1285
39.3268
39.5271
39.7586
39.9624
40.1614
40.3527
40.5836
40.7877
40.9856
41.1941
41.4213
41.6215
41.8249
42.0272
42.2517
42.4659
42.6946
42.8879
43.1329
43.3618
43.5585
43.7604
43.9879
44.1852
44.4211
44.6312
44.8563
45.0905
45.3299
45.5598
45.7645
45.9951
46.2302
46.4359
46.6387
46.8813
47.0862
47.3159
47.5086
47.7135
47.9396
48.148
48.3567
48.5799
48.8209
49.0172
49.2525
49.4509
49.686
49.9126
50.1158
50.3163
50.517
50.7501
50.9754
51.2197
51.4492
51.6408
51.8526
52.0617
52.2981
52.5334
52.7681
53.0107
53.2128
53.4407
53.6351
53.8701
54.1049
54.3367
54.5364
54.7702
54.9741
55.2011
55.4002
55.6046
55.8
56.0016
56.232
56.4363
56.6366
56.8775
57.1112
57.3466
57.5712
57.7645
57.9747
58.1758
58.4047
58.6414
58.8459
59.0412
59.2427
59.48
59.7086
59.9373
60.1496
60.3486
60.5693
60.7809
60.9775
61.2064
61.4197
61.641
61.8473
62.0793
62.2693
62.4733
62.6783
62.9252
63.1524
63.3508
63.5862
63.7893
63.9952
64.2241
64.4254
64.6545
64.858
65.0984
65.3149
65.5252
65.7532
65.9622
66.161
66.399
66.6248
66.8338
67.0631
67.2621
67.4692
67.6995
67.8943
68.0931
68.2982
68.5414
68.7425
68.9489
69.1783
69.4077
69.6414
69.8821
70.1059
70.3379
70.5183
70.7535
70.9521
71.1844
71.4281
71.6557
71.853
72.0559
72.2921
72.5211
72.7225
72.929
73.1561
73.356
73.5608
73.7623
73.9894
74.1897
74.4332
74.6626
74.8586
75.0554
75.2601
75.4939
75.6914
75.9298
76.1334
76.3385
76.5377
76.7428
76.9774
77.1811
77.4214
77.6472
77.8787
78.0813
78.2849
78.5217
78.7196
78.9174
79.1205
79.3447
79.5399
79.7485
79.9747
80.1709
80.4029
80.6427
80.8801
81.0771
81.3175
81.5477
81.7536
81.9778
82.1934
82.4248
82.6631
82.8859
83.0836
83.3112
83.5203
83.7508
83.9833
84.1828
84.3885
84.6258
84.8061
85.0354
85.2364
85.4852
85.6839
85.8889
86.0881
86.324
86.5246
86.7204
86.957
87.1922
87.4184
87.6165
87.852
88.0577
88.2893
88.5271
88.7274
88.9271
89.1628
89.3631
89.5904
89.827
90.0597
90.258
90.4956
90.7022
90.9052
91.1358
91.3363
91.5709
91.8099
92.039
92.2335
92.4622
92.6731
92.8866
93.0866
93.3199
93.5566
93.7872
94.0178
94.2196
94.4569
94.6564
94.8584
95.0886
95.3223
95.5376
95.7536
95.9564
96.1572
96.3918
96.6183
96.8581
97.0896
97.2927
97.5188
97.7568
97.9865
98.1984
98.4026
98.6464
98.8857
99.1114
99.3085
99.5196
99.7434
99.935
100.169
100.4
100.598
100.826
101.029
101.265
101.463
101.665
101.887
102.101
102.301
102.533
102.756
102.96
103.189
103.39
103.627
103.83
104.042
104.23
104.43
104.634
104.862
105.069
105.295
105.502
105.722
105.952
106.171
106.411
106.612
106.827
107.034
107.234
107.462
107.691
107.897
108.101
108.331
108.551
108.776
108.969
109.202
109.415
109.626
109.832
110.058
110.259
110.486
110.696
110.927
111.125
111.361
111.56
111.801
112.032
112.232
112.465
112.664
112.893
113.099
113.327
113.527
113.733
113.955
114.158
114.354
114.559
114.799
115.025
115.253
115.456
115.698
115.892
116.126
116.346
116.562
116.791
116.993
117.228
117.43
117.667
117.889
118.093
118.29
118.529
118.752
118.961
119.187
119.396
119.62
119.821
120.062
120.292
120.527
120.768
120.992
121.199
121.429
121.639
121.869
122.068
122.278
122.514
122.714
122.948
123.179
123.379
123.606
123.806
124.033
124.237
124.468
124.67
124.899
125.101
125.331
125.542
125.737
125.954
126.156
126.401
126.629
126.86
127.061
127.3
127.533
127.739
127.973
128.174
128.372
128.611
128.842
129.047
129.266
129.473
129.707
129.931
130.14
130.368
130.597
130.831
131.06
131.262
131.492
131.7
131.929
132.13
132.357
132.563
132.786
132.99
133.193
133.397
133.633
133.828
134.031
134.263
134.493
134.694
134.895
135.134
135.33
135.558
135.798
136.043
136.244
136.481
136.712
136.909
137.149
137.381
137.588
137.809
138.009
138.243
138.442
138.668
138.875
139.067
139.295
139.533
139.757
139.96
140.16
140.362
140.591
140.793
141.026
141.261
141.466
141.697
141.943
142.188
142.387
142.621
142.849
143.054
143.278
143.48
143.716
143.915
144.115
144.317
144.557
144.763
144.998
145.217
145.416
145.644
145.874
146.113
146.351
146.577
146.811
147.063
147.29
147.49
147.726
147.926
148.132
148.369
148.597
148.821
149.034
149.23
149.455
149.659
149.882
150.123
150.347
150.553
150.781
150.992
151.218
151.42
151.66
151.858
152.089
152.295
152.496
152.725
152.926
153.166
153.399
153.6
153.8
154.006
154.237
154.432
154.668
154.863
155.092
155.294
155.531
155.726
155.963
156.199
156.399
156.621
156.826
157.066
157.267
157.476
157.69
157.918
158.147
158.352
158.587
158.816
159.022
159.255
159.457
159.695
159.921
160.132
160.326
160.545
160.786
160.983
161.213
161.451
161.679
161.881
162.122
162.352
162.55
162.786
162.971
163.202
163.402
163.631
163.835
164.068
164.268
164.503
164.735
164.935
165.148
165.353
165.583
165.784
165.982
166.17
166.403
166.597
166.802
167.04
167.253
167.448
167.657
167.858
168.085
168.289
168.493
168.687
168.925
169.155
169.382
169.596
169.797
170.036
170.234
170.436
170.613
170.854
171.094
171.314
171.509
171.717
171.947
172.159
172.382
172.565
172.819
173.05
173.289
173.51
173.731
173.956
174.167
174.402
174.608
174.812
175.041
175.241
175.466
175.677
175.875
176.079
176.316
176.518
176.746
176.974
177.177
177.41
177.605
177.812
178.055
178.278
178.504
178.71
178.929
179.137
179.363
179.599
179.801
180.002
180.23
180.434
180.664
180.87
181.105
181.336
181.534
181.738
181.976
182.206
182.433
182.668
182.909
183.135
183.366
183.603
183.806
184.035
184.237
184.466
184.673
184.904
185.119
185.32
185.551
185.762
185.959
186.176
186.378
186.585
186.814
187.048
187.282
187.485
187.685
187.919
188.15
188.353
188.579
188.78
189.015
189.216
189.451
189.681
189.884
190.114
190.348
190.581
190.782
191.012
191.215
191.418
191.618
191.821
192.058
192.258
192.486
192.688
192.918
193.118
193.359
193.585
193.788
194.017
194.22
194.457
194.659
194.885
195.088
195.291
195.52
195.758
195.983
196.218
196.416
196.62
196.858
197.058
197.286
197.488
197.693
197.924
198.124
198.358
198.561
198.789
198.993
199.228
199.427
199.627
199.828
200.037
200.239
200.468
200.669
200.897
201.108
201.344
201.537
201.773
202.002
202.245
202.474
202.678
202.9
203.11
203.354
203.58
203.813
204.012
204.213
204.447
204.677
204.907
205.146
205.349
205.573
205.782
206.009
206.209
206.439
206.649
206.846
207.047
207.278
207.485
207.714
207.919
208.126
208.352
208.552
208.783
208.992
209.189
209.416
209.656
209.88
210.084
210.284
210.489
210.72
210.921
211.149
211.357
211.587
211.788
212.014
212.225
212.463
212.672
212.9
213.102
213.329
213.576
213.769
213.997
214.202
214.435
214.636
214.873
215.102
215.307
215.529
215.737
215.968
216.172
216.398
216.617
216.821
217.057
217.281
217.493
217.717
217.917
218.158
218.385
218.62
218.815
219.013
219.248
219.446
219.654
219.857
220.097
220.32
220.521
220.727
220.93
221.161
221.4
221.6
221.841
222.068
222.3
222.525
222.764
222.988
223.193
223.384
223.588
223.815
224.049
224.251
224.49
224.718
224.913
225.112
225.325
225.555
225.765
226
226.195
226.424
226.634
226.869
227.094
227.297
227.529
227.73
227.922
228.127
228.361
228.559
228.762
228.96
229.195
229.421
229.656
229.892
230.116
230.315
230.525
230.725
230.955
231.173
231.396
231.59
231.825
232.061
232.27
232.478
232.685
232.889
233.114
233.323
233.552
