0.202239
0.202309
0.202365
0.202430
0.202481
0.202537
0.202610
0.202661
0.202720
0.202783
0.204584
0.279301
0.417682
0.593667
0.743511
0.846568
0.938135
0.989274
1.007069
1.265957
1.671297
1.984847
2.162590
2.241907
2.308551
2.362801
2.430696
2.517531
2.640287
2.784245
2.948717
3.071275
3.130489
3.175147
3.265686
3.374341
3.492776
3.622492
3.730899
3.812253
3.885900
3.954487
4.030475
4.099166
4.189637
4.288373
4.397501
4.479697
4.515793
4.563075
4.635826
4.741566
4.867640
5.023087
5.175727
5.367965
5.546257
5.776482
5.986670
6.225544
6.445365
6.657444
6.838737
7.055758
7.273872
7.463205
7.682262
7.901156
8.109566
8.307941
8.494993
8.638479
8.782066
8.983600
9.237401
9.466249
9.671809
9.847609
10.037265
10.213945
10.452894
10.671601
10.881136
11.101887
11.318897
11.544072
11.746486
11.952903
12.166201
12.402669
12.640290
12.834676
13.052531
13.236868
13.458750
13.691945
13.905551
14.068637
14.258359
14.486860
14.741964
14.969867
15.227799
15.434905
15.652502
15.830394
15.976315
16.076351
16.154691
16.270832
16.413934
16.599130
16.808761
17.054088
17.249322
17.420539
17.563705
17.688485
17.753504
17.784585
17.836480
17.919317
18.059033
18.229993
18.383322
18.540895
18.651473
18.763231
18.859622
18.967834
19.113034
19.280382
19.430311
19.586375
19.699376
19.769198
19.809112
19.858164
19.941315
20.041229
20.169027
20.356818
20.568003
20.758524
20.951499
21.177409
21.370568
21.550718
21.722877
21.817079
21.876752
21.960746
22.072775
22.180419
22.290987
22.401680
22.545630
22.702594
22.894809
23.140531
23.382802
23.579685
23.772301
24.005086
24.230730
24.439629
24.610670
24.815785
24.996520
25.172746
25.353654
25.489744
25.625980
25.777901
25.974646
26.156524
26.346552
26.542831
26.777924
26.976031
27.170835
27.367559
27.604923
27.816194
28.056708
28.253200
28.482397
28.714406
28.915952
29.115577
29.342413
29.529275
29.741629
29.922357
30.138800
30.363789
30.599286
30.832037
31.016715
31.207685
31.406416
31.589597
31.781298
32.002542
32.194781
32.429589
32.636902
32.836122
33.057730
33.246381
33.463036
33.671759
33.869804
34.017036
34.156274
34.253024
34.348627
34.436585
34.485124
34.504400
34.584884
34.744393
34.944383
35.169380
35.406289
35.621954
35.845936
36.075850
36.346023
36.614677
36.857652
37.084304
37.266030
37.480173
37.685004
37.945722
38.196686
38.445526
38.646649
38.868342
39.052345
39.263298
39.447596
39.636742
39.830636
40.027659
40.257113
40.438095
40.605030
40.816478
41.073863
41.331127
41.562094
41.745694
41.931203
42.128892
42.371956
42.606805
42.803596
42.999804
43.200378
43.439722
43.690366
43.943410
44.168538
44.376659
44.606973
44.800476
44.993973
45.226191
45.425942
45.651932
45.841100
46.068105
46.275260
46.481791
46.684681
46.932142
47.148121
47.282517
47.391492
47.492620
47.616358
47.784691
47.945334
48.164382
48.370742
48.616776
48.853431
49.050393
49.272936
49.462836
49.651895
49.879563
50.110566
50.310022
50.532292
50.717506
50.913313
51.119683
51.263060
51.366660
51.435691
51.524587
51.626766
51.750807
51.915921
52.117506
52.359232
52.610935
52.862214
53.119238
53.345794
53.609580
53.815509
54.015256
54.177858
54.312341
54.420632
54.539562
54.734052
54.997031
55.226440
55.420690
55.575936
55.718575
55.894757
56.085429
56.304519
56.495583
56.708878
56.850966
56.938402
57.057110
57.175423
57.328970
57.501707
57.728359
57.916630
58.103518
58.281117
58.462963
58.682546
58.880271
59.121157
59.359493
59.590077
59.774881
59.938832
60.119952
60.299652
60.511005
60.737532
61.000337
61.222401
61.441981
61.697345
61.918544
62.179014
62.433251
62.685203
62.899346
63.144189
63.367707
63.532139
63.682415
63.792631
63.937604
64.109570
64.302193
64.479373
64.699161
64.892005
65.068960
65.136068
65.211625
65.366772
65.613095
65.837391
66.100214
66.330971
66.597653
66.824794
67.043298
67.232839
67.397827
67.481547
67.556455
67.720477
67.979542
68.272217
68.499461
68.731027
68.926738
69.147137
69.376216
69.572907
69.771168
70.003081
70.205002
70.438483
70.673482
70.905918
71.103917
71.318210
71.502166
71.668746
71.869591
72.054380
72.286541
72.523314
72.767412
72.983469
73.232009
73.430381
73.642201
73.796410
73.931308
74.021824
74.089901
74.200102
74.325551
74.457748
74.584393
74.741771
74.958856
75.192959
75.393001
75.615356
75.785860
75.922349
76.021911
76.067296
76.097520
76.159149
76.244934
76.382795
76.558001
76.750427
76.932327
77.112959
77.332111
77.553394
77.779313
77.976109
78.173465
78.371516
78.571043
78.808876
79.044089
79.246668
79.479872
79.678965
79.913015
80.111662
80.310891
80.542993
80.743903
80.944835
81.176145
81.409053
81.607084
81.836903
82.029161
82.245793
82.431219
82.624385
82.799317
82.970991
83.147180
83.354573
83.528915
83.725210
83.888432
84.055555
84.256015
84.459927
84.667673
84.840569
85.036505
85.203181
85.369839
85.564843
85.765100
85.940491
86.125723
86.348599
86.540119
86.762605
86.953768
87.167734
87.341205
87.535684
87.736597
87.979214
88.185322
88.422896
88.625321
88.849427
89.042681
89.263316
89.452912
89.678764
89.902511
90.096732
90.325230
90.522363
90.751042
90.942548
91.167449
91.367769
91.575190
91.823062
92.044519
92.225659
92.334202
92.394987
92.470685
92.598746
92.748558
92.963851
93.171068
93.426871
93.681656
93.889527
94.113176
94.282149
94.456854
94.596662
94.761154
94.930794
95.080985
95.223551
95.392052
95.608916
95.826783
96.081057
96.284779
96.512289
96.704113
96.925528
97.140742
97.358801
97.577891
97.777633
97.938074
98.118785
98.262367
98.400100
98.503566
98.608610
98.745103
98.866760
98.989286
99.138728
99.303461
99.518622
99.715886
99.957021
100.143548
100.325310
100.468843
100.601739
100.672062
100.742466
100.816673
100.909228
101.037719
101.182956
101.390248
101.623875
101.860591
102.069262
102.308758
102.523818
102.666962
102.806384
102.935939
103.098003
103.328231
103.582293
103.790807
104.011086
104.179952
104.342263
104.460481
104.539529
104.641846
104.768594
104.931511
105.120338
105.303072
105.516232
105.666591
105.780147
105.824641
105.865818
105.941584
106.080251
106.238250
106.421761
106.620025
106.860032
107.060815
107.256604
107.475249
107.685390
107.860847
108.026487
108.200886
108.327075
108.446634
108.537027
108.605112
108.656106
108.720588
108.811633
108.912533
109.054958
109.239615
109.432739
109.677580
109.892579
110.137920
110.326931
110.510193
110.653637
110.803829
110.981071
111.174289
111.364782
111.518227
111.646783
111.759183
111.897624
111.949676
112.011898
112.175522
112.359522
112.559460
112.759424
112.938143
113.070255
113.231067
113.443596
113.649654
113.886810
114.073439
114.252827
114.367920
114.444176
114.485792
114.531435
114.605827
114.739098
114.897166
115.013810
115.102690
115.142070
115.187964
115.275220
115.397592
115.545588
115.711784
115.884296
116.038668
116.241227
116.450030
116.679975
116.954329
117.209925
117.448055
117.642657
117.830341
118.046436
118.228615
118.442401
118.656846
118.861212
119.011742
119.173807
119.336639
119.562037
119.766201
119.985813
120.131520
120.278303
120.408033
120.545179
120.715017
120.870020
121.063142
121.260488
121.427489
121.558596
121.648272
121.698872
121.731262
121.806737
121.906948
122.057064
122.197379
122.364106
122.515717
122.714723
122.938715
123.146088
123.379144
123.553522
123.710425
123.811474
123.909278
124.043471
124.197119
124.364646
124.515243
124.698865
124.885713
125.060544
125.283619
125.480374
125.701917
125.913921
126.101957
126.296213
126.491428
126.700330
126.856412
127.015648
127.140784
127.220465
127.260533
127.329966
127.435085
127.551495
127.712940
127.871075
128.052342
128.164587
128.233884
128.275270
128.349731
128.437261
128.557848
128.686247
128.809984
128.941954
129.048663
129.111114
129.137771
129.200327
129.297964
129.449727
129.602581
129.777438
130.008903
130.226731
130.450691
130.671438
130.883266
131.115383
131.305896
131.491901
131.678615
131.905109
132.137214
132.379910
132.609691
132.831348
133.090900
133.313341
133.531464
133.742586
133.982149
134.210701
134.307331
134.364405
134.435650
134.541013
134.824310
135.284842
135.731865
136.196128
136.481571
136.599696
136.813192
137.124182
137.359182
137.505943
137.625400
137.727810
137.797026
137.836224
137.850673
137.912738
137.992592
138.072946
138.179189
138.300034
138.427373
138.534980
138.672132
138.969019
139.463471
139.701049
139.918493
140.177959
140.350209
140.455496
140.666715
140.908569
140.924743
140.938307
140.948238
140.953692
140.957195
140.960198
140.962510
140.963362
140.964473
140.969642
140.972245
140.974939
140.977984
140.979342
140.981091
140.983384
140.985564
140.986409
140.987494
140.988462
140.990988
140.992325
140.992412
140.992627
140.992706
140.992789
140.992855
140.992947
140.993028
140.993274
140.996534
140.997514
140.999358
141.001726
141.003411
141.005548
141.013907
141.022378
141.026447
141.030074
141.030447
141.031877
141.032319
141.033533
141.035445
141.035655
141.035719
141.035874
141.036504
141.037031
141.037119
141.037143
141.037719
141.037863
141.038232
141.038465
141.038572
141.038618
141.038687
141.038795
141.038828
141.039146
141.042829
141.046866
141.049165
141.049523
141.049906
141.050430
141.050537
141.052379
141.052588
141.054510
141.055266
141.055963
141.056306
141.056834
141.056915
141.057018
141.057108
141.057305
141.057518
141.057933
141.058261
141.058852
141.059418
141.060649
141.061148
141.061529
141.066558
141.069097
141.071437
141.073453
141.074626
141.079413
141.082215
141.085513
141.146166
141.239104
141.283080
141.380775
141.573812
141.654959
141.705564
141.812193
141.827325
141.852365
141.901515
141.965282
142.014148
142.043550
142.062468
142.075754
142.083499
142.110782
142.134374
142.148683
142.181870
142.256694
142.284766
142.293514
142.299743
142.309658
142.358148
142.464436
142.540284
142.610686
142.747997
142.864283
142.970524
143.044162
143.092127
143.207278
143.229213
143.239608
143.271612
143.281711
143.286635
143.299515
143.310678
143.324801
143.348461
143.360611
143.384776
143.404122
143.422355
143.436039
143.450360
143.470409
143.477772
143.483314
143.491770
143.557040
143.593970
143.602359
143.604047
143.633114
143.670569
143.704113
143.760162
143.839766
143.908791
143.959878
144.011848
144.025062
144.114374
144.365855
144.580750
144.894056
144.920137
145.149562
145.548914
146.098104
146.543530
146.855324
147.039040
147.172367
147.365093
147.664836
147.941880
148.266945
148.588844
148.910739
149.177551
149.427125
149.703641
149.928183
150.148816
150.368367
150.625757
150.874266
151.083009
151.285994
151.484968
151.719141
151.951522
152.153378
152.387644
152.624508
152.855273
153.086118
153.321100
153.549803
153.744512
153.937939
154.131649
154.358371
154.592408
154.791882
155.021828
155.250908
155.449849
155.649730
155.856280
156.090187
156.290755
156.515717
156.696536
156.903055
157.090426
157.322287
157.547872
157.721462
157.872188
157.979210
158.087148
158.238058
158.456949
158.649433
158.837661
159.024721
159.246713
159.475172
159.710953
159.940344
160.143635
160.271472
160.352421
160.407994
160.480036
160.561066
160.677816
160.795797
160.921543
160.992892
161.074114
161.188875
161.302607
161.386203
161.446613
161.503879
161.610551
