0.000000
0.000000
0.000000
41.557999
41.601002
41.757000
42.035000
42.051998
44.187000
49.157001
50.750999
51.179001
67.924004
73.431999
76.679001
86.295998
88.054001
93.608002
95.487999
97.336998
109.850998
133.447998
148.854996
156.475006
159.899002
160.276001
168.352005
176.065994
188.121994
193.945007
198.522995
202.729004
206.544006
223.328995
237.434998
252.384003
266.256012
271.295990
277.766998
288.640015
296.158997
301.944000
304.488007
306.717010
308.424988
310.963013
312.856995
313.437988
314.768005
317.979004
318.257996
319.144012
321.966003
327.911987
330.209015
331.028015
331.088989
331.100006
331.105011
331.170013
332.276001
333.821991
335.425995
335.485992
335.490997
335.494995
335.494995
335.515991
335.708008
335.713989
335.713989
335.713989
335.713989
338.208008
360.112000
364.553009
369.390991
370.610992
373.803986
377.459991
381.415985
387.083008
389.938995
392.894012
397.769989
400.321014
402.908997
405.766998
407.848999
411.730988
417.643005
433.246002
443.821991
448.386993
454.750000
459.774994
470.718994
475.480988
476.183014
476.292999
476.407990
482.114990
488.520996
499.381012
503.795990
511.798004
515.815979
519.330017
522.731018
528.760010
534.193970
543.866028
555.866028
563.168030
565.687012
568.924988
571.151001
574.528992
579.495972
582.518982
585.750977
590.642029
594.343994
598.192017
604.109009
606.586975
609.096008
616.724976
625.947021
637.606995
650.400024
657.356018
662.130005
675.304016
692.221985
705.828979
710.692017
710.929016
710.929016
710.929016
718.221008
724.348999
724.739990
724.893005
724.898010
724.901978
724.929993
725.039978
725.078979
725.142029
725.231018
725.242981
725.257996
725.265991
726.721008
727.575989
727.583008
727.583008
727.695984
739.989990
750.086975
756.133972
760.301025
764.583984
765.408020
771.364014
776.473999
778.302979
781.802979
791.755005
800.070007
804.094971
808.606018
816.896973
821.840027
826.752991
830.661987
831.265991
831.387024
831.409973
831.422974
831.429993
831.429993
841.331970
841.331970
841.331970
841.331970
841.331970
841.331970
841.331970
841.331970
841.331970
841.331970
841.331970
841.331970
841.331970
841.333008
846.739014
848.148987
848.150024
848.150024
848.150024
848.150024
848.150024
848.150024
848.150024
848.150024
848.150024
848.150024
848.216003
848.276978
848.752014
849.216980
850.000000
852.625000
854.403015
854.859009
857.581970
861.767029
866.148010
874.604980
881.463989
888.119995
895.414001
898.023987
901.398010
901.883972
901.893982
902.174011
902.223999
910.179016
917.348022
918.064026
920.752014
922.393005
924.296021
926.210022
927.388000
929.359985
935.612000
937.767029
944.231995
946.945007
950.841980
957.052002
957.593994
957.651001
957.989014
958.818970
961.510986
961.596008
961.596008
961.892029
964.867981
975.453979
983.500977
985.354980
985.471008
986.390015
986.416016
986.416016
986.416016
986.416016
986.416016
986.424988
986.424988
986.424988
986.455994
986.474976
989.164978
1004.062988
1006.185974
1007.568970
1009.119019
1009.616028
1010.828979
1010.828979
1010.828979
1010.828979
1010.828979
1010.828979
1010.830017
1027.766968
1043.021973
1043.693970
1043.719971
1043.730957
1044.427979
1044.560059
1044.725952
1044.953979
1048.016968
1053.234985
1055.494019
1062.317017
1065.484985
1066.937988
1068.743042
1071.916016
1077.206055
1090.473999
1094.072021
1096.191040
1099.522949
1100.295044
1100.399048
1100.405029
1100.480957
1101.076050
1101.092041
1101.099976
1101.526978
1102.470947
1103.704956
1103.704956
1103.704956
1103.704956
1103.704956
1106.116943
1117.719971
1119.442017
1119.806030
1119.869995
1120.357056
1120.729980
1120.729980
1121.020020
1121.355957
1121.557007
1121.600952
1121.600952
1121.600952
1121.600952
1121.730957
1121.739014
1121.802979
1121.802979
1121.810059
1121.935059
1122.029053
1122.894043
1123.666016
1123.676025
1123.738037
1123.817993
1123.832031
1123.911987
1124.011963
1124.015015
1124.046997
1124.052002
1124.056030
1124.060059
1124.069946
1124.071045
1124.071045
1124.071045
1124.071045
1124.071045
1124.071045
1124.071045
1124.071045
1124.071045
1124.071045
1124.071045
1124.071045
1124.071045
1124.071045
1124.071045
1124.071045
1124.071045
1124.071045
1124.071045
1124.071045
1124.071045
1124.071045
1124.071045
1124.071045
1124.071045
1124.071045
1124.071045
1124.071045
1124.071045
1124.071045
1124.071045
1124.071045
1124.071045
1124.071045
1124.071045
1124.071045
1124.071045
1124.071045
1124.071045
1124.071045
1124.071045
1124.071045
1124.071045
1124.071045
1124.071045
1124.071045
1124.071045
1124.071045
1124.071045
1124.071045
1124.071045
1124.071045
1124.071045
1124.071045
1124.071045
1124.071045
1124.071045
1124.071045
1124.071045
1124.071045
1124.071045
1124.071045
1124.071045
1124.071045
1124.071045
1124.073975
1124.078979
1124.079956
1124.079956
1124.079956
1124.088013
1124.095947
1124.105957
1124.119995
1124.121948
1124.160034
1124.229004
1125.750977
1125.755981
1125.756958
1125.756958
1125.756958
1125.756958
1125.756958
1125.756958
1125.761963
1125.766968
1125.770020
1125.771973
1125.895996
1126.432007
1129.708008
1137.576050
1141.239014
1144.508057
1153.129028
1160.349976
1164.713013
1168.166992
1171.479004
1173.614014
1177.244019
1178.415039
1179.050049
1179.187988
1179.635010
1179.767944
1182.447998
1182.545044
1182.550049
1182.550049
