1.07561
1.07599
2.29891
2.82835
3.2999
3.81663
4.30335
4.80378
5.31211
5.80913
6.30307
6.80304
7.3241
7.80324
8.30343
8.84092
9.30731
9.80834
10.3239
10.8079
11.3077
11.8127
12.3076
12.8078
13.3112
13.8116
14.3114
14.8113
15.3366
15.811
16.3114
16.8114
17.3118
17.8462
18.3156
18.8156
19.3468
19.8155
20.3234
20.8404
21.3234
21.8155
22.3161
22.8155
23.3182
23.8199
24.3193
24.8191
25.3191
25.8194
26.3244
26.8201
27.3197
27.8215
28.3241
28.8236
29.324
29.8233
30.3239
30.8232
31.3231
31.8242
32.3234
32.8269
33.3275
33.8276
34.3275
34.8271
35.3272
35.8281
36.3274
36.8274
37.3394
37.8304
38.3311
38.8318
39.3315
39.832
40.3529
40.8318
41.3316
41.8318
42.3322
42.8316
43.3618
43.8356
44.3357
44.8566
45.336
45.8356
46.3357
46.8815
47.34
47.8401
48.3569
48.8393
49.3393
49.8399
50.3394
50.839
51.3395
51.8526
52.3572
52.8438
53.3434
53.8701
54.3462
54.8428
55.3439
55.8435
56.3441
56.8776
57.3471
57.8477
58.3472
58.8474
59.3471
59.8477
60.349
60.8479
61.3476
61.8476
62.3478
62.8506
63.3512
63.8514
64.3514
64.8582
65.3515
65.8519
66.3521
66.8511
67.3519
67.8521
68.3551
68.8553
69.3549
69.8822
70.356
70.8564
71.3553
71.8555
72.355
72.8553
73.3584
73.8596
74.3595
74.8588
75.3598
75.86
76.3592
76.8598
77.3591
77.8791
78.36
78.8638
79.3636
79.8639
80.3635
80.8802
81.3639
81.8634
82.3636
82.8862
83.3639
83.867
84.3887
84.8671
85.368
85.8891
86.3677
86.8677
87.3677
87.8672
88.3678
88.8698
89.3718
89.8716
90.3718
90.8717
91.3711
91.8714
92.3718
92.8715
93.3719
93.8715
94.3748
94.8755
95.3809
95.8749
96.375
96.8758
97.3756
97.8752
98.3755
98.886
99.375
99.8793
100.4
100.88
101.379
101.891
102.38
102.88
103.39
103.88
104.384
104.883
105.383
105.883
106.412
106.883
107.384
107.883
108.384
108.884
109.384
109.887
110.388
110.887
111.387
111.887
112.388
112.893
113.387
113.887
114.39
114.892
115.391
115.892
116.392
116.891
117.392
117.892
118.394
118.891
119.397
119.891
120.394
120.896
121.396
121.896
122.395
122.896
123.395
123.896
124.396
124.899
125.396
125.9
126.401
126.899
127.399
127.899
128.399
128.9
129.4
129.899
130.4
130.902
131.403
131.903
132.403
132.903
133.404
133.904
134.404
134.904
135.404
135.903
136.411
136.909
137.408
137.908
138.407
138.908
139.408
139.908
140.407
140.908
141.408
141.91
142.411
142.911
143.412
143.915
144.412
144.912
145.416
145.911
146.412
146.912
147.412
147.926
148.415
148.915
149.416
149.915
150.415
150.915
151.42
151.915
152.416
152.926
153.416
153.919
154.433
154.92
155.42
155.92
156.42
156.919
157.419
157.919
158.419
158.92
159.423
159.924
160.424
160.924
161.451
161.924
162.423
162.924
163.424
163.924
164.424
164.935
165.428
165.927
166.428
166.928
167.448
167.927
168.427
168.927
169.428
169.93
170.436
170.932
171.431
171.947
172.431
172.932
173.431
173.931
174.432
174.935
175.436
175.935
176.435
176.935
177.435
177.936
178.436
178.935
179.436
179.936
180.436
180.939
181.44
181.939
182.44
182.94
183.439
183.939
184.44
184.939
185.439
185.94
186.443
186.943
187.444
187.943
188.443
188.943
189.444
189.944
190.444
190.944
191.447
191.947
192.448
192.948
193.447
193.947
194.447
194.948
195.448
195.947
196.447
196.948
197.448
197.951
198.451
198.951
199.451
199.952
200.451
200.952
201.451
201.951
202.452
202.953
203.456
203.955
204.456
204.955
205.455
205.955
206.456
206.955
207.455
207.959
208.459
208.959
209.46
209.96
210.459
210.96
211.459
211.959
212.464
212.963
213.464
213.963
214.463
214.964
215.463
215.968
216.464
216.963
217.493
217.963
218.464
218.963
219.464
219.968
220.468
220.967
221.467
221.967
222.467
222.989
223.468
223.968
224.49
224.968
225.472
226
226.472
226.972
227.471
227.971
228.471
228.972
229.472
229.972
230.472
230.973
231.475
231.975
232.483
232.975
233.476
