2.71924
2.94415
3.17997
3.38272
3.58581
3.78642
3.98625
4.19306
4.39874
4.59901
4.82697
5.02701
5.24411
5.46621
5.70727
5.91492
6.14163
6.37399
6.5705
6.80284
7.00463
7.23417
7.45053
7.67817
7.91048
8.13835
8.34018
8.56143
8.78306
9.01417
9.22126
9.43354
9.68195
9.87454
10.0762
10.3063
10.5386
10.7588
10.9618
11.1627
11.4086
11.6037
11.8163
12.0425
12.2453
12.482
12.715
12.924
13.1232
13.345
13.5753
13.7679
13.9683
14.1791
14.3895
14.5938
14.7989
15.0192
15.2168
15.4189
15.6191
15.8154
16.047
16.281
16.4829
16.7106
16.9438
17.1399
17.3862
17.6175
17.8512
18.058
18.2958
18.5028
18.693
18.9253
19.1343
19.3584
19.5891
19.7869
20.0017
20.1974
20.4336
20.6382
20.8268
21.0291
21.2651
21.4985
21.7005
21.9289
22.1373
22.3343
22.5665
22.7661
23.0019
23.2361
23.4196
23.6529
23.8454
24.0531
24.2546
24.4828
24.6849
24.9173
25.1503
25.3551
25.5539
25.7901
26.0187
26.2172
26.4472
26.6422
26.8883
27.0823
27.31
27.5484
27.7877
27.9892
28.1912
28.4184
28.62
28.8169
29.052
29.2475
29.457
29.6834
29.9208
30.1205
30.3314
30.531
30.7625
30.9646
31.1765
31.4047
31.6276
31.8566
32.0593
32.3021
32.4991
32.7009
32.9294
33.1615
33.3878
33.5916
33.8253
34.0293
34.2226
34.4701
34.7036
34.903
35.1088
35.3379
35.5388
35.7481
35.9453
36.1711
36.3727
36.6059
36.8417
37.0401
37.2418
37.4413
37.6682
37.8776
38.1058
38.3332
38.5658
38.7606
38.9878
39.2179
39.4196
39.6241
39.8317
40.0584
40.2584
40.4614
40.705
40.9372
41.1505
41.3421
41.573
41.8036
42.0105
42.2173
42.4464
42.6543
42.8749
43.072
43.2947
43.4944
43.6884
43.9163
44.1171
44.3487
44.5875
44.8207
45.0332
45.236
45.4685
45.7239
45.9208
46.1159
46.3563
46.5591
46.7754
46.969
47.1867
47.3821
47.6281
47.8652
48.1069
48.3472
48.5647
48.7651
48.9652
49.1756
49.4222
49.6159
49.8382
50.0435
50.2712
50.5027
50.7401
50.9364
51.1706
51.3771
51.617
51.8456
52.0419
52.2722
52.4667
52.7144
52.9108
53.1237
53.3496
53.5562
53.7876
53.9903
54.2302
54.4225
54.6583
54.865
55.093
55.3224
55.5359
55.7563
55.9932
56.1848
56.4264
56.6255
56.8601
57.053
57.2948
57.4911
57.6931
57.8955
58.1255
58.3267
58.5311
58.7318
58.9615
59.204
59.438
59.6686
59.8687
60.0969
60.3009
60.5278
60.7302
60.9686
61.1661
61.4087
61.6351
61.8418
62.0623
62.2942
62.4935
62.6988
62.9303
63.1295
63.3307
63.5646
63.7566
63.9574
64.1843
64.4273
64.6279
64.8291
65.0293
65.2653
65.4913
65.6867
65.931
66.1325
66.3234
66.535
66.7526
66.9648
67.1949
67.4285
67.6638
67.8753
68.1006
68.3348
68.5684
68.7953
69.0367
69.2756
69.4705
69.673
69.9019
70.1075
70.3215
70.5481
70.7418
70.9739
71.1733
71.405
71.6092
71.8062
72.0026
72.2158
72.4154
72.6508
72.8496
73.0825
73.2855
73.5171
73.7462
73.9416
74.1579
74.3656
74.5573
74.8025
75.0359
75.2291
75.4691
75.6935
75.905
76.127
76.3356
76.5687
76.8019
76.9898
77.2161
77.4198
77.6872
77.9042
78.1274
78.367
78.5674
78.7958
79.005
79.227
79.4331
79.6625
79.8727
80.0993
80.3051
80.5098
80.718
80.9146
81.1145
81.3566
81.5848
81.8255
82.0193
82.2595
82.4387
82.6464
82.8923
83.1227
83.3588
83.596
83.823
84.0215
84.2654
84.4808
84.6884
84.8854
85.084
85.3127
85.51
85.7432
85.9416
86.1721
86.3721
86.6123
86.8515
87.0511
87.2552
87.4618
87.6878
87.8958
88.1177
88.3256
88.5334
88.7278
88.9634
89.1893
89.3954
89.5911
89.7966
90.0277
90.2261
90.4637
90.6814
90.9154
91.1518
91.3663
91.5967
91.792
92.0297
92.2278
92.4378
92.6614
92.8895
93.0995
93.3026
93.5268
93.7291
93.9669
94.1657
94.3924
94.5985
94.8257
95.024
95.2584
95.4902
95.6919
95.9195
96.1246
96.3635
96.5571
96.7854
96.9893
97.2198
97.4183
97.6585
97.8852
98.0831
98.3215
98.5215
98.7646
98.9476
99.1476
99.3775
99.5808
99.7785
99.9864
100.218
100.44
100.663
100.862
101.065
101.267
101.502
101.734
101.941
102.179
102.416
102.642
102.864
103.1
103.301
103.539
103.746
103.975
104.178
104.419
104.622
104.819
105.038
105.238
105.475
105.677
105.904
106.1
106.337
106.567
106.815
107.039
107.244
107.479
107.685
107.919
108.12
108.318
108.546
108.749
108.98
109.213
109.445
109.648
109.877
110.089
110.317
110.545
110.754
110.978
111.176
111.375
111.577
111.816
112.013
112.244
112.452
112.682
112.891
113.124
113.35
113.555
113.751
113.988
114.187
114.381
114.619
114.849
115.077
115.28
115.521
115.749
115.944
116.18
116.384
116.617
116.847
117.036
117.275
117.482
117.71
117.909
118.109
118.342
118.539
118.774
118.98
119.213
119.417
119.617
119.814
120.021
120.221
120.452
120.65
120.848
121.084
121.322
121.545
121.751
121.975
122.18
122.377
122.58
122.82
123.016
123.218
123.425
123.623
123.857
124.066
124.295
124.498
124.688
124.891
125.126
125.352
125.58
125.825
126.02
126.223
126.428
126.657
126.856
127.09
127.289
127.527
127.75
127.982
128.188
128.39
128.595
128.795
129.026
129.229
129.455
129.655
129.887
130.128
130.33
130.564
130.79
131.021
131.26
131.491
131.69
131.926
132.156
132.386
132.616
132.855
133.091
133.29
133.496
133.726
133.961
134.188
134.394
134.628
134.862
135.065
135.294
135.495
135.726
135.966
136.16
136.374
136.597
136.788
137.024
137.252
137.455
137.657
137.891
138.115
138.352
138.58
138.79
139.017
139.249
139.45
139.677
139.883
140.116
140.311
140.519
140.744
140.98
141.188
141.421
141.653
141.865
142.086
142.289
142.527
142.728
142.929
143.162
143.397
143.591
143.8
143.998
144.198
144.41
144.647
144.838
145.074
145.272
145.48
145.704
145.905
146.104
146.308
146.534
146.726
146.957
147.165
147.396
147.592
147.83
148.028
148.268
148.465
148.678
148.877
149.107
149.352
149.58
149.78
149.989
150.224
150.418
150.658
150.884
151.09
151.316
151.547
151.779
151.977
152.173
152.379
152.615
152.818
152.992
153.195
153.425
153.628
153.857
154.06
154.292
154.493
154.7
154.933
155.134
155.384
155.588
155.815
156.05
156.256
156.49
156.69
156.919
157.112
157.352
157.55
157.781
157.985
158.189
158.411
158.659
158.884
159.121
159.351
159.592
159.82
160.047
160.262
160.49
160.692
160.926
161.133
161.336
161.514
161.756
161.982
162.215
162.46
162.696
162.928
163.169
163.368
163.6
163.794
164.024
164.226
164.425
164.666
164.897
165.095
165.298
165.523
165.726
165.967
166.164
166.385
166.593
166.826
167.029
167.26
167.489
167.692
167.895
168.1
168.326
168.522
168.722
168.918
169.165
169.396
169.587
169.791
170.025
170.221
170.463
170.685
170.892
171.084
171.289
171.512
171.712
171.946
172.182
172.387
172.619
172.821
173.057
173.259
173.489
173.69
173.892
174.091
174.318
174.518
174.726
174.957
175.166
175.396
175.623
175.851
176.061
176.295
176.501
176.699
176.928
177.128
177.326
177.528
177.766
177.964
178.185
178.398
178.624
178.825
179.029
179.26
179.458
179.703
179.917
180.146
180.337
180.557
180.753
180.957
181.152
181.354
181.559
181.759
181.986
182.19
182.429
182.631
182.865
183.071
183.269
183.494
183.732
183.967
184.163
184.394
184.598
184.835
185.067
185.298
185.495
185.741
185.937
186.169
186.404
186.61
186.803
187.007
187.243
187.442
187.651
187.876
188.076
188.27
188.484
188.702
188.896
189.137
189.346
189.578
189.815
190.046
190.251
190.452
190.643
190.841
191.071
191.266
191.492
191.694
191.942
192.143
192.385
192.625
192.827
193.008
193.217
193.448
193.662
193.887
194.081
194.278
194.475
194.699
194.924
195.158
195.373
195.58
195.805
196.022
196.22
196.454
196.707
196.897
197.128
197.325
197.537
197.728
197.925
198.13
198.369
198.571
198.768
199.001
199.228
199.42
199.656
199.888
200.131
200.329
200.567
200.804
201.001
201.24
201.482
201.721
201.919
202.158
202.376
202.591
202.791
203.009
203.245
203.444
203.68
203.912
204.111
204.316
204.513
204.719
204.946
205.148
205.38
205.602
205.805
206.005
206.246
206.442
206.676
206.876
207.106
207.339
207.565
207.807
208.043
208.235
208.436
208.639
208.839
209.072
209.273
209.472
209.706
209.945
210.15
210.381
210.61
210.81
211.044
211.244
211.453
211.674
211.882
212.11
212.345
212.577
212.783
213.009
213.223
213.451
213.68
213.88
214.089
214.273
214.5
214.752
214.934
215.132
215.363
215.563
215.803
216.03
216.232
216.441
216.671
216.901
217.135
217.371
217.571
217.799
218.029
218.242
218.464
218.664
218.869
219.072
219.295
219.502
219.733
219.937
220.17
220.406
220.607
220.841
221.069
221.307
221.535
221.74
221.975
222.177
222.399
222.601
222.812
223.039
223.24
223.472
223.676
223.901
224.137
224.373
224.575
224.803
225.035
225.242
225.44
225.644
225.851
226.074
226.273
226.504
226.708
226.911
227.137
227.339
227.543
227.74
227.94
228.145
228.377
228.577
228.777
229.005
229.241
229.473
229.676
229.876
230.083
230.308
230.548
230.781
231.009
231.21
231.448
231.645
231.849
232.081
232.279
232.478
232.682
232.91
233.114
233.344
233.549
233.777
233.978
234.212
234.415
234.654
234.88
235.087
235.323
235.551
235.781
235.987
236.19
236.42
236.622
236.829
237.058
237.261
237.49
237.727
237.956
238.19
238.427
238.656
238.859
239.089
239.292
239.521
239.722
239.959
240.16
240.39
240.625
240.827
241.056
241.274
241.491
241.694
241.897
242.121
242.33
242.53
242.774
242.992
243.195
243.429
243.669
243.89
244.096
244.323
244.529
244.729
244.962
245.166
245.368
245.572
245.809
246.016
246.242
246.443
246.647
246.849
247.082
247.285
247.515
247.742
247.949
248.18
248.416
248.648
248.852
249.076
249.279
249.507
249.709
249.949
250.154
250.355
250.558
250.765
250.996
251.198
251.427
251.63
251.869
252.1
252.331
252.572
252.797
252.997
253.228
253.43
253.633
253.865
254.067
254.271
254.495
254.733
254.96
255.164
255.393
255.628
255.83
256.035
256.269
256.495
256.698
256.897
257.099
257.301
257.503
257.732
257.936
258.164
258.372
258.595
258.834
259.037
259.265
259.472
259.699
259.936
260.164
260.366
260.595
260.799
261.001
261.206
261.408
261.633
261.843
262.048
262.276
262.512
262.711
262.948
263.181
