0.0142762
0.0123944
0.00256913
0.0218674
0.00206739
0.00245334
0.0138365
0.0133296
0.00670463
0.00169622
0.0305043
0.00110997
0.00174584
0.00133381
0.0110542
0.00240685
0.00239468
0.0160189
0.00182136
0.000592653
0.00156671
0.0175451
0.00162584
0.00134912
0.00348865
0.00222965
0.00219496
0.00126047
0.00622784
0.00355993
0.000994555
0.00328948
0.00923689
0.0231732
0.000709849
0.00138641
0.00634083
0.00468198
0.00724297
0.000883373
0.000693402
0.000569976
0.0353062
0.0165079
0.0163674
0.000723722
0.011667
0.00090434
0.00176627
0.00112429
0.00442696
0.00105067
0.00659797
0.0254207
0.00128786
0.00292954
0.0010249
0.000446666
0.0130939
0.00598891
0.00331909
0.000981874
0.0161021
0.000320315
0.0045095
0.0136133
0.0119889
0.000469824
0.000509055
0.000238028
0.000440143
0.000428277
0.000550604
0.00482757
0.00117247
0.000482824
0.00465386
0.00102293
0.00068766
0.000672715
0.00083568
0.000808649
0.00112978
0.000689279
0.000900105
0.00113919
0.00086744
0.00175527
0.0018536
0.00582918
0.0178136
0.0138585
0.0100844
0.00066753
0.0204751
0.0268215
0.0242871
0.000587419
0.000986782
0.000926547
0.00172642
0.000690371
0.0128051
0.00144303
0.00667046
0.00273433
0.0044425
0.00198339
0.00317383
0.00306769
0.00751807
0.0142644
0.0102797
0.00106345
0.000821903
0.00173558
0.000970724
0.000797227
0.0164242
0.0015021
0.0159395
0.0178284
0.0039911
0.000557719
0.0187604
0.00593928
0.000689683
0.000941914
0.000739968
0.000383081
0.000419946
0.000473367
0.0033638
0.00225122
0.00117214
0.00626785
0.00483566
0.00109553
0.00130673
0.000847026
0.00307065
0.00128011
0.00334934
0.00181295
0.000880739
0.00240132
0.000669375
0.00072984
0.000462535
0.000459617
0.00229265
0.00107119
0.000571415
0.000500499
0.000687194
0.000952473
0.00651826
0.0139749
0.00103316
0.000920105
0.00194737
0.00352197
0.00228672
0.0148746
0.00115641
0.002332
0.00244615
0.00337027
0.00166028
0.000823193
0.00634617
0.00158059
0.00049447
0.00118689
0.000290926
0.00131758
0.00235658
0.00593199
0.00280655
0.00363024
0.000688284
0.00317083
0.00286615
0.00314263
0.00839724
0.00106208
0.00309462
0.00313503
0.0116287
0.00273488
0.000856676
0.000856874
0.00078175
0.000729549
0.00073349
0.00129669
0.000758228
0.00718065
0.000623345
0.00570335
0.00129913
0.00251855
0.00289592
0.00876746
0.00103326
0.0160417
0.00216336
0.000837959
0.00171287
0.0125548
0.00813297
0.000852667
0.000670015
0.000734118
0.00172051
0.0021127
0.000848754
0.00402184
0.000380639
0.000384802
0.00058737
0.000467315
0.00204238
0.000792637
0.000694155
0.000949044
0.00103235
0.000231073
0.0209087
0.0207777
0.020728
0.0204995
0.0208812
0.02628
0.0202509
0.0202578
0.0206864
0.0206009
0.0209273
0.0228718
0.0209803
0.0209981
0.0204892
0.0210102
0.0209781
0.0211396
0.0209093
0.020595
0.0210301
0.0208139
0.0205097
0.0206576
0.0206211
0.0205001
0.02069
0.0207525
0.0205005
0.0204961
0.0206213
0.0205653
0.0206851
0.02115
0.020773
0.0209803
0.0211043
0.0209945
0.0212853
0.0207164
0.0209079
0.0206849
0.0208753
0.0203571
0.0204195
0.0203408
0.0202257
0.0204765
0.0203779
0.0204038
0.0200304
0.0201131
0.0201626
0.0204432
0.020459
0.020332
0.020314
0.0207182
0.0203337
0.0203922
0.0205017
