7.86333
14.2339
14.2503
15.7865
15.807
15.8273
19.0608
19.4907
22.1603
24.5523
28.6658
28.6855
28.7056
28.716
29.9434
29.962
29.982
31.7377
32.1536
34.0798
34.12
36.2763
36.291
36.3103
38.8611
38.8791
38.8998
38.9179
39.9341
45.0349
45.0487
53.3551
53.3812
57.049
57.7168
57.7278
60.1232
60.1408
68.6922
68.7051
68.7154
70.4421
74.7238
75.9946
82.5458
86.6759
90.7257
90.7442
90.7552
90.7655
93.7566
93.9534
102.254
107.468
107.489
107.501
107.518
110.273
110.531
110.554
110.571
110.724
116.488
116.502
116.723
118.547
120.092
123.93
123.948
123.958
123.968
123.979
123.989
124.013
124.029
124.048
124.138
124.155
124.174
124.183
124.193
124.204
124.214
124.234
124.244
124.264
124.274
124.285
124.316
124.969
126.086
137.752
139.04
139.051
142.502
144.694
158.906
158.923
164.272
167.676
170.948
173.837
176.981
178.516
178.532
178.548
178.569
179.887
181.428
181.634
192.437
192.913
193.109
194.16
195.652
198.911
200.229
200.239
202.886
202.902
206.795
208.076
208.089
212.415
213.056
218.227
221.707
221.726
221.736
229.173
229.193
237.729
237.742
237.761
243.053
243.267
243.287
243.303
243.322
250.064
251.788
251.993
255.633
255.652
255.671
257.354
257.372
257.382
257.392
257.402
257.424
257.442
257.452
261.62
261.639
262.27
264.002
266.408
266.622
266.632
280.292
290.001
294.587
331.919
332.138
334.783
354.026
360.814
360.832
360.842
366.486
366.501
366.52
366.531
380.671
380.681
385.479
397.312
398.597
400.071
400.081
400.1
400.12
400.14
400.989
401
413.349
413.369
415.302
419.842
419.86
419.871
419.881
419.893
419.911
429.038
435.422
435.438
443.108
443.132
443.147
447.261
450.743
450.769
458.478
496.511
496.527
497.568
497.579
499.26
565.328
565.751
565.761
565.781
566.161
580.162
580.18
582.435
582.451
582.461
582.471
582.481
582.493
582.511
582.521
582.541
582.561
587.202
595.571
595.611
595.651
595.69
595.72
595.766
595.797
595.827
595.865
595.895
595.935
595.977
596.013
596.05
596.089
596.12
596.16
596.2
596.236
596.275
596.315
596.355
596.385
596.416
596.45
596.48
596.51
596.55
596.58
596.61
596.64
596.675
596.705
596.736
596.776
596.816
596.856
596.891
596.922
596.96
596.991
597.02
597.051
597.09
597.12
597.15
597.181
597.211
597.241
597.271
597.301
597.33
597.362
597.402
597.432
597.461
597.491
597.522
597.555
597.591
597.622
