7.87938
9.62751
11.3699
12.482
14.2718
15.8491
17.4763
18.575
18.8219
19.0794
19.5128
21.2631
22.1775
23.8919
24.3402
24.574
26.2376
27.9972
28.7364
30.0034
31.7538
31.9491
32.1748
33.8501
34.153
34.2761
34.9712
35.6171
36.3209
37.5522
38.9396
39.9489
40.9793
41.6235
43.2891
45.0625
45.2595
45.679
47.4218
49.1996
49.6228
50.3077
52.0376
52.656
53.4017
55.1027
56.215
57.0698
57.2604
57.7486
59.4637
60.1652
61.6697
63.3697
64.2419
64.463
65.1087
66.8442
68.0774
68.7263
70.2604
70.4669
71.9487
72.9965
74.7346
76.0095
76.8739
78.5046
80.2176
80.4072
82.0617
82.5671
84.3002
86.0148
86.6938
87.1267
88.8376
89.6452
90.7825
92.0241
93.7735
93.9639
94.6435
96.226
96.6242
98.3192
98.7409
100.477
100.931
102.277
103.99
105.739
107.529
109.224
110.284
110.591
110.747
112.376
112.83
113.69
114.734
116.514
116.742
118.57
119.633
120.111
121.603
123.283
124.059
124.334
124.988
126.107
127.81
129.534
130.892
132.55
134.093
134.764
135.632
137.363
137.77
139.064
140.762
142.293
142.517
144.234
144.713
145.975
146.847
148.529
149.201
150.938
151.615
152.521
154.327
155.595
156.522
157.765
157.966
158.943
159.356
161.127
161.776
163.582
164.283
166.012
166.598
167.697
169.221
170.977
172.741
173.848
175.532
176.757
176.999
177.425
178.591
179.907
181.009
181.438
181.652
182.329
184.009
185.509
185.681
187.346
189.058
190.776
192.45
192.931
193.124
193.961
194.182
195.674
197.181
198.928
200.252
201.979
202.921
203.772
205.473
206.809
208.111
208.485
210.324
210.964
211.607
212.429
213.067
213.293
214.994
216.28
218.023
218.242
218.434
219.946
221.75
223.432
225.165
226.885
228.557
229.203
229.401
229.616
231.372
233.137
234.887
236.638
236.894
237.788
239.503
241.304
243.078
243.345
245.135
246.258
248.052
248.277
248.946
250.092
250.274
250.707
251.363
251.804
252.014
253.064
254.09
255.695
257.473
259.202
260.98
261.651
261.838
262.285
262.739
264.023
265.776
266.205
266.424
266.643
268.169
269.896
270.335
272.128
273.96
275.691
277.457
278.523
280.308
282.011
283.73
285.436
285.644
285.833
287.376
287.578
287.799
288.243
290.024
291.738
293.533
294.616
296.284
298.094
299.865
301.612
303.299
303.739
305.455
306.061
307.751
309.562
311.37
313.078
314.807
316.541
318.023
319.771
321.539
323.26
325.027
326.746
328.493
330.196
331.941
332.156
333.918
334.808
336.461
338.226
339.281
339.493
339.942
341.656
343.457
345.171
346.915
347.989
349.739
349.959
350.837
352.33
354.045
355.754
356.201
357.089
358.664
360.392
360.855
361.658
362.308
363.621
364.013
365.812
366.551
368.239
370.003
370.245
370.439
372.144
373.884
374.082
375.538
377.314
379.008
380.702
382.204
382.641
384.176
385.277
385.497
386.548
387.874
389.328
391.113
392.393
394.105
394.958
395.364
396.276
397.329
398.617
398.808
400.161
401.019
401.412
403.181
404.656
405.277
407.007
407.198
407.878
408.454
410.141
411.619
411.852
413.39
414.221
415.32
416.599
418.341
419.645
419.921
420.905
422.68
422.884
424.454
426.219
427.938
429.063
430.714
431.545
433.284
433.513
435.222
435.459
437.133
438.825
439.935
440.14
441.845
442.265
443.172
444.872
446.615
447.286
448.995
450.791
451.536
453.289
455.055
456.753
458.497
459.591
461.324
461.791
462.681
463.521
464.607
464.826
465.031
465.704
466.119
467.87
468.3
469.977
471.701
472.749
474.511
476.199
476.618
478.372
480.083
481.861
483.624
485.343
485.556
486.69
487.57
488.175
489.892
491.412
492.229
492.423
494.124
494.945
496.547
497.603
499.28
500.995
501.854
503.568
503.79
505.322
507.025
507.228
507.862
509.615
511.412
513.113
514.822
516.523
516.975
518.711
520.416
522.179
523.911
525.626
527.329
529.115
530.813
532.49
534.255
535.966
537.767
538.657
540.377
542.1
543.785
545.481
547.285
549.028
550.753
552.545
554.216
555.873
557.59
559.369
561.114
562.809
564.491
564.725
565.341
565.556
565.792
566.182
566.37
568.122
569.904
571.61
573.37
575.11
576.787
578.492
580.192
581.415
582.586
584.426
586.167
587.012
587.22
587.844
588.046
589.509
591.269
592.979
594.675
