0.00057796
0.0180742
0.00944464
0.00590062
0.0032456
0.00518254
0.0196296
0.00139611
0.0143603
0.00237837
0.00579307
0.00124366
0.00331556
0.00143893
0.0101949
0.00301948
0.00248069
0.0224454
0.00245782
0.00309093
0.00229809
0.0137812
0.0033315
0.0016721
0.013923
0.00315796
0.0223572
0.00838557
0.00151257
0.00693178
0.00210743
0.00111515
0.0118167
0.00943687
0.0194825
0.00148588
0.00280483
0.00127906
0.00371796
0.0253294
0.00197492
0.000767921
0.00064394
0.00459265
0.00918043
0.0133726
0.0200226
0.00364712
0.0038323
0.00232226
0.00918583
0.00743895
0.0102895
0.0244618
0.010628
0.00116669
0.0108975
0.00159106
0.0131183
0.00167948
0.0295517
0.00136183
0.0284514
0.014396
0.00130255
0.00107554
0.0547367
0.00838045
0.0267254
0.00511448
0.0027981
0.00841706
0.00102971
0.00292937
0.00158598
0.0140683
0.0136202
0.00130963
0.00277546
0.0141198
0.00167346
0.00140216
0.00610708
0.00743256
0.0160433
0.0193079
0.00990549
0.000933165
0.0137867
0.0086153
0.0101446
0.00114823
0.00250608
0.0167298
0.00112445
0.00213297
0.00395555
0.000753638
0.0136433
0.00101278
0.00322983
0.00173346
0.00351878
0.00532279
0.000947183
0.00093824
0.000641126
0.000417522
0.0019733
0.00180526
0.00426331
0.00482008
0.00450954
0.00115282
0.00207653
0.000934836
0.00698433
0.0127172
0.0104319
0.0210462
0.00176816
0.00394407
0.0026192
0.0310765
0.0015948
0.000793863
0.0012119
0.0272299
0.0224073
0.00879252
0.0212844
0.011078
0.00851215
0.012362
0.00078287
0.009705
0.0121429
0.0199985
0.00119957
0.00176215
0.00418817
0.00982399
0.0116906
0.000979909
0.00162965
0.0153836
0.00244268
0.00214849
0.00216251
0.0115172
0.0194692
0.00142131
0.00575378
0.000394805
0.000707393
0.000891886
0.00527495
0.00166487
0.00741442
0.000866407
0.00199341
0.0210119
0.000937853
0.0201066
0.0011474
0.000842316
0.00376394
0.0177439
0.00106848
0.00177847
0.00461493
0.00205352
0.00281626
0.00302102
0.0200273
0.000753127
0.000915573
0.00446626
0.0011277
0.0155038
0.0172615
0.000645122
0.00220168
0.0009614
0.00864399
0.0181287
0.00909906
0.00129441
0.00103011
0.0302628
0.0117407
0.0109672
0.00110711
0.00194886
0.00325364
0.00908116
0.00439418
0.0032383
0.00599436
0.00376695
0.0147401
0.000801736
0.00810115
0.00295927
0.0088355
0.00813164
0.0012003
0.000914858
0.0164695
0.0090828
0.00427849
0.00304862
0.00622807
0.00366211
0.00123492
0.00330397
0.0211137
0.000879716
0.0141396
0.00671092
0.00278919
0.0148972
0.0201489
0.00359068
0.00329085
0.00150361
0.00180556
0.00502521
0.00122063
0.0114633
0.00110469
0.00149365
0.00361475
0.00103415
0.0090522
0.00211096
0.0146994
0.0104084
0.00224396
0.00141858
0.006066
0.00659455
0.00482832
0.00865825
0.0077677
0.00260636
0.00204592
0.00292022
0.00518538
0.00329031
0.00199295
0.00154473
0.00527477
0.00269914
0.00140118
0.00306468
0.00257184
0.00591998
0.00600075
0.0042952
0.00297975
0.0114709
0.0086201
0.0070175
0.00627977
0.00746155
0.00341518
0.00697582
0.00276515
0.00712687
0.00698729
0.00677027
0.00831377
0.00503294
0.00449344
0.00208618
0.0114549
0.00967721
0.016509
0.00670921
0.0054626
0.00818642
0.0056248
0.00335017
0.00362262
0.0025696
0.0141876
0.00827557
0.00302216
0.00289371
0.00600061
0.00826188
0.00768641
0.00560762
0.00620509
0.00351812
0.00198732
0.00200742
0.00820627
0.00965785
0.00137087
0.0108904
0.00209163
0.00109362
0.00746076
0.00180773
0.017871
0.000948847
0.00126766
0.00979395
0.0127041
0.00889813
0.00475468
0.0218803
0.0016764
0.0285459
0.000564679
0.0166739
0.01124
0.00935581
0.0197549
0.0174697
0.00135259
0.00175808
0.00128659
0.00200461
0.00297413
0.0143404
0.00543294
0.00769241
0.000809068
0.00497981
0.00106494
0.00707245
0.0109995
0.00114506
0.000543777
0.0177159
0.000687747
0.0248095
0.002974
0.00158222
0.0119211
0.00425977
0.00144464
0.00456747
0.0124154
0.0165375
0.000995409
0.0217142
0.00128093
0.0305369
0.00497066
0.00668104
0.00312031
0.00145071
0.00142332
0.00374871
0.00137166
0.000430601
0.00194233
0.00577641
0.00101807
0.00385497
0.00775298
0.00236495
0.0108118
0.00481189
0.00303737
0.00641795
0.000923584
0.00652978
0.00400743
0.0125359
0.001046
0.00806418
0.0107487
0.00256538
0.000989376
0.00630772
0.00128613
0.0107714
0.00620683
0.00503315
0.00350502
0.00771647
0.0055084
0.00994018
0.00468277
0.00583431
0.00539785
0.00370754
0.00207764
0.0147404
0.00156271
0.00196635
0.00277238
0.00707008
0.00704503
0.00268725
0.00309409
0.00326796
0.00316178
0.00345929
0.00683584
0.0031734
0.00167354
0.00598188
0.00597246
0.00223783
0.00522579
0.0041471
0.00379553
0.00272833
0.00198738
0.00599394
0.00696136
0.00110364
0.00420179
0.00133389
0.000934092
0.0150253
0.016362
0.00235302
0.000700315
0.000749238
0.00144616
0.00619726
0.00239265
0.00691706
0.00744235
0.0120399
0.0039205
0.00131186
0.00201176
0.00467032
0.00852223
0.0119091
0.00582288
0.00582069
0.0065935
0.00461124
0.0169971
0.0118664
0.0122406
0.0123157
0.0130469
0.0118557
0.00913933
0.00973414
0.00944572
0.00625766
0.00538893
0.00482657
0.00455397
0.0219391
0.0186859
0.0157587
0.0189627
0.0143949
0.0159817
0.00850595
0.00722824
0.00967004
0.0138717
0.00801377
0.00667345
0.00350533
0.00213123
0.00112367
0.000826313
0.00476991
0.001494
0.00575557
0.00137133
0.00176116
0.0103502
0.0100683
0.0104815
0.00578688
0.00508127
0.00357274
0.0101712
0.00595025
0.00307176
0.00365572
0.00518213
0.00324145
0.00302647
0.00793011
0.00123292
0.0097969
0.000699417
0.00286871
0.0021968
0.00401226
0.00489691
