2.88436
3.11021
3.3271
3.56428
3.76447
3.98024
4.17559
4.40851
4.61355
4.84544
5.08944
5.27557
5.48914
5.69456
5.89423
6.09737
6.33343
6.52237
6.75602
6.99514
7.20152
7.39396
7.63352
7.83215
8.06211
8.25452
8.45351
8.69492
8.92931
9.13442
9.35116
9.59092
9.7944
10.0224
10.2648
10.4595
10.6635
10.9066
11.1265
11.3471
11.5753
11.7803
12.0108
12.2322
12.4587
12.6615
12.893
13.1395
13.3656
13.5874
13.7887
13.9831
14.2079
14.4136
14.6191
14.827
15.0475
15.2859
15.5181
15.7462
15.9428
16.1449
16.3396
16.5798
16.7867
17.0235
17.2166
17.446
17.6423
17.8462
18.0785
18.3132
18.5509
18.798
19.0296
19.2298
19.4599
19.6985
19.9246
20.1336
20.358
20.5896
20.8059
21.0295
21.2428
21.469
21.6706
21.894
22.1351
22.3668
22.5665
22.8087
23.0385
23.2452
23.4742
23.6705
23.871
24.0791
24.3094
24.5401
24.7371
24.9229
25.1242
25.3593
25.5594
25.7947
26.0018
26.2144
26.435
26.6741
26.912
27.1098
27.3436
27.5586
27.7582
27.9552
28.1819
28.3884
28.6207
28.8308
29.063
29.2683
29.4793
29.6817
29.9213
30.1498
30.3872
30.619
30.8418
31.063
31.2969
31.4966
31.7041
31.9224
32.1318
32.3185
32.5216
32.7501
32.9533
33.1512
33.3909
33.6173
33.8306
34.0632
34.2635
34.4635
34.7001
34.9319
35.1252
35.361
35.595
35.797
36.0042
36.2419
36.4765
36.6752
36.873
37.102
37.3173
37.535
37.7393
37.9659
38.1797
38.4219
38.6375
38.8387
39.0753
39.2747
39.495
39.6957
39.9183
40.1206
40.3196
40.5333
40.7535
40.9576
41.1574
41.3546
41.5975
41.7925
41.9982
42.188
42.4301
42.6243
42.8282
43.027
43.2531
43.4568
43.6879
43.9255
44.127
44.3646
44.5855
44.8261
45.021
45.2396
45.4644
45.6553
45.9005
46.0944
46.3346
46.5601
46.7667
46.9961
47.1912
47.3996
47.6404
47.8596
48.0982
48.2916
48.4934
48.7257
48.9284
49.1645
49.404
49.6116
49.8555
50.0594
50.2848
50.5205
50.7177
50.9512
51.1559
51.3852
51.5906
51.8176
52.0271
52.2581
52.452
52.64
52.873
53.0979
53.3356
53.5557
53.756
53.9918
54.1892
54.4255
54.6287
54.8653
55.073
55.2827
55.5158
55.7417
55.9766
56.1776
56.4092
56.6159
56.8097
57.0086
57.2399
57.4866
57.7069
57.903
58.1408
58.3743
58.5746
58.8034
59.0074
59.2341
59.4429
59.6676
59.8771
60.0983
60.3311
60.5515
60.7766
60.9772
61.2043
61.4051
61.6403
61.8502
62.0898
62.2802
62.514
62.7109
62.9031
63.1002
63.3342
63.5673
63.7774
64.0119
64.2128
64.4521
64.6429
64.849
65.0796
65.2848
65.4824
65.7187
65.909
66.1538
66.3957
66.6023
66.8237
67.0276
67.2376
67.4562
67.6554
67.8493
68.0468
68.2532
68.4756
68.6725
68.8733
69.1271
69.3387
69.542
69.7764
69.9794
70.2125
70.4215
70.6571
70.8544
71.064
71.2672
71.4677
71.6628
71.9013
72.111
72.3258
72.5227
72.726
72.9654
73.2041
73.4143
73.6125
73.8114
74.0402
74.2784
74.4693
74.6695
74.8679
75.1044
75.2957
75.5044
75.7226
75.9589
76.1543
76.3712
76.5758
76.8076
77.0244
77.2154
77.418
77.6213
77.8798
78.0945
78.2866
78.481
78.6897
78.9015
79.1179
79.3288
79.5601
79.767
79.9689
80.1735
80.383
80.5832
80.7819
80.9999
81.1953
81.4133
81.6125
81.8165
82.0488
82.2787
82.5186
82.7211
82.9579
83.1839
83.4225
83.6225
83.8485
84.088
84.2877
84.4818
84.7209
84.9558
85.1581
85.3819
85.5868
85.8035
85.9949
86.229
86.4349
86.6645
86.8653
87.0922
87.2918
87.4881
87.7269
87.9434
88.1543
88.3586
88.6028
88.8063
88.9998
89.2338
89.4281
89.6255
89.8351
90.0616
90.2671
90.4716
90.7049
90.9127
91.1432
91.3509
91.577
91.7909
91.9905
92.2206
92.423
92.6544
92.883
93.081
93.309
93.5098
93.7332
93.936
94.1435
94.3873
94.6216
94.8448
95.0859
95.3193
95.5238
95.7195
95.957
96.1911
96.3838
96.5923
96.8193
97.0195
97.2207
97.4231
97.6542
97.857
98.0508
98.2902
98.5233
98.7214
98.9329
99.1561
99.3976
99.6051
99.8049
100.035
100.235
100.466
100.675
100.898
101.125
101.329
101.571
101.797
102.001
102.238
102.449
102.678
102.887
103.109
103.306
103.533
103.742
103.969
104.208
104.413
104.616
104.84
105.08
105.311
105.522
105.714
105.941
106.137
106.339
106.546
106.774
106.977
107.179
107.417
107.616
107.81
108.013
108.245
108.48
108.722
108.953
109.19
109.384
109.587
109.825
110.056
110.262
110.502
110.707
110.932
111.132
111.331
111.525
111.732
111.95
112.154
112.357
112.564
112.798
113.004
113.232
113.441
113.668
113.862
114.063
114.287
114.492
114.717
114.92
115.146
115.354
115.583
115.791
116.012
116.256
116.454
116.699
116.928
117.174
117.387
117.594
117.821
118.013
118.254
118.515
118.719
118.957
119.159
119.389
119.597
119.833
120.062
120.296
120.529
120.733
120.943
121.168
121.375
121.573
121.782
121.989
122.211
122.415
122.619
122.872
123.062
123.267
123.456
123.688
123.884
124.115
124.314
124.527
124.719
124.945
125.154
125.386
125.614
125.828
126.051
126.248
126.488
126.686
126.919
127.144
127.349
127.547
127.795
128.015
128.25
128.454
128.665
128.893
129.09
129.278
129.507
129.746
129.953
130.183
130.413
130.627
130.862
131.058
131.265
131.463
131.665
131.873
132.103
132.306
132.528
132.765
132.961
133.17
133.393
133.595
133.824
134.068
134.299
134.503
134.742
134.967
135.18
135.399
135.603
135.828
136.026
136.264
136.475
136.703
136.899
137.108
137.324
137.532
137.727
137.936
138.132
138.376
138.578
138.806
139.013
139.242
139.437
139.681
139.911
140.11
140.31
140.544
140.741
140.949
141.177
141.38
141.572
141.785
142.005
142.24
142.472
142.72
142.911
143.108
143.306
143.539
143.739
143.976
144.216
144.446
144.644
144.852
145.061
145.293
145.492
145.696
145.931
146.134
146.357
146.563
146.797
147.022
147.248
147.485
147.681
147.882
148.093
148.306
148.502
148.736
148.932
149.164
149.397
149.616
149.853
150.084
150.295
150.522
150.72
150.918
151.128
151.352
151.59
151.829
152.031
152.263
152.499
152.72
152.923
153.16
153.402
153.623
153.863
154.094
154.304
154.528
154.737
154.943
155.178
155.38
155.575
155.795
156.03
156.265
156.493
156.699
156.905
157.104
157.311
157.52
157.735
157.946
158.178
158.38
158.621
158.859
159.107
159.335
159.571
159.803
160.024
160.225
160.425
160.67
160.889
161.099
161.335
161.525
161.751
161.948
162.188
162.421
162.647
162.9
163.122
163.327
163.556
163.804
164.043
164.253
164.463
164.661
164.888
165.083
165.283
165.503
165.728
165.974
166.158
166.388
166.584
166.788
166.989
167.203
167.433
167.658
167.864
168.099
168.295
168.505
168.702
168.944
169.181
169.38
169.62
169.82
170.05
170.273
170.472
170.706
170.936
171.159
171.356
171.592
171.805
172.048
172.272
172.485
172.71
172.915
173.123
173.358
173.579
173.806
174.02
174.215
174.444
174.662
174.895
175.099
175.304
175.517
175.725
175.93
176.136
176.346
176.536
176.748
176.949
177.182
177.415
177.605
177.844
178.086
178.297
178.5
178.705
178.934
179.167
179.399
179.632
179.869
180.105
180.339
180.539
180.746
180.984
181.182
181.415
181.621
181.855
182.08
182.298
182.514
182.712
182.926
183.133
183.354
183.556
183.759
183.999
184.235
184.431
184.671
184.86
185.059
185.268
185.475
185.667
185.868
186.063
186.27
186.465
186.67
186.896
187.101
187.316
187.529
187.729
187.959
188.195
188.413
188.631
188.835
189.037
189.242
189.447
189.645
189.877
190.118
190.338
190.544
190.743
190.943
191.178
191.375
191.577
191.778
192.01
192.214
192.42
192.653
192.887
193.087
193.286
193.523
193.718
193.941
194.148
194.355
194.583
194.781
195.016
195.246
195.444
195.642
195.844
196.077
196.277
196.506
196.711
196.913
197.149
197.357
197.587
197.825
198.031
198.237
198.438
198.658
198.889
199.104
199.32
199.557
199.781
199.981
200.218
200.45
200.649
200.887
201.108
201.324
201.529
201.731
201.962
202.2
202.422
202.621
202.86
203.065
203.3
203.505
203.739
203.94
204.144
204.374
204.576
204.784
205.012
205.246
205.447
205.65
205.883
206.085
206.335
206.524
206.762
206.96
207.178
207.387
207.594
207.829
208.048
208.268
208.467
208.699
208.928
209.158
209.388
209.622
209.854
210.06
210.293
210.515
210.721
210.936
211.143
211.358
211.579
211.793
212
212.203
212.398
212.599
212.819
213.028
213.238
213.439
213.631
213.861
214.067
214.295
214.498
214.743
214.965
215.198
215.392
215.628
215.827
216.034
216.254
216.475
216.677
216.883
217.113
217.345
217.55
217.762
218
218.209
218.414
218.625
218.833
219.074
219.3
219.497
219.696
219.927
220.166
220.394
220.623
220.825
221.028
221.261
221.477
221.697
221.896
222.118
222.339
222.558
222.79
222.99
223.218
223.416
223.648
223.851
224.083
224.289
224.524
224.723
224.923
225.146
225.352
225.554
225.79
225.993
226.191
226.399
226.632
226.869
227.063
227.263
227.47
227.696
227.893
228.098
228.295
228.527
228.734
228.944
229.158
229.38
229.6
229.822
230.038
230.261
230.469
230.699
230.92
231.141
231.351
231.586
231.79
231.992
232.228
232.437
232.685
232.906
233.116
233.351
233.575
233.806
234.009
234.24
234.44
234.643
234.867
235.063
235.295
235.538
235.765
235.967
236.168
236.392
236.628
236.861
237.051
237.281
237.484
237.713
237.916
238.151
238.381
238.623
238.859
239.058
239.29
239.49
239.685
239.913
240.154
240.381
240.583
240.82
241.051
241.288
241.523
241.724
241.96
242.163
242.363
242.587
242.811
243.037
243.247
243.468
243.679
243.872
244.085
244.287
244.5
244.706
244.915
245.124
245.378
245.597
245.811
246.037
246.235
246.464
246.696
246.892
247.125
247.35
247.555
247.783
248.02
248.258
248.488
248.719
248.921
249.157
249.387
249.618
249.827
250.031
250.256
250.476
250.678
250.888
251.111
251.331
251.56
251.764
251.975
252.193
252.401
252.611
252.838
253.041
253.244
253.444
253.649
253.873
254.079
254.304
254.509
254.745
254.947
255.147
255.376
255.61
255.809
256.053
256.281
256.48
256.682
256.908
257.138
257.341
257.569
257.805
258.038
258.271
258.509
258.743
258.97
259.176
259.401
259.647
259.869
260.074
260.309
260.541
260.741
260.964
261.168
261.367
261.604
261.814
262.04
262.251
262.477
262.72
262.946
263.149
263.359
263.582
263.781
263.982
264.228
264.455
264.66
264.883
265.114
265.344
265.555
265.752
265.949
266.175
266.379
266.607
266.808
267.007
267.238
267.469
267.669
267.908
268.145
268.377
268.619
268.825
269.014
269.219
269.451
269.689
269.878
270.104
270.317
270.542
270.75
270.964
271.169
271.407
271.64
271.874
272.104
272.307
272.542
272.771
273.012
273.241
273.477
273.708
273.937
274.143
274.377
274.588
274.801
275.039
275.238
275.471
275.671
275.872
276.103
276.307
276.508
276.743
276.97
277.202
277.437
277.635
277.838
278.07
278.272
278.51
278.739
278.971
279.204
279.411
279.636
279.837
280.067
280.28
280.504
280.703
280.908
281.119
281.327
281.551
281.763
281.991
282.186
282.395
282.613
282.844
283.045
283.28
283.517
283.717
283.923
284.148
284.351
284.549
284.752
284.986
285.19
285.417
285.622
285.82
286.057
286.259
286.479
286.683
286.89
287.122
287.356
287.556
287.787
287.986
288.221
288.447
288.649
288.881
289.08
289.321
289.547
289.745
289.986
290.194
290.394
290.607
290.807
291.044
291.275
291.487
291.724
291.962
292.192
292.427
292.619
292.822
293.051
293.275
293.514
293.718
293.946
294.143
294.349
294.568
294.765
294.998
295.204
295.431
295.635
295.85
296.055
296.259
296.46
296.702
296.913
297.143
297.368
297.602
297.848
298.078
298.315
298.548
298.745
298.943
299.177
299.388
299.621
299.841
300.069
300.289
300.513
300.723
300.927
301.136
301.355
301.587
301.785
301.982
302.181
302.42
302.617
302.843
303.051
303.286
303.524
303.721
303.922
304.145
304.378
304.606
304.808
305.005
305.207
305.438
305.637
305.835
306.039
306.27
306.479
306.681
306.89
307.086
307.293
307.496
307.732
307.963
308.204
308.433
308.66
308.862
309.103
309.304
309.537
309.738
309.943
310.173
310.41
310.646
310.874
311.111
311.347
311.574
311.773
311.977
312.18
312.378
312.612
312.845
313.052
313.28
313.476
313.675
313.91
314.124
314.35
314.563
314.786
315.019
315.242
315.459
315.679
315.889
316.088
316.285
316.525
316.726
316.921
317.128
317.362
317.564
317.763
317.996
318.215
318.446
318.662
318.877
319.1
319.31
319.535
319.743
319.967
320.187
320.393
320.596
320.824
321.071
321.284
321.506
321.703
321.932
322.14
322.352
322.556
322.782
323.001
323.234
323.456
323.671
323.898
324.118
324.34
324.548
324.779
325.011
325.213
325.423
325.657
325.861
326.073
326.272
326.488
326.719
326.921
327.129
327.357
327.59
327.823
328.03
328.264
328.465
328.68
328.898
329.108
329.337
329.537
329.767
329.972
330.173
330.406
330.631
330.832
331.018
331.216
331.429
331.665
331.886
332.117
332.352
332.555
332.785
333.015
333.223
333.421
333.654
333.887
334.125
334.362
334.557
334.761
334.964
335.173
335.387
335.587
335.791
336.021
336.239
336.448
336.655
336.864
337.097
337.332
337.539
337.771
337.997
338.213
338.426
338.63
338.834
339.038
339.258
339.474
339.685
339.915
340.143
340.34
340.569
340.807
341.007
341.209
341.409
341.64
341.872
342.092
342.315
342.534
342.759
342.992
343.212
343.438
343.673
343.874
344.081
344.314
344.513
344.718
344.951
345.158
345.358
345.59
345.792
346.021
346.232
346.454
346.685
346.896
347.126
347.326
347.529
347.734
347.965
348.197
348.413
348.648
348.85
349.083
349.292
349.516
349.716
349.928
350.124
350.357
350.592
350.823
351.029
351.229
351.437
351.648
351.861
352.079
352.307
352.526
352.732
352.943
353.171
353.373
353.574
353.773
354.012
354.208
354.418
354.643
354.842
355.051
355.282
355.51
355.741
355.947
356.176
356.375
356.614
356.817
357.049
357.282
357.522
357.758
357.955
358.186
358.392
358.627
358.832
359.074
359.302
359.531
359.733
359.936
360.168
360.364
360.596
360.792
360.992
361.197
361.397
361.629
361.853
362.06
362.282
362.492
362.724
362.938
363.171
363.365
363.596
363.797
363.998
364.23
364.463
364.689
364.889
365.096
365.324
365.567
365.771
366.007
366.225
366.461
366.662
366.864
367.093
367.297
367.498
367.728
367.959
368.195
368.403
368.628
368.86
369.099
369.335
369.585
369.785
369.985
370.211
370.411
370.641
370.843
371.046
371.247
371.449
371.684
371.913
372.118
372.319
372.55
372.782
372.987
373.219
373.453
373.65
373.852
374.055
374.267
374.503
374.698
374.926
375.123
375.319
375.519
375.736
375.969
376.2
376.429
376.627
376.838
377.051
377.293
377.499
377.728
377.927
378.165
378.377
378.588
378.789
378.99
379.194
379.412
379.62
379.824
380.033
380.24
380.458
380.659
380.889
381.092
381.297
381.527
381.75
381.979
382.185
382.392
382.617
382.828
383.046
383.276
383.481
383.712
383.928
384.152
384.38
384.609
384.829
385.032
385.256
385.467
385.671
385.899
386.098
386.303
386.527
386.729
386.969
387.2
387.41
387.617
387.85
388.065
388.257
388.484
388.683
388.881
389.082
389.311
389.541
389.758
389.978
390.198
390.401
390.633
390.857
391.092
391.294
391.524
391.718
391.925
392.16
392.377
392.596
392.79
392.989
393.224
393.452
393.66
393.861
394.087
394.298
394.507
394.713
394.93
395.131
395.35
395.556
395.778
396.006
396.232
396.428
396.626
396.854
397.087
397.291
397.521
397.75
397.95
398.153
398.352
398.579
398.783
398.986
399.214
399.445
399.649
399.847
400.056
400.292
400.494
400.727
400.958
401.161
401.398
401.635
401.842
402.069
402.31
402.534
402.745
402.953
403.158
403.376
403.584
403.801
404.002
404.206
404.408
404.621
404.844
405.049
405.259
405.487
405.685
405.888
406.118
406.342
406.56
406.764
406.965
407.179
407.399
407.611
407.826
408.02
408.224
408.431
408.652
408.852
409.06
409.29
409.492
409.694
409.913
410.118
410.332
410.563
410.77
410.967
411.164
411.363
411.606
411.838
412.067
412.267
412.47
412.705
412.934
413.136
413.335
413.556
413.785
413.984
414.2
414.431
414.659
414.864
415.069
415.274
415.477
415.707
415.939
416.141
416.35
416.587
416.818
417.018
417.225
417.454
417.659
417.861
418.094
418.323
418.552
418.784
418.986
419.188
419.401
419.622
419.824
420.035
420.238
420.451
420.66
420.885
421.116
421.322
421.528
421.754
421.955
422.196
422.426
422.662
422.869
423.097
423.301
423.529
423.766
423.999
424.224
424.432
424.629
424.864
425.097
425.296
425.526
425.747
425.969
426.198
426.407
426.623
426.832
427.044
427.244
427.487
427.687
427.919
428.126
428.36
428.567
428.795
429.02
429.241
429.436
429.64
429.838
430.047
430.247
430.489
430.702
430.9
431.095
431.289
431.523
431.761
431.99
432.195
432.423
432.63
432.859
433.063
433.266
433.485
433.701
433.909
434.124
434.327
434.547
434.773
434.975
435.205
435.406
435.639
435.844
436.043
436.244
436.476
436.68
436.879
437.108
437.311
437.513
437.719
437.948
438.182
438.383
438.586
438.813
439.018
439.252
439.456
439.685
439.913
440.114
440.329
440.539
440.76
440.978
441.185
441.4
441.614
441.826
442.033
442.243
442.446
442.647
442.879
443.094
443.319
443.525
443.722
443.959
444.19
444.405
444.637
444.854
445.083
445.289
445.499
445.701
445.909
446.142
446.378
446.592
446.818
447.019
447.247
447.47
447.708
447.909
448.116
448.321
448.526
448.744
448.975
449.176
449.376
449.619
449.848
450.077
450.278
450.486
450.724
450.913
451.117
451.316
451.518
451.727
451.956
452.179
452.41
452.634
452.842
453.05
453.267
453.479
453.687
453.922
454.153
454.361
454.589
454.808
455.036
455.257
455.459
455.672
455.87
456.074
456.272
456.505
456.733
456.943
457.166
457.375
457.604
457.833
458.036
458.25
458.467
458.687
458.912
459.113
459.33
459.566
459.78
460.004
460.236
460.471
460.674
460.879
461.086
461.311
461.522
461.768
462.001
462.234
462.453
462.668
462.869
463.072
463.302
463.505
463.738
463.967
464.166
464.368
464.583
464.804
465.018
465.236
465.455
465.69
465.9
466.1
466.333
466.531
466.76
466.994
467.202
467.426
467.635
467.846
468.066
468.276
468.478
468.695
468.897
469.114
469.314
469.551
469.755
469.956
470.189
470.393
470.594
470.82
471.046
471.248
471.454
471.689
471.883
472.088
472.302
472.524
472.727
472.955
473.183
473.385
473.617
473.818
474.042
474.268
474.493
474.698
474.908
475.132
475.327
475.529
475.73
475.962
476.179
476.384
476.6
476.827
477.046
477.279
477.493
477.717
477.929
478.139
478.349
478.552
478.782
478.984
479.184
479.391
479.61
479.822
480.06
480.285
480.515
480.74
480.971
481.174
481.382
481.595
481.833
482.06
482.259
482.498
482.727
482.961
483.168
483.365
483.603
483.824
484.04
484.258
484.462
484.685
484.885
485.101
485.324
485.532
485.744
485.979
486.214
486.444
486.678
486.911
487.125
487.326
487.548
487.744
487.947
488.147
488.362
488.563
488.795
489.025
489.235
489.461
489.661
489.872
490.101
490.318
490.535
490.751
490.959
491.167
491.376
491.575
491.795
491.995
492.197
492.399
492.613
492.829
493.028
493.249
493.456
493.664
493.891
494.114
494.319
494.527
494.725
494.928
495.158
495.381
495.599
495.809
496.042
496.248
496.478
496.695
496.913
497.115
497.316
497.55
497.749
497.952
498.152
498.366
498.594
498.806
499.014
499.234
499.434
499.658
499.856
500.093
500.299
500.538
500.737
500.97
501.187
501.39
501.633
501.832
502.043
502.267
502.476
502.704
502.914
503.121
503.343
503.545
503.776
503.989
504.194
504.395
504.625
504.834
505.067
505.303
505.536
505.76
505.964
506.168
506.39
506.594
506.793
507.012
507.213
507.414
507.617
507.844
508.048
508.258
508.486
508.712
508.937
509.145
509.367
509.589
509.812
510.045
510.27
510.502
510.735
510.976
511.185
511.389
511.61
511.839
512.051
512.265
512.488
512.691
512.89
513.09
513.295
513.504
513.732
513.961
514.162
514.365
514.594
514.796
514.995
515.198
515.409
515.618
515.841
516.043
516.274
516.503
516.713
516.943
517.175
517.377
517.576
517.811
518.036
518.247
518.479
518.688
518.892
519.104
519.308
519.511
519.753
519.95
520.183
520.386
520.619
520.855
521.065
521.293
521.535
521.744
521.946
522.151
522.353
522.584
522.817
523.023
523.246
523.449
523.66
523.879
524.085
524.31
524.511
524.714
524.917
525.12
525.354
525.592
525.794
526.02
526.221
526.427
526.642
526.856
527.072
527.304
527.532
527.75
527.966
528.205
528.442
528.667
528.877
529.087
529.325
529.555
529.753
529.982
530.188
530.383
530.584
530.793
531.002
531.213
531.418
531.642
531.848
532.044
532.269
532.471
532.686
532.905
533.137
533.374
533.578
533.817
534.026
534.231
534.438
534.656
534.865
535.102
535.305
535.522
535.722
535.947
536.168
536.407
536.598
536.824
537.058
537.276
537.502
537.752
537.95
538.186
538.385
538.619
538.843
539.043
539.261
539.484
539.713
539.948
540.148
540.349
540.553
540.783
540.982
541.184
541.387
541.616
541.844
542.066
542.274
542.478
542.681
542.884
543.106
543.308
543.544
543.748
543.956
544.163
544.368
544.567
544.794
544.996
545.223
545.451
545.651
545.863
546.094
546.306
546.544
546.781
547.013
547.25
547.492
547.705
547.918
548.119
548.357
548.564
548.769
548.998
549.206
549.434
549.665
549.866
550.067
550.272
550.51
550.736
550.971
551.204
551.434
551.637
551.84
552.077
552.273
552.516
552.713
552.946
553.18
553.381
553.582
553.787
553.984
554.183
554.386
554.587
554.797
555.002
555.195
555.418
555.618
555.852
556.055
556.257
556.489
556.694
556.921
557.124
557.364
557.572
557.799
558.031
558.242
558.475
558.702
558.936
559.149
559.349
559.549
559.777
559.974
560.221
560.447
560.667
560.875
561.093
561.291
561.495
561.708
561.91
562.115
562.352
562.575
562.777
562.978
563.191
563.411
563.616
563.839
564.073
564.28
564.475
564.703
564.906
565.105
565.306
565.535
565.735
565.938
566.144
566.347
566.573
566.793
566.994
567.221
567.42
567.654
567.877
568.101
568.332
568.539
568.761
568.994
569.226
569.46
569.658
569.884
570.09
570.322
570.523
570.723
570.951
571.151
571.383
571.592
571.828
572.046
572.268
572.499
572.723
572.927
573.124
573.349
573.56
573.785
573.99
574.221
574.446
574.692
574.888
575.094
575.293
575.493
575.703
575.901
576.131
576.344
576.549
576.763
576.963
577.163
577.397
577.617
577.82
578.031
578.266
578.474
578.686
578.899
579.105
579.325
579.529
579.734
579.938
580.144
580.346
580.55
580.75
580.954
581.188
581.394
581.599
581.804
582.006
582.211
582.414
582.623
582.83
583.048
583.284
583.515
583.724
583.95
584.181
584.406
584.628
584.865
585.083
585.313
585.525
585.735
585.945
586.151
586.357
586.574
586.789
586.994
587.191
587.408
587.607
587.818
588.035
588.243
588.448
588.661
588.862
589.073
589.282
589.49
589.691
589.922
590.125
590.356
590.559
590.79
591.023
591.256
591.491
591.712
591.919
592.123
592.326
592.541
592.749
592.957
593.172
593.388
593.606
593.807
594.009
594.243
594.446
594.656
594.887
595.123
595.334
595.54
595.777
595.992
596.215
596.427
596.654
596.869
597.099
597.31
597.532
