0.202242
0.202310
0.202370
0.202424
0.202478
0.202541
0.202604
0.202667
0.202724
0.202778
0.202850
0.214391
0.334471
0.482735
0.650090
0.771479
0.868661
0.955657
0.982154
1.047577
1.342214
1.739583
1.988852
2.136222
2.229114
2.294863
2.349684
2.412816
2.523904
2.681243
2.826719
2.976226
3.076589
3.121028
3.189598
3.285901
3.420432
3.574808
3.723371
3.854539
4.027631
4.200582
4.401535
4.561492
4.728936
4.871054
4.969696
5.092559
5.234486
5.402409
5.520533
5.635061
5.723920
5.810651
5.882640
5.888459
5.956329
6.089018
6.262022
6.436799
6.658635
6.906513
7.135899
7.354312
7.604256
7.810309
7.988668
8.157007
8.298697
8.435038
8.551567
8.668742
8.747191
8.845314
8.930927
9.018535
9.102941
9.154386
9.201968
9.317395
9.482303
9.709208
9.939334
10.174546
10.445178
10.676474
10.902657
11.078993
11.214827
11.345583
11.443436
11.547456
11.679218
11.879507
12.103474
12.322163
12.512473
12.741816
12.950084
13.151093
13.346169
13.568523
13.760405
13.983506
14.166496
14.381015
14.598463
14.783599
14.967726
15.155407
15.385067
15.586589
15.824969
16.030223
16.261601
16.452407
16.633874
16.828044
16.971406
17.124750
17.261855
17.437408
17.635454
