2.74859
2.9704
3.18981
3.38658
3.59665
3.8235
4.03126
4.26244
4.46662
4.66551
4.8958
5.09872
5.33197
5.54345
5.7778
5.97357
6.18988
6.41939
6.60306
6.83915
7.03992
7.27167
7.48288
7.68316
7.91882
8.15031
8.34885
8.55592
8.78766
9.03047
9.22762
9.44474
9.68009
9.8782
10.1169
10.3122
10.5075
10.708
10.9314
11.1603
11.3972
11.5969
11.8236
12.029
12.2634
12.5061
12.7149
12.946
13.1512
13.3767
13.5821
13.8254
14.0342
14.2335
14.4546
14.6595
14.868
15.0919
15.3279
15.527
15.7526
15.9784
16.1872
16.3982
16.6302
16.8367
17.0344
17.2744
17.5155
17.7412
17.9415
18.1736
18.4048
18.6311
18.8304
19.0646
19.2919
19.4857
19.6903
19.922
20.1535
20.376
20.5702
20.7709
20.9934
21.2045
21.4371
21.6609
21.8611
22.0976
22.3019
22.5086
22.713
22.9379
23.1701
23.397
23.6016
23.8363
24.0406
24.2405
24.4443
24.6735
24.8782
25.0948
25.3097
25.5343
25.7692
25.9679
26.1691
26.3801
26.6012
26.8045
27.0351
27.2313
27.4596
27.6554
27.8609
28.0962
28.2979
28.5269
28.7277
28.9633
29.1995
