0.000000
0.000000
0.000000
41.557999
41.616001
42.009998
42.050999
42.071999
43.123001
48.111000
50.804001
51.819000
63.409000
73.655998
76.819000
85.218002
89.022003
92.542000
93.632004
94.739998
94.905998
95.830002
104.772003
127.477997
134.492996
145.397003
153.222000
153.371002
153.671005
156.621002
169.352005
182.738007
194.625000
218.578995
227.046997
229.266998
229.779999
229.779999
229.953995
230.768005
238.171005
249.044998
259.766998
269.313995
276.606995
283.459991
293.026001
296.156006
299.057007
304.247986
306.575012
308.174011
309.238007
309.257996
309.257996
309.263000
