7.86733
9.54481
11.2837
12.166
12.3813
12.8263
13.6609
15.4039
17.1748
18.7554
20.509
21.2111
21.8084
22.046
22.9209
24.4068
25.4062
26.9765
27.6014
27.8354
29.4212
29.596
30.0502
31.5907
33.2966
33.5113
35.2585
36.9681
37.4432
38.0659
39.7775
40.4084
41.2247
42.9729
43.8204
44.6822
45.1505
46.8317
47.7784
47.9188
49.2247
50.9619
51.8574
52.0566
52.6936
54.4486
55.5479
56.1954
57.7422
59.3785
60.3681
61.8087
63.5453
65.0307
66.8178
68.6181
68.8442
69.2847
70.8005
71.0622
71.6466
73.3501
74.5982
75.7054
77.4619
79.1649
80.9149
81.7765
83.3124
83.5482
85.2557
85.7128
87.2444
88.7969
90.478
92.0247
92.9101
93.3671
94.8393
95.5385
95.9965
96.2374
97.9667
98.3943
99.2875
100.342
102.152
102.524
104.209
105.912
107.614
109.234
109.986
110.198
110.367
112.108
113.868
115.358
116.669
118.379
119.599
120.485
122.267
122.911
124.217
124.43
125.706
127.503
129.258
131.01
131.481
133.211
133.437
135.054
135.539
135.759
137.002
137.46
139.247
139.894
140.75
142.269
142.759
144.446
146.221
147.114
147.347
147.798
148.65
149.985
151.627
151.841
153.164
153.826
155.301
157.056
157.453
157.931
159.685
161.431
163.205
163.409
163.839
164.242
164.438
164.654
165.995
167.685
168.804
168.965
169.678
171.378
172.874
173.836
174.646
176.355
177.469
178.122
179.771
180.201
180.417
180.649
181.517
183.215
184.052
185.77
186.4
187.298
189.092
190.815
192.635
193.724
194.384
195.903
197.668
198.077
198.284
198.726
200.423
201.094
202.074
203.703
204.134
204.599
206.131
206.778
208.502
208.751
210.395
211.911
212.338
213.619
214.275
215.991
216.18
217.907
218.974
219.219
219.868
221.481
221.657
222.971
224.612
225.733
225.934
227.635
228.263
229.96
230.793
232.534
234.248
235.293
236.807
238.511
238.708
240.431
240.862
242.589
242.839
244.523
244.99
246.7
247.372
248.862
249.071
250.849
251.284
251.897
253.571
253.806
254.046
254.234
255.922
256.969
257.18
257.383
258.005
259.471
259.7
260.15
260.533
261.961
263.774
264.23
264.762
266.566
268.294
270.025
270.699
271.299
273.017
273.447
273.875
275.583
276.897
277.777
279.49
280.518
280.758
281.164
282.899
284.631
285.695
287.44
288.257
289.153
290.802
292.553
293.97
294.997
296.7
298.4
300.132
300.786
301.189
302.885
304.607
306.379
308.055
309.704
311.45
313.134
314.182
314.818
316.31
318.002
319.686
321.402
323.121
324.838
326.558
328.281
328.519
329.179
329.609
330.255
331.359
331.8
333.521
333.739
334.181
334.373
334.622
336.287
337.387
339.052
340.72
342.41
344.133
345.894
347.533
348.815
349.708
351.234
351.675
351.868
353.637
355.37
357.171
358.914
359.771
361.47
361.722
362.364
364.094
365.843
367.134
367.346
368.151
368.38
370.134
371.89
373.639
375.345
377.041
378.54
379.396
380.957
382.638
382.881
384.645
384.867
385.679
387.177
388.075
388.933
390.647
391.283
391.973
392.159
393.91
395.672
395.951
396.369
397.26
399.009
399.209
399.427
399.735
401.364
401.99
402.461
402.653
403.735
403.909
405.639
406.69
408.378
409.633
410.928
412.673
413.321
414.391
416.094
417.852
419.528
421.247
422.104
422.532
424.215
424.462
426.192
426.61
428.325
428.788
430.345
431.376
432.442
433.343
434.579
434.785
436.535
436.757
437.842
439.074
440.592
441.48
442.113
443.437
444.951
446.2
446.894
448.567
450.269
451.815
451.996
453.66
453.865
454.097
455.847
457.373
459.132
460.799
462.466
464.18
464.598
464.852
465.055
466.761
466.979
467.182
467.621
467.829
469.559
471.289
472.998
474.74
475.856
476.449
476.916
478.585
479.879
481.587
482.182
483.907
485.606
487.263
487.676
489.487
491.198
492.974
494.692
496.424
497.886
499.581
501.284
502.986
504.699
506.394
508.091
509.797
511.491
512.36
513.471
515.191
516.856
517.262
517.9
519.567
521.308
521.755
523.482
525.205
526.882
528.593
530.32
532.021
533.743
535.485
537.221
538.909
540.622
542.329
544.091
545.77
546.497
547.742
548.67
548.903
549.926
551.015
552.695
552.905
554.628
555.656
