0.000947668
0.00781024
0.0105132
0.0009683
0.00175467
0.00192192
0.0109576
0.0012777
0.0260505
0.00191007
0.00210917
0.00447375
0.0023851
0.00939368
0.0130798
0.00859378
0.00174478
0.00229046
0.00638474
0.0196837
0.00325851
0.000995256
0.00222481
0.00103914
0.000604102
0.00958714
0.00148425
0.00508717
0.0192373
0.00126597
0.00723179
0.0239272
0.0185858
0.0195091
0.00113379
0.0286286
0.00216508
0.00574886
0.00166724
0.0127065
0.00744247
0.0124042
0.00295428
0.000900814
0.0081729
0.00151289
0.0102926
0.0223606
0.00229264
0.000678977
0.00406209
0.0170359
0.0170694
0.00189813
0.0224259
0.00103229
0.0175998
0.0100012
0.0178382
0.0133472
0.0133625
0.0146349
0.00279439
0.0139073
0.00410415
0.0022572
0.00191739
0.000958087
0.0063247
0.0222042
0.0128578
0.020407
0.00491671
0.00196575
0.00106797
0.00161182
0.0118567
0.00297892
0.0140383
0.0134341
0.00101816
0.0313794
0.0203089
0.00835291
0.0201089
0.00901055
0.00186815
0.0087022
0.00899475
0.000853445
0.00978834
0.000732237
0.00124025
0.00184896
0.00104263
0.0254996
0.000705805
0.0192757
0.00430951
0.0133652
0.00218038
0.00273294
0.00750006
0.00170664
0.0146517
0.00187328
0.000785209
0.000946976
0.0104338
0.000460928
0.00161483
0.0255312
0.00163965
0.00284188
0.00306051
0.00708474
0.00408496
0.00148093
0.000922767
0.00115942
0.00407982
0.00705519
0.0129308
0.00697151
0.000864371
0.0100277
0.00183763
0.00185458
0.00849234
0.0029614
0.0134498
0.00688376
0.000996945
0.00163577
0.0147657
0.0140118
0.00569328
0.0186659
0.018807
0.00137163
0.014016
0.00670595
0.00132111
0.0101436
0.00590704
0.00109177
0.00235911
0.00086259
0.00485482
0.000987668
0.00233262
0.00366355
0.00085554
0.00338766
0.00232254
0.000682559
0.000779185
0.00187945
0.00988677
0.0014481
0.0204838
0.00116299
0.000831171
0.00646034
0.0131094
0.0156103
0.0106746
0.0124264
0.0200958
0.00205053
0.0155449
0.0225874
0.00418287
0.0152177
0.0159171
0.00350474
0.00589952
0.00242877
0.00336359
0.00099786
0.00247398
0.00507791
0.00125984
0.00134568
0.00680352
0.0133398
0.00230783
0.00127538
0.00320457
0.000410283
0.000964376
0.00102377
0.00181981
0.00991748
0.00135957
0.00177287
0.00584557
0.0128986
0.00397858
0.00193459
0.00747671
0.00139954
0.00100709
0.00101968
0.00170606
0.0015182
0.00390385
0.00127138
0.00273827
0.00288483
0.00648862
0.00131121
0.00305162
0.00540224
0.00363531
0.00456322
0.00709537
0.000910976
0.000907778
0.00175341
0.000951621
0.00990338
0.000998417
0.0135332
0.0136223
0.0115034
0.0105948
0.00322316
0.000460517
0.0109219
0.00114765
0.00309227
0.00641221
0.00765229
0.00833174
0.00614493
0.0225508
0.00292396
0.00182058
0.00121606
0.00132695
0.00254852
0.00381419
0.00322119
0.00389021
0.00493556
0.00108236
0.00077827
0.004231
0.0180069
0.000974184
0.00518195
0.0120144
0.00909454
0.0217963
0.00334919
0.0052753
0.00142802
0.00180772
0.00701765
0.0019573
0.00188853
0.00441679
0.00510614
0.00515228
0.00209514
0.00336423
0.00235826
0.0010153
0.00290112
0.00335419
0.00191562
0.000946342
0.00104061
0.00466967
0.00959122
0.00590999
0.00584448
0.00466022
0.00316341
0.00276052
0.00183295
0.00297512
0.0141627
0.00976606
0.00761685
0.00961877
0.00857606
0.0158164
0.0030115
0.00148763
0.00264611
0.0012401
0.00139392
0.00548706
0.00128763
0.00563423
0.00186479
0.000889616
0.00105559
0.00145928
0.00182838
0.00211779
0.0144891
0.00461562
0.00533643
0.00412106
0.00377745
0.00600552
0.00357824
0.00316047
0.00447068
0.0032569
0.00118399
0.00180613
0.00514297
0.00234021
0.0055136
0.00433855
0.0017844
0.0039124
0.000942011
0.0126005
0.0112706
0.00295168
0.00185211
0.00156514
0.00819913
0.00861518
0.0121226
0.0106939
0.00488599
0.0177938
0.00395972
0.00253223
0.00456093
0.0113239
0.00152429
0.00100077
0.00435439
0.000910422
0.00277524
0.00912361
0.0128226
0.0187714
0.000897289
0.000991302
0.000615624
0.00121746
0.0163127
0.00102806
0.00724621
0.00545454
0.0240614
0.00327191
0.0271752
0.0010864
0.00617414
0.00167265
0.0148043
0.000875874
0.000719161
0.0313329
0.00190551
0.0077805
0.0142616
0.00248274
0.00058181
0.00408518
0.0285529
0.00112806
0.0037636
0.00351589
0.00418079
0.002368
0.00152978
0.00129811
0.00638084
0.0141014
0.00074887
0.00249495
0.000908142
0.0192478
0.00272487
0.00213164
0.00272016
0.00741204
0.0130494
0.0228997
0.0085661
0.00120592
0.00853827
0.0101118
0.0129951
0.0011974
0.0158013
0.0100187
0.00102295
0.00109983
0.0134393
0.00119732
0.00530592
0.0072973
0.00723426
0.0225955
0.00304865
0.00159229
0.00190153
0.00353303
0.00264149
0.0067079
0.00472808
0.00534354
0.00358647
0.00097614
0.00312901
0.00950302
0.005767
0.00390112
0.0022395
0.00494136
0.00205721
0.00621148
0.0109703
0.00535567
0.00285585
0.00259488
0.00301393
0.00211053
0.00195175
0.00195541
0.00388615
0.00243116
0.00470169
0.00353446
0.00228026
0.00239354
0.00991156
0.00675275
0.00491747
0.0055855
0.00303041
0.00254595
0.0131001
0.0125997
0.0151714
0.00989694
0.0085801
0.0108455
0.00707274
0.012728
0.0157355
0.00396412
0.0033126
0.00325646
0.00160925
0.00753669
0.0147642
0.0103581
0.00662533
0.0214783
0.0178663
0.0153066
0.0157122
0.0113495
0.0111734
0.0111071
0.0117673
0.0136578
0.00805307
0.00573775
0.00637324
0.00340487
0.00356253
0.00126062
0.00809717
0.00218254
0.000753825
0.0013626
0.00517879
0.00136745
0.00199663
0.00113378
0.00403649
0.00131715
