0.000000
0.000000
0.000000
60.563999
60.765999
60.773998
60.792999
60.823002
61.916000
69.524002
71.532997
72.365997
94.541000
101.779999
104.744003
110.003998
114.948997
120.136002
137.800995
155.718002
173.496994
199.487000
216.875000
228.764008
230.882004
235.787994
240.983002
241.695007
241.695007
241.755997
243.121002
251.240997
263.662994
267.138000
268.239014
272.929993
275.821014
276.707001
276.739990
277.334991
281.382996
286.089996
290.847992
295.121002
303.360992
306.674988
311.713989
318.674988
323.705994
327.623993
330.126007
333.329010
340.364990
345.040009
350.690002
355.927002
365.825989
371.579987
377.131012
381.136993
387.733002
392.519989
397.335999
401.760986
402.269012
409.958008
417.255005
417.690002
419.460999
420.808990
428.018005
436.753998
470.338989
483.226013
491.967987
502.082001
506.160004
511.023987
524.872009
528.737976
530.939026
534.945984
538.145996
544.400024
561.062988
574.991028
585.942993
597.158020
604.991028
611.148010
619.565979
625.663025
632.341003
641.622009
648.531982
655.362000
667.135010
672.859009
681.487000
683.896973
686.442017
692.348999
704.107971
718.723022
722.262024
722.525024
722.695984
723.072021
724.966003
735.598999
747.841980
748.379028
751.767029
768.179993
777.601013
784.335999
797.627014
808.572998
823.422974
840.127014
845.752014
851.080994
856.659973
863.986023
866.007019
866.192993
866.192993
869.809021
875.661987
877.872986
877.945984
877.987000
878.057983
878.057983
880.241028
888.062012
899.536987
913.211975
923.651978
935.421021
943.710999
946.198975
948.286011
950.228027
950.905029
951.323975
954.036987
966.106995
977.981018
983.541992
986.033997
986.181030
986.190002
987.106995
989.835999
992.546997
994.171997
996.398010
1000.023010
1007.838989
1014.867004
1024.141968
1033.055054
1037.646973
1042.532959
1050.125977
1055.477051
1061.062012
1069.928955
1077.490967
1084.406006
1091.136963
1101.525024
1107.829956
1113.448975
1118.370972
1131.427979
1135.810059
1140.187988
1140.990967
1147.480957
1159.359009
1167.218018
1173.371948
1178.849976
1184.130981
1194.084961
1202.894043
1213.896973
1231.016968
1238.701050
1244.866943
1250.863037
1254.447021
1261.556030
1272.506958
1283.839966
1291.467041
1294.156006
1296.765991
1300.621948
1305.379028
1316.762939
1339.630981
1346.770020
1349.771973
1354.360962
1357.740967
1361.936035
1370.579956
1377.322998
1385.124023
1392.355957
1401.475952
1409.755005
1416.333984
1421.836060
1426.061035
1439.630005
1447.385986
1452.602051
1456.917969
1465.229980
1469.571045
1470.239990
1470.313965
1470.324951
1486.316040
1507.685059
1535.177002
1553.016968
1560.859009
1566.996948
1569.288940
1572.026978
1575.511963
1587.244995
1599.394043
1617.328979
1623.384033
1625.641968
1627.425049
1635.197021
1643.130005
1650.803955
1655.053955
1667.183960
1675.270996
1686.899048
1697.512939
1711.390991
1715.548950
1716.090942
1716.090942
1717.301025
1718.290039
1719.431030
1719.661011
1719.891968
1720.098022
1722.589966
1726.781006
1730.453003
1741.012939
1752.197998
1761.709961
1770.364014
1781.673950
1790.425049
1808.756958
1814.511963
1819.896973
1826.760010
1829.229004
1831.901978
1833.645020
1845.173950
1855.769043
1860.702026
1863.182007
1866.036011
1869.729004
1875.770020
1886.698975
1891.677979
1893.159058
1894.083008
1894.086060
1897.244995
1903.406982
1912.584961
1923.437012
1941.709961
1953.262939
1957.832031
1961.120972
1965.392944
1971.859985
1976.954956
1980.751953
1985.562988
1991.157959
1997.425049
2008.339966
2017.394043
2021.621948
2029.483032
2038.859009
2052.806885
2058.134033
2061.250977
2063.139893
2076.510010
2086.752930
2092.013916
2096.004883
2098.879883
2099.239014
2099.468994
2100.104980
2102.084961
2105.927979
2111.301025
2119.375977
2124.227051
2128.684082
2133.635986
2137.039062
2143.854980
2146.530029
2149.617920
2153.553955
2166.208008
2176.933105
2186.879883
2202.495117
2208.947998
2214.837891
2226.197021
2233.292969
2241.227051
2247.160889
2258.246094
2274.407959
2287.238037
2295.034912
2301.011963
2301.844971
2301.876953
2301.881104
2301.882080
2302.591064
2310.966064
2323.904053
2333.498047
2340.824951
2349.416016
2364.013916
2376.950928
2387.537109
2397.025879
2401.068115
2403.604980
2407.395996
2416.044922
2420.389893
2425.706055
2430.304932
2436.766113
2452.785889
2465.329102
2470.934082
2475.895996
2479.566895
2483.618896
2489.027100
2499.632080
2506.384033
2512.815918
2524.459961
2529.342041
2532.268066
2532.705078
2532.945068
2534.633057
2540.616943
2546.668945
2557.604980
2564.043945
2571.385986
2580.917969
2593.876953
2600.704102
2616.851074
2630.720947
2636.281006
2641.448975
2644.549072
2648.545898
2653.474121
2659.683105
2663.655029
2666.306885
2668.662109
2677.819092
2683.530029
2691.032959
2701.643066
2708.454102
2716.752930
2726.957031
2738.998047
2742.209961
2746.368896
2756.319092
2763.031982
2763.040039
2767.981934
2771.906982
2773.120117
2776.451904
2786.550049
2794.107910
2805.559082
2811.055908
2821.613037
2834.412109
2840.944092
2851.105957
2857.394043
2864.075928
2870.240967
2878.060059
2880.519043
2883.772949
2888.985107
2892.739990
2899.447021
2911.208984
2917.628906
2922.529053
2927.504883
2934.106934
2938.271973
2939.010010
2939.114014
2939.115967
2939.116943
2939.342041
2939.870117
2939.872070
2939.877930
2940.540039
2940.798096
2941.628906
2942.966064
2945.313965
2945.633057
2946.839111
2949.636963
2951.425049
2952.876953
2954.844971
2955.480957
2955.541992
2955.541992
2955.541992
2956.066895
2967.530029
2969.986084
2971.970947
2975.899902
2978.497070
2981.170898
2985.702881
2988.917969
2992.464111
2997.344971
3000.707031
3003.989014
3008.389893
3011.215088
3013.916016
3017.834961
3020.751953
3023.525879
3027.251953
3030.125000
3032.770996
3037.261963
3040.842041
3045.033936
3049.604980
3057.364014
3063.490967
3074.106934
3079.980957
3086.245117
3092.113037
3103.003906
3110.398926
3117.876953
3127.446045
3129.894043
3130.396973
3141.218018
3144.178955
3145.645996
3146.321045
3149.638916
3156.052979
3164.241943
3174.256104
3182.449951
3185.196045
3189.809082
3191.993896
3194.446045
3198.079102
3199.388916
3200.482910
3201.969971
3203.012939
3204.458008
3206.545898
3207.347900
3207.854004
3207.860107
3207.860107
3207.860107
3207.860107
3207.860107
3207.860107
3207.860107
3208.545898
3209.920898
3212.947021
3227.732910
3250.219971
3280.300049
3286.952881
3291.513916
3294.837891
3295.023926
3298.833984
3308.920898
3313.103027
3316.013916
3316.552002
3316.922119
3328.271973
3354.885010
3364.816895
3365.218018
3365.250977
3365.660889
3366.791992
3370.066895
3377.104004
3379.427002
3379.579102
3379.589111
3379.591064
3379.608887
3379.627930
3379.816895
3380.778076
3383.997070
3386.435059
3388.495117
3390.666992
3390.797119
3390.873047
3390.929932
3393.804932
3396.577881
3397.885986
3397.887939
3397.887939
3397.887939
3397.887939
3397.887939
3397.899902
3398.168945
3398.303955
3403.615967
3410.219971
3414.095947
3414.372070
3414.414062
3414.614014
3414.872070
3414.873047
3414.873047
3414.875000
3418.297119
3423.086914
3429.363037
3436.884033
3440.491943
3441.791016
3442.145020
3442.156006
3442.176025
3442.176025
3442.322021
3442.326904
3442.385986
3442.385986
3442.385986
3442.385986
3442.385986
3442.385986
3442.385986
3442.385986
3442.385986
3442.385986
3442.385986
3442.385986
3442.387939
3442.429932
3442.510986
3442.797119
3444.032959
3449.843018
3454.760986
3461.995117
3465.762939
3468.913086
3472.387939
3473.456055
3473.854980
3474.011963
3474.129883
3474.569092
3474.650879
3474.652100
3474.652100
3474.652100
3474.652100
3474.652100
3474.655029
3474.818115
3474.876953
3474.876953
3474.896973
3474.923096
3474.925049
3474.931885
3474.935059
3474.935059
3474.935059
3474.978027
3476.728027
3480.793945
3490.662109
3509.299072
3512.795898
3523.410889
3531.525879
3539.809082
3545.726074
3551.787109
3560.449951
3566.419922
3572.302002
3574.483887
3574.680908
3574.683105
3574.683105
3574.698975
3574.698975
3576.280029
3576.370117
3576.385010
3576.403076
3576.427979
3576.482910
3576.516113
3576.614014
3576.995117
3577.092041
3577.092041
3577.162109
3577.508057
3577.604980
3578.797119
3578.824951
3578.844971
3579.172119
3579.479980
3579.480957
3579.501953
3579.522949
3581.043945
3583.469971
3587.663086
3598.832031
3604.166992
3607.795898
3609.077881
3609.422119
3609.437012
3609.437012
3609.437012
3609.585938
3609.615967
3609.615967
3609.621094
3609.621094
3609.621094
3609.621094
3609.937012
3610.333008
3610.813965
3611.793945
3612.562012
3613.175049
3614.388916
3616.541992
3619.476074
3621.960938
3622.710938
3623.477051
3623.829102
3623.843018
3623.843018
3623.884033
3623.977051
3624.011963
3624.460938
3627.186035
3628.836914
3630.217041
3631.806885
3632.135010
3632.166016
3632.167969
3632.167969
3632.175049
3632.176025
3632.190918
3632.239014
3632.305908
3632.376953
3632.397949
3632.447021
3632.447021
3632.447021
3632.450928
3633.711914
3640.545898
3641.552002
3643.749023
3645.979980
3649.865967
3657.387939
3662.341064
3669.240967
3673.294922
3677.936035
3680.701904
3684.883057
3687.611084
3691.207031
3695.242920
3702.572021
3708.491943
3714.741943
3727.909912
3736.373047
3747.643066
3771.982910
3781.922119
3788.659912
3795.863037
3799.695068
3803.605957
3807.811035
3812.362061
3819.983887
3831.344971
3834.281982
3834.837891
3835.099121
3835.465088
3835.545898
3836.560059
3848.145020
3867.927979
3878.102051
3884.645996
3894.175049
3899.459961
3903.220947
3906.751953
3916.607910
3918.349121
3921.541992
3926.614990
3927.802002
3934.554932
3951.471924
3958.493896
3983.821045
3991.114990
3993.830078
4000.447021
4019.263916
4037.676025
4050.304932
4061.974121
4063.167969
4063.907959
4064.066895
4064.437988
4075.336914
4084.419922
4089.070068
4098.459961
4100.528809
4101.242188
4102.625000
4104.723145
4105.620117
4106.144043
4107.562012
4107.732910
4108.079102
4108.083008
4108.083008
4108.173828
4108.266113
4108.282227
4108.402832
4108.526855
4108.562012
4109.337891
4110.855957
4113.493164
4119.317871
4123.359863
4127.324219
4133.662109
4137.663086
4141.555176
4148.045898
4152.023926
4155.773926
4160.316895
4166.382812
4170.424805
4177.128906
4181.892090
4186.953125
4195.971191
4202.416016
4210.390137
4220.687988
4240.087891
4249.946777
4259.321777
4270.830078
4279.342773
4288.506836
4295.588867
4300.988770
4305.674805
4312.086914
4320.747070
4337.167969
4361.971191
4373.195801
4379.967773
4388.650879
4394.627930
4402.469238
4416.586914
4426.919922
4436.189941
4452.446777
4461.580078
4467.316895
4472.703125
4477.847168
4480.348145
4483.266113
4499.985840
4505.113770
4509.991211
4514.892090
4515.340820
4515.379883
4515.386230
4515.387207
4515.387207
4515.387207
4515.413086
4515.417969
4518.412109
4522.625000
4528.289062
4534.162109
4539.478027
4545.948242
4549.778809
4550.357910
4550.602051
4550.639160
4550.743164
4551.108887
4553.018066
4555.577148
4555.949219
4556.317871
4556.381836
4556.389160
4556.433105
4556.549805
4556.664062
4557.507812
4557.523926
4558.009766
4559.329102
4561.337891
4565.502930
4568.560059
4571.280762
4575.774902
4579.053223
4581.420898
4584.897949
4587.029785
4589.212891
4590.043945
4590.213867
4590.216797
4590.216797
4590.216797
4590.216797
4590.216797
4590.221191
4590.223145
4590.297852
4590.348145
4590.348145
4590.355957
4590.870117
4591.645020
4592.472168
4594.279785
4595.963867
4597.832031
4599.307129
4599.733887
4599.883789
4608.096191
4610.579102
4611.962891
4612.209961
4612.211914
4615.058105
4616.525879
4616.641113
4616.641113
4616.641113
4616.641113
4616.710938
4616.753906
4616.975098
4618.703125
4619.567871
4620.832031
4621.853027
4621.902832
4621.902832
4621.902832
4621.902832
4621.903809
4621.915039
4621.915039
4621.915039
4621.915039
4621.915039
4621.915039
4621.915039
4621.915039
4621.915039
4621.915039
4624.232910
4627.455078
4629.097168
4634.545898
4639.020020
4639.582031
4639.958008
4639.960938
4639.963867
4640.108887
4640.108887
4640.108887
4640.108887
4640.110840
4640.110840
4640.110840
4640.110840
4640.110840
4640.110840
4640.113770
4640.121094
4640.292969
4640.523926
4640.911133
4640.969238
4641.003906
4641.003906
4641.006836
4641.006836
4641.006836
4641.056152
4641.056152
4641.069824
4641.770020
4642.268066
4642.766113
4643.085938
4643.144043
4643.167969
4643.234863
4643.770020
4644.653809
4645.634766
4649.304199
4649.787109
4649.937988
4650.123047
4650.579102
4650.580078
4650.580078
4650.580078
4651.087891
4651.189941
4651.198242
4651.199219
4651.229004
4651.241211
4651.241211
4651.284180
4651.326172
4651.555176
4651.556152
4653.605957
4653.644043
4653.645020
4653.645020
4653.652832
4653.652832
4653.652832
4653.654785
4654.080078
4654.126953
4654.127930
4654.259766
4654.351074
4654.353027
4654.360840
4654.360840
4654.360840
4654.360840
4654.360840
4654.360840
4654.384766
4654.384766
4654.384766
4654.384766
4654.384766
4654.384766
4654.384766
4654.384766
4654.384766
4654.384766
4654.384766
4654.384766
4655.065918
4656.111816
4657.502930
4657.502930
4657.568848
4658.605957
4661.140137
4662.278809
4663.050781
4665.625977
4669.652832
4673.767090
4677.262207
4692.935059
4701.117188
4706.434082
4710.831055
4713.967773
4717.631836
4723.214844
4725.715820
4726.145020
4726.235840
4726.235840
4726.235840
4726.768066
4728.003906
4728.006836
4728.006836
4728.006836
4728.006836
4728.006836
4728.006836
4728.006836
4728.006836
4728.006836
4728.006836
4728.006836
4728.006836
4728.006836
4728.006836
4728.006836
4728.007812
4728.007812
4728.007812
4728.007812
4728.007812
4728.007812
4728.007812
4728.007812
4728.007812
4728.007812
4728.007812
4728.007812
4728.007812
4728.007812
4728.007812
4728.007812
4728.007812
4728.007812
4728.007812
4728.007812
4728.007812
4728.007812
4728.007812
4728.007812
4728.007812
4728.007812
4728.007812
4728.007812
4728.007812
4728.007812
4728.007812
4728.007812
4728.007812
4728.007812
4728.007812
4728.007812
4728.007812
4728.007812
4728.007812
4728.007812
4728.007812
4728.007812
4728.007812
4728.007812
4728.007812
4728.007812
4728.007812
4728.007812
4728.007812
4728.007812
4728.007812
4728.007812
4728.007812
4728.007812
4728.007812
4728.007812
4728.007812
4728.007812
4728.007812
4728.007812
4728.007812
4728.007812
4728.007812
4728.007812
4728.007812
4728.007812
4728.007812
4728.007812
4728.007812
4728.007812
4728.007812
4728.007812
4728.007812
4728.007812
4728.007812
4728.007812
4728.007812
4728.007812
4728.007812
4728.007812
4728.007812
4728.007812
4728.007812
4728.007812
4728.007812
4728.007812
4728.007812
4728.007812
4728.007812
4728.007812
4728.007812
4728.007812
4728.007812
4728.007812
4728.007812
4728.007812
4728.007812
4728.007812
4728.007812
4728.007812
4728.007812
4728.007812
4728.007812
4728.007812
4728.007812
4728.007812
4728.007812
4728.007812
4728.007812
4728.007812
4728.007812
4728.007812
4728.007812
4728.007812
4728.007812
4728.007812
4728.007812
4728.007812
4728.007812
4728.007812
4728.007812
4728.007812
4728.007812
4728.007812
4728.007812
4728.007812
4728.007812
4728.007812
4728.007812
4728.007812
4728.007812
4728.007812
4728.007812
4728.007812
4728.007812
4728.007812
4728.007812
4728.007812
4728.007812
4728.007812
4728.007812
4728.007812
4728.007812
4728.007812
4728.007812
4728.007812
4728.007812
4728.007812
4728.007812
4728.007812
4728.007812
4728.007812
4728.007812
4728.007812
4728.007812
4728.007812
4728.007812
4728.007812
4728.007812
4728.007812
4728.007812
4728.007812
4728.007812
4728.007812
4728.007812
4728.007812
4728.007812
4728.007812
4728.007812
4728.007812
4728.007812
4728.007812
4728.007812
4728.007812
4728.007812
4728.007812
4728.007812
4728.007812
4728.007812
4728.007812
4728.007812
4728.007812
4728.007812
4728.007812
4728.007812
4728.007812
4728.007812
4728.007812
4728.007812
4728.007812
4728.007812
4728.007812
4728.007812
4728.007812
4728.007812
4728.007812
4728.007812
4728.007812
4728.007812
4728.007812
4728.007812
4728.007812
4728.007812
4728.007812
4728.007812
4728.007812
4728.007812
4728.007812
4728.007812
4728.007812
4728.007812
4728.007812
4728.007812
4728.007812
4728.007812
4728.007812
4728.007812
4728.007812
4728.007812
4728.007812
4728.007812
4728.007812
4728.007812
4728.007812
4728.007812
4728.007812
4728.007812
4728.007812
4728.007812
4728.007812
4728.007812
4728.007812
4728.007812
4728.007812
4728.007812
4728.007812
4728.007812
4728.007812
4728.007812
4728.007812
4728.007812
4728.007812
4728.007812
4728.007812
4728.007812
4728.007812
4728.007812
4728.007812
4728.007812
4728.007812
4728.007812
4728.007812
4728.007812
4728.007812
4728.007812
4728.007812
4728.007812
4728.007812
4728.007812
4728.007812
4728.007812
4728.007812
4728.007812
4728.007812
4728.007812
4728.007812
4728.007812
4728.007812
4728.007812
4728.007812
4728.007812
4728.007812
4728.007812
4728.007812
4728.007812
4728.007812
4728.007812
4728.007812
4728.007812
4728.007812
4728.007812
4728.007812
4728.007812
4728.007812
4728.007812
4728.007812
4728.007812
4728.007812
4728.007812
4728.007812
4728.007812
4728.007812
4728.007812
4728.007812
4728.007812
4728.007812
4728.007812
4728.007812
4728.007812
4728.007812
4728.007812
4728.007812
4728.007812
4728.007812
4728.007812
4728.007812
4728.007812
4728.007812
4728.007812
4728.007812
4728.007812
4728.007812
4728.007812
4728.007812
4728.007812
4728.007812
4728.007812
4728.007812
4728.007812
4728.007812
4728.007812
4728.007812
4728.007812
4728.007812
4728.007812
4728.007812
4728.007812
4728.007812
4728.007812
4728.007812
4728.007812
4728.007812
4728.007812
4728.007812
4728.007812
4728.007812
4728.007812
4728.007812
4728.007812
4728.007812
4728.007812
4728.007812
4728.007812
4728.007812
4728.007812
4728.007812
4728.007812
4728.007812
4728.007812
4728.007812
4728.007812
4728.007812
4728.007812
4728.007812
4728.007812
4728.007812
4728.007812
4728.007812
4728.007812
4728.007812
4728.007812
4728.007812
4728.007812
4728.007812
4728.007812
4728.007812
4728.007812
4728.007812
4728.007812
4728.007812
4728.007812
4728.007812
4728.007812
4728.007812
4728.007812
4728.007812
4728.007812
4728.007812
4728.007812
4728.007812
4728.007812
4728.007812
4728.007812
4728.007812
4728.007812
4728.007812
4728.007812
4728.007812
4728.007812
4728.007812
4728.007812
4728.007812
4728.007812
4728.007812
4728.007812
4728.007812
4728.007812
4728.007812
4728.007812
4728.007812
4728.007812
4728.007812
4728.007812
4728.007812
4728.007812
4728.007812
4728.007812
4728.007812
4728.007812
4728.007812
4728.007812
4728.007812
4728.007812
4728.007812
4728.007812
4728.007812
4728.007812
4728.007812
4728.007812
4728.007812
4728.007812
4728.007812
4728.007812
4728.007812
4728.007812
4728.007812
4728.007812
4728.007812
4728.007812
4728.007812
4728.007812
4728.007812
4728.007812
4728.007812
4728.007812
4728.007812
4728.007812
4728.007812
4728.007812
4728.007812
4728.007812
4728.007812
4728.007812
4728.007812
4728.007812
4728.007812
4728.007812
4728.007812
4728.007812
4728.007812
4728.007812
4728.007812
4728.007812
4728.007812
4728.007812
4728.007812
4728.007812
4728.007812
4728.007812
4728.007812
4728.007812
4728.007812
4728.007812
4728.007812
4728.007812
4728.007812
4728.007812
4728.007812
4728.007812
4728.007812
