0.202242
0.202298
0.202365
0.202420
0.202489
0.202543
0.202605
0.202660
0.202718
0.202772
0.202839
0.228597
0.342568
0.491507
0.657741
0.794602
0.886779
0.968811
0.983073
1.141842
1.479117
1.805823
2.062665
2.194407
2.266497
2.321896
2.390357
2.468874
2.603195
2.768461
2.908896
3.040078
3.111794
3.156045
3.230198
3.348248
3.458217
3.560744
3.651314
3.745688
3.818821
3.888221
3.966146
4.048055
4.139654
4.223048
4.328316
4.425641
4.504992
4.550204
4.600620
4.678354
4.806141
4.947693
5.144948
5.376247
5.590826
5.812473
6.028057
6.259189
6.426320
6.619719
6.800058
7.021279
7.241913
7.434212
7.660159
7.891123
8.083632
8.269656
8.472662
8.632859
8.775810
8.938263
9.143115
9.366785
9.591447
9.786262
9.981271
10.133743
10.341563
10.591566
10.814473
11.024586
11.250279
11.434416
11.654401
11.851367
12.088822
12.292844
12.496425
12.729086
12.925875
13.118820
13.338054
13.567064
13.766590
13.954950
14.155055
14.331173
14.558553
14.770528
15.027038
15.243353
15.487168
15.716151
15.922463
16.088987
16.210119
16.304081
16.408716
16.562859
16.794556
17.012268
17.256017
17.476389
17.658970
17.801558
17.875712
17.898867
17.946221
18.045828
18.168825
18.350349
18.528654
18.708251
18.893530
19.118876
19.306767
19.498134
19.642310
19.733508
19.807894
19.905048
20.012802
20.163408
20.305614
20.450158
20.624905
20.801298
21.005845
21.224332
21.474539
21.669100
21.880853
22.060180
22.253536
22.436210
22.589784
22.779350
22.955902
23.166460
23.343681
23.536070
23.679126
23.838578
24.018273
24.224649
24.410313
24.629742
24.821006
25.031511
25.205264
25.403912
25.612294
25.812227
26.058478
26.307480
26.513392
26.753981
27.000974
27.214241
27.454554
27.668632
27.845562
28.063303
28.264125
28.447118
28.610313
28.707456
28.789644
28.886849
28.997675
29.137804
29.307150
29.457931
29.580206
29.654172
29.686196
29.754268
29.865420
30.024762
30.245780
30.458611
30.688855
30.930056
31.194382
31.429834
31.703328
31.958994
32.137811
32.283922
32.469679
32.680383
32.937373
33.172694
33.344994
33.512564
33.656770
33.759157
33.817029
33.883829
33.946687
34.019820
34.193768
34.371259
34.579079
34.787590
34.981792
35.191102
35.409571
35.663521
35.877194
36.081570
36.273132
36.486438
36.661535
36.831182
37.017326
37.189062
37.326276
37.456651
37.622717
37.790069
37.924704
38.004156
38.108239
38.228551
38.366702
38.532044
38.668151
38.792985
38.926242
39.045528
39.179811
39.360112
39.560452
39.780577
39.980602
40.183273
40.416038
40.574477
40.670933
40.726789
40.860870
41.075361
41.395998
41.733684
41.979095
42.217233
42.433751
42.671579
42.886957
43.128621
43.287189
43.374326
43.387756
43.441269
43.509366
43.581566
43.675962
43.798772
43.981564
44.167578
44.415847
44.688258
44.928581
45.205064
45.430508
45.646638
45.852168
46.076043
46.258861
46.438034
46.619809
46.839144
47.073988
47.282467
47.498795
47.719638
47.976691
48.232741
48.489400
48.691721
48.853727
48.973567
49.024964
49.049350
49.079035
49.143102
49.229543
49.299666
49.346442
49.443800
49.584280
49.715797
49.859154
50.018907
50.226710
50.412124
50.597700
50.776141
50.967487
51.143960
51.292842
51.469750
51.640089
51.798317
51.920773
52.047022
52.139335
52.237053
52.326465
52.394767
52.510300
52.685310
52.890424
53.099668
53.299496
53.525091
53.721769
53.920901
54.115885
54.297559
54.488794
54.651460
54.796015
54.939660
55.066641
55.202717
55.373173
55.531250
55.699602
55.903307
56.081470
56.298788
56.524331
56.725386
56.960155
57.195798
57.391087
57.613134
57.833358
58.015360
58.211372
58.376517
58.550326
58.778232
59.003937
59.183320
59.354374
59.556479
59.715407
59.873647
60.007380
60.161412
60.373327
60.570400
60.798887
60.982583
61.189914
61.392821
61.582762
61.752605
61.895539
62.068149
62.255554
62.423816
62.628442
62.839164
63.054269
63.263050
63.467899
63.640599
63.806865
63.960562
64.126911
64.284011
64.505107
64.726417
64.888319
65.047248
65.273714
65.487105
65.696188
65.882990
66.076039
66.284435
66.437566
66.536928
66.599722
66.658422
66.765552
66.907792
67.081392
67.283991
67.472278
67.586531
67.650328
67.679454
67.748155
67.842900
67.991542
68.171094
68.361516
68.596302
68.854221
69.144166
69.357047
69.567919
69.763464
69.957414
70.130663
70.333476
70.507536
70.716848
70.934909
71.165094
71.403224
71.601797
71.829240
72.013101
72.179996
72.345221
72.562830
72.774440
72.929452
73.071055
73.195629
73.287711
73.365692
73.464849
73.569888
73.693763
73.833593
74.018655
74.198663
74.423614
74.641521
74.826385
75.015208
75.200214
75.365654
75.504208
75.664371
75.811788
75.942750
76.070597
76.187648
76.292991
76.373449
76.451623
76.541496
76.672745
76.811143
77.000308
77.205466
77.389875
77.608594
77.839013
78.074597
78.277703
78.469430
78.640020
78.784679
78.930656
79.094774
79.289643
79.471904
79.612730
79.826798
80.048413
80.250752
80.438907
80.618303
80.739293
80.859253
81.004040
81.120352
81.234931
81.366052
81.520896
81.731462
81.929221
82.157156
82.416380
82.635229
82.853799
83.069503
83.308621
83.494830
83.690081
83.872039
84.031709
84.227516
84.409223
84.635436
84.828090
85.037998
85.214663
85.325956
85.393583
85.416306
85.450424
85.516769
85.632939
85.757747
85.915964
86.045226
86.178597
86.294596
86.383263
86.480565
86.590530
86.720209
86.863530
86.988988
87.137252
87.287597
87.441342
87.594393
87.737597
87.912479
88.117815
88.367168
88.575361
88.775012
88.970408
89.202007
89.389018
89.557991
89.643159
89.685081
89.737181
89.820746
89.950877
90.061872
90.138097
90.181065
90.251004
90.356789
90.529998
90.709884
90.946416
91.166141
91.425848
91.689484
91.918004
92.190331
92.424535
92.682574
92.887074
93.086007
93.231950
93.395615
93.549654
93.723887
93.869637
94.006312
94.199407
94.360608
94.514005
94.620905
94.723185
94.871966
95.033688
95.259596
95.478719
95.748673
95.986125
96.261178
96.515338
96.743955
96.916016
97.085588
97.230277
97.359184
97.446735
97.529725
97.631881
97.793293
97.994493
98.193082
98.438279
98.635520
98.825332
98.987526
99.125633
99.268755
99.355486
99.378716
99.421603
99.509111
99.659572
99.820401
100.037867
100.241296
100.493417
100.760510
100.998988
101.237144
101.468871
101.730976
101.943453
102.180429
102.411081
102.641875
102.836218
103.061144
103.287435
103.484551
103.719290
103.920618
104.157592
104.394882
104.631004
104.860166
105.060905
105.306462
105.563870
105.806402
106.004117
106.227855
106.457844
106.660159
106.885190
107.061680
107.263320
107.482539
107.711790
107.944179
108.139575
108.365364
108.556200
108.748880
108.947836
109.187689
109.397579
109.636557
109.869323
110.090336
110.309830
110.537910
110.759061
110.973947
111.162635
111.388567
111.566376
111.718923
111.841891
111.936449
112.016345
112.078299
112.137349
112.229659
112.333036
112.443761
112.519832
112.630870
112.792506
113.006654
113.204243
113.404540
113.642389
113.854161
114.111264
114.333643
114.594073
114.853013
115.110119
115.351661
115.546417
115.724211
115.877860
116.015912
116.132741
116.245756
116.399016
116.567180
116.720328
116.913529
117.092409
117.319512
117.531179
117.791618
118.066529
118.339581
118.573263
118.839289
119.062061
119.314528
119.520149
119.752320
119.981948
120.163496
120.372195
120.584434
120.800867
121.074184
121.353601
121.649968
121.898310
122.123939
122.335218
122.532543
122.770358
122.979862
123.185622
123.385872
123.614456
123.809884
124.004245
124.233591
124.429201
124.658301
124.856766
125.087110
125.323310
125.558542
125.796178
126.037637
126.248686
126.450133
126.682554
126.882147
127.081467
127.276896
127.488927
127.642004
127.779747
127.859218
127.912523
127.952068
128.025890
128.141137
128.300081
128.499660
128.719286
128.916666
129.115114
129.312177
129.514076
129.703813
129.887728
130.077515
130.211382
130.279829
130.310668
130.353195
130.447228
130.579909
130.716067
130.869999
130.986032
131.121643
131.326942
131.546741
131.806266
132.064975
132.159669
132.311594
132.402746
132.741908
133.091764
133.366314
133.562699
133.734674
133.864860
133.953595
134.028254
134.132766
134.295236
134.493607
134.673131
134.881996
135.059835
135.268963
135.491596
135.690827
135.905538
136.121734
136.386381
136.620457
136.859996
137.143463
137.433930
137.716924
137.955528
138.222440
138.442489
138.691478
138.900056
139.097317
139.297276
139.496151
139.693119
139.920546
140.118263
140.351715
140.555196
140.793871
141.023750
141.218274
141.449664
141.656833
141.905637
142.119493
142.323467
142.542563
142.742181
142.938155
143.135186
143.373962
143.619005
143.876449
144.100369
144.357037
144.602034
144.851602
145.077039
145.352896
145.590409
145.827707
146.100188
146.331875
146.597103
146.865074
147.127952
147.352949
147.575628
147.831122
148.048703
148.301481
148.511984
148.717623
148.954850
149.160196
149.359844
149.553380
149.779657
149.975949
150.184577
150.364652
150.566196
150.759139
150.946636
151.129867
151.291783
151.486626
151.661514
151.843467
152.068608
152.266663
152.466254
152.667046
152.906413
153.117608
153.360963
153.566693
153.804635
154.002460
154.197873
154.392007
154.616247
154.809279
155.032449
155.263100
155.497863
155.701298
155.932068
156.127475
156.357997
156.586871
156.789354
157.018697
157.244591
157.471168
157.662978
157.887251
158.114364
158.344995
158.541651
158.775575
158.978895
159.177811
159.399128
159.586106
159.760829
159.969271
160.174118
160.394857
160.598333
160.812072
161.013199
161.217254
161.447443
161.648199
161.844715
162.074347
162.280015
162.517674
162.759785
162.970957
163.182965
163.406913
163.599438
163.830162
164.069007
164.267810
164.491328
164.675206
164.848351
165.052571
165.219320
165.353938
165.471499
165.572122
165.677197
165.776194
165.868762
165.993575
166.140087
166.277756
166.451699
166.613168
166.812807
167.028598
167.220889
167.421416
167.661724
167.873151
168.125374
168.391810
168.663227
168.940565
169.180465
169.418279
169.694560
169.961558
170.220051
170.442070
170.683517
170.901566
171.118588
171.337936
171.542697
171.774388
171.974165
172.185589
172.393591
172.606072
172.822064
173.040054
173.292966
173.509886
173.759050
173.971610
174.219865
174.436983
174.677621
174.883863
175.121382
175.322002
175.549395
175.737035
175.959491
176.159168
176.395415
176.578362
176.811468
177.042373
177.272265
177.505513
177.734348
177.931361
178.159880
178.357335
178.555775
178.790691
179.021104
179.218913
179.416264
179.644891
179.842082
180.075528
180.273551
180.470838
180.699738
180.898772
181.132673
181.335814
181.572629
181.793535
181.975556
182.125957
182.212345
182.283512
182.366530
182.459044
182.521915
182.556818
182.581150
182.597903
182.612097
182.624813
182.632279
182.637569
182.642061
