0.000000
0.000000
0.000000
41.646000
41.706001
41.799000
42.013000
42.053001
43.161999
48.200001
51.033001
53.083000
64.794998
72.735001
77.892998
85.316002
87.260002
88.858002
90.860001
92.577003
112.619003
129.341995
145.822006
152.250000
156.727997
159.253998
161.651001
176.360001
184.789993
189.677002
196.750000
200.819000
206.334000
216.356995
236.835007
254.311005
266.463013
270.489990
277.583008
284.683990
295.248993
301.726990
304.845001
307.596008
309.945007
311.851990
314.053986
314.286011
315.260986
317.924011
318.156006
319.071991
322.558014
327.295013
330.901001
330.959991
330.967987
330.985992
331.005005
331.014008
331.167999
331.167999
331.167999
331.167999
331.170013
336.503998
355.681000
362.604004
366.957001
368.268005
370.329987
373.510986
377.471985
383.516998
384.549988
384.579987
384.678009
394.653992
399.117004
401.776001
404.144989
405.993011
406.028015
406.541992
407.316010
407.316010
407.355011
407.666992
411.226013
425.941010
444.647003
450.354004
457.063995
462.821991
465.354004
467.042999
467.635010
467.825012
468.338013
473.364014
478.498993
482.768005
489.873993
495.411011
498.394989
499.803009
500.391998
504.149994
506.464996
508.510010
510.548004
516.598999
522.713013
524.721985
524.721985
525.517029
530.919006
536.434021
540.825012
540.906006
540.918030
540.924011
540.945007
540.955017
541.030029
541.039001
541.039001
541.039001
545.068970
550.473022
558.244995
567.322998
567.348022
568.271973
570.075012
570.455994
570.455994
570.455994
570.455994
570.455994
571.140015
579.513000
586.312988
587.106995
587.156982
587.255981
587.987000
595.132996
607.455994
617.216980
619.844971
622.708984
624.888000
627.502991
630.427002
631.351990
632.627991
635.594971
639.638977
643.320007
647.307007
652.627991
656.979004
659.221008
660.778992
660.908997
661.130005
662.318970
664.638000
667.414001
668.491028
670.046021
673.140991
684.289001
694.174011
696.802002
697.184021
697.354004
697.786987
697.807983
697.807983
697.807983
697.958984
697.982971
698.181030
706.978027
708.682983
718.140991
721.760986
727.554993
727.557007
728.771973
731.192017
731.249023
732.416016
734.856018
738.293030
741.413025
742.937988
743.260986
744.221985
744.432983
756.520020
756.658020
756.955994
756.955994
759.033997
765.721985
773.757996
785.893005
788.280029
789.007019
790.434021
798.408020
805.591003
807.005981
807.005981
807.005981
819.348022
821.739990
822.304016
826.146973
833.453979
833.502014
837.325012
842.645020
842.653992
842.653992
842.653992
842.653992
844.695007
860.820007
870.986023
877.924988
881.971008
887.380981
899.442017
908.966003
916.494019
917.453003
917.565002
917.583984
917.929016
919.317993
924.124023
934.380005
941.257019
947.872009
955.098022
964.854980
977.077026
983.489014
984.200989
984.351990
984.359985
987.372009
995.854004
996.812988
997.174011
997.388977
997.427979
999.681030
1006.968018
1013.072021
1015.179016
1016.500000
1016.927002
1017.783020
1018.659973
1019.403015
1021.083008
1023.171021
1025.256958
1029.027954
1033.339966
1039.188965
1044.267944
1047.687988
1050.512939
1051.095947
1051.711060
1052.395996
1053.694946
1054.988037
1057.046997
1061.055054
1063.135010
1064.307983
1064.369995
1064.385986
1064.441040
1065.041016
1066.909058
1066.909058
1066.910034
1066.910034
1067.095947
1067.295044
1068.651001
1073.488037
1073.729980
1073.828979
1074.067993
1074.113037
1074.135986
1074.140015
1074.145996
1074.197998
1074.197998
1074.197998
1074.197998
1074.208008
1074.208008
1074.208008
1074.214966
1074.261963
1075.743042
1078.142944
1081.004028
1082.177002
1083.989014
1086.464966
1093.067993
1096.910034
1099.227051
1101.019043
1101.954956
1104.191040
1106.258057
1107.567017
1107.963013
1108.036987
1108.381958
1108.631958
1110.750000
1110.762939
1110.762939
1110.762939
1110.762939
1110.916992
1110.923950
1110.923950
1110.925049
1110.932007
1110.932007
1110.932007
1110.932007
1110.947998
1111.756958
1112.136963
1112.274048
1112.293945
1112.293945
1112.293945
1112.293945
1112.293945
1112.395996
1112.504028
1112.505981
1112.505981
1112.508057
1112.566040
1112.689941
1112.691040
1113.265015
1113.714966
1113.714966
1113.781006
1113.793945
1113.801025
1113.801025
1113.801025
1113.801025
1114.413940
1115.767944
1115.767944
1115.767944
1115.767944
1115.779053
1116.182007
1116.402954
1117.043945
1117.689941
1118.703979
1121.801025
1123.676025
1126.238037
1129.767944
1137.571045
1140.732056
1143.588013
1147.359009
1151.022949
1155.324951
1159.526001
1165.229980
1168.948975
1171.230957
1171.995972
1172.011963
1172.016968
1172.016968
1172.016968
1172.016968
1173.642944
1173.642944
1173.642944
1173.642944
1173.642944
1173.642944
1173.642944
1173.642944
1173.642944
1174.027954
1174.444946
1174.463989
1174.463989
1174.463989
1174.463989
1174.463989
1174.463989
1174.464966
1174.464966
1174.467041
1174.680054
1174.706055
1174.718018
1175.183960
1175.186035
1175.246948
1175.412964
1175.691040
1176.470947
1178.038940
1180.490967
1182.374023
1184.520020
1184.921021
1184.921997
1184.927979
1184.927979
1184.927979
1184.927979
1184.927979
1184.927979
