12.148
12.3688
12.7891
12.807
18.645
18.685
18.7045
18.715
18.7351
21.1881
25.2796
25.296
25.3155
25.3267
25.3458
25.3554
25.3653
25.3759
25.387
26.9603
29.4018
30.0294
45.1388
47.7179
47.7397
47.7627
51.8383
57.6919
57.7198
57.73
60.2876
60.302
60.315
60.33
60.3485
70.9798
70.9991
71.0095
71.0339
83.2909
83.5097
88.7756
93.3448
95.9785
102.111
102.13
102.14
109.918
109.937
109.946
109.956
109.966
110.147
110.157
110.177
110.356
116.652
131.461
133.416
135.521
135.717
135.733
137.446
147.33
147.782
149.952
149.964
163.818
163.828
164.636
165.927
165.943
165.953
165.964
165.984
167.653
167.665
167.675
168.749
168.784
169.651
172.861
173.783
173.793
173.814
177.453
178.099
178.111
180.628
180.638
190.804
194.348
194.362
198.693
198.704
198.714
201.058
201.072
201.974
201.997
202.019
202.034
202.052
204.114
204.576
208.726
208.741
210.378
211.901
219.174
219.195
221.426
221.44
221.461
222.925
222.94
222.949
222.96
225.716
242.81
242.821
244.967
244.98
247.352
247.362
254.019
254.029
254.215
259.68
260.135
261.849
261.87
261.891
261.909
261.919
261.929
261.94
263.752
264.669
264.689
264.709
264.728
264.738
264.749
270.669
270.686
277.546
277.556
277.566
277.586
277.606
277.616
277.636
277.664
277.675
277.696
277.736
277.757
280.722
280.738
281.148
289.092
289.109
289.129
293.9
293.91
293.93
293.94
293.953
316.263
316.285
328.488
328.499
329.161
334.141
334.151
334.161
334.342
334.361
334.583
334.601
337.363
351.203
351.215
351.653
351.664
362.335
378.523
382.844
382.858
384.627
384.848
391.954
395.907
395.919
395.936
397.238
399.637
399.654
399.664
399.674
399.684
399.704
399.715
401.97
401.98
402.418
402.431
402.45
403.714
424.443
426.178
428.308
428.777
430.281
430.301
430.319
446.848
446.86
446.87
448.523
448.543
476.896
517.871
546.441
546.459
546.47
548.643
548.66
548.841
548.861
548.871
548.891
555.878
555.916
555.946
555.975
556.005
556.036
556.066
556.096
556.13
556.161
556.191
556.221
556.251
556.281
556.311
556.342
556.381
556.413
556.451
556.481
556.518
556.559
556.597
556.627
556.657
556.688
556.717
556.757
556.797
556.837
556.877
556.906
556.936
556.967
556.997
557.036
557.067
557.097
557.127
557.157
557.197
557.237
557.267
557.297
557.327
557.357
557.397
557.438
557.467
557.497
557.529
557.574
557.613
557.652
557.692
557.722
557.754
557.792
557.832
557.862
557.893
557.922
557.954
557.992
558.032
558.073
558.103
558.143
558.173
558.217
558.247
558.278
558.309
558.348
558.388
558.418
558.448
558.488
558.518
558.558
558.591
558.629
558.658
558.688
558.732
558.769
558.803
558.834
558.863
558.894
558.924
558.953
558.983
559.013
559.045
559.084
559.114
559.144
559.174
559.204
559.234
559.264
559.294
559.324
559.354
559.384
559.415
559.445
559.483
559.513
559.544
559.573
559.603
559.634
559.667
559.711
559.752
559.789
559.819
559.85
559.889
559.919
559.949
559.979
560.009
560.039
560.069
560.098
560.132
560.169
560.199
560.242
560.279
560.309
560.354
560.393
560.422
560.453
560.492
560.522
560.553
560.583
560.613
560.643
560.673
560.703
560.739
560.779
560.819
560.849
560.879
560.909
560.939
560.969
560.999
561.039
561.079
561.109
561.139
561.169
561.199
561.229
561.26
561.298
561.329
561.359
561.389
561.419
561.449
561.479
561.51
561.549
561.58
561.61
561.64
561.681
561.711
561.75
561.78
561.81
561.844
561.875
561.906
561.945
561.98
562.01
562.04
562.07
562.1
562.13
562.16
562.2
562.23
562.26
562.29
562.333
562.37
562.4
562.43
562.46
562.49
562.52
562.549
562.58
562.61
562.641
562.68
562.71
562.74
562.77
562.8
562.829
562.861
562.901
562.93
562.96
562.995
563.026
563.056
563.086
563.116
563.146
563.176
563.206
563.246
563.285
563.329
563.359
563.389
563.42
563.449
563.48
563.511
563.541
563.57
563.6
563.63
563.66
563.691
563.722
563.761
563.791
563.821
563.863
563.902
563.931
563.961
563.991
564.022
564.062
564.098
564.137
564.178
564.217
564.247
564.276
564.307
564.348
564.387
564.428
564.467
564.497
564.526
564.563
564.602
564.632
564.662
564.692
564.732
564.761
564.792
564.822
564.853
564.892
564.922
564.952
564.982
565.012
565.052
565.082
565.112
565.142
565.172
565.202
565.233
565.262
565.292
565.323
565.352
565.382
565.413
565.443
565.473
565.503
565.533
565.562
565.592
565.623
565.653
565.684
565.725
565.764
565.803
565.842
565.872
565.903
565.932
565.963
565.993
566.032
566.063
566.096
566.134
566.173
566.204
566.245
566.284
566.314
566.344
566.373
566.403
566.433
566.463
566.493
566.523
566.554
566.605
566.646
566.684
566.714
566.744
566.774
566.804
566.835
566.864
566.894
566.923
566.954
566.984
567.014
567.044
567.084
567.114
567.144
567.173
567.204
567.234
567.263
567.295
567.334
567.364
567.399
567.436
567.474
567.503
567.534
567.565
567.604
567.644
567.674
567.704
567.743
567.783
567.813
567.844
567.873
567.904
567.933
567.964
567.994
568.029
568.058
568.089
568.129
568.16
568.199
568.229
568.259
568.289
568.319
568.349
568.379
568.409
568.439
568.47
568.5
568.542
568.583
568.62
568.65
568.68
568.71
568.751
568.798
568.836
568.876
568.916
568.955
568.985
569.015
569.056
569.097
569.135
569.165
569.194
569.224
569.255
569.285
569.314
569.345
569.375
569.405
569.435
569.467
569.51
569.545
569.575
569.605
569.635
569.675
569.705
569.736
569.775
569.804
569.834
569.864
569.895
569.925
569.954
569.985
570.015
570.048
570.085
570.115
570.145
570.185
570.214
570.244
570.275
570.305
570.336
570.375
570.405
570.435
570.465
570.5
570.53
570.573
570.615
570.645
570.675
570.705
570.735
570.765
570.795
570.825
570.855
570.885
570.915
570.946
570.976
571.006
571.035
571.066
571.096
571.126
571.171
571.201
571.23
571.261
571.291
571.321
571.352
571.391
571.431
571.461
571.491
571.521
571.552
571.591
571.621
571.652
571.684
571.727
571.757
571.796
571.826
571.857
571.887
571.917
571.947
571.976
572.006
572.036
572.066
572.096
572.126
572.156
572.187
572.217
572.256
572.286
572.317
572.356
572.386
572.416
572.446
572.476
572.506
572.537
572.567
572.596
572.627
572.656
572.686
572.716
572.746
572.786
572.827
572.86
572.891
572.922
572.953
572.991
573.021
573.052
573.081
573.112
573.143
573.185
573.223
573.256
573.287
573.317
573.348
573.378
573.407
573.437
573.467
573.498
573.528
573.571
573.608
573.651
573.688
573.718
573.748
573.778
573.808
573.838
573.868
573.903
573.943
573.973
574.014
574.053
574.095
574.134
574.173
574.213
574.253
574.293
574.332
574.368
574.398
574.427
574.457
574.497
574.527
574.557
574.587
574.616
574.647
574.677
574.707
574.737
574.767
574.798
574.828
574.859
574.898
574.928
574.958
574.988
575.018
575.048
575.078
575.108
575.139
575.18
575.22
575.258
575.288
575.318
575.348
575.379
575.408
575.448
575.479
575.509
575.538
575.569
575.598
575.629
575.659
575.7
575.729
575.76
575.799
575.829
575.86
575.899
575.929
575.959
575.992
576.029
576.059
576.089
576.119
576.149
576.179
576.21
576.249
576.279
576.309
576.34
576.381
576.421
576.459
576.489
576.521
576.561
576.59
576.62
576.65
576.68
576.71
576.74
576.77
576.8
576.83
576.86
576.899
576.93
576.96
576.99
577.029
577.06
577.09
577.12
577.164
577.194
577.225
577.256
577.295
577.327
577.365
577.395
577.425
577.462
577.5
577.53
577.56
577.59
577.62
577.651
577.691
577.729
577.76
577.79
577.82
577.85
577.881
577.91
577.94
577.97
578
578.035
578.065
578.095
578.126
578.168
578.207
578.246
578.276
578.316
578.347
578.386
578.416
578.446
578.476
578.506
578.536
578.566
578.607
578.646
578.676
578.706
578.736
578.765
578.795
578.825
578.855
578.885
578.915
578.944
578.975
579.005
579.036
579.065
579.096
579.125
579.157
579.216
579.246
579.276
579.316
579.345
579.376
579.406
579.436
579.466
579.496
579.526
579.557
579.586
579.616
579.646
579.676
579.709
579.747
579.777
579.807
579.837
579.867
579.897
579.927
579.957
579.986
580.021
580.052
580.082
580.112
580.143
580.172
580.202
580.232
580.262
580.292
580.322
580.351
580.382
580.413
580.442
580.473
580.502
580.532
580.562
580.592
580.621
580.652
580.682
580.712
580.743
580.781
580.812
580.842
580.871
580.902
580.933
580.972
581.001
581.032
581.065
581.102
581.133
581.162
581.192
581.223
581.264
581.294
581.333
581.362
581.393
581.423
581.453
581.483
581.513
581.542
581.572
581.602
581.633
581.673
581.703
581.732
581.763
581.793
581.823
581.852
581.882
581.913
581.943
581.973
582.003
582.033
582.063
582.093
582.123
582.153
582.183
582.214
582.243
582.273
582.303
582.335
582.373
582.404
582.444
582.483
582.523
582.553
582.583
582.623
582.653
582.683
582.713
582.743
582.773
582.804
582.834
582.866
582.904
582.934
582.964
582.994
583.024
583.054
583.084
583.114
583.144
583.175
583.216
583.254
583.285
583.324
583.354
583.385
583.424
583.455
583.496
583.534
583.565
583.595
583.624
583.655
583.685
583.715
583.745
583.775
583.817
583.855
583.901
583.94
583.969
584
584.031
584.071
584.1
584.132
584.17
584.2
584.231
584.27
584.3
584.33
584.36
584.39
584.42
584.45
584.48
584.51
584.539
584.569
584.6
584.63
584.661
584.7
584.73
584.76
584.79
584.825
584.855
584.896
584.935
584.965
584.995
585.025
585.055
585.085
585.117
585.155
585.202
585.24
585.27
585.301
585.331
585.365
585.395
585.425
585.457
585.496
585.528
585.567
585.606
585.636
585.665
585.695
585.726
585.756
585.785
585.816
585.846
585.876
585.909
585.947
585.977
586.006
586.037
586.067
586.096
586.126
586.156
586.188
586.227
586.257
586.287
586.317
586.347
586.378
586.417
586.447
586.487
586.517
586.559
586.596
586.626
586.656
586.686
586.717
586.747
586.777
586.807
586.84
586.877
586.907
586.937
586.967
586.997
587.027
587.057
587.088
587.127
587.157
587.187
587.217
587.247
587.28
587.318
587.358
587.398
587.439
587.477
587.508
587.547
587.577
587.607
587.637
587.68
587.722
587.753
587.792
587.822
587.852
587.882
587.914
587.947
587.976
588.007
588.037
588.067
588.097
588.127
588.157
588.187
588.217
588.247
588.277
588.307
588.337
588.369
588.411
588.442
588.482
588.512
588.553
588.592
588.631
588.662
588.701
588.731
588.761
588.791
588.821
588.852
588.882
588.912
588.942
588.972
589.002
589.032
589.063
589.102
589.132
589.163
589.223
589.253
589.283
589.316
589.353
589.383
589.413
589.443
589.473
589.503
589.533
589.562
589.593
589.623
589.654
589.689
589.728
589.758
589.788
589.828
589.859
589.899
589.929
589.968
589.999
590.038
590.068
590.107
590.137
590.167
590.198
590.239
590.268
590.298
590.328
590.364
590.404
590.443
590.473
590.503
590.534
590.57
590.609
590.64
590.679
590.709
590.739
590.771
590.81
590.84
590.869
590.9
590.93
590.961
590.99
591.02
591.05
591.081
591.11
591.151
591.19
591.22
591.25
591.29
591.33
591.36
591.4
591.43
591.469
591.499
591.529
591.559
591.59
591.629
591.66
591.689
591.72
591.75
591.789
591.819
591.85
591.879
591.913
591.949
591.979
592.009
592.04
592.081
592.11
592.142
592.18
592.209
592.239
592.27
592.31
592.34
592.37
592.4
592.429
592.46
592.489
592.52
592.55
592.58
592.61
592.64
592.67
592.7
592.731
592.761
592.791
592.821
592.85
592.881
592.911
592.941
592.97
593.001
593.032
593.072
593.111
593.141
593.176
593.206
593.236
593.267
593.306
593.336
593.365
593.396
593.426
593.456
593.496
593.537
593.582
593.621
593.651
593.681
593.71
593.741
593.771
593.801
593.831
593.86
593.891
593.921
593.951
593.984
594.021
594.051
594.081
594.111
594.141
594.173
594.211
594.241
594.271
594.312
594.351
594.381
594.412
594.451
594.491
594.521
594.551
594.581
594.621
594.66
594.69
594.721
594.757
594.795
594.825
594.856
594.886
594.915
594.946
594.981
595.011
595.041
595.072
595.11
595.14
595.17
595.201
595.231
595.272
595.312
595.351
595.382
595.412
595.445
595.482
595.522
595.552
595.592
595.622
595.652
595.682
595.712
595.742
595.772
595.803
595.836
595.868
595.897
595.937
595.967
595.997
596.028
596.057
596.087
596.117
596.148
596.188
596.227
596.267
596.306
596.337
596.367
596.409
596.448
596.487
596.517
596.547
596.578
596.617
596.647
596.677
596.707
596.737
596.769
596.81
596.848
596.878
596.908
596.938
596.97
597.008
597.038
597.068
597.098
597.132
597.17
597.209
597.249
597.279
597.308
597.338
597.37
597.409
597.439
597.469
597.498
597.528
597.558
597.588
597.619
597.649
597.68
597.718
597.75
597.789
597.819
597.849
597.879
597.909
597.939
597.969
597.999
598.039
598.07
598.109
598.139
598.169
598.209
598.239
598.27
598.299
598.329
598.36
598.389
598.419
598.45
598.48
598.52
598.559
598.589
598.63
598.672
598.709
598.739
598.77
598.811
598.849
598.879
598.918
598.95
598.988
599.018
599.049
599.078
599.113
599.143
599.173
599.224
599.254
599.284
599.314
599.344
599.374
599.404
599.434
599.464
599.494
599.524
599.555
599.585
599.625
599.654
599.685
599.715
599.745
599.774
599.804
599.835
599.865
599.895
599.925
599.954
599.985
600.024
600.054
600.084
600.114
600.145
600.175
600.205
600.235
600.265
600.295
600.325
600.355
600.385
600.415
600.454
600.485
600.515
600.545
600.575
600.605
600.635
600.675
600.705
600.735
600.766
600.808
600.845
600.876
600.916
600.958
600.995
601.027
601.057
601.096
601.128
601.166
601.205
601.245
601.275
601.307
601.347
601.386
601.416
601.456
601.488
601.529
601.566
601.596
601.626
601.656
601.686
601.721
601.751
601.782
601.822
601.852
601.881
601.911
601.941
601.973
602.012
602.041
602.071
602.101
602.132
602.167
602.207
602.246
602.277
602.306
602.336
602.376
602.406
602.435
602.465
602.496
602.537
602.581
602.616
602.647
602.677
602.707
602.737
602.766
602.796
602.826
602.857
602.886
602.917
602.947
602.987
603.017
603.058
603.097
603.127
603.157
603.188
603.22
603.258
603.288
603.327
603.357
603.387
603.417
603.447
603.477
603.507
603.538
603.568
603.607
603.638
603.668
603.698
603.728
603.759
603.798
603.828
603.858
603.888
603.917
603.948
603.987
604.018
604.058
604.089
604.118
604.149
604.188
604.219
604.248
604.278
604.309
604.339
604.369
604.399
604.429
604.459
604.489
604.52
604.559
604.589
604.619
604.65
604.689
604.719
604.748
604.778
604.809
604.839
604.869
604.899
604.929
604.959
604.989
605.019
605.052
605.09
605.12
605.16
605.19
605.22
605.25
605.279
605.31
605.34
605.37
605.399
605.429
605.469
605.499
605.529
605.572
605.61
605.649
605.679
605.709
605.739
605.769
605.799
605.828
605.858
605.889
605.919
605.949
605.979
606.009
606.041
606.081
606.119
606.149
606.179
606.209
606.24
606.27
606.3
606.33
606.36
606.389
606.42
606.45
606.49
606.52
606.549
606.58
606.61
606.639
606.672
606.711
606.749
606.779
606.809
606.838
606.869
606.899
606.928
606.958
606.989
607.019
607.049
607.079
607.109
607.139
607.168
607.198
607.23
607.267
607.307
607.345
607.376
607.414
607.445
607.475
607.505
607.536
607.567
607.599
607.635
607.665
607.696
607.727
607.765
607.796
607.83
607.861
607.891
607.92
607.957
607.996
608.036
608.065
608.096
608.133
608.171
608.21
608.24
608.276
608.315
608.347
608.386
608.427
608.457
608.488
608.527
608.556
608.586
608.616
608.656
608.686
608.716
608.746
608.777
608.816
608.847
608.886
608.916
608.946
608.977
609.016
609.046
609.076
609.106
609.136
609.166
609.197
609.257
609.286
609.328
609.366
609.396
609.436
609.466
609.496
609.529
609.566
609.596
609.626
609.656
609.686
609.716
609.746
609.776
609.806
609.837
609.877
609.916
609.956
609.987
610.027
610.067
610.097
610.137
610.167
610.197
610.227
610.257
610.287
610.327
610.357
610.387
610.418
610.452
610.484
610.524
610.562
610.592
610.626
610.663
610.693
610.722
610.752
610.782
610.813
610.843
610.873
610.903
610.943
610.985
611.023
611.053
611.083
611.113
611.143
611.173
611.203
611.234
611.273
611.304
611.344
611.384
611.414
611.449
611.489
611.519
611.549
611.58
611.619
611.659
611.7
611.731
611.77
611.808
611.844
611.883
611.913
611.943
611.973
612.004
612.043
612.085
612.131
612.168
612.2
612.238
612.268
612.307
612.341
612.379
612.418
612.448
612.477
612.508
612.538
612.578
612.608
612.639
612.68
612.719
612.749
612.779
612.809
612.852
612.889
612.919
612.959
612.999
613.036
613.074
613.104
613.134
613.164
613.194
613.224
613.254
613.284
613.314
613.345
613.384
613.414
613.445
613.485
613.515
613.555
613.594
613.624
613.654
613.69
613.72
613.749
613.781
613.819
613.85
613.879
613.91
613.94
613.986
614.026
614.065
614.105
614.135
614.165
614.195
614.235
614.275
614.318
614.355
614.385
614.415
614.456
614.495
614.525
614.555
614.584
614.614
614.645
614.675
614.705
614.745
614.775
614.805
614.835
614.866
614.904
614.935
614.965
614.995
615.027
615.065
615.098
615.139
615.17
615.205
615.235
615.265
615.295
615.325
615.355
615.385
615.424
615.455
615.485
615.515
615.544
615.575
615.604
615.635
615.68
615.713
615.75
615.78
615.809
615.839
615.87
615.9
615.93
615.962
616
616.03
616.06
616.09
616.121
616.151
616.181
616.21
616.24
616.273
616.303
616.34
616.371
616.401
616.432
616.471
616.501
616.541
616.582
616.621
616.651
616.684
616.721
616.751
616.782
616.821
616.861
616.891
616.921
616.955
616.991
617.021
617.051
617.082
617.112
617.142
617.172
617.202
617.232
617.262
617.292
617.322
617.352
617.382
617.412
617.442
617.472
617.502
617.542
617.572
617.602
617.642
617.672
617.701
617.731
617.761
617.797
617.826
617.857
617.887
617.916
617.947
617.977
618.007
618.036
618.068
618.107
618.147
618.177
618.207
618.237
618.267
618.297
618.327
618.357
618.388
618.427
618.457
618.488
618.517
618.547
618.579
618.617
618.648
618.678
618.714
618.757
618.788
618.817
618.847
618.878
618.919
618.958
618.989
619.029
619.068
619.099
619.139
619.178
619.208
619.258
619.289
619.328
619.358
619.388
619.418
619.449
619.489
619.529
619.568
619.608
619.638
619.668
619.698
619.727
619.757
619.788
619.818
619.848
619.877
619.908
619.948
619.978
620.008
620.039
620.068
620.098
620.128
620.158
620.188
620.218
620.248
620.279
620.318
620.348
620.378
620.408
620.438
620.468
620.498
620.538
620.568
620.608
620.639
620.678
620.719
620.757
620.788
620.827
620.857
620.896
620.926
620.956
620.988
621.027
621.057
621.087
621.117
621.148
621.182
621.212
621.242
621.274
621.313
621.343
621.373
621.403
621.434
621.473
621.503
621.539
621.576
621.614
621.655
621.685
621.724
621.754
621.785
621.815
621.844
621.874
621.904
621.936
621.965
621.995
622.025
622.055
622.086
622.125
622.155
622.186
622.216
622.257
622.295
622.327
622.366
622.405
622.441
622.47
622.5
622.53
622.56
622.59
622.62
622.65
622.68
622.71
622.75
622.791
622.83
622.86
622.89
622.92
622.95
622.98
623.01
623.05
623.082
623.124
623.16
623.192
623.23
623.26
623.29
623.321
623.359
623.39
623.419
623.451
623.49
623.52
623.55
623.58
623.609
623.64
623.67
623.7
623.73
623.76
623.79
623.82
623.85
623.88
623.911
623.951
623.98
624.012
624.052
624.092
624.131
624.166
624.196
624.226
624.256
624.286
624.326
624.356
624.388
624.426
624.456
624.485
624.516
624.55
624.588
624.626
624.657
624.687
624.717
624.756
624.787
624.819
624.857
624.888
624.918
624.957
624.997
625.027
625.057
625.088
625.127
625.157
625.187
625.217
625.247
625.289
625.327
625.358
625.397
625.428
625.458
625.489
625.535
625.572
625.601
625.632
625.662
625.692
625.722
625.752
625.782
625.812
625.852
625.882
625.912
625.942
625.972
626.002
626.032
626.063
626.097
626.137
626.167
626.198
626.227
626.26
626.297
626.326
626.356
626.388
626.427
626.457
626.497
626.527
626.557
626.588
626.617
626.647
626.677
626.707
626.738
626.769
626.817
626.848
626.888
626.928
626.959
626.989
627.028
627.058
627.089
627.118
627.148
627.178
627.208
627.239
627.278
627.308
627.338
627.368
627.398
627.427
627.458
627.489
627.528
627.557
627.588
627.63
627.668
627.708
627.739
627.777
627.809
627.848
627.889
627.927
627.957
627.987
628.017
628.05
628.09
628.127
628.157
628.187
628.216
628.252
628.284
628.322
628.352
628.382
628.413
628.443
628.472
628.503
628.533
628.563
628.596
628.633
628.664
628.694
628.734
628.774
628.815
628.854
628.884
628.915
628.954
628.993
629.023
629.054
629.083
629.114
629.153
629.184
629.224
629.253
629.283
629.314
629.344
629.374
629.417
629.456
629.493
629.524
629.553
629.586
629.625
629.655
629.685
629.715
629.745
629.775
629.805
629.836
629.875
629.905
629.935
629.965
629.995
630.025
630.054
630.085
630.126
630.156
630.185
630.215
630.245
630.275
630.305
630.335
630.366
630.396
630.439
630.476
630.505
630.535
630.565
630.594
630.625
630.655
630.685
630.715
630.745
630.775
630.805
630.836
630.876
630.905
630.935
630.977
631.015
631.046
631.085
631.115
631.145
631.186
631.225
631.256
631.296
631.332
631.37
631.41
631.441
631.481
631.521
631.551
631.581
631.611
631.641
631.671
631.701
631.731
631.763
631.802
631.84
631.871
631.906
631.946
631.975
632.006
632.036
632.065
632.096
632.128
632.166
632.199
632.236
632.266
632.296
632.325
632.356
632.386
632.416
632.446
632.477
632.507
632.537
632.567
632.597
632.626
632.657
632.687
632.717
632.747
632.777
632.806
632.837
632.867
632.912
632.943
632.973
633.003
633.033
633.063
633.093
633.123
633.153
633.183
633.213
633.243
633.272
633.302
633.333
633.362
633.393
633.432
633.462
633.493
633.533
633.575
633.613
633.653
633.693
633.733
633.763
633.793
633.823
633.853
633.894
633.933
633.964
634.002
634.035
634.073
634.103
634.133
634.163
634.194
634.223
634.253
634.283
634.314
634.353
634.384
634.423
634.455
634.495
634.539
634.58
634.618
634.648
634.679
634.719
634.759
634.799
634.829
634.859
634.889
634.929
634.969
635.009
635.039
635.069
635.099
635.136
635.173
635.204
635.233
635.263
635.294
635.324
635.354
635.384
635.414
635.444
635.474
635.504
635.533
635.564
635.595
635.634
635.664
635.694
635.724
635.764
635.796
635.834
635.864
635.894
635.924
635.954
635.984
636.014
636.044
636.074
636.107
636.144
636.174
636.204
636.244
636.274
636.303
636.334
636.364
636.394
636.424
636.464
636.495
636.534
636.565
636.594
636.625
636.665
636.696
636.735
636.765
636.795
636.825
636.855
636.885
636.914
636.945
636.975
637.005
637.035
637.065
637.095
637.135
637.167
637.208
637.248
637.285
637.315
637.345
637.375
637.405
637.435
637.465
637.496
637.535
637.565
637.605
637.646
637.675
637.705
637.735
637.766
637.796
637.825
637.855
637.886
637.917
637.955
637.986
638.018
638.055
638.085
638.115
638.146
638.186
638.216
638.245
638.275
638.305
638.335
638.366
638.397
638.436
638.465
638.496
638.526
638.556
638.586
638.616
638.646
638.677
638.716
638.746
638.787
638.826
638.867
638.897
638.936
638.966
638.996
639.026
639.056
639.087
639.126
639.156
639.187
639.217
639.249
639.287
639.324
639.362
639.401
639.431
639.462
639.492
639.522
639.552
639.593
639.632
639.677
639.718
639.757
639.786
639.817
639.856
639.886
639.926
639.965
639.995
640.035
640.074
640.104
640.134
640.164
640.194
640.224
640.255
640.292
640.331
640.377
640.415
640.456
640.495
640.525
640.556
640.586
640.616
640.646
640.685
640.715
640.746
640.775
640.805
640.835
640.876
640.915
640.945
640.977
641.014
641.045
641.076
641.105
641.136
641.176
641.206
641.247
641.287
641.327
641.356
641.387
641.416
641.447
641.477
641.507
641.537
641.567
641.607
641.637
641.668
641.698
641.738
641.768
641.801
641.841
641.878
641.907
641.937
641.969
642.01
642.053
642.083
642.114
642.143
642.173
642.203
642.233
642.269
642.3
642.339
642.369
642.408
642.438
642.468
642.497
642.528
642.557
642.588
642.618
642.648
642.677
642.708
642.74
642.781
642.818
642.848
642.878
642.908
642.942
642.978
643.007
643.038
643.076
643.116
643.154
643.193
643.223
643.254
643.294
643.337
643.373
643.403
643.438
643.468
643.499
643.529
643.559
643.589
643.618
643.649
643.679
643.709
643.749
643.779
643.809
643.838
643.869
643.899
643.939
643.978
644.008
644.04
644.078
644.108
644.148
644.178
644.208
644.239
644.279
644.309
644.339
644.369
644.41
644.449
644.479
644.51
644.549
644.579
644.609
644.639
644.669
644.702
644.739
644.775
644.814
644.844
644.874
644.906
644.946
644.985
645.015
645.045
645.075
645.105
645.142
645.18
645.21
645.241
645.28
645.31
645.345
645.375
645.405
645.436
645.465
645.494
645.525
645.555
645.585
645.616
645.655
645.695
645.725
645.765
645.805
645.835
645.865
645.905
645.936
645.965
645.997
646.035
646.075
646.105
646.134
646.164
646.197
646.233
646.264
646.294
646.325
646.371
646.409
646.439
646.479
646.508
646.538
646.579
646.618
646.648
646.678
646.708
646.738
646.768
646.798
646.828
646.858
646.89
646.929
646.959
646.989
647.019
647.049
647.082
647.119
647.149
647.179
647.209
647.239
647.27
647.314
647.351
647.392
647.43
647.46
647.49
647.52
647.55
647.58
647.61
647.641
647.67
647.705
647.736
647.766
647.796
647.827
647.866
647.899
647.938
647.977
648.007
648.037
648.067
648.099
648.138
648.177
648.223
648.262
648.292
648.322
648.352
648.382
648.412
648.442
648.472
648.502
648.532
648.562
648.591
648.622
648.651
648.682
648.712
648.752
648.782
648.812
648.842
648.871
648.903
648.942
648.972
649.002
649.032
649.062
649.092
649.122
649.152
649.184
649.223
649.253
649.282
649.312
649.342
649.372
649.403
649.432
649.463
649.492
649.523
649.563
649.603
649.642
649.672
649.703
649.742
649.772
649.802
649.833
649.872
649.902
649.932
649.963
649.993
650.022
650.053
650.083
650.122
650.153
650.193
650.223
650.253
650.283
650.315
650.356
650.393
650.424
650.453
650.483
650.514
650.544
650.574
650.604
650.634
650.664
650.693
650.723
650.754
650.784
650.814
650.844
650.874
650.905
650.944
650.974
651.014
651.044
651.074
651.105
651.144
651.174
651.203
651.233
651.263
651.294
651.324
651.354
651.384
651.415
651.454
651.484
651.514
651.544
651.574
651.605
651.644
651.674
651.704
651.743
651.774
651.805
651.844
651.876
651.914
651.944
651.974
652.005
652.044
652.075
652.104
652.134
652.164
652.194
652.224
652.253
652.283
652.313
652.344
652.374
652.405
652.443
652.473
652.503
652.533
652.563
652.595
652.624
652.654
652.684
652.714
652.747
652.784
652.814
652.845
652.876
652.916
652.956
652.996
653.035
653.066
653.106
653.145
653.175
653.215
653.245
653.275
653.306
653.335
653.365
653.395
653.425
653.46
653.49
653.521
653.551
653.591
653.623
653.662
653.701
653.734
653.771
653.812
653.854
653.891
653.921
653.951
653.982
654.021
654.061
654.101
654.132
654.171
654.201
654.231
654.261
654.29
654.325
654.361
654.391
654.421
654.451
654.481
654.512
654.541
654.57
654.601
654.631
654.671
654.701
654.731
654.766
654.796
654.838
654.875
654.905
654.935
654.965
654.995
655.026
655.065
655.096
655.126
655.155
655.185
655.216
655.249
655.286
655.316
655.356
655.386
655.425
655.456
655.486
655.516
655.546
655.576
655.606
655.636
655.668
655.71
655.747
655.777
655.807
655.836
655.873
655.913
655.952
655.992
656.032
656.062
656.092
656.122
656.152
656.182
656.222
656.252
656.281
656.318
656.347
656.377
656.408
656.447
656.477
656.507
656.537
656.567
656.597
656.627
656.657
656.687
656.718
656.747
656.777
656.808
656.849
656.887
656.918
656.947
656.977
657.008
657.047
657.077
657.108
657.138
657.167
657.198
657.228
657.257
657.288
657.317
657.348
657.378
657.409
657.448
657.479
657.519
657.558
657.588
657.618
657.648
657.678
657.712
657.748
657.778
657.809
657.839
657.869
657.913
657.943
657.983
658.023
658.062
658.092
658.122
658.152
658.182
658.213
658.253
658.283
658.313
658.343
658.373
658.403
658.433
658.463
658.492
658.524
658.564
658.594
658.623
658.654
658.684
658.715
658.758
658.788
658.819
658.852
658.89
658.93
658.969
658.999
659.029
659.059
659.091
659.129
659.159
659.189
659.219
659.264
659.294
659.324
659.354
659.385
659.414
659.444
659.484
659.525
659.555
659.603
659.639
659.671
659.71
659.75
659.779
659.811
659.85
659.88
659.909
659.939
659.971
660.001
660.04
660.069
660.1
660.13
660.159
660.189
660.219
660.249
660.279
660.31
660.34
660.37
660.4
660.43
660.459
660.49
660.519
660.549
660.579
660.609
660.639
660.669
660.699
660.729
660.759
660.789
660.819
660.85
660.879
660.91
660.951
660.989
661.02
661.049
661.079
661.11
661.149
661.182
661.219
661.25
661.279
661.311
661.35
661.39
661.421
661.45
661.48
661.512
661.551
661.581
661.613
661.651
661.681
661.714
661.758
661.796
661.826
661.856
661.886
661.916
661.946
661.976
662.006
662.036
662.076
662.106
662.138
662.177
662.216
662.246
662.275
662.306
662.345
662.376
662.406
662.447
662.486
662.527
662.565
662.595
662.628
662.665
662.695
662.726
662.766
662.801
662.831
662.862
662.892
662.921
662.951
662.982
663.02
663.058
663.097
663.127
663.157
663.187
663.217
663.247
663.28
663.317
663.347
663.377
663.417
663.447
663.487
663.516
663.547
663.577
663.618
663.658
663.697
663.728
663.767
663.797
663.827
663.868
663.897
663.937
663.967
664.007
664.047
664.089
664.127
664.166
664.197
664.227
664.258
664.297
664.327
664.356
664.387
664.417
664.452
664.482
664.513
664.552
664.582
664.613
664.652
664.683
664.723
664.754
664.792
664.834
664.872
664.902
664.932
664.963
664.993
665.023
665.053
665.083
665.113
665.143
665.173
665.203
665.235
665.273
665.303
665.334
665.363
665.394
665.423
665.456
665.498
665.529
665.559
665.589
665.634
665.664
665.694
665.724
665.754
665.786
665.824
665.864
665.894
665.924
665.953
665.985
666.025
666.066
666.104
666.138
666.17
666.21
666.24
666.269
666.299
666.33
666.36
666.391
666.43
666.46
666.497
666.535
666.564
666.608
666.644
666.675
666.705
666.735
666.764
666.795
666.835
666.865
666.895
666.925
666.96
666.99
667.035
667.065
667.095
667.125
667.155
667.185
667.216
667.256
667.295
667.325
667.355
667.385
667.417
667.456
667.496
667.536
667.566
667.596
667.626
667.656
667.686
667.716
667.746
667.786
667.825
667.856
667.886
667.917
667.956
667.986
668.026
668.056
668.097
668.136
668.166
668.196
668.226
668.256
668.285
668.316
668.346
668.376
668.408
668.446
668.476
668.505
668.536
668.566
668.596
668.637
668.676
668.706
668.736
668.776
668.807
668.849
668.886
668.916
668.946
668.978
669.018
669.056
669.095
669.125
669.155
669.185
669.217
669.256
669.286
669.315
669.346
669.375
669.407
669.436
669.477
669.518
669.556
669.591
669.621
669.652
669.692
669.721
669.752
669.781
669.811
669.841
669.871
669.9
669.94
669.97
670.01
670.04
670.07
670.1
670.13
670.16
670.191
670.22
670.251
670.283
670.321
670.351
670.381
670.412
670.451
670.482
670.522
670.561
670.591
670.622
670.652
670.681
670.713
670.742
670.772
670.802
670.832
670.862
670.892
670.933
670.974
671.015
671.052
671.083
671.113
671.142
671.172
671.202
671.233
671.271
671.302
671.342
671.372
671.402
671.432
671.462
671.495
671.532
671.562
671.592
671.622
671.653
671.682
671.713
671.742
671.772
671.803
671.835
671.875
671.913
671.952
671.982
672.013
672.045
672.083
672.113
672.145
672.183
672.213
672.244
672.283
672.313
672.343
672.372
672.402
672.433
672.473
672.503
672.544
672.583
672.613
672.643
672.673
672.703
672.733
672.763
672.793
672.824
672.865
672.904
672.934
672.974
673.004
673.034
673.074
673.113
673.145
673.184
673.214
673.243
673.273
673.304
673.333
673.363
673.394
673.424
673.454
673.484
673.513
673.548
673.585
673.614
673.644
673.674
673.704
673.734
673.763
673.794
673.824
673.853
673.883
673.914
673.943
673.973
674.005
674.045
674.084
674.114
674.144
674.174
674.204
674.234
674.264
674.294
674.326
674.365
674.394
674.425
674.456
674.494
674.524
674.564
674.594
674.624
674.654
674.684
674.714
674.744
674.774
674.804
674.835
674.874
674.904
674.935
674.979
675.01
675.05
675.08
675.11
675.14
675.17
675.199
675.229
675.26
675.29
675.321
675.351
675.381
675.411
675.45
675.48
675.52
675.55
675.59
675.62
675.66
675.701
675.74
675.77
675.809
675.839
675.869
675.899
675.929
675.96
675.99
676.02
676.052
676.09
676.121
676.161
676.201
676.24
676.27
676.3
676.33
676.361
676.4
676.43
676.46
676.49
676.523
676.56
676.59
676.62
676.652
676.691
676.721
676.761
676.79
676.821
676.851
676.881
676.912
676.941
676.971
677.001
677.031
677.061
677.091
677.121
677.151
677.181
677.211
677.241
677.271
677.302
677.333
677.372
677.402
677.431
677.462
677.492
677.522
677.552
677.582
677.617
677.657
677.702
677.733
677.771
677.812
677.852
677.892
677.923
677.961
677.999
678.036
678.067
678.106
678.136
678.166
678.197
678.227
678.257
678.286
678.316
678.346
678.377
678.407
678.436
678.467
678.502
678.532
678.573
678.612
678.642
678.672
678.704
678.742
678.773
678.811
678.842
678.885
678.923
678.952
678.993
679.032
679.062
679.096
679.133
679.175
679.213
679.242
679.278
679.318
679.348
679.378
679.408
679.449
679.488
679.529
679.559
679.598
679.629
679.668
679.698
679.728
679.758
679.789
679.827
679.857
679.888
679.928
679.958
679.998
680.028
680.058
680.099
680.138
680.168
680.198
680.228
680.258
680.288
680.32
680.359
680.399
680.428
680.458
680.489
680.519
680.549
680.591
680.634
680.663
680.693
680.725
680.764
680.794
680.824
680.864
680.894
680.925
680.966
681.004
681.034
681.064
681.096
681.134
681.164
681.194
681.224
681.254
681.284
681.314
681.343
681.374
681.405
681.444
681.484
681.515
681.544
681.574
681.605
681.635
681.665
681.695
681.725
681.755
681.785
681.815
681.844
681.874
681.904
681.935
681.97
681.999
682.03
682.06
682.09
682.12
682.15
682.18
682.21
682.245
682.274
682.305
682.334
682.365
682.395
682.426
682.456
682.485
682.516
682.546
682.585
682.615
682.645
682.675
682.706
682.736
682.766
682.806
682.836
682.866
682.906
682.936
682.966
683.006
683.045
683.077
683.116
683.146
683.186
683.216
683.246
683.276
683.305
683.336
683.366
683.395
683.426
683.456
683.486
683.516
683.546
683.576
683.608
683.646
683.676
683.706
683.735
683.766
683.806
683.836
683.878
683.917
683.946
683.986
684.026
684.067
684.106
684.136
684.166
684.196
684.226
684.256
684.286
684.317
684.347
684.377
684.407
684.447
684.477
684.507
684.538
684.577
684.607
684.647
684.677
684.707
684.737
684.771
684.808
684.848
684.883
684.913
684.942
684.972
685.002
685.032
685.063
685.092
685.122
685.151
685.182
685.211
685.242
685.272
685.302
685.333
685.363
685.393
685.422
685.453
685.482
685.512
685.545
685.583
685.613
685.642
685.672
685.702
685.733
685.763
685.793
685.823
685.853
685.882
685.913
685.952
685.982
686.012
686.043
686.075
686.112
686.146
686.177
686.216
686.246
686.277
686.308
686.347
686.378
686.417
686.447
686.487
686.528
686.557
686.587
686.617
686.647
686.677
686.707
686.737
686.768
686.799
686.831
686.868
686.907
686.938
686.977
687.007
687.037
687.067
687.097
687.127
687.158
687.188
687.218
687.248
687.277
687.31
687.348
687.378
687.408
687.438
687.469
687.498
687.528
687.558
687.588
687.618
687.656
687.693
687.724
687.764
687.794
687.835
687.867
687.904
687.944
687.975
688.015
688.054
688.085
688.124
688.154
688.194
688.224
688.264
688.294
688.324
688.354
688.384
688.414
688.444
688.474
688.504
688.534
688.564
688.594
688.625
688.654
688.684
688.714
688.745
688.775
688.804
688.834
688.869
688.899
688.929
688.959
688.989
689.019
689.049
689.08
689.11
689.14
689.17
689.2
689.231
689.27
689.3
689.33
689.36
689.396
689.435
689.465
689.495
689.528
689.565
689.599
689.631
689.67
689.7
689.73
689.759
689.794
689.825
689.855
689.885
689.915
689.945
689.975
690.006
690.046
690.076
690.105
690.135
690.167
690.206
690.236
690.266
690.296
690.325
690.355
690.386
690.415
690.445
690.476
690.506
690.536
690.566
690.596
690.627
690.667
690.709
690.74
690.771
690.811
690.85
690.89
690.919
690.95
690.98
691.021
691.06
691.099
691.13
691.169
691.199
691.23
691.26
691.29
691.32
691.35
691.38
691.411
691.453
691.49
691.521
691.55
691.581
691.61
691.64
691.67
691.701
691.74
691.77
691.8
691.831
691.872
691.91
691.95
691.98
692.02
692.05
692.08
692.121
692.16
692.19
692.22
692.25
692.28
692.311
692.341
692.371
692.401
692.432
692.471
692.501
692.531
692.561
692.592
692.631
692.66
692.692
692.721
692.761
692.791
692.822
692.861
692.891
692.921
692.951
692.981
693.011
693.041
693.071
693.107
693.137
693.166
693.197
693.227
693.257
693.287
693.322
693.352
693.382
693.412
693.441
693.472
693.512
693.542
693.573
693.602
693.632
693.662
693.692
693.722
693.752
693.784
693.822
693.852
693.883
693.913
693.943
693.973
694.012
694.053
694.092
694.123
694.153
694.182
694.212
694.243
694.273
694.303
694.336
694.373
694.403
694.434
694.473
694.512
694.543
694.573
694.603
694.635
694.673
694.703
694.734
694.764
694.794
694.824
694.854
694.884
694.913
694.943
694.973
695.004
695.045
695.087
695.123
695.154
695.184
695.223
695.253
695.283
695.314
695.343
695.373
695.403
695.433
695.463
695.504
695.534
695.573
695.603
695.641
695.682
695.718
695.747
695.778
695.808
695.838
695.878
695.909
695.938
695.968
695.998
696.028
696.058
696.088
696.118
696.148
696.178
696.208
696.239
696.269
696.308
696.339
696.369
696.399
696.429
696.459
696.489
696.528
696.558
696.588
696.618
696.648
696.679
696.709
696.739
696.779
696.819
696.849
696.89
696.93
696.969
696.999
697.032
697.073
697.104
697.134
697.164
697.195
697.225
697.255
697.285
697.314
697.345
697.375
697.405
697.435
697.465
697.495
697.536
697.575
697.607
697.645
697.676
697.715
697.745
697.775
697.805
697.835
697.865
697.895
697.925
697.955
697.984
698.015
698.045
698.075
698.105
698.136
698.175
698.205
698.236
698.265
698.295
698.326
698.367
698.407
698.447
698.486
698.516
698.546
698.576
698.606
698.636
698.666
698.698
698.735
698.766
698.796
698.826
698.856
698.897
698.927
698.956
698.986
699.016
699.046
699.077
699.106
699.137
699.167
699.197
699.227
699.268
699.312
699.342
699.372
699.401
699.433
699.479
699.517
699.547
699.576
699.606
699.641
699.672
699.712
699.751
699.781
699.811
699.841
699.871
699.901
699.941
699.971
700.012
700.051
700.086
700.116
700.145
700.176
700.215
700.245
700.276
700.305
700.337
700.376
700.408
700.447
700.487
700.526
700.557
700.6
700.636
700.666
700.706
700.737
700.776
700.806
700.836
700.866
700.905
700.941
700.97
701.001
701.031
701.062
701.101
701.142
701.181
701.221
701.251
701.292
701.333
701.371
701.401
701.431
701.471
701.501
701.531
701.572
701.601
701.631
701.661
701.692
701.732
701.762
701.792
701.822
701.852
701.893
701.933
701.963
701.993
702.033
702.063
702.093
702.123
702.162
702.193
702.223
702.263
702.302
702.332
702.362
702.393
702.423
702.453
702.483
702.514
702.553
702.583
702.614
702.653
702.683
702.713
702.745
702.783
702.813
702.843
702.874
702.916
702.953
702.983
703.012
703.042
703.072
703.102
703.134
703.173
703.213
703.253
703.284
703.323
703.353
703.382
703.413
703.443
703.472
703.503
703.533
703.578
703.608
703.638
703.668
703.699
703.738
703.783
703.823
703.853
703.883
703.913
703.943
703.973
704.003
704.043
704.074
704.104
704.134
704.165
704.204
704.234
704.264
704.293
704.324
704.354
704.384
704.415
704.444
704.475
704.505
704.534
704.565
704.594
704.625
704.655
704.685
704.716
704.754
704.784
704.814
704.845
704.875
704.904
704.935
704.965
705.005
705.044
705.085
705.124
705.164
705.194
705.224
705.255
705.285
705.324
705.355
705.385
705.415
705.445
705.475
705.505
705.535
705.566
705.606
705.645
705.675
705.705
705.735
705.774
705.804
705.835
705.865
705.895
705.925
705.954
705.986
706.025
706.066
706.096
706.136
706.176
706.215
706.245
706.276
706.305
706.336
706.366
706.395
706.425
706.46
706.491
706.532
706.571
706.601
706.631
706.663
706.703
706.741
706.772
706.812
706.845
706.881
706.911
706.941
706.971
707.001
707.031
707.061
707.091
707.121
707.151
707.19
707.221
707.251
707.281
707.312
707.345
707.377
707.417
707.446
707.482
707.511
707.542
707.581
707.621
707.651
707.681
707.71
707.742
707.771
707.811
707.851
707.881
707.911
707.941
707.981
708.011
708.041
708.071
708.101
708.137
708.176
708.216
708.245
708.276
708.306
708.34
708.371
708.411
708.441
708.471
708.501
708.546
708.586
708.616
708.656
708.686
708.716
708.746
708.777
708.806
708.836
708.866
708.896
708.926
708.956
708.986
709.017
709.047
709.078
709.117
709.148
709.19
709.226
709.257
709.287
709.317
709.347
709.377
709.407
709.437
709.466
709.497
709.527
709.557
709.589
709.628
709.668
709.708
709.749
709.788
709.828
709.858
709.898
709.927
709.962
709.991
710.021
710.051
710.081
710.111
710.143
710.184
710.223
710.253
710.292
710.322
710.353
710.383
710.413
710.443
710.474
710.513
710.544
710.59
710.629
710.658
710.697
710.729
710.768
710.808
710.838
710.879
710.917
710.948
710.989
711.028
711.067
711.097
711.127
711.158
711.198
711.237
711.267
711.298
711.328
711.358
711.388
711.418
711.448
711.479
711.509
711.541
711.581
711.62
711.661
711.7
711.732
711.769
711.798
711.83
711.869
711.899
711.929
711.961
711.999
712.029
712.059
712.089
712.119
712.15
712.18
712.219
712.25
712.28
712.31
712.339
712.369
712.404
712.439
712.47
712.5
712.54
712.571
712.61
712.64
712.669
712.7
712.729
712.759
712.79
712.82
712.86
712.89
712.92
712.96
713.001
713.04
713.069
713.099
713.13
713.169
713.2
713.23
713.26
713.3
713.331
713.36
713.39
713.422
713.46
713.49
713.52
713.55
713.581
713.62
713.65
713.68
713.71
713.741
713.771
713.802
713.84
713.871
713.901
713.942
713.981
714.021
714.06
714.09
714.12
714.151
714.181
714.21
714.241
714.27
714.301
714.331
714.361
714.391
714.421
714.455
714.486
714.516
714.547
714.59
714.621
714.651
714.68
714.711
714.741
714.771
714.8
714.83
714.861
714.891
714.921
714.95
714.981
715.012
715.051
715.081
715.111
715.141
715.171
715.202
715.232
715.261
715.291
715.321
715.351
715.381
715.411
715.442
715.481
715.512
715.542
715.583
715.621
715.652
715.692
715.732
715.762
715.801
715.831
715.861
715.891
715.921
715.951
715.981
716.012
716.052
716.092
716.121
716.151
716.181
716.221
716.253
716.291
716.323
716.362
716.392
716.421
716.451
716.482
716.511
716.542
716.572
716.602
716.632
716.662
716.692
716.722
716.752
716.782
716.812
716.842
716.872
716.906
716.939
716.978
717.009
717.048
717.087
717.117
717.148
717.178
717.218
717.249
717.288
717.329
717.368
717.398
717.428
717.462
717.498
717.528
717.559
717.589
717.619
717.651
717.689
717.729
717.759
717.789
717.819
717.858
717.889
717.919
717.95
717.993
718.023
718.054
718.093
718.123
718.154
718.184
718.224
718.264
718.303
718.345
718.384
718.413
718.445
718.484
718.513
718.55
718.589
718.619
718.648
718.68
718.719
718.749
718.779
718.81
718.839
718.869
718.899
718.929
718.959
718.989
719.022
719.059
719.089
719.13
719.16
719.2
719.24
719.28
719.319
719.358
719.388
719.418
719.448
719.488
719.518
719.558
719.599
719.637
719.667
719.697
719.727
719.758
719.788
719.818
719.849
719.879
719.908
719.941
719.978
720.018
720.051
720.089
720.128
720.158
720.188
720.22
720.255
720.285
720.323
720.354
720.396
720.435
720.474
720.503
720.533
720.564
720.594
720.624
720.653
720.684
720.724
720.754
720.785
720.824
720.854
720.885
720.915
720.945
720.975
721.005
721.035
721.075
721.122
721.159
721.189
721.22
721.25
721.279
721.31
721.34
721.369
721.401
721.44
721.47
721.5
721.53
721.56
721.59
721.62
721.65
721.69
721.72
721.75
721.79
721.82
721.85
721.88
721.91
721.94
721.971
722.002
722.04
722.074
722.111
722.141
722.171
722.218
722.256
722.288
722.326
722.356
722.385
722.417
722.456
722.496
722.526
722.556
722.585
722.616
722.645
722.676
722.705
722.736
722.766
722.796
722.826
722.856
722.886
722.925
722.956
722.995
723.026
723.056
723.095
723.139
723.169
723.2
723.229
723.26
723.29
723.33
723.371
723.412
723.451
723.49
723.519
723.549
723.58
723.614
723.646
723.676
723.716
723.756
723.797
723.835
723.865
723.895
723.925
723.955
723.986
724.03
724.06
724.09
724.12
724.153
724.19
724.22
724.25
724.281
724.312
724.352
724.392
724.421
724.451
724.482
724.512
724.552
724.582
724.612
724.642
724.672
724.702
724.744
724.783
724.822
724.852
724.881
724.912
724.942
724.972
725.001
725.035
725.073
725.102
725.133
725.164
725.194
725.233
725.262
725.293
725.323
725.354
725.393
725.423
725.453
725.484
725.524
725.553
725.583
725.613
725.643
725.681
725.718
725.748
725.783
725.813
725.842
725.873
725.903
725.933
725.963
725.996
726.033
726.063
726.093
726.123
726.163
726.192
726.222
726.254
726.293
726.323
726.353
726.382
726.415
726.454
726.483
726.513
726.543
726.578
726.608
726.642
726.678
726.708
726.738
726.769
726.808
726.838
726.868
726.898
726.928
726.958
726.988
727.017
727.048
727.078
727.107
727.138
727.167
727.198
727.228
727.269
727.308
727.349
727.388
727.429
727.468
727.498
727.529
727.567
727.599
727.638
727.668
727.699
727.729
727.769
727.799
727.839
727.869
727.91
727.949
727.988
728.019
728.049
728.089
728.125
728.165
728.204
728.234
728.264
728.304
728.344
728.384
728.414
728.444
728.475
728.504
728.534
728.564
728.594
728.624
728.656
728.695
728.725
728.755
728.784
728.815
728.849
728.88
728.91
728.941
728.97
729
729.03
729.06
729.09
729.12
729.15
729.181
729.211
729.241
729.271
729.301
729.361
729.391
729.421
729.451
729.481
729.511
729.54
729.571
729.6
729.631
729.661
729.69
729.722
729.751
729.792
729.831
729.861
729.895
729.93
729.961
729.991
730.032
730.071
730.101
730.131
730.161
730.191
730.221
730.251
730.281
730.311
730.341
730.37
730.4
730.431
730.461
730.491
730.521
730.551
730.581
730.611
730.641
730.671
730.701
730.731
730.76
730.791
730.821
730.851
730.88
730.912
730.951
730.981
731.013
731.051
731.081
731.112
731.141
731.171
731.211
731.241
731.271
731.301
731.331
731.361
731.401
731.431
731.473
731.511
731.552
731.591
731.621
731.656
731.686
731.716
731.746
731.776
731.806
731.836
731.876
731.909
731.949
731.987
732.027
732.057
732.091
732.127
732.158
732.197
732.227
732.266
732.296
732.327
732.358
732.398
732.427
732.457
732.487
732.517
732.547
732.577
732.606
732.637
732.667
732.697
732.732
732.762
732.792
732.822
732.852
732.882
732.912
732.942
732.982
733.012
733.042
733.073
733.102
733.132
733.162
733.192
733.222
733.253
733.282
733.313
733.343
733.373
733.413
733.443
733.473
733.513
733.543
733.574
733.613
733.653
733.683
733.713
733.755
733.793
733.823
733.853
733.883
733.914
733.944
733.989
734.019
734.049
734.084
734.114
734.144
734.174
734.203
734.234
734.265
734.304
734.334
734.374
734.404
734.433
734.463
734.495
734.535
734.577
734.614
734.644
734.674
734.704
734.734
734.764
734.794
734.825
734.855
734.885
734.915
734.946
734.991
735.03
735.061
735.1
735.129
735.161
735.199
735.229
735.266
735.304
735.334
735.364
735.394
735.424
735.453
735.484
735.513
735.544
735.574
735.604
735.635
735.674
735.704
735.734
735.764
735.794
735.833
735.864
735.894
735.924
735.954
735.984
736.013
736.043
736.074
736.104
736.144
736.175
736.214
736.245
736.289
736.331
736.37
736.41
736.445
736.475
736.505
736.535
736.566
736.604
736.635
736.675
736.716
736.755
736.785
736.814
736.849
736.879
736.91
736.94
736.97
737
737.04
737.08
737.11
737.14
737.17
737.2
737.231
737.261
737.302
737.341
737.383
737.421
737.462
737.501
737.531
737.57
737.6
737.632
737.662
737.691
737.721
737.753
737.791
737.821
737.852
737.882
737.912
737.942
737.972
738.002
738.031
738.061
738.094
738.132
738.163
738.202
738.241
738.273
738.313
738.353
738.392
738.422
738.452
738.482
738.512
738.542
738.573
738.611
738.641
738.671
738.701
738.732
738.763
738.801
738.831
738.863
738.901
738.931
738.962
738.991
739.021
739.052
739.092
739.123
739.162
739.192
739.222
739.264
739.301
739.352
739.383
739.413
739.442
739.472
739.502
739.532
739.562
739.593
739.623
739.653
739.683
739.713
739.743
739.784
739.83
739.868
739.898
739.928
739.968
740.008
740.038
740.079
740.118
740.148
740.189
740.228
740.267
740.297
740.337
740.377
740.407
740.437
740.467
740.497
740.539
740.569
740.608
740.647
740.678
740.708
740.738
740.768
740.798
740.829
740.859
740.889
740.92
740.959
740.998
741.028
741.059
741.089
741.119
741.149
741.179
741.21
741.249
741.289
741.319
741.349
741.379
741.409
741.439
741.469
741.499
741.529
741.559
741.588
741.619
741.649
741.68
741.709
741.739
741.769
741.799
741.829
741.861
741.899
741.929
741.958
741.989
742.019
742.052
742.091
742.13
742.169
742.202
742.239
742.28
742.318
742.348
742.378
742.409
742.439
742.469
742.499
742.528
742.559
742.599
742.629
742.659
742.688
742.718
742.75
742.779
742.815
742.844
742.875
742.914
742.944
742.974
743.005
743.044
743.074
743.104
743.134
743.164
743.194
743.225
743.266
743.304
743.336
743.376
743.414
743.443
743.473
743.504
743.543
743.573
743.604
743.643
743.674
743.703
743.734
743.766
743.804
743.834
743.864
743.894
743.929
743.959
743.995
744.024
744.055
744.085
744.115
744.15
744.18
744.212
744.25
744.28
744.309
744.36
744.39
744.427
744.465
744.505
744.535
744.566
744.605
744.649
744.685
744.726
744.756
744.796
744.825
744.855
744.885
744.914
744.945
744.975
745.008
745.045
745.075
745.105
745.137
745.176
745.206
745.239
745.27
745.3
745.341
745.381
745.41
745.44
745.473
745.511
745.554
745.59
745.62
745.651
745.683
745.721
745.761
745.791
745.831
745.861
745.891
745.934
745.971
746.001
746.031
746.061
746.091
746.121
746.151
746.186
746.217
746.247
746.277
746.306
746.337
746.37
746.409
746.448
746.487
746.517
746.548
746.591
746.622
746.652
746.692
746.722
746.752
746.792
746.839
746.877
746.917
746.946
746.976
747.007
747.04
747.077
747.107
747.147
747.186
747.222
747.252
747.281
747.312
747.342
747.382
747.412
747.442
747.483
747.522
747.562
747.592
747.622
747.652
747.683
747.725
747.762
747.792
747.824
747.862
747.892
747.932
747.962
747.992
748.022
748.052
748.083
748.122
748.152
748.182
748.212
748.242
748.273
748.312
748.346
748.382
748.412
748.443
748.473
748.502
748.532
748.562
748.592
748.623
748.662
748.693
748.723
748.753
748.783
748.813
748.843
748.873
748.902
748.933
748.967
749.003
749.033
749.063
749.093
749.122
749.153
749.182
749.216
749.254
749.295
749.333
749.363
749.397
749.428
749.469
749.508
749.538
749.567
749.598
749.631
749.669
749.708
749.738
749.768
749.798
749.833
749.863
749.893
749.934
749.974
750.013
750.043
750.074
750.104
750.146
750.184
750.224
750.256
750.294
750.324
750.364
750.397
750.434
750.464
750.494
750.524
750.564
750.604
750.645
750.685
750.714
750.745
750.774
750.804
750.834
750.864
750.895
750.93
750.959
750.989
751.019
751.049
751.079
751.12
751.159
751.199
751.229
751.268
751.298
751.328
751.358
751.388
751.428
751.458
751.489
751.518
751.548
751.578
751.608
751.639
751.669
751.699
751.729
751.76
751.792
751.829
751.861
751.89
751.92
751.95
751.98
752.01
752.041
752.079
752.115
752.146
752.175
752.205
752.235
752.266
752.296
752.326
752.355
752.385
752.416
752.445
752.475
752.505
752.536
752.565
752.596
752.636
752.675
752.705
752.735
752.773
752.81
752.84
752.87
752.91
752.94
752.971
753.01
753.051
753.09
753.13
753.161
753.201
753.24
753.27
753.3
753.33
753.36
753.39
753.42
753.45
753.48
753.51
753.541
753.572
753.601
753.631
753.661
753.691
753.721
753.752
753.795
753.831
753.87
753.9
753.93
753.96
753.991
754.02
754.05
754.08
754.11
754.141
754.172
754.211
754.241
754.271
754.302
754.331
754.361
754.39
754.421
754.451
754.483
754.513
754.552
754.582
754.611
754.641
754.673
754.702
754.732
754.762
754.792
754.822
754.852
754.882
754.912
754.942
754.974
755.012
755.042
755.073
755.112
755.142
755.173
755.202
755.232
755.262
755.292
755.322
755.352
755.382
755.413
755.453
755.482
755.513
755.554
755.594
755.633
755.663
755.704
755.743
755.774
755.813
755.852
755.892
755.922
755.952
755.992
756.025
756.062
756.093
756.127
756.157
756.188
756.227
756.257
756.288
756.318
756.348
756.378
756.423
756.454
756.483
756.512
756.545
756.579
756.609
756.639
756.668
756.698
756.729
756.769
756.799
756.829
756.869
756.899
756.928
756.958
756.989
757.019
757.049
757.079
757.115
757.144
757.174
757.204
757.234
757.264
757.294
757.324
757.364
757.394
757.423
757.461
757.499
757.529
757.56
757.6
757.629
757.659
757.688
757.719
757.749
757.779
757.808
757.839
757.868
757.898
757.928
757.957
757.987
758.028
758.058
758.089
758.131
758.168
758.198
758.228
758.258
758.289
758.32
758.358
758.388
758.419
758.449
758.488
758.519
758.559
758.598
758.628
758.658
758.688
758.718
758.749
758.781
758.819
758.849
758.879
758.909
758.94
758.969
759.012
759.049
759.079
759.109
759.139
759.169
759.199
759.229
759.258
759.289
759.319
759.365
759.404
759.434
759.475
759.515
759.544
759.575
759.605
759.635
759.675
759.706
759.745
759.776
759.817
759.855
759.885
759.915
759.945
759.976
760.015
760.045
760.075
760.105
760.135
760.165
760.195
760.225
760.255
760.285
760.315
760.345
760.376
760.415
760.445
760.476
760.505
760.536
760.565
760.595
760.626
760.656
760.696
760.725
760.756
760.787
760.826
760.856
760.886
760.918
760.956
760.996
761.025
761.056
761.086
761.117
761.156
761.186
761.226
761.255
761.286
761.316
761.346
761.376
761.406
761.436
761.466
761.495
761.526
761.556
761.586
761.616
761.646
761.678
761.716
761.746
761.781
761.811
761.841
761.873
761.915
761.945
761.976
762.006
762.036
762.066
762.096
762.126
762.156
762.186
762.225
762.256
762.298
762.336
762.379
762.416
762.457
762.496
762.528
762.568
762.606
762.636
762.667
762.706
762.736
762.766
762.805
762.836
762.866
762.905
762.935
762.966
762.996
763.027
763.066
763.096
763.126
763.156
763.189
763.227
763.267
763.296
763.336
763.367
763.401
763.441
763.473
763.511
763.55
763.581
763.61
763.641
763.671
763.703
763.742
763.771
763.801
763.832
763.871
763.901
763.932
763.971
764.002
764.032
764.072
764.101
764.132
764.162
764.192
764.223
764.262
764.292
764.322
764.368
764.398
764.428
764.458
764.487
764.518
764.548
764.589
764.619
764.659
764.698
764.728
764.759
764.789
764.818
764.849
764.879
764.918
764.949
764.978
765.009
765.048
765.078
765.108
765.138
765.168
765.199
765.229
765.258
765.288
765.319
765.348
765.379
765.412
765.449
765.478
765.509
765.543
765.58
765.626
765.664
765.694
765.724
765.753
765.784
765.814
765.844
765.874
765.914
765.954
765.984
766.014
766.044
766.074
766.104
766.134
766.164
766.194
766.225
766.265
766.304
766.335
766.365
766.404
766.434
766.464
766.495
766.525
766.565
766.596
766.625
766.655
766.695
766.725
766.755
766.785
766.815
766.844
766.875
766.904
766.934
766.964
766.995
767.024
767.054
767.084
767.124
767.154
767.184
767.214
767.245
767.274
767.315
767.354
767.385
767.415
767.454
767.486
767.532
767.57
767.6
767.63
767.661
767.701
767.74
767.782
767.821
767.86
767.89
767.92
767.95
767.981
768.02
768.05
768.08
768.11
768.14
768.17
768.21
768.24
768.27
768.301
768.34
768.383
768.419
768.449
768.48
768.51
768.54
768.571
768.6
768.63
768.661
768.7
768.73
768.761
768.79
768.825
768.854
768.885
768.916
768.946
768.975
769.015
769.045
769.075
769.105
769.135
769.166
769.196
769.226
769.255
769.286
769.317
769.355
769.406
769.436
769.466
769.496
769.526
769.555
769.585
769.615
769.646
769.676
769.708
769.748
769.785
769.816
769.857
769.896
769.926
769.956
769.986
770.016
770.046
770.076
770.106
770.136
770.167
770.207
770.236
770.266
770.296
770.326
770.356
770.387
770.429
770.467
770.508
770.548
770.577
770.617
770.647
770.687
770.727
770.767
770.797
770.836
770.867
770.897
770.927
770.958
770.997
771.027
771.066
771.096
771.13
771.167
771.207
771.236
771.267
771.297
771.337
771.367
771.398
771.427
771.457
771.488
771.528
771.558
771.588
771.618
771.648
771.682
771.72
771.765
771.804
771.833
771.863
771.894
771.933
771.963
771.993
772.024
772.055
772.085
772.124
772.154
772.186
772.224
772.255
772.285
772.324
772.364
772.395
772.434
772.464
772.494
772.524
772.554
772.584
772.614
772.643
772.674
772.704
772.744
772.774
772.804
772.834
772.864
772.894
772.923
772.953
772.985
773.024
773.054
773.084
773.124
773.155
773.187
773.224
773.255
773.285
773.315
773.345
773.375
773.405
773.445
773.475
773.504
773.534
773.564
773.602
773.639
773.669
773.699
773.729
773.761
773.799
773.829
773.859
773.889
773.918
773.949
773.978
774.009
774.038
774.07
774.113
774.151
774.19
774.23
774.269
774.299
774.33
774.36
774.39
774.43
774.459
774.489
774.519
774.549
774.579
774.609
774.64
774.67
774.7
774.73
774.76
774.8
774.83
774.86
774.889
774.919
774.949
774.979
775.009
775.039
775.069
775.099
775.129
775.161
775.2
775.23
775.262
775.302
775.34
775.371
775.411
775.45
775.48
775.52
775.55
775.58
775.612
775.652
775.69
775.73
775.76
775.791
775.821
775.851
775.881
775.911
775.953
775.991
776.021
776.061
776.102
776.141
776.171
776.201
776.243
776.281
776.323
776.361
776.391
776.421
776.462
776.501
776.531
776.561
776.601
776.64
776.671
776.701
776.731
776.761
776.791
776.822
776.862
776.892
776.931
776.961
776.991
777.02
777.052
777.092
777.122
777.162
777.194
777.232
777.262
777.295
777.333
777.372
777.402
777.432
777.462
777.492
777.523
777.552
777.582
777.612
777.642
777.672
777.702
777.732
777.763
777.794
777.832
777.863
777.899
777.942
777.976
778.014
778.043
778.073
778.114
778.153
778.183
778.213
778.246
778.282
778.313
778.343
778.376
778.412
778.444
778.482
778.514
778.552
778.583
778.613
778.643
778.673
778.714
778.752
778.781
778.812
778.842
778.872
778.902
778.933
778.962
779.002
779.032
779.062
779.093
779.135
779.173
779.212
779.243
779.273
779.303
779.336
779.399
779.438
779.468
779.498
779.528
779.557
779.588
779.628
779.658
779.688
779.727
779.757
779.788
779.827
779.867
779.898
779.938
779.968
779.997
780.028
780.068
780.107
780.137
780.167
780.207
780.237
780.267
780.297
780.328
780.358
780.388
780.417
780.447
780.477
780.507
780.539
780.578
780.608
780.648
780.678
780.709
780.748
780.778
780.808
780.838
780.868
780.898
780.928
780.958
780.988
781.018
781.048
781.078
781.108
781.138
781.168
781.21
781.248
781.278
781.308
781.338
781.369
781.399
781.439
781.469
781.509
781.539
781.569
781.6
781.629
781.66
781.7
781.729
781.759
781.79
781.82
781.85
781.88
781.91
781.945
781.975
782.005
782.035
782.065
782.095
782.125
782.155
782.185
782.215
782.245
782.275
782.305
782.335
782.366
782.405
782.435
782.465
782.495
782.526
782.565
782.595
782.625
782.655
782.686
782.725
782.756
782.795
782.825
782.867
782.907
782.945
782.975
783.005
783.042
783.081
783.12
783.149
783.18
783.21
783.24
783.28
783.309
783.339
783.37
783.414
783.444
783.474
783.505
783.535
783.577
783.616
783.656
783.695
783.726
783.755
783.785
783.816
783.846
783.876
783.906
783.937
783.976
784.007
784.037
784.066
784.096
784.127
784.156
784.187
784.217
784.246
784.277
784.307
784.337
784.382
784.411
784.445
784.482
784.512
784.542
784.572
784.601
784.632
784.662
784.692
784.722
784.752
784.782
784.812
784.841
784.872
784.902
784.932
784.961
784.993
785.032
785.072
785.102
785.135
785.172
785.203
785.232
785.263
785.292
785.323
785.353
785.382
785.421
785.452
785.489
785.527
785.557
785.586
785.617
785.657
785.687
785.717
785.747
785.778
785.817
785.847
785.877
785.908
785.946
785.976
786.012
786.042
786.072
786.102
786.132
786.162
786.192
786.224
786.262
786.293
786.332
786.366
786.397
786.427
786.457
786.487
786.527
786.557
786.586
786.617
786.647
786.686
786.717
786.757
786.787
786.817
786.857
786.887
786.917
786.947
786.977
787.01
787.049
787.087
787.118
787.147
787.177
787.207
787.237
787.267
787.297
787.327
787.358
787.387
787.417
787.448
787.478
787.519
787.549
787.589
787.63
787.669
787.701
787.745
787.783
787.813
787.843
787.872
787.903
787.933
787.963
787.996
788.034
788.063
788.094
788.136
788.178
788.209
788.241
788.279
788.309
788.343
788.379
788.415
788.454
788.484
788.514
788.544
788.577
788.616
788.655
788.695
788.734
788.764
788.793
788.824
788.854
788.884
788.914
788.95
788.99
789.029
789.059
789.09
789.119
789.15
789.179
789.211
789.25
789.28
789.31
789.34
789.37
789.41
789.44
789.47
789.5
789.53
789.56
789.59
789.62
789.65
789.69
789.72
789.76
789.79
789.82
789.849
789.879
789.911
789.951
789.982
790.02
790.051
790.092
790.139
790.176
790.206
790.236
790.266
790.307
790.347
790.386
790.416
790.446
790.476
790.506
790.536
790.58
790.61
790.641
790.68
790.709
790.74
790.77
790.801
790.84
790.881
790.92
790.951
790.99
791.02
791.05
791.08
791.11
791.153
791.191
791.231
791.269
791.3
791.34
791.37
791.41
791.44
791.475
791.505
791.536
791.575
791.605
791.646
791.676
791.706
791.736
791.775
791.805
791.836
791.876
791.906
791.946
791.976
792.006
792.036
792.065
792.096
792.126
792.157
792.197
792.236
792.267
792.305
792.335
792.366
792.397
792.436
792.466
792.501
792.53
792.561
792.591
792.621
792.651
792.681
792.711
792.741
792.771
792.801
792.831
792.861
792.892
792.921
792.952
792.983
793.023
793.071
793.107
793.137
793.177
793.207
793.237
793.267
793.298
793.337
793.368
793.407
793.437
793.467
793.497
793.537
793.567
793.597
793.637
793.666
793.698
793.737
793.767
793.797
793.827
793.857
793.887
793.916
793.947
793.991
794.022
794.052
794.081
794.118
794.157
794.187
794.217
794.247
794.277
794.307
794.337
794.366
794.398
794.438
794.479
794.518
794.553
794.582
794.613
794.643
794.674
794.712
794.743
794.775
794.814
794.843
794.873
794.903
794.933
794.963
794.993
795.025
795.064
795.094
795.124
795.154
795.184
795.217
795.254
795.284
795.313
795.344
795.374
795.404
795.434
795.463
795.494
795.524
795.555
795.584
795.614
795.643
795.674
795.704
795.733
795.765
795.804
795.834
795.864
795.893
795.924
795.954
795.984
796.014
796.044
796.075
796.114
796.144
796.174
796.203
796.234
796.264
796.294
796.324
796.354
796.384
796.414
796.454
796.494
796.524
796.554
796.585
796.615
796.645
796.675
796.715
796.745
796.776
796.815
796.845
796.875
796.905
796.935
796.965
796.995
797.024
797.055
797.085
797.115
797.144
797.174
797.205
797.236
797.265
797.295
797.325
797.355
797.385
797.415
797.445
797.48
797.511
797.551
797.591
797.62
797.651
797.691
797.734
797.771
797.811
797.842
797.88
797.91
797.94
797.97
798
798.03
798.061
798.09
798.121
798.151
798.181
798.216
798.246
798.275
798.309
798.346
798.377
798.416
798.446
798.476
798.506
798.536
798.566
798.597
798.626
798.655
798.686
798.72
798.758
798.788
798.828
798.866
798.907
798.947
798.977
799.016
799.046
799.077
799.107
799.137
799.166
799.197
799.236
799.27
799.336
799.397
