0.000733875
0.00361905
0.000388809
0.00179316
0.0125511
0.0154772
0.00107454
0.00132491
0.00188188
0.0112342
0.0145009
0.00122477
0.000589133
0.00161137
0.000768415
0.000480521
0.000819605
0.00117723
0.0015078
0.000650554
0.00429627
0.00148867
0.00108343
0.011068
0.00299265
0.000946162
0.00431641
0.000572521
0.0106373
0.000513748
0.0238159
0.00472663
0.000528128
0.00492682
0.00352675
0.00106581
0.000506934
0.000664948
0.00504414
0.0144588
0.00265103
0.00080819
0.000595011
0.0129311
0.011616
0.000328997
0.000580728
0.0127028
0.000995809
0.000385751
0.00065552
0.00085139
0.0104149
0.00130426
0.000635345
0.0109747
0.0143621
0.0109023
0.00146229
0.00477019
0.00464867
0.000601383
0.00831251
0.00511977
0.00714699
0.00957276
0.00196526
0.000452808
0.00118547
0.00396804
0.00469963
0.000662554
0.00046738
0.000695496
0.000633776
0.000373952
0.000485545
0.000380742
0.000142199
0.0122799
0.000482401
0.00982251
0.00706155
0.000670173
0.00137718
0.00484949
0.0197267
0.000960875
0.000224855
0.00031423
0.000674596
0.00630514
0.00110973
0.000531403
0.000531762
0.000672713
0.00815879
0.000793715
0.0135645
0.00120428
0.00695675
0.00272592
0.000884196
0.011147
0.0131144
0.00697228
0.000469238
0.00627126
0.00048446
0.000701253
0.000974172
0.00583824
0.000774804
0.000921594
0.00569589
0.000494996
0.000522427
0.000493853
0.00392633
0.00204084
0.000296914
0.00745014
0.00033125
0.000325149
0.000244383
0.00314455
0.000475359
0.000567778
0.00116636
0.00373229
0.000911164
0.00144135
0.00280926
0.00114097
0.00110869
0.00103135
0.00102346
0.000753628
0.00176738
0.00155498
0.00131354
0.000742639
0.000846398
0.00131809
0.000465794
0.000722736
0.000455663
0.000465043
0.000493793
0.000513765
0.000418325
0.000558679
0.000581068
0.00853373
0.000762841
0.00233261
0.00698279
0.00294132
0.00553761
0.000518285
0.000914242
0.00600394
0.00126877
0.00228008
0.000978327
0.000580707
0.000647325
0.000740801
0.000604367
0.00413793
0.0053925
0.000355972
0.000456541
0.00350539
0.000950779
0.000745278
0.000598836
0.000704107
0.000741668
0.011936
0.00108668
0.000699656
0.00038028
0.00321116
0.00053972
0.000524842
0.00264252
0.00707669
0.00614231
0.0017125
0.00323869
0.00396963
0.012632
0.0213645
0.000641953
0.000689891
0.025982
0.00471748
0.000485224
0.000576219
0.00100245
0.000912538
0.00113403
0.00115424
0.00031765
0.000409098
0.000612557
0.000451884
0.000669964
0.0379099
0.014336
0.00785338
0.00604827
0.0254121
0.0030544
0.00324094
0.00241698
0.00846387
0.000929994
0.00116455
0.00255483
0.00372161
0.00193848
0.00593815
0.00237646
0.00100641
0.000904727
0.00321854
0.000250166
0.000515355
0.000756338
0.000714792
0.000542593
0.0224749
0.0206
0.0202675
0.0201041
0.020038
0.0203519
0.020197
0.0203937
0.0241057
0.0205084
0.0201474
0.0202166
0.0202257
0.020512
0.0199009
0.020073
0.0203785
0.020989
0.020247
0.0202718
0.0266878
0.0221187
0.0205091
0.0204384
0.0204641
0.0207512
0.0204838
0.020443
0.0206521
0.0206384
0.0207687
0.0204782
0.0202676
0.0205979
0.0204375
0.020378
0.0204734
0.0202429
0.0203635
0.0205988
0.0208126
0.0208166
0.02038
0.0203345
0.0201851
0.0203138
0.0204623
0.0203434
0.0203181
0.0203589
0.0203424
0.0272126
0.020838
0.0211846
0.0207795
0.0205106
0.0203655
0.0204206
0.0205355
0.0204409
0.0203933
0.020646
0.0203092
0.0210966
0.0206161
0.0205768
0.0208153
0.0207471
0.0204029
0.0239704
0.0204373
0.0205211
0.0209849
0.0203506
0.0205749
0.0202995
0.020916
0.0204299
0.0202592
0.0205914
0.020296
0.0205276
0.0205842
0.0207221
0.0238505
0.0209848
0.0205592
0.0205546
0.0203587
0.0203879
0.020232
0.0201956
0.020126
0.0203064
0.0203424
0.0206198
0.0205977
0.0204332
0.0204603
0.0205059
0.0203161
0.0204025
0.0203685
0.020703
0.0203908
0.0203084
0.0216766
0.0201581
0.0205225
0.0201189
0.0201493
0.0200564
0.0201068
0.0202772
0.0203531
0.0270106
0.0239255
0.0204579
0.0204331
0.0203722
0.0207976
0.0203753
0.0202721
0.0202652
0.0202528
0.0203435
0.0203758
0.0202614
0.0232752
0.0207266
0.0206234
0.0230073
0.0203982
0.0204132
0.0255731
0.0205821
0.0201898
0.0204218
0.0205641
0.02033
0.0205526
0.0203985
0.0205597
0.0205834
0.0204317
0.0205446
0.0203821
0.021727
0.020544
0.0204938
0.0202643
0.0205981
0.0204166
0.0203539
0.0205076
0.020668
0.0203775
0.0202603
0.0211127
0.0203256
0.0203048
0.0205038
0.0213676
0.0203972
0.0201459
0.0205402
0.0204648
0.0202778
0.0204061
0.0202515
0.0215225
0.0205199
0.020394
0.0207456
0.0204164
0.021143
0.0203533
0.020367
0.0204599
0.0204173
0.0205792
0.0204899
0.0221277
0.0204446
0.0251784
0.0199272
0.0205878
0.0201642
0.0201029
0.0205215
0.0205679
0.0204741
0.020648
0.0202977
0.0201694
0.0230988
0.0203714
0.020347
0.0204304
0.0205377
0.0201439
0.0201653
0.0202443
0.0204111
0.0202906
0.0202916
0.0204902
0.0203057
0.0202402
0.0203663
0.020436
0.0203514
0.0204609
0.0204168
0.0202933
0.0202816
0.0206537
0.0204454
0.0203234
0.0202911
0.0202094
0.020347
0.0204318
0.0198889
0.0203542
0.0203983
0.0243246
0.0207873
0.020073
0.0201455
0.0203368
0.0203523
0.0213876
0.0201139
0.0204309
0.0201569
0.020471
0.0204067
0.02048
0.022055
0.0206068
0.0204445
0.0204244
0.0217037
0.0204464
0.0202179
0.0203778
0.0204401
0.0202362
0.0207356
0.0266191
0.0207043
0.0212905
0.0205263
0.0204889
0.0203678
0.0203211
0.0205122
0.0206224
0.0207868
0.0203408
0.0204942
0.0203571
0.0261937
0.02052
0.0203057
0.0203748
0.0204707
0.0204778
0.0200834
0.0202736
0.0201777
0.0215791
0.0204312
0.0202232
0.0203891
0.0203441
0.0203192
0.0204264
0.0202362
0.0202139
0.0204519
0.0205431
0.020465
0.0203923
0.0203907
0.0203554
0.0203394
0.0203722
0.0202118
0.0201316
0.0204989
0.0200935
0.0202135
0.0203514
0.0200439
0.0204403
0.0203544
0.020392
0.0203549
0.0229436
0.0213627
0.020559
0.0204814
0.0201404
0.0203847
0.0204187
0.0204769
0.0205075
0.0204599
0.0204042
0.0204091
0.0210585
0.0206081
0.0207032
0.0226192
0.0205601
0.0204986
0.0203177
0.0201306
0.0201464
0.0202615
0.0202837
0.0203489
0.0203493
0.0203648
0.0319615
0.0224248
0.0204511
0.0202193
0.0202361
0.0204212
0.0204428
0.0207444
0.0205478
0.0201724
0.0202921
0.0203975
0.0203813
0.0201032
0.0201947
0.0203006
0.0204607
0.0204452
0.0202276
0.0202191
0.0203178
0.0201292
0.0216259
0.0206144
0.0204858
0.0203678
0.027881
0.0203348
0.0202201
0.0203117
0.0202224
0.0201899
0.0203335
0.0203583
0.0203395
0.020604
0.0207968
0.020174
0.0201791
0.0202613
0.020124
0.0199728
0.0201714
0.0202072
0.0203209
0.0204088
0.0203793
0.0202729
0.0217159
0.0206111
0.0203724
0.0202468
0.0202018
0.0202916
0.0200578
0.0202286
0.0203641
0.0204298
0.0205473
0.0203735
0.0229153
0.0238269
0.0203732
0.0205936
0.0203655
0.020422
0.0205771
0.0293112
0.0217784
0.0206085
0.0215448
0.0203269
0.0205419
0.0203398
0.0206165
0.0221435
0.0204225
0.0204304
0.0201534
0.0204662
0.0205393
0.0202928
0.0200563
0.0200783
0.0204153
0.0203571
0.0204946
0.022088
0.0250056
0.0202285
0.020271
0.020282
0.0203524
0.0206072
0.0206377
0.0213033
0.0206153
0.0203237
0.0205341
0.0203671
0.0204938
0.0200226
0.0203344
0.0203486
0.020317
0.0231316
0.0208486
0.0203925
0.0204417
0.020715
0.0203535
0.0204055
0.0203034
0.0203935
0.0210533
0.0204975
0.0202275
0.0201581
0.0203161
0.024914
0.0202337
0.0230228
0.0263715
0.0203648
0.0202686
0.020357
0.0207411
0.0204103
0.0202675
0.0205983
0.0205438
0.0206518
0.0201776
0.0201435
0.0203639
0.0205875
0.0201564
0.0202306
0.0203904
0.020574
0.0207682
0.0201976
0.0203578
0.0203155
0.0200903
0.0204949
0.0204119
0.0206532
0.0204119
0.0206193
0.0200666
0.0202452
0.020102
0.020416
0.0203232
0.0203983
0.0229842
0.0202617
0.0202332
0.0205474
0.0206217
0.0205172
0.0202666
0.0203657
0.0202921
0.0202496
0.0203596
0.0204978
0.0203012
0.0199978
0.0201416
0.0201726
0.0201877
0.0203204
0.0204276
0.0203744
0.0201117
0.0204447
0.0204771
0.0203679
0.0205485
0.0202311
0.020397
0.0204827
0.0203918
0.0203741
0.0203085
0.0202293
0.0203354
0.0203373
0.0203925
0.0205255
0.0205513
0.0203715
0.0204009
0.0203028
0.0206148
0.0203923
0.020423
0.0204633
0.0201092
0.0202982
0.021275
0.0238195
0.0204573
0.0236049
0.0202627
0.0202535
0.0201778
0.0203601
0.0202519
0.0202473
0.0203229
0.0201783
0.0203317
0.0239291
0.0206635
0.0240978
0.0211665
0.0203513
0.0203342
0.0204756
0.0204279
0.0203643
0.0204998
0.02556
0.0205204
0.0204386
0.0206995
0.02092
0.0216607
0.020341
0.0210048
0.0210038
0.021465
0.0209556
0.020566
0.0202182
0.0204279
0.0202508
0.020395
0.0206823
0.0204659
0.020583
0.0202567
0.0200376
0.0202384
0.0203216
0.0203015
0.0204694
0.0205048
0.0204182
0.020448
0.0205602
0.0205464
0.0204552
0.0203671
0.0202596
0.020501
0.0203136
0.0205804
0.0201547
0.0218448
0.0214567
0.0203792
0.0203409
0.0203542
0.0208141
0.0205261
0.0204412
0.0203246
0.0208663
0.0202505
0.0201641
0.0201908
0.0205024
0.0202739
0.0205096
0.0202746
0.0205013
0.0204065
0.0212178
0.0203413
0.0203819
0.020176
0.0203697
0.0200757
0.0204737
0.0237385
0.0204868
0.020315
0.0202388
0.0202044
0.0203098
0.0203495
0.0207141
0.0206368
0.0203765
0.0202999
0.0204241
0.0318147
0.0221571
0.0203468
0.0203252
0.0207444
0.0206541
0.0203552
0.020462
0.0203477
0.0206546
0.0202251
0.0204313
0.0204938
0.0200551
0.0202945
0.0203621
0.0205342
0.0203622
0.0207062
0.0206639
0.0204022
0.0204435
0.0202594
0.0203725
0.0205175
0.0204273
0.0201723
0.0204963
0.0205194
0.022235
0.0202899
0.0204984
0.0205488
0.0264532
0.020469
0.0202995
0.0202283
0.0202416
0.0203457
0.0215461
0.0222045
0.0202106
0.0202368
0.0203592
0.0202585
0.0199666
0.0203458
0.0202925
0.0202587
0.0201767
0.0204192
0.0204347
0.0203548
0.0202988
0.0206866
0.0222056
0.0207819
0.0205437
0.0205485
0.0205191
0.0213923
0.0204376
0.0204549
0.0206001
0.0205389
0.0202883
0.0203212
0.0203374
0.0216068
0.0206028
0.0202472
0.0202958
0.0205474
0.0203229
0.0201951
0.0204804
0.0204961
0.0205918
0.0200225
0.0203286
0.0205775
0.0204149
0.0204547
0.0203307
0.0202762
0.0202337
0.0205895
0.0213391
0.0205063
0.0204999
0.0203828
0.020257
0.0206014
0.0206789
0.0205821
0.0201757
0.0200974
0.0201919
0.0202664
0.0203318
0.0204615
0.0201953
0.020369
0.0225071
0.0204476
0.0202386
0.0203172
0.0203929
0.0201054
0.0204388
0.0212252
0.0201232
0.0201144
0.0204525
0.0204536
0.0207214
0.0207028
0.0202189
0.020284
0.0201631
0.0202898
0.0203625
0.0201972
0.0204649
0.0201652
0.0205371
0.0206519
0.0201883
0.0204887
0.02024
0.0203602
0.0203161
0.0205283
0.020293
0.0203913
0.0200534
0.0203234
0.0208686
0.0203055
0.0206398
0.0206215
0.020502
0.0202063
0.0219807
0.0205805
0.020098
0.0201855
0.0237189
0.02056
0.020407
0.0201608
0.0202152
0.0203998
0.0206097
0.0204018
0.0203932
0.0202535
0.0205694
0.0201581
0.0202645
0.0202891
0.0205653
0.0203616
0.0203355
0.0202108
0.0199832
0.0203176
0.0201689
0.0202659
0.0201841
0.0203158
0.0203859
0.0204748
0.0201658
0.0203086
0.0204413
0.0204008
0.0202599
0.0201712
0.0203
0.020166
0.0202599
0.0201872
0.020325
0.0201975
0.0204654
0.0202534
0.0201582
0.0216184
0.0203427
0.0205295
0.0205753
0.0203208
0.0206714
0.020597
0.0203582
0.0205757
0.0205091
0.020096
0.0201385
0.0200873
0.0204751
0.0213636
0.0204498
0.0200373
0.0204331
0.0200999
0.0203558
0.0203204
0.020374
0.0206903
0.0207015
0.0203365
0.0204255
0.0204736
0.0233375
0.020653
0.020315
0.0207133
0.0204794
0.0203286
0.0205578
0.0204116
0.0204063
0.0205379
0.020403
0.0204443
0.0203064
0.0204459
0.020395
0.0202421
0.0202825
0.0203319
0.0227683
0.0205853
0.0272323
0.0205147
0.020256
0.0203311
0.0218786
0.0206691
0.0203884
0.0219855
0.0207003
0.0203247
0.0213625
0.0205444
0.0204678
0.0203445
0.020593
0.0203123
0.0204519
0.0203615
0.0204297
0.0200679
0.020459
0.020332
0.0206166
0.0205915
0.0202352
0.0205461
0.0204418
0.0202953
0.0203288
0.0256635
0.0203899
0.0208375
0.0204715
0.020124
0.0200576
0.0203099
0.0205029
0.0203215
0.022845
0.0206083
0.0269132
0.0207846
0.0204337
0.0204205
0.0206123
0.0230364
0.0205425
0.0206821
0.0219691
0.0202624
0.0228365
0.0216162
0.0207178
0.0202636
0.0202026
0.0205926
0.0200857
0.0202285
0.0200945
0.020481
0.0203021
0.0204383
0.023112
0.0206125
0.0202475
0.0201629
0.0203224
0.0202764
0.0204814
0.0205974
0.0203275
0.02146
0.0205131
0.0205834
0.0206808
0.0204084
0.0202991
0.0203189
0.0207039
0.0206292
0.0204454
0.0202599
0.0232753
0.0202875
0.0200174
0.0200219
0.0201566
0.0201498
0.0202614
0.0204237
0.0202778
0.0230691
0.0203728
0.0203547
0.0202225
0.0204955
0.0203738
0.0203412
0.0203616
0.0203041
0.0204655
0.0203633
0.0203096
0.0203458
0.0205343
0.0234399
0.0204749
0.0209231
0.0207743
0.0221076
0.0204106
0.0203364
0.0203763
0.0203371
0.0203739
0.0204005
0.0236878
0.0206481
0.020618
0.0208288
0.0204132
0.0206472
0.0209153
0.0219842
0.0208762
0.0204294
0.0202303
0.0205283
0.0201939
0.0206411
0.0204729
0.0203542
0.0203958
0.0203603
0.0206307
0.0204453
0.0204638
0.0203631
0.0200931
0.0247881
0.0208217
0.0204791
0.0208746
0.0209174
0.0203869
0.0206699
0.0201776
0.0205054
0.0202539
0.0203602
0.0200455
0.0202533
0.0206693
0.020397
0.0204338
0.0203959
0.0203604
0.0202855
0.0204487
0.0203022
0.0203148
0.0203036
0.0202767
0.0210248
0.0203355
0.0201571
0.0236553
0.0205476
0.0204298
0.0203277
0.0203581
0.0203784
0.0202989
0.0202691
0.0201098
0.0203892
0.0203217
0.020637
0.020801
0.0206217
0.0205139
0.0205421
0.0204669
0.0218298
0.0205946
0.020647
0.0205603
0.0217095
0.0206912
0.0203651
0.0206856
0.0203115
0.0203478
0.0205155
0.0206947
0.0201782
0.0204254
0.0203079
0.0201524
0.0213403
0.0201718
0.020256
0.0202151
0.0202368
0.0201145
0.0205211
0.0211496
0.0205125
0.0203526
0.0205218
0.0202627
0.02046
0.0203908
0.0205088
0.0205805
0.0206606
0.0207924
0.020483
0.0202512
0.0205294
0.0206366
0.0205188
0.0213972
0.0205719
0.0204301
0.0203535
0.0206873
0.0210325
0.0205826
0.020646
0.0203469
0.0204904
0.0205612
0.0203834
0.020261
0.0203012
0.0207655
0.0204572
0.0202685
0.0204696
0.0203456
0.0205672
0.0204693
0.0202792
0.0202318
0.0236779
0.0205869
0.0204182
0.0203225
0.0204998
0.0311585
0.0202448
0.0222084
0.0203784
0.0202612
0.0203542
0.020384
0.0204306
0.0202658
0.0201756
0.0204324
0.0202942
0.0204214
0.0202815
0.0204191
0.0204278
0.0204884
0.0203207
0.0203177
0.0202007
0.0201038
0.0200744
0.0202763
0.0201532
0.0202141
0.0202519
0.0202134
0.0202889
0.0202481
0.0201232
0.0202598
0.0206244
0.0205255
0.0203398
0.020346
0.0203545
0.0202701
0.0204565
0.0203785
0.0208119
0.02029
0.0202767
0.0201178
0.0201168
0.0205343
0.0206702
0.0207499
0.0269582
0.020738
0.0202773
0.0204167
0.0202749
0.0207075
0.020544
0.0203079
0.0202574
0.0202059
0.0202329
0.0203077
0.0203374
0.0236266
0.0206147
0.0203044
0.0202544
0.0202236
0.0204185
0.0221255
0.0204741
0.0204394
0.0204651
0.030624
0.020771
0.0205265
0.0208576
0.0207994
0.0209861
0.0205885
0.020247
0.0203035
0.0209982
0.0206764
0.0202468
0.0203033
0.0269345
0.0204105
0.0202335
0.0201086
0.0203248
0.0199092
0.0200146
0.0202589
0.0202018
0.0202053
0.0212014
0.0205053
0.0202654
0.0200988
0.0201266
0.0203442
0.0205568
0.0205459
0.0204991
0.0204209
0.0203703
0.0239317
0.0205755
0.0204888
0.0204334
0.0207844
0.0203624
0.0204457
0.0204697
0.0204834
0.0203601
0.0204354
0.020685
0.0204314
0.0201978
0.0201639
0.0204971
0.0202387
0.0204473
0.0202526
0.0200992
0.0201488
0.0205527
0.0206051
0.0217395
0.0211047
0.0203535
0.020675
0.0205567
0.0203412
0.0220714
0.0215537
0.0204491
0.0205881
0.0203398
0.0204332
0.0206834
0.0203232
0.0201635
0.0202611
0.0202399
0.0204928
0.0223757
0.0208641
0.020227
0.0202775
0.0204168
0.0204584
0.0204678
0.0205622
0.0204753
0.020348
0.0201569
0.0203224
0.0205181
0.0205652
0.0204355
0.0202286
0.0200329
0.0203399
0.0205071
0.0201485
0.0201712
0.0201286
0.0203644
0.0205349
0.0204174
0.0205135
0.0204911
0.0209762
0.0205968
0.0219574
0.0209219
0.0206701
0.0204282
0.0200683
0.0202956
0.020514
0.020708
0.0206215
0.0204607
0.0203408
0.0205594
0.0203224
0.0201724
0.020682
0.0203907
0.0202075
0.0203525
0.0203092
0.0205618
0.0203911
0.0203922
0.020648
0.0203114
0.0204709
0.020709
0.020735
0.0209224
0.0237934
0.0207199
0.0205063
0.0203766
0.0223022
0.0205863
0.0204502
0.0203657
0.0218056
0.0207374
0.0201644
0.0207581
0.0202737
0.0203769
0.0203328
0.0202783
0.0204717
0.0204898
0.0203999
0.020473
0.0201412
0.0202752
0.0203578
0.0201984
0.0204933
0.0199446
0.0202208
0.0200853
0.0202019
0.0202958
0.0202942
0.0200515
0.0203203
0.0201925
0.020196
0.0205003
0.0204772
0.0204615
0.0205036
0.0202661
0.0202393
0.0200289
0.0204951
0.0204953
0.0204063
0.0203244
0.0203088
0.0205737
0.0202955
0.0203289
0.0201576
0.0203271
0.0201507
0.020279
0.0201167
0.0202687
0.0204024
0.0200804
0.0201734
0.0203039
0.0203411
0.0205119
0.0204175
0.0207755
0.0204137
0.0203491
0.0218836
0.0234338
0.020548
0.0212413
0.0206377
0.0243207
0.0204397
0.0217475
0.0201688
0.02164
0.0231369
0.020447
0.0205106
0.0209437
0.0201509
0.0218864
0.0226548
0.0206716
0.0205879
0.0205023
0.0202551
0.0230463
0.0203549
0.0202696
0.0202822
0.0203436
0.0204014
0.0204567
0.0203889
0.0205141
0.0207715
0.0204308
0.0204367
0.020104
0.0201416
0.0202198
0.0204956
0.0203061
0.0204356
0.0204801
0.0205429
0.0204189
0.0208333
0.0205221
0.0205467
0.0202575
0.0200658
0.0255219
0.0204423
0.0201714
0.020231
0.0204475
0.0207534
0.0205065
0.0260023
0.0203423
0.0204145
0.0203591
0.0209819
0.0203296
0.0202208
0.0203978
0.0205752
0.0206481
0.0203047
0.020177
0.0208277
0.0205228
0.0213719
0.0207489
0.0203509
0.0203142
0.020314
0.0203412
0.0205499
0.0203913
0.0206685
0.0203218
0.0203207
0.0202788
0.0200522
0.0201307
0.0201667
0.0201041
0.0203068
0.0201158
0.0205424
0.02031
0.0203955
0.0203219
0.0215002
0.0205403
0.020518
0.0203949
0.0203366
0.0202455
0.0204751
0.0203236
0.020228
0.0203891
0.0204889
0.0201715
0.020544
0.0205395
0.0204976
0.0205395
0.0203414
0.0201833
0.0202718
0.0203047
0.0203139
0.0202674
0.0202609
0.0201675
0.0203076
0.0205223
0.0203051
0.0201524
0.0222846
0.0203833
0.0204516
0.0205151
0.0200817
0.0203721
0.0203863
0.0201245
0.0203756
0.0201213
0.0203532
0.0202972
0.020237
0.0218075
0.0206569
0.0203594
0.0205533
0.0202552
0.0203298
0.0204366
0.0200407
0.0201566
0.0202609
0.0203938
0.020321
0.0202206
0.0204665
0.0205086
0.0203633
0.0232902
0.0208971
0.0204632
0.0205288
0.0205738
0.0203139
0.0203595
0.0202384
0.0203644
0.0201667
0.0203301
0.0202568
0.0203738
0.0202634
0.0204717
0.0229113
0.0219365
0.0205389
0.0203655
0.0204115
0.0203561
0.0201164
0.0202581
0.0202264
0.0204308
0.0203266
0.0202817
0.0210163
0.0204607
0.0206703
0.0203974
0.0202594
0.0202205
0.020549
0.0202653
0.0202921
0.0218651
0.020576
0.0203756
0.0202394
0.0203747
0.0205037
0.0203803
0.0202368
0.0203614
0.0203503
0.0203228
0.0204371
0.0201725
0.0201315
0.0201813
0.0202533
0.0201924
0.0203715
0.0279895
0.0225108
0.0204736
0.0203462
0.0202787
0.0203793
0.0202202
0.0202937
0.021221
0.0217531
0.0201473
0.0203084
0.0204253
0.0206968
0.021598
0.0205727
0.020831
0.0203143
0.0205074
0.020415
0.020325
0.0271382
0.0206063
0.0207244
0.0202337
0.0206452
0.0282869
0.0204838
0.0205741
0.0204095
0.0203702
0.0205604
0.0215421
0.0205064
0.0207747
0.0206226
0.021768
0.0204089
0.020372
0.0204109
0.0204372
0.0203779
0.0204012
0.0202915
0.020596
0.0205652
0.0206394
0.0218885
0.0205945
0.0206586
0.0202229
0.0203452
0.0206377
0.020404
0.021184
0.0204758
0.0206346
0.0203175
0.0204973
0.0210481
0.0203046
0.0220816
0.0204658
0.0202109
0.0205831
0.020386
0.0203569
0.0228744
0.020502
0.0203449
0.0204602
0.0204739
0.020408
0.0202693
0.0205117
0.0206176
0.0201723
0.0209519
0.0205978
0.0206268
0.0205252
0.021618
0.0203439
0.0204571
0.0204333
0.0206371
0.0204459
0.0205182
0.0203475
0.0203531
0.0202523
0.0204303
0.0203575
0.0204778
0.0203897
0.0203978
0.0216941
0.0217051
0.0205078
0.0204343
0.0241415
0.0206408
0.0202829
0.0203497
0.0202911
0.0199916
0.0204236
0.0202823
0.0205474
0.0205097
0.0206255
0.0230188
0.0204124
0.020386
0.0204107
0.0201241
0.0203436
0.0201166
0.0201751
0.0218413
0.0203515
0.0210741
0.0206772
0.0204266
0.020419
0.0255627
0.0206888
0.0203755
0.020064
0.0207046
0.0205263
0.0206386
0.0212751
0.0204179
0.0223179
0.020722
0.0262664
0.0207013
0.0205805
0.0203501
0.0203725
0.0205099
0.0211513
0.0226794
0.028734
0.0205037
0.0217499
0.0204479
0.0204188
0.0202297
0.0245209
0.0204435
0.0205031
0.0203665
0.0203487
0.0203658
0.0205188
0.0204485
0.0201332
0.0202648
0.0204093
0.0206172
0.0205891
0.0203625
0.0204603
0.0240765
0.0204592
0.0205921
0.0210304
0.0206476
0.027538
0.0203985
0.0204535
0.0205126
0.0203101
0.0204101
0.0204839
0.0202122
0.0201166
0.0204406
0.0215983
0.0201928
0.0201682
0.0202923
0.0201971
0.020205
0.0202894
0.0204119
0.0204452
0.0204102
0.0201415
0.0203561
0.0203694
0.0203357
0.020635
0.0203813
0.0203031
0.020104
0.0208912
0.0249959
0.0208636
0.0207037
0.0204398
0.020218
0.0203407
0.0203835
0.0207645
0.0206277
0.0229243
0.0205107
0.0204443
0.0206698
0.0222285
0.0207911
0.0204711
0.02012
0.0199707
0.0202749
0.0205264
0.0203637
0.02052
0.0206077
0.0206324
0.0203903
0.0203812
0.0206405
0.0204745
0.0204394
0.0204403
0.0202743
0.0201067
0.0203309
0.0236615
0.0244197
0.0204006
0.0253559
0.0205704
0.0202754
0.0203473
0.0201381
0.0202494
0.0201776
0.02049
0.020215
0.0202987
0.0205953
0.0203201
0.0203036
0.0200106
0.0201942
0.0319408
0.0238272
0.020459
0.0202267
0.02032
0.0203137
0.0202381
0.0201751
0.0202446
0.0217336
0.0204916
0.0203745
0.0202882
0.0203982
0.0202453
0.0202139
0.0203228
0.0200418
0.0202831
0.0223423
0.0200961
0.0205535
0.020378
0.0204052
0.0204255
0.020444
0.0204115
0.0206569
0.0204573
0.02031
0.0206225
0.0237685
0.0204258
0.0205578
0.0204593
0.0206199
0.0204536
0.0203721
0.0203354
0.0234292
0.0201916
0.0202667
0.0202304
0.0202086
0.0204346
0.0205528
0.0204156
0.0202243
0.0203522
0.0201601
0.0203672
0.0202071
0.0203553
0.0201757
0.0202327
0.0203223
0.020114
0.0202968
0.0203385
0.0202162
0.0203724
0.0203535
0.0203153
0.0201859
0.0203712
0.020324
0.0250684
0.0201335
0.019962
0.020033
0.0200124
0.0201151
0.0201739
0.0204205
0.0203123
0.0205294
0.0204944
0.0203843
0.020376
0.0204979
0.0202475
0.0202366
0.0202074
0.020147
0.0204116
0.0219723
0.0204112
0.0205025
0.0203647
0.0202135
0.0206588
0.0223863
0.0203672
0.0204398
0.0204162
0.0203443
0.0247685
0.020386
0.0202813
0.0203616
0.0204786
0.0215603
0.020563
0.0205836
0.0213313
0.020884
0.0215305
0.02123
0.0205816
0.0204319
0.0206456
0.0216713
0.0208109
0.0203582
0.0203367
0.0209289
0.0205724
0.0205914
0.0206762
0.0207458
0.0209305
0.0203175
0.0204244
0.0205705
0.0203828
0.0203048
0.0205316
0.0202251
0.020414
0.0200574
0.0200494
0.0204194
0.0201908
0.0201117
0.0206043
0.0202108
0.0201728
0.0202739
0.02028
0.0203748
0.0203314
0.0202768
0.0216085
0.0203809
0.0202926
0.0202165
0.0201342
0.0202963
0.0204151
0.0206481
0.0205039
0.020564
0.0206094
0.0215452
0.0206464
0.0220369
0.0205036
0.0205414
0.0204205
0.0205433
0.0206697
0.0204871
0.0204749
0.021538
0.0206753
0.0204028
0.0202592
0.0204185
0.0203639
0.0205682
0.0202202
0.0203663
0.0222051
0.0204589
0.0203821
0.0201706
0.0205495
0.0205768
0.0205046
0.0206575
0.0263154
0.027622
0.0203461
0.0205131
0.0203202
0.020391
0.0202379
0.0203603
0.0202661
0.0203607
0.0204392
0.0204534
0.0204227
0.0202453
0.0202285
0.0204849
0.0203926
0.0202591
0.0203649
0.0205182
0.0202709
0.0204967
0.0229738
0.0205445
0.0224064
0.0206848
0.0206731
0.0256703
0.0202328
0.0201559
0.0202312
0.0204715
0.0204679
0.0203765
0.0204014
0.0203387
0.0201838
0.0206083
0.0207068
0.0206955
0.0204932
0.0204491
0.0202862
0.0206397
0.020423
0.0205631
0.0205066
0.0218537
0.0237089
0.021121
0.0216518
0.0206338
0.020666
0.0204909
0.0207733
0.0204991
0.0203956
0.0201963
0.0205539
0.0204987
0.0205705
0.0204577
0.0204089
0.0202676
0.0204531
0.0205714
0.0204024
0.0205449
0.0206737
0.0203599
0.0201501
0.020239
0.0203981
0.021314
0.0204482
0.0202879
0.0209068
0.0206274
0.0214645
0.0205853
0.0205196
0.0206473
0.0206218
0.0204737
0.0202884
0.0207243
0.0202991
0.0202209
0.0205054
0.0201652
0.0202465
0.0203246
0.0245686
0.0218694
0.0205978
0.0211413
0.0202841
0.0206545
0.0204826
0.020208
0.0203379
0.0207397
0.0202803
0.0203481
0.0205366
0.0206461
0.0204039
0.0203038
0.0201403
0.0204574
0.0202459
0.0201248
0.0201165
0.0202744
0.0206479
0.0207698
0.0203836
0.020432
0.0210072
0.0202799
0.0202412
0.0287159
0.0203546
0.0203748
0.0202823
0.0201687
0.0202181
0.0200769
0.0205093
0.0206446
0.0204535
0.0203017
0.0202299
0.0202874
0.0204026
0.0203593
0.0203418
0.020351
0.020453
0.0202393
0.0203717
0.0204358
0.0204695
0.0205374
0.0232498
0.020477
0.0202272
0.020506
0.0203544
0.0204775
0.0204019
0.0202832
0.0204149
0.0203485
0.0201593
0.020144
0.0201469
0.0202244
0.0204379
0.0203547
0.0201521
0.0301392
0.0204687
0.0205145
0.0205851
0.0208204
0.0205471
0.0206147
0.0206407
0.0205263
0.0203555
0.0202809
0.0208284
0.0206398
0.0213641
0.0204995
0.0208314
0.0201737
0.0202232
0.020416
0.0202683
0.0201983
0.0200185
0.0205834
0.0202679
0.0202177
0.0201354
0.0211039
0.0207008
0.02183
0.0203562
0.0226045
0.020495
0.0207716
0.0207347
0.0207615
0.0205794
0.0205174
0.0203884
0.0219278
0.0207844
0.0205406
0.0205679
0.0201322
0.0203519
0.0233378
0.0204343
0.0204156
0.0201197
0.0202113
0.0204017
0.0201374
0.0204196
0.0202534
0.020383
0.0231199
0.0205825
0.0204813
0.0202103
0.0206623
0.0219862
0.0218942
0.0206999
0.0208477
0.0202093
0.0204857
0.0205029
0.0204592
0.020681
0.0202063
0.0202655
0.0203312
0.0214888
0.0207961
0.0207093
0.0205898
0.0204044
0.0206159
0.0203813
0.024863
0.0233482
0.0203572
0.0203997
0.0201961
0.0201971
0.0206594
0.0207549
0.0203558
0.0204284
0.020504
0.0203976
0.0202499
0.020987
0.0205223
0.020261
0.0202276
0.0201337
0.0201543
0.0200483
0.0201083
0.020221
0.0204856
0.0203267
0.0200681
0.0201498
0.0201284
0.0199496
0.0200847
0.0202222
0.0204262
0.020465
0.0238467
0.0203588
0.0201755
0.020172
0.0201433
0.0202077
0.0203982
0.0205322
0.0202949
0.020406
0.0202918
0.0204341
0.0203316
0.0214104
0.0205182
0.0205506
0.0202862
0.0227
0.0204807
0.0219626
0.0206632
0.0206822
0.0203909
0.0209694
0.020733
0.0209436
0.0207048
0.0273909
0.020435
0.0203596
0.0207081
0.0205027
0.0204356
0.0203867
0.0204623
0.0203578
0.0202431
0.0204278
0.0203602
0.0202478
0.0218402
0.0206239
0.0219579
0.0204421
0.0254262
0.0204399
0.0202502
0.0204318
0.0203401
0.0202643
0.0202443
0.0227334
0.0203853
0.0237023
0.0203488
0.0203426
0.0203284
0.02014
0.020216
0.0200543
0.0203461
0.0201777
0.0203089
0.0200946
0.0200959
0.020217
0.0203197
0.0201925
0.0204553
0.0205121
0.0202732
0.0203629
0.0199662
0.0199639
0.0201193
0.0201201
0.0204079
0.0202213
0.020468
0.020238
0.0205435
0.0205017
0.0203155
0.0202733
0.0200891
0.0207381
0.0204888
0.0200941
0.0203596
0.0203994
0.020617
0.0203132
0.0207438
0.0207562
0.0203605
0.0205455
0.0206787
0.0231223
0.0205876
0.0206036
0.0205386
0.0205303
0.0203744
0.020395
0.0201892
0.0204482
0.0205267
0.0206622
0.0207908
0.0204712
0.0201569
0.0204154
0.020484
0.0203867
0.0204822
0.0207755
0.0202604
0.0201629
0.0204948
0.0209723
0.0204867
0.0204338
0.0206976
0.0204171
0.0205661
0.0257747
0.0210079
0.0204348
0.0202256
0.0204942
0.0216908
0.0209689
0.02077
0.0203234
0.020199
0.0202552
0.030292
0.0205392
0.020498
0.0203802
0.0201336
0.0202663
0.0278341
0.0203924
0.0204733
0.020454
0.0204227
0.020443
0.0205378
0.0203737
0.0206319
0.0205559
0.0202166
0.0204889
0.0202818
0.0203008
0.0204395
0.0203435
0.0205262
0.0204946
0.0207853
0.0204499
0.020329
0.0208365
0.0205126
0.0206402
0.0204176
0.020413
0.0205654
0.0203281
0.020539
0.0211052
0.0202322
0.0235247
0.0204028
0.0204525
0.0202884
0.0204546
0.0205776
0.0202339
0.0201867
0.0203501
0.0203526
0.0202915
0.0205873
0.0202346
0.0204098
0.0205767
0.0201922
0.02019
0.0206138
0.0203766
0.0204385
0.0202356
0.0203243
0.0205834
0.0200434
0.0203225
0.0203553
0.0205493
0.0204057
0.0204787
0.0204639
0.0201714
0.0201675
0.0205675
0.0219032
0.0232028
0.0235342
0.0202756
0.0211929
0.0202932
0.0204053
0.0204255
0.0202576
0.020116
0.0200683
0.0204919
0.0203267
0.020528
0.0207492
0.0203085
0.0202347
0.0204119
0.0202859
0.0202571
0.0202131
0.0202229
0.0203245
0.0217781
0.0203742
0.0204806
0.0220001
0.0204567
0.0203846
0.0202843
0.0205268
0.0203567
0.0203575
0.0204518
0.0204244
0.0203285
0.0200269
0.0203514
0.0201872
0.0203031
0.0202855
0.0204751
0.0200484
0.0205496
0.0204226
0.020279
0.0204241
0.0206273
0.0208165
0.0204558
0.0208819
0.0205382
0.021513
0.0204033
0.0207271
0.0203427
0.0205236
0.020248
0.0204281
0.020535
0.0202834
0.020254
0.020485
0.0204412
0.020372
0.0204979
0.0277958
0.0206458
0.020452
0.020296
0.0204484
0.0203624
0.0202909
0.0203237
0.0204947
0.0204885
0.0206895
0.0224396
0.0206823
0.0206096
0.0203657
0.0206204
0.0204288
0.0203849
0.020566
0.0205378
0.0207225
0.020826
0.0204295
0.0203795
0.0202228
0.020153
0.0202507
0.0203298
0.0276137
0.0220251
0.0276305
0.0203074
0.0208589
0.0204327
0.0202969
0.0201624
0.0208161
0.0203934
0.0200521
0.020321
0.0203187
0.0204121
0.0202262
0.0202936
0.0203021
0.0209022
0.0206881
0.0205973
0.0228499
0.0203301
0.0205327
0.0202738
0.0201362
0.0203134
0.0206534
0.0206442
0.0208437
0.0205666
0.0206347
0.0205697
0.020682
0.0202615
0.020247
0.0202222
0.020243
0.0201818
0.0203425
0.0203446
0.0200463
0.0210844
0.0202864
0.0203651
0.020416
0.023258
0.0204341
0.0205824
0.0204715
0.020148
0.022521
0.0220933
0.0256898
0.0201278
0.0208058
0.0200179
0.0203255
0.0201292
0.0201897
0.0255882
0.0209404
0.0205091
0.0202624
0.0204493
0.020293
0.020309
0.0201069
0.020127
0.0200855
0.0200656
0.0202159
0.0203565
0.0200234
0.0203368
0.0203356
0.0232449
0.0203188
0.0204203
0.0203185
0.0202133
0.0202789
0.0202875
0.0202608
0.0201871
0.0279404
0.023451
0.0222555
0.0205688
0.0204058
0.0204917
0.020464
0.0238249
0.0203773
0.0204537
0.024633
0.0203404
0.0202769
0.0203492
0.0203944
0.0202363
0.0203389
0.0204559
0.0204046
0.0205026
0.0205606
0.0203159
0.0201831
0.0201702
0.020325
0.0210411
0.0205898
0.0206926
0.0203457
0.0202453
0.0204511
0.020301
0.0203849
0.0203032
0.0203942
0.0203743
0.0206248
0.0204855
0.0205309
0.0203377
0.0206695
0.0206075
0.0205653
0.0218805
0.0203292
0.0203017
0.0202615
0.0201145
0.0204309
0.0200489
0.0205273
0.0258763
0.0202622
0.0203439
0.0202528
0.0216361
0.0219062
0.0205004
0.0202788
0.0202744
0.020199
0.0203415
0.0201762
0.020719
0.0203579
0.0205229
0.0203413
0.020374
0.0203655
0.020055
0.0202218
0.0203061
0.0201499
0.0200228
0.0203806
0.0203922
0.020406
0.0203708
0.0204264
0.0204272
0.0203606
0.0205519
0.0203915
0.0203464
0.0203206
0.0205216
0.020612
0.0202614
0.0203654
0.0206712
0.0207282
0.0205515
0.0204182
0.0204539
0.0234306
0.0206524
0.0202834
0.0201488
0.0203547
0.0271957
0.0206577
0.0205431
0.0204073
0.0204623
0.0204941
0.0211075
0.0206013
0.0205279
0.0201708
0.0207862
0.0206004
0.0206721
0.0206468
0.0203009
0.020266
0.0220575
0.0206792
0.0203929
0.0207095
0.02038
0.0203013
0.0230117
0.0203779
0.020232
0.0202365
0.0202572
0.0203697
0.0204311
0.0204649
0.0216619
0.0231036
0.0204037
0.0201413
0.0202626
0.0200356
0.0201596
0.0200409
0.0205095
0.0205643
0.0202081
0.0251373
0.0202754
0.0202963
0.0204362
0.0215718
0.0204088
0.023576
0.0222541
0.020557
0.0202488
0.0204231
0.0205418
0.0218162
0.0218499
0.0204844
0.0263616
0.020568
0.0203266
0.0202395
0.0206474
0.0202469
0.0203076
0.0204116
0.020498
0.0204163
0.0204579
0.0203687
0.0201237
0.0202226
0.0202802
0.020292
0.020479
0.020346
0.020367
0.020425
0.0203968
0.0203833
0.0202416
0.0204046
0.0203943
0.0203651
0.0203247
0.0203715
0.020211
0.0200585
0.0202007
0.0216176
0.0207482
0.0202217
0.0204539
0.0202119
0.0201193
0.0205374
0.0204629
0.0203239
0.0203521
0.0203646
0.0212005
0.0204245
0.0205964
0.0206869
0.02069
0.0203106
0.0204844
0.0204113
0.0202998
0.0205624
0.0205623
0.0203055
0.0201348
0.02033
0.0202429
0.0202237
0.0202997
0.0204372
0.0204575
0.0204133
0.0204255
0.0204497
0.0203371
0.020428
0.0215837
0.023224
0.0203705
0.0204998
0.0204334
0.0202841
0.0204508
0.0207457
0.0202313
0.0203899
0.0206775
0.0201782
0.0201748
0.0201407
0.0201585
0.0201884
0.0210922
0.0204499
0.0205754
0.0205503
0.0207864
0.0205583
0.0207667
0.0205206
0.0208391
0.0201567
0.020422
0.0202446
0.0201833
0.0201054
0.0203723
0.0203486
0.020221
0.0204415
0.0205132
0.0215901
0.0205414
0.0202951
0.0200718
0.0201826
0.0203182
0.0205123
0.0203188
0.0205462
0.0204924
0.020456
0.0203417
0.0202172
0.0205329
0.0217675
0.0203653
0.0201319
0.0199597
0.0202642
0.020771
0.0202782
0.0203237
0.0204335
0.0203678
0.0204385
0.0203913
0.0201252
0.0199801
0.0200367
0.0222271
0.0201364
0.0204949
0.0206106
0.0200413
0.0203222
0.0204264
0.0205091
0.0214866
0.0202588
0.0202334
0.0205018
0.0205472
0.0237397
0.0206959
0.0203116
0.0205286
0.0216333
0.0213197
0.0215401
0.0206545
0.0203898
0.0203425
0.0210969
0.020513
0.0203687
0.0205963
0.0205115
0.0203589
0.0202462
0.0201729
0.0203419
0.020299
0.0204448
0.0202673
0.0204086
0.0206116
0.0208736
0.0206951
0.0233902
0.020998
0.020367
0.0239333
0.0204144
0.0214765
0.0239724
0.0207136
0.0203902
0.0202807
0.0203652
0.0206889
0.0206522
0.0204828
0.0203065
0.0206758
0.0204027
0.0204095
0.0203973
0.020302
0.0237817
0.0202021
0.0204937
0.0204687
0.0206395
0.0203974
0.0215329
0.020258
0.0202075
0.0205593
0.0204497
0.0206002
0.020425
0.0203338
0.0263363
0.0205062
0.0226483
0.0205764
0.0206243
0.0203437
0.0203643
0.020346
0.0204165
0.020359
0.0203013
0.0204446
0.0204915
0.0202238
0.0206895
0.0204245
0.0204888
0.020516
0.0207559
0.0203012
0.0203929
0.0202443
0.0201925
0.0202326
0.0202226
0.0203794
0.0202097
0.0204079
0.0202222
0.022336
0.0205027
0.020229
0.0203495
0.0202421
0.0203631
0.0217559
0.0204624
0.0206428
0.0204168
0.020385
0.0203906
0.0202529
0.0202925
0.020346
0.0205826
0.0202547
0.0202707
0.0202338
0.020216
0.0203466
0.0205214
0.0208137
0.0205943
0.0206347
0.0205193
0.0205125
0.0205757
0.0205362
0.0206858
0.0204567
0.0204821
0.0202822
0.02011
0.0203113
0.0226288
0.0203746
0.0203351
0.0200488
0.020273
0.020378
0.0205207
0.0204832
0.0202908
0.0205636
0.0204043
0.020409
0.0203647
0.0201171
0.020361
0.0200532
0.0202936
0.0201579
0.0201147
0.0210123
0.0213267
0.0203109
0.0207369
0.0202596
0.0202525
0.0207725
0.0202194
0.0235338
0.020301
0.0203928
0.0207317
0.0204888
0.020402
0.0229916
0.0204437
0.0203384
0.0207438
0.0202969
0.0202422
0.0206844
0.0204775
0.0203932
0.020377
0.0204996
0.020671
0.020217
0.020539
0.0204212
0.0202105
0.0205358
0.0201492
0.0203768
0.0216364
0.0205291
0.0203798
0.0203198
0.0205629
0.0205463
0.021382
0.0248639
0.0203396
0.0206666
0.0234278
0.0219503
0.0204933
0.0203775
0.0205607
0.0204436
0.0204415
0.0218403
0.0203825
0.0203168
0.0202783
0.0203901
0.0205193
0.0206453
0.0204077
0.0203409
0.0205329
0.0204221
0.0209278
0.0204663
0.0208645
0.0203926
0.0288918
0.0203721
0.0217855
0.020687
0.0206521
0.0201114
0.0204405
0.0203488
0.0201279
0.0202262
0.0202329
0.0202016
0.0201662
0.0206135
0.0202188
0.0201118
0.0203887
0.0202318
0.0202939
0.0203787
0.0202343
0.0202822
0.0203931
0.0204554
0.0203799
0.0204021
0.0202026
0.0203222
0.0202033
0.0202707
0.0206241
0.0203137
0.0203312
0.0202373
0.0202172
0.0203489
0.0204265
0.0205772
0.0201397
0.0202855
0.0202184
0.0202358
0.0202249
0.021977
0.0205271
0.0204982
0.0205112
0.0203786
0.0202654
0.0205767
0.0219878
0.0202343
0.0203009
0.0200255
0.0201013
0.0203044
0.0204101
0.02021
0.0202238
0.0203272
0.0203883
0.0203444
0.0201303
0.0227219
0.0205258
0.0204838
0.0203739
0.027711
0.0206065
0.0203326
0.0200667
0.0201453
0.020327
0.0201816
0.0203196
0.020278
0.0206978
0.0205935
0.0208249
0.0219844
0.020487
0.0204453
0.0202031
0.0203665
0.0206036
0.0205033
0.0205069
0.0203373
0.0215364
0.0203645
0.020879
0.0205701
0.0203546
0.0231971
0.0204605
0.0204236
0.020408
0.0204728
0.0202811
0.0205456
0.0206042
0.0205944
0.0203362
0.0202559
0.0203568
0.0270382
0.0221802
0.0203367
0.0204714
0.0204239
0.0202925
0.0202404
0.0203323
0.0234579
0.0206782
0.0203421
0.0203116
0.0205504
0.0203234
0.0205481
0.0204335
0.0204397
0.0205231
0.0206379
0.0207285
0.0205348
0.0207425
0.0204178
0.0205482
0.020434
0.0206333
0.0203207
0.0206535
0.0206174
0.0212466
0.0205314
0.0224502
0.0205774
0.0206786
0.0204391
0.0204644
0.0205551
0.0206743
0.020275
0.0201495
0.0201415
0.02018
0.0257656
0.0204893
0.0202287
0.0206224
0.0204698
0.0201645
0.0205349
0.0206868
0.0214924
0.0204527
0.0207677
0.0223488
0.0204685
0.0204824
0.020432
0.0201666
0.0201803
0.0204629
0.0204179
0.020372
0.0203976
0.0203498
0.0203008
0.020448
0.0216924
0.0204001
0.020253
0.0205278
0.0204258
0.0203528
0.0202666
0.0230804
0.0244218
0.0204368
0.0205272
0.0205004
0.0205283
0.0203985
0.0205675
0.0205948
0.0204914
0.0219913
0.0205878
0.0205057
0.0205301
0.0202673
0.020665
0.0204901
0.0212409
0.0222882
0.0205318
0.0240456
0.0207812
0.0204533
0.0200841
0.0203833
0.0200499
0.020285
0.0202324
0.0205905
0.0206554
0.02038
0.0272566
0.0205702
0.0203894
0.0242666
0.0209441
0.0207331
0.0207423
0.0203649
0.0205982
0.0207875
0.0206748
0.0206682
0.0205847
0.0204554
0.0203749
0.0205173
0.0259528
0.0204468
0.0201836
0.0204672
0.0202957
0.0204819
0.0203962
0.0205624
0.020673
0.0204259
0.0204064
0.0204252
0.0201882
0.0206116
0.0205495
0.0207024
0.0202645
0.0203844
0.020325
0.0204171
0.0207601
0.0203984
0.0204615
0.0205832
0.020059
0.0205157
0.0205528
0.0205132
0.0207775
0.0205756
0.0206071
0.0203227
0.0209147
0.0205174
0.0206514
0.020646
0.0203924
0.0204876
0.020204
0.0202388
0.0203153
0.020364
0.0230511
0.0205045
0.0204117
0.0201903
0.0205206
0.0206563
0.0204003
0.0223101
0.0205605
0.0205562
0.0204218
0.0205429
0.0209924
0.0232058
0.0205142
0.0202968
0.0203804
0.0221762
0.0209817
0.0206081
0.0204586
0.0205825
0.020583
0.0200627
0.0200302
0.0206751
0.0199182
0.0202525
0.020139
0.0201577
0.0214423
0.0203044
0.0206364
0.0224532
0.0204367
0.0203957
0.0204571
0.020463
0.0208091
0.0203231
0.0206607
0.0203284
0.0202794
0.0203648
0.0203803
0.0202934
0.0206207
0.0206698
0.0208779
0.0204866
0.020539
0.0205961
0.0204494
0.0202703
0.0205486
0.0202283
0.0203096
0.0221764
0.0207826
0.0205046
0.0203536
0.0205346
0.0204625
0.0215418
0.0211675
0.0205181
0.0202005
0.0203305
0.0203089
0.020459
0.0206531
0.0201844
0.0202896
0.0203297
0.020476
0.0200497
0.0204806
0.0205325
0.0217143
0.0233617
0.0203312
0.020262
0.0202829
0.0201127
0.0201363
0.0202321
0.0203362
0.0204593
0.020439
0.0205233
0.0206566
0.0202749
0.0206156
0.0203245
0.0233546
0.0202686
0.0201264
0.020017
0.0200327
0.0202563
0.0199762
0.0200948
0.0200082
0.0201336
0.0204978
0.0217978
0.0221455
0.02044
0.0204837
0.0203575
0.0204385
0.0225639
0.0204006
0.0201283
0.0202274
0.0215699
0.0206109
0.0212474
0.020673
0.0205523
0.0204716
0.0203648
0.020437
0.0204816
0.0206105
0.0204912
0.0215316
0.0202937
0.0201648
0.020349
0.0201509
0.0201019
0.0201233
0.0203702
0.0202492
0.0204473
0.0213391
0.0204928
0.0204849
0.020441
0.0205943
0.0203683
0.0220616
0.0205421
0.0221778
0.0207153
0.0201894
0.0200374
0.0201506
0.0210675
0.0203398
0.0204392
0.0204974
0.0205504
0.0206312
0.0204355
0.0201525
0.0236997
0.0206926
0.0202742
0.0204857
0.0205902
0.0204283
0.0203585
0.0200843
0.020232
0.0201719
0.0202487
0.0204757
0.0201546
0.0200388
0.0201411
0.0221533
0.0208089
0.0206148
0.0202593
0.0201989
0.0204984
0.0204653
0.0202146
0.0202231
0.0203161
0.0202675
0.0205278
0.0203265
0.0210699
0.022141
0.020573
0.0205886
0.0206884
0.0205445
0.0203948
0.0205711
0.0204414
0.0208116
0.0205526
0.020166
0.0203635
0.0209245
0.0205301
0.0204268
0.0203899
0.020822
0.0205446
0.0204469
0.0201973
0.0202617
0.0201372
0.0201928
0.0200799
0.0200942
0.0204983
0.0203591
0.0203939
0.0202676
0.020488
0.0212613
0.0205243
0.0205465
0.0208067
0.0203882
0.0204485
0.0202382
0.0205736
0.0207606
0.0205928
0.0204982
0.0204095
0.0200317
0.0201865
0.0201464
0.020212
0.0204192
0.0204241
0.0206707
0.0203382
0.020773
0.0201888
0.0206908
0.0207269
0.0204465
0.0203118
0.0207149
0.0205353
0.0205846
0.0209628
0.0204535
0.0204763
0.0203408
0.0212862
0.020578
0.0203016
0.0203115
0.0219787
0.0203522
0.0202434
0.0207141
0.0204372
0.0204537
0.0204659
0.0205379
0.0203923
0.0203221
0.0202534
0.0203088
0.0202537
0.0202222
0.0202257
0.0200667
0.0202211
0.0202388
0.0201796
0.020218
0.0202699
0.0202884
0.0210447
0.0206135
0.0203878
0.0203986
0.0203344
0.0204165
0.0208212
0.0204524
0.0202172
0.0203169
0.0206884
0.0252386
0.021031
0.0205382
0.0211554
0.0205071
0.0205802
0.0207417
0.0208372
0.0287844
0.0204197
0.0201594
0.0204276
0.0203056
0.0203397
0.0204
0.0203818
0.0205501
0.0202909
0.0205789
0.0202699
0.0203978
0.0204174
0.0204142
0.020453
0.0202339
0.0203976
0.0225173
0.020608
0.020673
0.0203137
0.0201675
0.0204368
0.020412
0.0205025
0.0204338
0.02318
0.0204198
0.0203052
0.0215279
0.0207098
0.0203849
0.0236165
0.0203996
0.0233633
0.0204723
0.0206417
0.0207135
0.0205873
0.0203853
0.0205029
0.0204784
0.0213816
0.0205498
0.0210345
0.0201954
0.0205281
0.0211162
0.020547
0.0205152
0.020385
0.0204375
0.0202156
0.020429
0.0202759
0.0203287
0.0204148
0.020546
0.0206586
0.0204622
0.0206576
0.0207074
0.0206394
0.0202498
0.0203282
0.0201905
0.0202375
0.0204415
0.0219156
0.0211644
0.0204629
0.0206055
0.0205811
0.0206371
0.0207317
0.0204941
0.0223014
0.0255625
0.0203057
0.0202544
0.0205988
0.0205452
0.0204814
0.0205709
0.0205707
0.0204324
0.0202432
0.022187
0.0203239
0.0202592
0.0202992
0.0200864
0.0204913
0.0205659
0.0202951
0.0201481
0.0201918
0.0203619
0.0201306
0.0201567
0.0203332
0.0207798
0.0206717
0.0206883
0.0211742
0.0202595
0.0203611
0.0204431
0.0204034
0.020462
0.0201626
0.020615
0.0204119
0.0203379
0.020252
0.0203242
0.0203872
0.0205789
0.0203468
0.0202218
0.0203082
0.020425
0.0203893
0.0205213
0.0204206
0.0204397
0.0203577
0.0203545
0.0246962
0.0203297
0.0202025
0.0201257
0.02025
0.0201118
0.020214
0.020333
0.0203689
0.0204786
0.0205531
0.0205788
0.0204026
0.0204349
0.0203808
0.0202555
0.020231
0.0203218
0.0203293
0.0204649
0.0204209
0.0208103
0.0202299
0.0204653
0.0206547
0.0203097
0.0210585
0.0205918
0.0209632
0.020432
0.02039
0.0203259
0.0204726
0.0203564
0.0202306
0.0204302
0.0202733
0.0205101
0.0208295
0.0201328
0.0203299
0.0203645
0.0205667
0.0231795
0.0203674
0.0201512
0.0201911
0.0203428
0.0204503
0.0205663
0.02062
0.0223377
0.0207929
0.0203486
0.020596
0.0204622
0.020603
0.0203937
0.0204256
0.0202649
0.0203858
0.0203383
0.0202472
0.020248
0.0203286
0.0202759
0.0202836
0.0203126
0.0208798
0.0203245
0.0202815
0.0206776
0.0204238
0.0205097
0.02043
0.0201365
0.0206087
0.0200922
0.0202003
0.0203834
0.0206965
0.0261152
0.0204835
0.02021
0.0203714
0.0203447
0.0204996
0.020359
0.0203422
0.0202774
0.0201337
0.02017
0.0199367
0.0199852
0.0202477
0.0200933
0.0203092
0.0205371
0.0204717
0.0203313
0.0205443
0.0204106
0.0198726
0.022673
0.0203586
0.0205927
0.0203721
0.0204085
0.020051
0.0202226
0.0205632
0.0202924
0.020407
0.0202145
0.020122
0.0202163
0.0205427
0.0202553
0.0202081
0.0203764
0.02341
0.020498
0.0246765
0.0206791
0.0206405
0.0207163
0.0206175
0.0209794
0.02097
0.0211138
0.0205112
0.0209649
0.0214312
0.0214831
0.0203966
0.0202216
0.0202545
0.0203263
0.0204402
0.0204892
0.0203809
0.0204969
0.0219417
0.0221374
0.0215391
0.0205029
0.0204496
0.0208994
0.0201538
0.0203958
0.0202731
0.0204334
0.02052
0.0203996
0.0203573
0.0203316
0.0202343
0.0201203
0.0224121
0.0205738
0.0203696
0.0203721
0.0204618
0.0208893
0.0203211
0.0202099
0.0204948
0.0203441
0.0203873
0.0208444
0.0206143
0.0203617
0.0203325
0.0207242
0.0215313
0.0201826
0.0205415
0.0209167
0.0203855
0.0216932
0.0207066
0.0205633
0.0206178
0.020379
0.0205218
0.0204361
0.0204796
0.0202392
0.020327
0.0202108
0.0208029
0.0201862
0.0201047
0.0201365
0.0206505
0.0201997
0.0201465
0.0202965
0.0204743
0.0204054
0.0203966
0.0203002
0.0201329
0.0206955
0.0203918
0.020336
0.0251553
0.0204081
0.0203034
0.0204342
0.0201342
0.0203623
0.0201655
0.0204002
0.0203146
0.0203757
0.0204054
0.0203722
0.0204196
0.0205606
0.0204799
0.0203377
0.0208541
0.02035
0.0206259
0.0203968
0.0204008
0.0235895
0.0205783
0.0203147
0.0207482
0.0205475
0.0204867
0.0203495
0.0201977
0.0244135
0.0204971
0.0201494
0.0201818
0.0201993
0.0200937
0.0202643
0.0203744
0.0203456
0.020402
0.0203186
0.0203743
0.0206015
0.0203956
0.0203974
0.0201457
0.0201601
0.020186
0.0203156
0.0203953
0.0201303
0.0204204
0.0204174
0.0203928
0.0202665
0.0204318
0.0203639
0.0223079
0.0221387
0.0203693
0.0203528
0.0218704
0.0208354
0.0205602
0.020778
0.0204088
0.0202691
0.0202455
0.0214415
0.0211697
0.0204631
0.0201568
0.0204748
0.0202293
0.0201453
0.0201294
0.0201533
0.0206636
0.0202142
0.0205499
0.0204081
0.0226224
0.0204932
0.0202123
0.0201527
0.0201792
0.0202891
0.020343
0.0207289
0.0206156
0.0207831
0.0202898
0.0202492
0.0202679
0.0233681
0.0205338
0.0207024
0.0204164
0.0207144
0.0202604
0.0202442
0.0209788
0.020481
0.0202247
0.0203221
0.0203305
0.0201937
0.0203419
0.0205387
0.0204352
0.0205389
0.0203701
0.0205503
0.0202955
0.0202985
0.0203545
0.0207606
0.0203099
0.0203659
0.0203257
0.0203473
0.0203679
0.0202092
0.0204864
0.0204516
0.020292
0.0202052
0.0200959
0.0202317
0.0201527
0.0199911
0.0201898
0.0200587
0.0202591
0.0201782
0.020229
0.0203201
0.0201602
0.0207366
0.0201785
0.0200235
0.0202201
0.0204212
0.0202855
0.0201158
0.020441
0.020207
0.0204663
0.0200941
0.0202574
0.0201339
0.0205691
0.0205524
0.0202423
0.0221277
0.0206956
0.0203767
0.0204834
0.0204558
0.0204961
0.0204971
0.0204547
0.0206914
0.0202852
0.0202222
0.020353
0.0203118
0.0203442
0.0202723
0.0203813
0.020482
0.0231051
0.0203615
0.0201018
0.020296
0.0203295
0.0203106
0.0203498
0.0202189
0.0205793
0.0203031
0.0201278
0.0201839
0.0205175
0.0201502
0.020391
0.0204232
0.020123
0.0202163
0.0202843
0.0199914
0.020055
0.0202221
0.0226099
0.023832
0.0204963
0.0205398
0.0203927
0.0207324
0.020447
0.0203823
0.0211577
0.02032
0.0206439
0.0202199
0.0206302
0.020504
0.0225711
0.0204467
0.0205299
0.0204832
0.027665
0.0244192
0.0203702
0.0202477
0.0203725
0.0203024
0.0204628
0.0205799
0.0204386
0.0201469
0.0200415
0.020439
0.0204724
0.0200494
0.0201867
0.020051
0.020442
0.0205135
0.0202784
0.0205172
0.0201869
0.0205944
0.0202357
0.0202469
0.0202293
0.0203212
0.020612
0.0204113
0.0205684
0.0205344
0.020453
0.0202915
0.0203681
0.0203548
0.0203267
0.0203514
0.0205385
0.0206979
0.0205462
0.0207888
0.0206181
0.0208402
0.020409
0.0204235
0.0252155
0.020428
0.0201673
0.0205005
0.0203694
0.020438
0.0206053
0.0202047
0.0203088
0.0203139
0.0203031
0.0201986
0.0201812
0.0200745
0.0204329
0.0204532
0.0208407
0.0220222
0.0210737
0.0211987
0.0204524
0.020576
0.0204661
0.0204412
0.02025
0.0203218
0.0204277
0.0203546
0.0202133
0.0203395
0.0204274
0.0205267
0.02036
0.0201904
0.0203324
0.0204628
0.0202295
0.02016
0.0202926
0.0203201
0.0205721
0.0215466
0.0219612
0.0224661
0.0203441
0.0207342
0.0202868
0.0205771
0.0206102
0.0202687
0.0203313
0.0219052
0.0203863
0.0203062
0.0200748
0.0201073
0.0208445
0.0206361
0.0207592
0.0205648
0.0203465
0.0204806
0.0203327
0.020229
0.0202421
0.0203047
0.020331
0.0201371
0.0202743
0.0210072
0.0206962
0.0204658
0.0203278
0.0202567
0.0203106
0.0270699
0.0206739
0.0203197
0.0204236
0.0203594
0.020576
0.020394
0.0208463
0.0206236
0.020261
0.0203882
0.0203226
0.0202178
0.0202075
0.020548
0.0202852
0.021276
0.0205693
0.0203193
0.0205114
0.0204952
0.020247
0.0203446
0.020473
0.0205031
0.0204052
0.0201466
0.0203606
0.0224962
0.0204816
0.0215187
0.0205795
0.0205224
0.023831
0.0205454
0.0203224
0.020455
0.0201607
0.0202758
0.0205715
0.0202143
0.0203535
0.0204207
0.0204526
0.0204011
0.0204996
0.0207638
0.0215825
0.0207049
0.0209709
0.0206421
0.0207979
0.0203915
0.0207515
0.0230402
0.0204732
0.0202674
0.020641
0.0205042
0.0203404
0.0206265
0.0206982
0.0200777
0.0201161
0.0206513
0.0207578
0.0205077
0.0204208
0.020329
0.0203044
0.0202335
0.0206847
0.0207811
0.0209402
0.0204929
0.0203931
0.0202864
0.0203454
0.0205577
0.020467
0.0207938
0.0207741
0.0207331
0.0204443
0.0204349
0.0203932
0.0206518
0.0204456
0.0201663
0.0203028
0.0204186
0.0205665
0.0203992
0.020292
0.0204925
0.0201799
0.0204109
0.0227388
0.0207637
0.020781
0.020205
0.021765
0.0228218
0.0205214
0.020817
0.0203504
0.0203153
0.0201355
0.0202236
0.0217661
0.0204603
0.0204405
0.0207715
0.0211897
0.0202972
0.020508
0.0202401
0.0200868
0.0203314
0.0202524
0.0203153
0.0203627
0.0256999
0.0203219
0.0203806
0.0201614
0.0216131
0.0206819
0.0203975
0.0205055
0.0202782
0.0206549
0.0202092
0.0206442
0.02027
0.0201384
0.0204504
0.020347
0.0203852
0.0204215
0.0206784
0.020511
0.0204001
0.0203689
0.0201888
0.0203853
0.0203013
0.0199788
0.0203019
0.0202745
0.0201547
0.0202263
0.0200799
0.0202757
0.0203584
0.020413
0.020453
0.0202685
0.0209178
0.0205907
0.0205303
0.0203733
0.0205762
0.0206575
0.0204791
0.0205182
0.0208324
0.0204552
0.0204879
0.0207291
0.0205327
0.0205823
0.0203808
0.0205512
0.0205205
0.0207229
0.0204379
0.0205335
0.0203508
0.0202981
0.0203695
0.0201959
0.0206113
0.0202838
0.0222106
0.0205289
0.0206501
0.0204993
0.0205781
0.0204083
0.020218
0.0203912
0.0203798
0.0202215
0.0203283
0.0201722
0.0204639
0.0205214
0.0204175
0.0205184
0.0207458
0.0211811
0.0205127
0.0202499
0.0202307
0.0203708
0.0203179
0.020325
0.0201589
0.0201761
0.0201928
0.0255126
0.0205963
0.0211836
0.0205646
0.0204847
0.0202328
0.0218073
0.0223161
0.0206784
0.0222069
0.0215177
0.0204042
0.020698
0.0204861
0.0204627
0.0202858
0.0203761
0.020324
0.0203244
0.0203807
0.0205895
0.0202201
0.0203431
0.0203614
0.0202995
0.0203396
0.0204613
0.0226751
0.0204236
0.0206628
0.0204848
0.0201897
0.0203796
0.0203206
0.0204944
0.0204984
0.020527
0.0203248
0.0201037
0.0201787
0.0202025
0.0204838
0.0203066
0.0204664
0.0203689
0.0203422
0.0207818
0.0204717
0.0206831
0.020446
0.02046
0.0218508
0.0205018
0.0204626
0.0202567
0.0203785
0.0205177
0.0204917
0.0206172
0.0206839
0.0203618
0.0205132
0.0204214
0.0205581
0.0203906
0.0205563
0.0207093
0.0203004
0.0204199
0.0203387
0.0203674
0.0204661
0.0204335
0.0201719
0.0203367
0.0203877
0.0202739
0.0200281
0.020088
0.0204622
0.0205248
0.0206052
0.0207203
0.0206571
0.0204698
0.0203087
0.0204688
0.0202987
0.0203124
0.020362
0.0201595
0.0199755
0.020364
0.0205046
0.0202881
0.0202737
0.022491
0.0206562
0.0206361
0.0207193
0.0226666
0.0207068
0.0206678
0.0204856
0.0205896
0.0205351
0.0246604
0.0203409
0.0201505
0.0201393
0.0203536
0.020194
0.0203804
0.0224302
0.020319
0.0200186
0.0205046
0.0204014
0.0205957
0.0205891
0.0204779
0.0205962
0.0218151
0.0204564
0.0205137
0.0280137
0.0208956
0.0201884
0.0202532
0.0207287
0.0205517
0.0210215
0.0207645
0.0207406
0.0205224
0.0206121
0.0218833
0.0213015
0.0205468
0.0202195
0.0201223
0.0208316
0.0204446
0.0204323
0.0203137
0.0201615
0.0203981
0.0204685
0.0203168
0.0204578
0.0204134
0.0204123
0.0202975
0.0225748
0.0228272
0.0206446
0.0229151
0.0216866
0.0232659
0.0206622
0.0202081
0.0204842
0.0205121
0.0202183
0.020558
0.0220369
0.020641
0.0201642
0.0203085
0.0201833
0.0202065
0.0204765
0.0202936
0.0204251
0.0200393
0.0201006
0.0202913
0.0204097
0.0203171
0.0254748
0.024213
0.0205393
0.0203883
0.0203191
0.0209428
0.0204665
0.0202032
0.0199103
0.0200949
0.0204442
0.0204906
0.0203329
0.0204097
0.0205586
0.020437
0.0203594
0.0206038
0.0210666
0.0204072
0.0202565
0.0204882
0.0204016
0.0204067
0.0202808
0.0202067
0.0202511
0.0203688
0.0202995
0.0203444
0.0202381
0.0222564
0.0204292
0.0205472
0.0205385
0.0203853
0.0208571
0.0205369
0.0202047
0.0202055
0.020143
0.0202505
0.0201115
0.0216646
0.0203502
0.0204715
0.0206963
0.0212188
0.0206992
0.0206753
0.0207016
0.0204676
0.0203998
0.021456
0.0201639
0.0203702
0.0203508
0.0201115
0.0205789
0.0202062
0.0204855
0.0203994
0.0203708
0.0206837
0.0204177
0.0203518
0.0205144
0.0245779
0.0204202
0.0203557
0.0202958
0.0204877
0.0204237
0.0206019
0.0205076
0.0204639
0.0206682
0.0207193
0.0205851
0.0201314
0.0202224
0.0213555
0.0205476
0.0203123
0.0202441
0.0204163
0.0203554
0.0205697
0.0207817
0.0202384
0.020258
0.0201693
0.02043
0.0202432
0.0201079
0.0201393
0.0204929
0.0202295
0.0203632
0.0219813
0.0207108
0.020507
0.0206912
0.0214876
0.0205912
0.020675
0.020335
0.0204479
0.0204426
0.0204378
0.0204707
0.0206054
0.0206245
0.0210322
0.0206349
0.0205972
0.0204808
0.0204429
0.0210095
0.0229333
0.0203767
0.021319
0.0204508
0.0204165
0.0200901
0.0205124
0.0205425
0.0204103
0.0203289
0.0207751
0.0201911
0.0205764
0.0205272
0.0205549
0.0205553
0.0204125
0.0203231
0.0204387
0.0204103
0.0203898
0.0242909
0.0219799
0.0202755
0.0202102
0.0205118
0.0204329
0.0205553
0.0204518
0.0206638
0.0205812
0.0200326
0.0204254
0.0204786
0.0205288
0.0203659
0.0204386
0.0242386
0.0204308
0.0203224
0.0204109
0.020352
0.0205731
0.0219201
0.0204521
0.0205539
0.0205119
0.0202958
0.0205849
0.0204228
0.0202822
0.0203432
0.0204598
0.0253803
0.0202127
0.0208755
0.020405
0.0203858
0.0202709
0.0202596
0.0203881
0.0206809
0.0203412
0.0228663
0.0205647
0.0201663
0.0220292
0.0203983
0.0202887
0.0201609
0.0206127
0.0202612
0.0202135
0.0202165
0.0204617
0.0203945
0.0203421
0.0203171
0.0203254
0.0204099
0.0204558
0.0203917
0.0206063
0.0202313
0.0237617
0.0203249
0.0205235
0.0206268
0.0206993
0.0216108
0.0212255
0.0220748
0.0206775
0.0206942
0.0204583
0.0203323
0.0204391
0.0203732
0.0206105
0.0205209
0.0212055
0.0203629
0.0204738
0.0201606
0.0204091
0.020224
0.0202229
0.0204265
0.0202709
0.0204244
0.0202256
0.0230739
0.0206996
0.0203476
0.0201757
0.0205681
0.0206257
0.0205027
0.0201427
0.021071
0.0255418
0.020525
0.0203187
0.0204319
0.0230285
0.021757
0.0204253
0.0203164
0.0205004
0.0203393
0.0203503
0.0203665
0.0202963
0.0204647
0.0203672
0.0203237
0.0213187
0.0203964
0.0201251
0.020277
0.0203644
0.0204322
0.0206245
0.0205684
0.0203924
0.0205546
0.0289946
0.0205865
0.0202614
0.0203906
0.0201583
0.0200335
0.0203466
0.0202073
0.0202688
0.0205066
0.0206487
0.0203681
0.0202698
0.0205396
0.0209707
0.0204483
0.0203603
0.020405
0.0205768
0.020499
0.020973
0.0210812
0.0204304
0.0200779
0.0203113
0.0203766
0.0204684
0.0206664
0.0219719
0.0206748
0.021699
0.0204674
0.0202984
0.0210212
0.0221827
0.020501
0.0202204
0.0203752
0.0201816
0.0203772
0.0209792
0.0203455
0.0205676
0.020249
0.0203756
0.0204412
0.0202578
0.0201879
0.0201009
0.0201851
0.0201859
0.0203958
0.0205569
0.0204177
0.0203293
0.0202536
0.0204049
0.0222798
0.0207754
0.0207313
0.0210589
0.0205462
0.0245024
0.0202096
0.0203869
0.0202026
0.0205559
0.0205964
0.0204884
0.0225797
0.0233839
0.0205018
0.0204891
0.0202445
0.0203768
0.0201581
0.0201106
0.0203376
0.0201552
0.0205382
0.0204429
0.0223818
0.0203426
0.0201171
0.0203002
0.0203119
0.0207595
0.0215701
0.0254455
0.0203885
0.0202281
0.0204232
0.0229907
0.0206094
0.0207168
0.0201471
0.020336
0.0221507
0.0205047
0.0205424
0.020397
0.0204186
0.020151
0.0202409
0.0204599
0.0202651
0.0202136
0.0205977
0.0202969
0.0203106
0.0229741
0.0216985
0.0204742
0.0204575
0.0202795
0.0203166
0.0202333
0.0203064
0.0201547
0.0236299
0.0203885
0.0204133
0.0206107
0.0204686
0.0204693
0.0203089
0.0201598
0.0203325
0.0205591
0.0203759
0.0204872
0.0205449
0.0206927
0.0214923
0.0206294
0.0202573
0.0202002
0.0205557
0.0203242
0.0280141
0.0206344
0.0204043
0.020186
0.0204358
0.020111
0.0203113
0.0203003
0.020294
0.0203927
0.0230815
0.0203041
0.0204511
0.0205754
0.0203644
0.0203848
0.0201259
0.0202114
0.0201748
0.0204396
0.0203618
0.0205541
0.0203344
0.021925
0.0203046
0.020286
0.0205369
0.0204302
0.0250105
0.0204116
0.0202537
0.0202402
0.0206539
0.0203448
0.020282
0.0204715
0.0205536
0.0205044
0.0201491
0.0202823
0.0205865
0.020311
0.0203097
0.0202909
0.0204628
0.0201914
0.0202215
0.0201426
0.0205702
0.0204259
0.0210289
0.020567
0.0206429
0.0205759
0.0207408
0.020738
0.0205242
0.0207952
0.0204031
0.0215486
0.0204233
0.0206568
0.0204422
0.0206945
0.020683
0.0204968
0.0206408
0.0204195
0.0211309
0.0206467
0.0203333
0.0203904
0.0204491
0.0205053
0.025665
0.0206614
0.0205142
0.0204732
0.0208664
0.0204803
0.0205982
0.0206752
0.0202986
0.0201882
0.0204045
0.0203978
0.020334
0.0202519
0.020471
0.0203194
0.0203262
0.0202973
0.0203343
0.0202962
0.0204638
0.0203345
0.0202325
0.0204496
0.0202829
0.0202864
0.0201423
0.0200948
0.0199281
0.0199505
0.0201515
0.0202116
0.0202683
0.0201323
0.0204422
0.0201027
0.0201766
0.020332
0.020497
0.0203249
0.0202016
0.0201096
0.0202973
0.0201895
0.0200971
0.0200834
0.0202257
0.0203548
0.020307
0.0202237
0.0205217
0.0204135
0.0208278
0.0206271
0.0205383
0.0204714
0.024419
0.0206967
0.0204591
0.0204358
0.0206472
0.0205207
0.0205642
0.0205866
0.020538
0.020507
0.0204066
0.0204806
0.0204802
0.0203683
0.0203272
0.0203561
0.0204311
0.0203623
0.0202989
0.0202354
0.0203017
0.0203336
0.0204982
0.0204416
0.0204829
0.020483
0.0204429
0.0203924
0.0207353
0.0205228
0.0203292
0.020217
0.0204844
0.020398
0.020215
0.0226336
0.0206661
0.0201546
0.0204588
0.0204671
0.0203348
0.0203362
0.0203896
0.0204019
0.0205903
0.020426
0.0205481
0.020666
0.0206311
0.0220342
0.0208731
0.0217688
0.0207491
0.0205718
0.021693
0.0203856
0.02059
0.0205457
0.0207659
0.0204165
0.0203936
0.020452
0.0226176
0.0221693
0.0205576
0.0205418
0.0204231
0.0202322
0.020821
0.0207098
0.0205113
0.0204738
0.02052
0.0204264
0.0203962
0.0202924
0.0211905
0.0203113
0.0204087
0.0202465
0.0203437
0.0203171
0.0203906
0.0201772
0.0203501
0.0203581
0.0203674
0.020564
0.0203766
0.0204397
0.0204347
0.0204584
0.0205125
0.0206646
0.020421
0.0204071
0.02047
0.0205066
0.0202755
0.0203421
0.020481
0.0204536
0.0204167
0.0204238
0.0203004
0.0202193
0.0204366
0.020579
0.0203998
0.0205694
0.0202999
0.0207855
0.0205189
0.0201616
0.019983
0.0205161
0.0299423
0.0205631
0.0205438
0.0222683
0.0205653
0.0202004
0.0205073
0.0203588
0.0201869
0.020592
0.020678
0.0203022
0.0201904
0.025528
0.0203635
0.0205168
0.0204082
0.0202483
0.0202936
0.0207666
0.0207467
0.0202875
0.0205029
0.0202492
0.0201084
0.0200907
0.0214319
0.0211743
0.0229842
0.0204247
0.0201481
0.0202893
0.0204346
0.0203313
0.0201633
0.0202906
0.0204704
0.0203746
0.020082
0.0199947
0.0218494
0.0268561
0.0205786
0.0202913
0.0213723
0.020297
0.0220862
0.0205344
0.0204075
0.0202095
0.0203544
0.0202632
0.0203831
0.0201637
0.0202691
0.0202176
0.0201094
0.0200792
0.0202437
0.0203723
0.0203572
0.0218577
0.0205576
0.0203831
0.0201899
0.020537
0.0205148
0.0204304
0.0206538
0.020691
0.0204334
0.0202354
0.0203991
0.020288
0.0203884
0.0204582
0.0203785
0.0204103
0.0206839
0.0204034
0.0206042
0.0253931
0.0221748
0.0205756
0.0205549
0.0260026
0.0203513
0.0205905
0.021298
0.0200852
0.0204874
0.0203635
0.0206004
0.0214025
0.0206675
0.0204885
0.02016
0.0244543
0.0202262
0.0201446
0.0203936
0.0204705
0.0201868
0.0205102
0.0205653
0.0204392
0.0203051
0.0204429
0.0202882
0.0203652
0.0203982
0.0219195
0.0206263
0.0234934
0.0205603
0.0202626
0.0206858
0.0216461
0.0208267
0.0204371
0.0223458
0.0201821
0.0203559
0.0202632
0.0226155
0.0204705
0.0202067
0.0202349
0.0201354
0.0201844
0.0202996
0.020392
0.0206346
0.020384
0.0201605
0.0203252
0.020983
0.020657
0.0205457
0.020775
0.022411
0.0205097
0.020774
0.0205672
0.0205975
0.0205319
0.0204709
0.0206474
0.0203552
0.0206906
0.0205076
0.0204942
0.0203555
0.0204449
0.020963
0.0202751
0.0204138
0.0202697
0.0218959
0.0202357
0.0202065
0.0205611
0.0202521
0.0203348
0.0208853
0.0204674
0.0214404
0.0204374
0.0203199
0.0203044
0.020668
0.0203694
0.0208086
0.0202652
0.0202019
0.0204146
0.0203852
0.0202681
0.0206561
0.020371
0.0203738
0.0203259
0.020483
0.0202754
0.0203898
0.0208172
0.0224612
0.0204479
0.0207571
0.0204252
0.020793
0.0205868
0.0211892
0.0205697
0.0224425
0.020606
0.0205827
0.0224087
0.0208674
0.0206618
0.0212389
0.0205371
0.0208946
0.0203831
0.0206054
0.0204961
0.0203901
0.0312519
0.020739
0.0204653
0.0203196
0.0202566
0.0203069
0.0203765
0.0203843
0.0204842
0.0205169
0.020349
0.0203556
0.0213189
0.0204283
0.0203342
0.0205296
0.0204675
0.020088
0.0204194
0.0205937
0.0204789
0.0218839
0.020469
0.0204609
0.0204063
0.0205523
0.0203883
0.0202725
0.0204378
0.0203426
0.0205409
0.0203758
0.020442
0.0202628
0.0205146
0.0203932
0.0202988
0.0202314
0.0203679
0.0203219
0.0203987
0.0203234
0.0223673
0.0205836
0.0204071
0.0204312
0.0203684
0.0211376
0.0229344
0.0223767
0.0205404
0.0202893
0.0242488
0.0206882
0.0219204
0.0205916
0.0203175
0.0203907
0.0204025
0.0202693
0.0202154
0.0202573
0.0201213
0.0208873
0.0220884
0.0203527
0.0206003
0.0201788
0.0202765
0.0203477
0.0202523
0.026366
0.0201838
0.0215377
0.0202845
0.0203979
0.0205805
0.0206494
0.0204634
0.0202235
0.0200573
0.0201409
0.0202885
0.0203272
0.0208317
0.0203826
0.0207196
0.0218746
0.0215449
0.0202999
0.0204124
0.0204139
0.0204711
0.0205566
0.0203838
0.0208291
0.0207378
0.0206316
0.0203474
0.0205835
0.0205604
0.0205195
0.0202881
0.0204105
0.0204419
0.0204003
0.0204943
0.0258437
0.0201363
0.0201978
0.0202274
0.0203265
0.0203423
0.0203303
0.0218762
0.0203726
0.0204163
0.0203297
0.0234545
0.0204381
0.0275642
0.0204941
0.020493
0.0205552
0.0202118
0.0205836
0.023515
0.0204504
0.020691
0.0206239
0.0211225
0.0204243
0.0203431
0.0203038
0.0203107
0.0203889
0.0203059
0.0203591
0.0202364
0.0203122
0.0203946
0.0217607
0.020607
0.0205247
0.0202904
0.0204771
0.0206332
0.0213748
0.0206926
0.0204428
0.0204603
0.0230291
0.0205975
0.0238506
0.0206629
0.0203384
0.0206096
0.0203348
0.0204767
0.0206619
0.0205033
0.0203591
0.0205192
0.0213163
0.022999
0.0204743
0.0205358
0.0203368
0.0205061
0.0204189
0.0201225
0.0203595
0.0255957
0.0204074
0.0205528
0.0202449
0.0205651
0.020438
0.0218335
0.0226234
0.0213169
0.0206398
0.0204614
0.0212629
0.0243907
0.0207586
0.0204189
0.0204198
0.0203935
0.0203814
0.0206049
0.0283385
0.0206051
0.0206184
0.02026
0.0202687
0.0202071
0.0231368
0.020273
0.0202862
0.0205808
0.0203083
0.0202225
0.0202656
0.0204467
0.0207187
0.0204844
0.0204272
0.0202836
0.0201586
0.0204607
0.0206262
0.0206051
0.0204302
0.020182
0.0206719
0.0205355
0.0230861
0.0206178
0.0206901
0.021884
0.0207696
0.0205931
0.0206582
0.0206483
0.0204865
0.0205973
0.0204181
0.0202869
0.0206367
0.020408
0.0205424
0.0205253
0.0203313
0.0205641
0.0201581
0.0241896
0.0206104
0.0203105
0.0202748
0.0202641
0.0199706
0.0201013
0.0202837
0.0204805
0.0203278
0.0203535
0.0206393
0.0202594
0.0203593
0.0203924
0.0202099
0.0205447
0.0203975
0.02015
0.0204214
0.0203173
0.0203149
0.0202889
0.0203164
0.0202653
0.0204484
0.0204915
0.020319
0.0235105
0.0206742
0.0221419
0.0204509
0.0203092
0.0201592
0.0203009
0.0204638
0.0211224
0.0203099
0.0200644
0.0204224
0.0238615
0.0203063
0.0203283
0.0202395
0.0202071
0.0201772
0.0203033
0.020351
0.0205505
0.020568
0.0205924
0.0207515
0.0204155
0.0206387
0.0202346
0.022346
0.0207415
0.020541
0.0202196
0.0204508
0.0203984
0.0203544
0.0226782
0.0203599
0.0211859
0.0201437
0.0207117
0.0204133
0.0204372
0.0204774
0.02054
0.0203079
0.0207228
0.0205291
0.020385
0.020421
0.0204555
0.0204843
0.0202839
0.0205176
0.0203294
0.0204229
0.0204531
0.0205061
0.0212453
0.0207017
0.020502
0.0205399
0.0204321
0.0201026
0.0202417
0.0203449
0.0201971
0.0206791
0.0203293
0.0204862
0.0201499
0.0201812
0.0200195
0.0199564
0.0204357
0.0202807
0.0202656
0.02058
0.0206024
0.0204246
0.0204248
0.0204557
0.0204834
0.0204554
0.0203822
0.0204857
0.020173
0.0202541
0.0263894
0.0205525
0.0204611
0.0204267
0.0203422
0.0203296
0.0203453
0.0205658
0.020269
0.0204508
0.0202372
0.0204209
0.0203151
0.0202431
0.0201463
0.0202747
0.02026
0.0204101
0.0215028
0.0212008
0.0202412
0.0205378
0.0283712
0.0208184
0.0203559
0.0204879
0.0204169
0.0204396
0.0205302
0.0207182
0.0221531
0.0206245
0.0202936
0.0218944
0.0208354
0.0203987
0.0203856
0.020476
0.0202634
0.0208451
0.020355
0.0204341
0.0201151
0.0201318
0.020193
0.0201509
0.0202953
0.0201327
0.020156
0.0203353
0.0202213
0.0201545
0.0219544
0.0242377
0.0215921
0.0203742
0.0204197
0.0201009
0.0202302
0.0205429
0.0201482
0.0201571
0.0201596
0.0199443
0.0198892
0.0200135
0.0205695
0.0200833
0.0201655
0.0201043
0.0202617
0.0200819
0.0199598
0.02004
0.0203758
0.0217929
0.0211109
0.0204517
0.02023
0.0201175
0.0202483
0.0203209
0.0202859
0.0203129
0.0205246
0.0204332
0.0203665
0.0203141
0.0200762
0.0200185
0.020288
0.0218226
0.0202876
0.020218
0.020357
0.0204472
0.0201652
0.0203042
0.0200968
0.0199684
0.0201958
0.0203984
0.0202221
0.0201828
0.0204417
0.0202202
0.0203547
0.0201332
0.0202294
0.0209034
0.0208108
0.020708
0.0214071
0.021431
0.0207549
0.0205794
0.0206684
0.020632
0.0210935
0.0205308
0.0205375
0.020601
0.0232137
0.0205275
0.0209467
0.0203018
0.0203613
0.0202749
0.0205133
0.0204162
0.0204372
0.0203985
0.0202352
0.0202536
0.025863
0.0211609
0.0201252
0.0199768
0.022479
0.0201848
0.0201679
0.0205941
0.0204019
0.0203644
0.0204706
0.0205726
0.0202894
0.0202757
0.0203828
0.0201991
0.02031
0.0203182
0.0201776
0.0203544
0.0201628
0.0203403
0.0266019
0.0204482
0.0202687
0.0202817
0.0201617
0.0204919
0.0206173
0.0206954
0.020531
0.0203849
0.0204735
0.0201622
0.0203721
0.0202835
0.0208132
0.020938
0.02036
0.0205437
0.0201084
0.0201022
0.0203807
0.0201759
0.0204641
0.020372
0.0202257
0.0202422
0.0203823
0.0203092
0.0200854
0.0304955
0.0205497
0.0206705
0.0202717
0.0204524
0.0201444
0.0203349
0.0201554
0.0204229
0.0215015
0.0202952
0.0202862
0.0217981
0.0208226
0.0204987
0.0205736
0.0217514
0.020566
0.020279
0.020468
0.0201725
0.0206869
0.0207766
0.0218952
0.0206188
0.0201985
0.0205253
0.0210201
0.0210104
0.0204456
0.0234895
0.020244
0.020223
0.0203782
0.0202914
0.0204116
0.0205645
0.0202498
0.020258
0.0204724
0.0204604
0.0209233
0.0205685
0.020495
0.0308867
0.020488
0.02033
0.020261
0.0203103
0.0203312
0.0204245
0.0206938
0.0204448
0.0203876
0.0224713
0.020472
0.0205053
0.0201891
0.0203785
0.0204795
0.0203108
0.0204195
0.020282
0.0202373
0.0201775
0.0202897
0.020201
0.0201889
0.0200411
0.0201965
0.0201396
0.0201142
0.020194
0.0205814
0.0206226
0.0203878
0.0204053
0.0204694
0.0201094
0.0201845
0.020349
0.0204505
0.0205771
0.020474
0.0204858
0.0217485
0.0205915
0.0206114
0.0204642
0.0225341
0.0206574
0.020661
0.0202424
0.0202922
0.0202559
0.020426
0.0207519
0.0205427
0.0205673
0.0205269
0.020588
0.0202602
0.0203222
0.0201343
0.0202845
0.0203062
0.0204952
0.0203116
0.0203857
0.0204294
0.0203321
0.0204564
0.0203411
0.0202938
0.0204884
0.0203993
0.0256171
0.0203634
0.0201976
0.0201008
0.0243282
0.0202512
0.0203859
0.0204464
0.0203768
0.0202741
0.0203267
0.020107
0.0203842
0.020543
0.0205899
0.0207951
0.0223199
0.0206679
0.0212877
0.0204579
0.0220024
0.0206527
0.0230723
0.0229494
0.0207548
0.0205939
0.0205292
0.0208219
0.0207086
0.0203303
0.0207077
0.0203044
0.0203542
0.020793
0.0202631
0.0202293
0.0204142
0.0204467
0.020342
0.0202904
0.0203196
0.0204151
0.0200378
0.0205755
0.02063
0.0203843
0.0204605
0.0203519
0.0202233
0.0206412
0.0227882
0.0214777
0.0203066
0.0205488
0.020209
0.0204215
0.020708
0.021946
0.0209705
0.0206381
0.0204864
0.0203869
0.0206652
0.020391
0.0211065
0.0205885
0.020622
0.0203445
0.0208363
0.020336
0.0202393
0.0203314
0.020329
0.0215299
0.020273
0.0202047
0.0203039
0.0205625
0.0204163
0.0202998
0.0203034
0.0204304
0.0204037
0.0206203
0.0210921
0.0206919
0.0204092
0.0205795
0.0203948
0.0204967
0.0206288
0.0205428
0.0212607
0.0203331
0.0204962
0.020777
0.0203842
0.0205875
0.0203657
0.0205218
0.0205627
0.0203521
0.02031
0.0205169
0.0207829
0.0202757
0.0203857
0.0200787
0.0200116
0.0198772
0.023098
0.0203701
0.020215
0.0200359
0.020141
0.0204272
0.0274946
0.0205931
0.020197
0.0203128
0.0200369
0.0203722
0.0204177
0.0203226
0.0203951
0.0206284
0.020584
0.0205884
0.0203984
0.0203721
0.0205556
0.0205674
0.0206398
0.0203011
0.0204093
0.0204468
0.0203922
0.0205104
0.0205283
0.020885
0.0203984
0.0203978
0.0203966
0.0203016
0.0205073
0.0208265
0.0204963
0.0201343
0.0204059
0.0208992
0.0205498
0.0205874
0.0205659
0.0201131
0.0202
0.020652
0.0201027
0.0203717
0.020173
0.0205303
0.0206679
0.0203606
0.02066
0.0205894
0.0204525
0.0209462
0.0205055
0.0207912
0.0204438
0.020849
0.0206341
0.0204359
0.0208022
0.0204381
0.02022
0.0277278
0.0205872
0.0204495
0.0203587
0.02119
0.0206846
0.0205914
0.0209869
0.0218234
0.0206113
0.020592
0.0205073
0.0203715
0.0205096
0.0202458
0.020332
0.0202958
0.020242
0.0202422
0.0203455
0.0203941
0.020432
0.0205842
0.0203775
0.0206413
0.0213999
0.0206321
0.0204169
0.0203871
0.0203301
0.0202988
0.0210938
0.0202894
0.0201464
0.0203625
0.0204036
0.0203546
0.0209761
0.0204134
0.0201856
0.020438
0.0203773
0.0204027
0.0204065
0.0202648
0.0207014
0.0201209
0.0213806
0.0202807
0.0202556
0.0207028
0.0204233
0.0205763
0.0205084
0.0202572
0.021649
0.0205008
0.0206632
0.0202206
0.0202832
0.0202936
0.0205837
0.0202758
0.0203025
0.0204546
0.0209174
0.0202589
0.0228154
0.0230399
0.0204355
0.0204273
0.0223099
0.0204811
0.0205435
0.0202781
0.020243
0.020438
0.020401
0.0207654
0.0201575
0.0203347
0.0202175
0.0203151
0.0203919
0.0201124
0.0203095
0.0200398
0.0202495
0.0209676
0.0231645
0.0205621
0.0209153
0.0206147
0.0204036
0.0207079
0.0203816
0.0203933
0.020601
0.0206205
0.0204239
0.020607
0.020652
0.0206108
0.0203404
0.0213634
0.0206732
0.020509
0.0204416
0.0204555
0.0244658
0.0206407
0.0206075
0.0204907
0.0204563
0.0204874
0.0203863
0.0203818
0.0201072
0.0201937
0.0204436
0.0202577
0.0203323
0.0201619
0.0201658
0.0203787
0.0205025
0.0240454
0.0220889
0.0273325
0.0214374
0.020264
0.0202759
0.0205503
0.0207108
0.0204664
0.0203449
0.0205404
0.0203295
0.0205695
0.02052
0.0206103
0.0220733
0.0204849
0.0202922
0.0204787
0.0208071
0.0206295
0.0215955
0.0207057
0.0204987
0.0205204
0.0209874
0.0203394
0.0203816
0.0203722
0.0201597
0.0205557
0.0202218
0.0205563
0.0203392
0.0203239
0.0202152
0.0200305
0.0201147
0.0201772
0.0201287
0.0203206
0.020617
0.0204261
0.0204027
0.0204602
0.0204133
0.0210698
0.0204546
0.0205471
0.0205731
0.0203832
0.02032
0.0210378
0.0205386
0.0206969
0.0201577
0.0202434
0.0204592
0.0204568
0.0275062
0.0204868
0.020355
0.0205099
0.020139
0.0202393
0.0202802
0.0203953
0.0204275
0.0202767
0.0201641
0.020387
0.020145
0.0201907
0.0200917
0.0221503
0.0240045
0.0219815
0.0204686
0.020571
0.020573
0.0203037
0.0203735
0.0200597
0.0200678
0.0203797
0.0202414
0.0204488
0.020318
0.0203091
0.0204719
0.0201919
0.0205389
0.020441
0.0203074
0.0204998
0.0205272
0.0205836
0.0206378
0.0205979
0.0201693
0.0202248
0.0201732
0.0202701
0.0202488
0.0202902
0.0203684
0.0203276
0.0202036
0.0226433
0.0210793
0.0204262
0.0202976
0.0222887
0.0205032
0.0211722
0.0216689
0.020571
0.02022
0.0205288
0.0204175
0.0203412
0.0215058
0.0225969
0.0202289
0.020624
0.0202596
0.020342
0.0203277
0.0202324
0.0205604
0.0206003
0.0226686
0.0204742
0.0203698
0.0206691
0.0225316
0.0205453
0.0202492
0.0203057
0.0217777
0.020475
0.0221934
0.020707
0.0206273
0.020641
0.0217211
0.0205896
0.020556
0.0206898
0.0207179
0.0205342
0.0202357
0.0203985
0.0200207
0.0203416
0.0205099
0.020405
0.0204696
0.0205719
0.0204846
0.0206645
0.020076
0.0200016
0.0208018
0.0204947
0.0203403
0.0203553
0.0218827
0.0203931
0.0209953
0.023584
0.0205952
0.0206505
0.0204887
0.0201793
0.0204779
0.0203171
0.0204883
0.0203293
0.0202601
0.0203996
0.0203693
0.0202837
0.0202275
0.0202843
0.0203518
0.0213026
0.0205224
0.0205518
0.0260074
0.0246493
0.0235868
0.0206642
0.0202014
0.020427
0.0206924
0.0205137
0.0205613
0.0202322
0.0200275
0.0204711
0.020422
0.0203849
0.0231881
0.0207117
0.0222397
0.0203736
0.0218364
0.0203229
0.0203967
0.0206282
0.020407
0.0201614
0.0204122
0.0206947
0.0203227
0.0205821
0.020444
0.0204796
0.020375
0.0202092
0.0203924
0.0205133
0.0203222
0.0204909
0.0208226
0.0224748
0.0205903
0.0203398
0.0203733
0.0204245
0.0203691
0.0232856
0.0260271
0.0203725
0.0205174
0.0202202
0.0203372
0.0201577
0.0203489
0.0203251
0.0200881
0.0203635
0.0205794
0.0205673
0.0203658
0.0205207
0.0206478
0.0219305
0.021273
0.0204607
0.0204365
0.0203714
0.0207374
0.0204995
0.0206789
0.0205694
0.0206554
0.0206012
0.0205698
0.0203303
0.021075
0.0202522
0.0203864
0.0201016
0.0204114
0.0204013
0.0203315
0.021546
0.0207531
0.0205847
0.0206061
0.0203919
0.0206633
0.0205195
0.0202444
0.0203212
0.0203543
0.020592
0.0203798
0.0203841
0.020101
0.0200246
0.0205813
0.0203819
0.0203819
0.0203493
0.0204217
0.0206602
0.022058
0.0205259
0.0204291
0.0202656
0.020043
0.0203687
0.0214018
0.0205179
0.0203352
0.0203209
0.0202167
0.02022
0.020659
0.0204811
0.020414
0.0203668
0.0203528
0.0201892
0.0202038
0.0203888
0.0204087
0.0203355
0.0203991
0.020309
0.0203105
0.0205475
0.0206661
0.0205292
0.0203958
0.0204283
0.0203344
0.0202745
0.0201937
0.0201877
0.0204337
0.0203393
0.0202376
0.0221375
0.0205234
0.0203426
0.0202479
0.0201678
0.0215198
0.0203865
0.0202754
0.0204272
0.0205034
0.0202673
0.020496
0.0207924
0.0203994
0.0203768
0.0232781
0.0229612
0.0206499
0.0204763
0.0202374
0.0272094
0.0206994
0.0205515
0.0203679
0.0203692
0.0203657
0.0204041
0.0206282
0.0203672
0.0201364
0.0207843
0.0206833
0.0205448
0.0203226
0.0206716
0.0215589
0.0230401
0.0206253
0.0217565
0.0205472
0.0204705
0.0202689
0.0201505
0.0202588
0.0203492
0.0205522
0.020127
0.0219492
0.0203406
0.0211996
0.0201274
0.0199812
0.0205172
0.0201987
0.0199977
0.0199764
0.0202177
0.0201525
0.0203071
0.0204082
0.0204238
0.0204005
0.0202945
0.0233305
0.0203464
0.0203829
0.0202223
0.0202148
0.0200893
0.0203614
0.0205061
0.0202758
0.020387
0.020311
0.0202053
0.020133
0.0200635
0.0203872
0.0201275
0.0203189
0.0200266
0.0201398
0.0208705
0.0203534
0.0203942
0.0237882
0.0205352
0.0204821
0.0205697
0.0203365
0.0203903
0.0206189
0.0202681
0.0202128
0.0202594
0.0205806
0.0272616
0.0206966
0.0203422
0.0202469
0.0203863
0.0206039
0.020629
0.0204352
0.0203173
0.0202483
0.0206314
0.0203055
0.0205011
0.0213855
0.0207175
0.0205278
0.0202894
0.0204844
0.0204883
0.0204025
0.0203334
0.0207142
0.0204429
0.0202258
0.0204064
0.0202905
0.0207278
0.0243381
0.01998
0.0202352
0.0204676
0.0203442
0.020649
0.0205923
0.0200605
0.0201821
0.0201958
0.0204491
0.0209697
0.0204983
0.020378
0.020299
0.0205043
0.0204056
0.0202668
0.020341
0.0201702
0.0236893
0.0230684
0.0203265
0.0204713
0.0202238
0.0203811
0.0202952
0.0203417
0.0204359
0.020542
0.0203789
0.0202465
0.0200077
0.0201828
0.0205506
0.0205778
0.0209401
0.0206949
0.0206025
0.0222805
0.0207424
0.0230349
0.0279352
0.0206391
0.0204945
0.0202143
0.020172
0.0200791
0.0201577
0.0201267
0.0231699
0.0204647
0.020338
0.0202034
0.0233103
0.0248082
0.020444
0.0202473
0.0203848
0.0202407
0.02447
0.0207693
0.0268762
0.0204301
0.020293
0.0203004
0.020439
0.0234811
0.0225096
0.0221502
0.02055
0.0203843
0.0204262
0.0202946
0.0204427
0.0201537
0.0205581
0.0203096
0.0268038
0.0206254
0.0208068
0.0201058
0.0200977
0.0202757
0.0203697
0.0201559
0.0219456
0.0207098
0.0204989
0.0203161
0.0203738
0.0203256
0.0206654
0.0203995
0.0203491
0.0201959
0.0203619
0.0204119
0.020614
0.0201985
0.0204914
0.0211909
0.020147
0.0204725
0.0203458
0.0202105
0.02034
0.0200791
0.0206793
0.0206374
0.0212711
0.0207705
0.0208756
0.0208521
0.0287135
0.0204355
0.0202734
0.0201775
0.0206298
0.0224327
0.0217702
0.0202699
0.0205446
0.0203791
0.0203192
0.0203253
0.0203098
0.0202241
0.020516
0.0205519
0.0204093
0.0202441
0.0204499
0.0204785
0.020351
0.0209825
0.0206923
0.0206525
0.0219028
0.0203556
0.020417
0.0203173
0.0204915
0.0202395
0.0231053
0.0208128
0.0219505
0.0210447
0.0203251
0.0205207
0.0205572
0.020687
0.0204874
0.0202135
0.0208457
0.0205536
0.0205079
0.0204082
0.0205542
0.0203598
0.0200545
0.0203403
0.0202252
0.020356
0.0204856
0.0206937
0.0203686
0.0206164
0.0203869
0.0205116
0.0206569
0.0203894
0.0204961
0.0203154
0.0220062
0.0206302
0.0206398
0.0216985
0.0208456
0.020426
0.0204481
0.0209477
0.0207069
0.020673
0.0252284
0.0203075
0.0205013
0.0204139
0.0204356
0.0204776
0.0203509
0.0201959
0.0203763
0.0203726
0.0203357
0.0203176
0.0203675
0.0202704
0.0200981
0.020251
0.0201399
0.0205939
0.0290963
0.0204888
0.0204232
0.0205179
0.0203835
0.0205208
0.0203428
0.020593
0.0205052
0.0210034
0.0203776
0.0204523
0.0202587
0.0202162
0.0203605
0.0207595
0.0203659
0.0204001
0.0203401
0.0201764
0.020531
0.0205607
0.0203589
0.020636
0.0205886
0.0202202
0.0202432
0.0203035
0.0240098
0.0203962
0.0204563
0.0203531
0.0203624
0.0205605
0.0200852
0.0202619
0.0205159
0.0200102
0.0201525
0.0201386
0.0202196
0.0200789
0.0205324
0.0215979
0.0207635
0.0207122
0.0203692
0.020375
0.020246
0.021693
0.020481
0.0200878
0.0203509
0.0204046
0.0201472
0.0203386
0.0203796
0.0205062
0.0205788
0.0202866
0.0209857
0.0204544
0.020474
0.0205378
0.0204405
0.0204994
0.0202929
0.0204399
0.0202952
0.020217
0.0203176
0.0202336
0.0203948
0.0203921
0.0202075
0.0203369
0.0203094
0.0205754
0.0204037
0.020114
0.0201677
0.020164
0.0200494
0.0203038
0.0205577
0.0206208
0.0203782
0.0203207
0.0201962
0.0202318
0.0205018
0.0205646
0.020658
0.0205052
0.0206012
0.0203266
0.0206995
0.0206283
0.0203142
0.0201256
0.0203603
0.0201621
0.0204039
0.020198
0.0203249
0.0203983
0.0203724
0.020437
0.020481
0.0204535
0.0203272
0.0202552
0.0205791
0.0204076
0.0206297
0.020444
0.0218935
0.020524
0.0205186
0.0203118
0.0202279
0.0204961
0.0204767
0.02039
0.0203234
0.0200931
0.0201334
0.0204174
0.0202964
0.0203577
0.0205054
0.0207331
0.0203775
0.0205273
0.0203936
0.0202691
0.0202889
0.0202194
0.0202355
0.0254873
0.020545
0.0206982
0.0206279
0.020501
0.0204808
0.0205188
0.0236133
0.0206532
0.0212798
0.0202457
0.0204351
0.0203789
0.0202999
0.0203757
0.0202193
0.0203502
0.0204455
0.0201534
0.0202468
0.0203377
0.0203272
0.025718
0.0204247
0.0203176
0.0237306
0.0203909
0.0208737
0.0203323
0.0202922
0.0203486
0.02024
0.0201977
0.0201916
0.0202432
0.0202444
0.0199264
0.0202065
0.0203703
0.0205733
0.0204834
0.0212957
0.0206793
0.0206156
0.0205995
0.0204336
0.020581
0.0205369
0.0206385
0.020264
0.0201775
0.02025
0.020793
0.0208608
0.0247514
0.0504505
0.0472925
