0.202234
0.202273
0.202296
0.202304
0.202497
0.202691
0.202725
0.202951
0.203072
0.203147
0.212672
0.308515
0.477158
0.647874
0.769988
0.867671
0.943458
0.989996
1.016947
1.274052
1.626650
1.914552
2.115857
2.220566
2.289479
2.344919
2.419729
2.502823
2.607449
2.713981
2.798208
2.875205
2.959250
3.033622
3.116002
3.210841
3.294032
3.348749
3.394802
3.423527
3.456639
3.495210
3.554332
3.647535
3.800082
3.980243
4.128672
4.261315
4.366799
4.488840
4.691932
4.951184
5.185634
5.408255
5.562955
5.668948
5.773562
5.909084
6.066282
6.227136
6.409797
6.645955
6.895822
7.115387
7.374031
7.643283
7.873961
8.102472
8.364793
8.569320
8.731592
8.854436
8.985532
9.127426
9.248760
9.385881
9.493771
9.582539
9.661407
9.778368
9.914850
10.078130
10.261725
10.497229
10.709356
10.962440
11.175377
11.417116
11.624560
11.861264
12.086588
12.257190
12.428599
12.580968
12.783688
12.972902
13.168592
13.364959
13.560772
13.791845
13.991463
14.224931
14.464759
14.665780
14.863233
15.090672
15.279024
15.465323
15.647311
15.847767
16.022115
16.204081
16.427990
16.659751
16.861478
17.064544
17.293397
17.486639
17.702055
17.897109
18.057366
18.250169
18.462160
18.687179
18.885830
19.088432
19.322558
19.552398
19.756420
19.912941
20.089752
20.282077
20.493118
20.685441
20.915745
21.121016
21.320396
21.491721
21.620686
21.719528
21.778225
21.855808
21.947521
22.083663
22.250879
22.419475
22.531991
22.608440
22.681227
22.786448
22.910961
23.065021
23.275922
23.504558
23.713650
23.923655
24.162636
24.357976
24.548612
24.737197
24.954297
25.128053
25.283687
25.436740
25.598150
25.768759
25.972876
26.153188
26.298179
26.429784
26.551809
26.663806
26.783856
26.936280
27.073327
27.200373
27.313177
27.431470
27.520957
27.631170
27.768443
27.914426
28.111736
28.299993
28.542080
28.760531
28.985188
29.210896
29.464623
29.668605
29.871766
30.011863
30.148510
30.268200
30.425283
30.663589
30.944767
31.180675
31.396270
31.628839
31.819960
32.010718
32.238439
32.465991
32.666335
32.903073
33.134056
33.333006
33.566698
33.769504
34.011788
34.212277
34.398017
34.598816
34.814434
35.017129
35.233139
35.488512
35.689985
35.884783
36.037599
36.159956
36.265798
36.390103
36.561937
36.733818
36.912986
37.104607
37.266893
37.390447
37.511930
37.660212
37.818713
38.010031
38.171276
38.289487
38.440675
38.676803
38.903746
39.152234
39.373354
39.564650
39.710985
39.869383
40.006050
40.138762
40.263685
40.391002
40.449923
40.464092
40.534353
40.628043
40.809397
41.003567
41.238285
41.433571
41.653714
41.836775
42.005889
42.180821
42.399866
42.596318
42.798344
43.034134
43.239924
43.477653
43.705325
43.889211
44.084410
44.233719
44.398465
44.576566
44.745887
44.958511
45.155761
45.398032
45.636748
45.816090
46.000912
46.099526
46.170413
46.230581
46.317499
46.418224
46.544293
46.716702
46.915242
47.093713
47.273356
47.476674
47.635883
47.766164
47.810087
47.835373
47.897464
47.974964
48.097069
48.261524
48.463109
48.688038
48.904243
49.159269
49.429525
49.699678
49.975922
50.207670
50.473583
50.692978
50.939724
51.150171
51.355761
51.590150
51.788744
52.000241
52.249364
52.465895
52.706248
52.915532
53.082074
53.227453
53.360643
53.511999
53.639842
53.779820
53.971319
54.202518
54.420462
54.651074
54.929763
55.159702
55.366849
55.544718
55.715897
55.842296
55.957057
56.058393
56.124292
56.151772
56.243082
56.354611
56.492149
56.600291
56.668586
56.736702
56.821710
56.937626
57.112085
57.288034
57.475429
57.652098
57.831694
58.005453
58.162694
58.335271
58.557049
58.788653
58.994761
59.224796
59.480547
59.700542
59.942381
60.135804
60.326433
60.549395
60.745866
60.976186
61.172728
61.407061
61.637371
61.833973
62.027047
62.219900
62.450740
62.687729
62.892384
63.125466
63.360209
63.558393
63.755310
63.985948
64.183151
64.412376
64.614035
64.851790
65.085654
65.281149
65.505883
65.701500
65.896551
66.125843
66.357628
66.558005
66.791563
66.990659
67.202977
67.366400
67.558296
67.762773
67.959389
68.187830
68.387336
68.590078
68.794326
69.025980
69.251784
69.449096
69.689090
69.908291
70.169440
70.387064
70.630752
70.853226
71.062095
71.250495
71.393256
71.550043
71.713216
71.911290
72.164706
72.376248
72.588815
72.813103
73.013273
73.224809
73.461134
73.663428
73.899251
74.143276
74.356164
74.597064
74.825632
75.043555
75.236951
75.385428
75.533150
75.640018
75.777524
75.959815
76.149684
76.396473
76.623131
76.884635
77.106758
77.309248
77.523165
77.741483
77.941243
78.125219
78.298764
78.421268
78.573671
78.730556
78.945920
79.174101
79.406793
79.598564
79.783112
79.990837
80.183289
80.339446
80.482626
80.608936
80.711293
80.793761
80.801637
80.904231
81.057982
81.246294
81.475803
81.675819
81.875364
82.073952
82.302619
82.492150
82.711757
82.929973
83.126074
83.328244
83.533459
83.772278
83.972585
84.204141
84.394260
84.601212
84.770851
84.955476
85.118810
85.246064
85.407199
85.626459
85.889347
86.153832
86.399761
86.602917
86.788508
87.009379
87.228874
87.492599
87.690859
87.857120
88.039319
88.198887
88.432768
88.653424
88.851559
89.018247
89.139350
89.243939
89.319921
89.462082
89.648825
89.824792
90.039745
90.235234
90.434533
90.665040
90.850300
91.020664
91.173787
91.330298
91.461603
91.567916
91.697894
91.814062
91.935340
92.088344
92.245830
92.373795
92.474259
92.547669
92.622176
92.766439
92.954416
93.175536
93.378966
93.591963
93.848174
94.064993
94.277940
94.486838
94.721256
94.915731
95.128656
95.297744
95.475473
95.617215
95.724617
95.874662
96.043797
96.283428
96.540011
96.800918
97.005447
97.183100
97.329157
97.403620
97.444114
97.493142
97.607331
97.825468
98.042246
98.289663
98.496952
98.695070
98.885654
99.107734
99.301612
99.540223
99.782895
100.031700
100.255848
100.418373
100.515216
100.549664
100.570977
100.635148
100.740865
100.863633
101.018615
101.174097
101.336475
101.549735
101.744423
101.959803
102.168966
102.356470
102.575299
102.741515
102.881280
103.010989
103.114204
103.194214
103.249531
103.306590
103.373644
103.473685
103.600021
103.754412
103.904690
104.113902
104.314055
104.558147
104.790242
105.008808
105.202481
105.377813
105.563675
105.772431
106.001912
106.254547
106.511579
106.752669
106.959523
107.201666
107.380988
107.531105
107.675091
107.868025
108.090142
108.335417
108.545757
108.748115
108.975714
109.196979
109.363819
109.515766
109.624897
109.767274
109.918940
110.108539
110.295227
110.504861
110.771516
110.987965
111.179822
111.283084
111.392707
111.502412
111.614181
111.790327
111.994690
112.209969
112.461654
112.702336
112.936591
113.157429
113.354512
113.551174
113.641958
113.686890
113.834814
114.106340
114.433344
114.748686
115.012923
115.280215
115.540105
115.793302
116.007365
116.250417
116.488225
116.690444
116.924357
117.131482
117.359692
117.589809
117.782530
118.003970
118.190915
118.411252
118.626908
118.812948
119.032450
119.223936
119.458841
119.651868
119.813888
119.944766
120.008858
120.040887
120.093802
120.205971
120.344252
120.544547
120.734796
120.933708
121.164623
121.395670
121.619909
121.801303
121.970664
122.113312
122.260673
122.437278
122.619277
122.832930
123.033493
123.259323
123.506016
123.725542
123.934542
124.149276
124.351269
124.534453
124.711781
124.841557
124.946683
125.067519
125.201365
125.327411
125.481933
125.615498
125.749771
125.902548
126.044962
126.212336
126.404979
126.609073
126.790322
126.930112
126.993034
127.029934
127.101378
127.210978
127.349811
127.537089
127.691797
127.828612
127.957060
128.087862
128.238195
128.414572
128.624730
128.852677
129.048274
129.269283
129.479153
129.681852
129.883616
130.094132
130.301474
130.528505
130.741451
130.921048
131.158457
131.363982
131.554669
131.744228
131.919656
132.117531
132.296795
132.526745
132.761286
132.961124
133.181661
133.365954
133.568838
133.807498
134.009510
134.197909
134.398475
134.565945
134.692856
134.857101
135.045055
135.242008
135.424937
135.625510
135.806235
135.975583
136.146493
136.318028
136.489563
136.680614
136.868587
137.059033
137.236635
137.438577
137.610742
137.804068
137.953228
138.084124
138.197531
138.314208
138.419386
138.524231
138.614869
138.717145
138.848379
139.032187
139.195099
139.291918
139.374732
139.465423
139.578048
139.675140
139.770478
139.873052
139.951463
140.077521
140.207831
140.345664
140.502406
140.714448
140.973292
141.214630
141.445379
141.636684
141.847968
142.038733
142.241323
142.473723
142.661260
142.853457
143.022131
143.208285
143.409739
143.597068
143.779806
143.939253
144.052125
144.150162
144.283896
144.462520
144.625878
144.777491
144.936960
145.056394
145.162359
145.270432
145.390375
145.544010
145.681817
145.826217
145.986902
146.113811
146.290330
146.486242
146.676802
146.886317
147.103178
147.316949
147.536897
147.764428
147.986005
148.187940
148.359056
148.493472
148.602559
148.688214
148.781953
148.927828
149.146363
149.375488
149.570445
149.731846
149.890936
150.055962
150.229532
150.418113
150.619370
150.783785
150.901711
151.008899
151.120112
151.302425
151.464980
151.679898
151.879374
152.066260
152.180069
152.225039
152.245730
152.297142
152.387227
152.509358
152.696840
152.908197
153.130677
153.361410
153.587653
153.811988
154.039364
154.257470
154.532073
154.761611
154.987500
155.203065
155.368947
155.525258
155.713695
155.907458
156.109864
156.300787
156.519257
156.728259
156.966534
157.208904
157.448738
157.645545
157.800499
157.903532
157.958563
157.986680
158.036159
158.134583
158.267375
158.426990
158.592032
158.794216
158.997438
159.181808
159.381639
159.553826
159.737588
159.957373
160.158281
160.437103
160.690469
160.867438
161.101421
161.317800
161.533272
161.762002
161.997972
162.222283
162.426049
162.618194
162.808882
163.022426
163.228670
163.417559
163.600674
163.773674
163.925218
164.075138
164.267619
164.449451
164.642291
164.845851
165.041448
165.270403
165.476627
165.693077
165.879846
166.050607
166.175922
166.273206
166.351411
166.437775
166.519391
166.594965
166.650535
166.722679
166.841800
166.980681
167.154250
167.314381
167.484521
167.688514
167.872124
168.069884
168.268606
168.478125
168.716014
168.933866
169.125503
169.266295
169.355433
169.399449
169.449287
169.536070
169.712212
169.886819
170.078010
170.255063
170.428133
170.590714
170.813055
171.030094
171.247855
171.448497
171.651422
171.886044
172.099084
172.334839
172.543537
172.730942
172.928443
173.072040
173.192425
173.306384
173.419039
173.587791
173.752310
173.941478
174.160066
174.366961
174.585130
174.852200
175.087608
175.343548
175.570497
175.810763
176.022641
176.274511
176.463737
176.661878
176.892753
177.123035
177.348304
177.556386
177.756296
177.945879
178.174630
178.404823
178.603226
178.810673
179.026303
179.242462
179.443965
179.663229
179.881795
180.074017
180.272288
180.419346
180.565992
180.650670
180.714852
180.768330
180.853684
180.939026
181.014790
181.116765
181.266092
181.453657
181.661472
181.912748
182.132643
182.358724
182.590395
182.815198
183.025749
183.227913
183.417642
183.623879
183.824511
184.054475
184.286681
184.495315
184.711388
184.881098
185.104404
185.308706
185.504512
185.696503
185.831509
185.953089
186.084229
186.236662
186.389956
186.548528
186.716883
186.890580
187.041871
187.201921
187.348233
187.508609
187.699497
187.898850
188.124007
188.351537
188.602121
188.878566
189.104255
189.332880
189.495099
189.656964
189.823816
190.012200
190.246738
190.473549
190.684511
190.895601
191.107075
191.302447
191.502709
191.708342
191.939840
192.143867
192.365359
192.582239
192.800542
193.014516
193.212262
193.410184
193.594799
193.830586
194.039762
194.261424
194.462178
194.669913
194.871907
195.103374
195.319124
195.533897
195.754359
195.972319
196.157798
196.380118
196.631565
196.840165
197.065397
197.273817
197.477050
197.671607
197.868378
198.057751
198.319963
198.545727
198.724167
198.937359
199.180232
199.352715
199.592996
199.809046
200.027084
200.262675
200.474692
200.690622
200.890267
201.116911
201.325071
201.530104
201.740331
201.939104
202.169441
202.374584
202.608356
202.810487
203.033398
203.234253
203.433207
203.611411
203.871963
204.089458
204.297788
204.524011
204.735563
204.944001
205.132443
205.302995
205.454720
205.604180
205.699316
205.759975
205.819672
205.905078
206.024550
206.176566
206.334162
206.497040
206.671082
206.798783
206.866803
206.905313
206.970164
207.080494
207.240896
207.456742
207.684903
207.916689
208.171713
208.408741
208.642149
208.882759
209.114313
209.322842
209.509720
209.647130
209.774526
209.959053
210.152898
210.360834
210.588701
210.780004
210.969321
211.181093
211.390696
211.650242
211.854473
212.036043
212.203837
212.357089
212.528422
212.719738
212.916582
213.152263
213.350899
213.571297
213.743639
213.919547
214.100372
214.288605
214.515894
214.717667
214.907928
215.132809
215.352183
215.570966
215.762939
215.932723
216.095914
216.246389
216.392591
216.583483
216.793808
217.037239
217.252324
217.424437
217.675652
217.874685
218.093803
218.329473
218.537505
218.753768
218.976855
219.179926
219.404675
219.580585
219.809565
220.008922
220.210337
220.421350
220.638030
220.853785
221.062377
221.251088
221.456266
221.661710
221.859812
222.060094
222.267929
222.457477
222.648834
222.803252
222.931465
223.012710
223.080798
223.138984
223.228592
223.347622
223.462347
223.523440
223.626105
223.712687
223.763286
223.827258
223.940459
224.120244
224.313252
224.522730
224.738869
224.985445
225.196289
225.482824
225.712682
225.961243
226.204766
226.401568
226.529343
226.590406
226.615193
226.662982
226.710233
226.737786
226.822087
227.016316
227.189638
227.401083
227.616555
227.807264
227.979223
228.209776
228.438196
228.643999
228.863195
229.098504
229.326799
229.550435
229.726528
229.835986
229.926513
229.990718
230.042457
230.126994
230.260991
230.419365
230.605851
230.806228
231.064777
231.301787
231.557559
231.763270
232.030600
232.248623
232.478228
232.696008
232.901858
233.116305
233.322534
233.514729
233.745081
233.994417
234.212893
234.471958
234.699746
234.919284
235.152467
235.374181
235.597022
235.824182
236.055903
236.280339
236.521837
236.754448
237.002635
237.210836
237.404224
237.541703
237.639941
237.735037
237.823693
237.947503
238.107702
238.301994
238.549800
238.789450
239.019347
239.254973
239.470613
239.711309
239.907192
240.131779
240.368102
240.613015
240.835610
241.044877
241.262177
241.451767
241.617212
241.801314
241.946078
242.049547
242.161922
242.248214
242.293302
242.396781
242.527096
242.682606
242.865819
243.064559
243.322477
243.570443
243.800413
244.051490
244.278117
244.489782
244.703676
244.933409
245.133461
245.340556
245.551351
245.759074
245.988116
246.221968
246.455954
246.680527
246.881407
247.087729
247.296055
247.511055
247.730423
247.932294
248.099898
248.226684
248.319791
248.353933
248.361870
248.416818
248.504756
248.631756
248.815698
249.001442
249.245256
249.479634
249.716887
249.963786
250.179007
250.410182
250.630688
250.919003
251.162860
251.411804
251.668489
251.906754
252.160858
252.372466
252.591994
252.803268
253.010042
253.217350
253.422081
253.625819
253.819212
254.016210
254.218226
254.428789
254.632445
254.845718
255.047128
255.247419
255.477843
255.675887
255.875028
256.072127
256.289267
256.488462
256.663251
256.852313
257.042166
257.232131
257.430634
257.646288
257.863572
258.066649
258.289747
258.493028
258.691115
258.894337
259.103273
259.332693
259.546859
259.750730
259.958503
260.165124
260.366748
260.570583
260.775034
260.934304
261.083660
261.240827
261.417476
261.604581
261.825569
261.935912
261.999898
262.064748
262.135173
262.221831
262.328391
262.456662
262.613810
262.844492
263.079754
263.316066
263.583883
263.798872
263.992953
264.193354
264.414809
264.620736
264.825169
265.057028
265.258643
265.448576
265.690314
265.890061
266.096633
266.273411
266.513762
266.721336
266.935966
267.168986
267.372462
267.601799
267.837736
268.053684
268.263807
268.468386
268.682793
268.912288
269.136930
269.366529
269.570957
269.770250
269.974554
270.179150
270.373967
270.634041
270.854251
271.059088
271.277816
271.500175
271.711911
271.908976
272.135915
272.343696
272.547132
272.765042
272.997107
273.193401
273.395123
273.548205
273.697875
273.824697
274.029738
274.230538
274.474024
274.646458
274.799979
274.944566
275.109771
275.280330
275.481247
275.668206
275.877202
276.108477
276.307775
276.518216
276.742717
276.938511
277.194727
277.396342
277.603674
277.798409
278.000154
278.197703
278.379744
278.584994
278.805638
279.019428
279.220793
279.424335
279.664563
279.872245
280.090105
280.291288
280.479055
280.653461
280.835626
280.974011
281.078078
281.234121
281.415751
281.616034
281.812838
282.017612
282.214238
282.414184
282.616815
282.851077
283.028328
283.238821
283.479220
283.682241
283.884125
284.072346
284.238722
284.421866
284.602765
284.789120
285.001943
285.212385
285.449850
285.684873
285.926943
286.151585
286.341000
286.572889
286.802884
286.998203
287.210659
287.430618
287.640289
287.835434
288.041380
288.257128
288.455135
288.662768
288.866780
289.070710
289.281811
289.478976
289.662271
289.848917
290.025257
290.224712
290.431779
290.620461
290.821044
291.025903
291.217411
291.422711
291.654628
291.893062
292.104005
292.317702
292.536724
292.760177
292.996140
293.213643
293.425330
293.613719
293.819695
294.033086
294.251250
294.459043
294.661843
294.884578
295.100022
295.283435
295.417676
295.515919
295.613086
295.720734
295.849240
296.012836
296.208612
296.400802
296.614704
296.838746
297.071327
297.309416
297.519269
297.728243
297.920048
298.131003
298.359846
298.594679
298.830403
299.076724
299.321870
299.572595
299.779073
299.980868
300.183787
300.389604
300.601467
300.824322
301.038943
301.214987
301.439054
301.653361
301.848680
302.065369
302.270875
302.478907
302.684559
302.914069
303.137744
303.333531
303.579966
303.833554
304.056994
304.250553
304.461410
304.687923
304.901643
305.109800
305.325215
305.552640
305.787314
306.006046
306.245703
306.476047
306.708244
306.907862
307.121206
307.330681
307.537862
307.746571
307.942953
308.153087
308.353172
308.577338
308.792045
309.003306
309.206532
309.411156
309.615880
309.813507
310.019244
310.267281
310.500298
310.703506
310.875397
310.986486
311.059202
311.138012
311.240571
311.378149
311.559812
311.752486
311.969945
312.256260
312.509683
312.719761
312.921820
313.128382
313.321598
313.513267
313.730572
313.967742
314.178510
314.419096
314.657972
314.904006
315.133755
315.351471
315.598546
315.816634
316.021762
316.240186
316.467012
316.676783
316.879012
317.073566
317.274538
317.484359
317.670914
317.860427
318.037469
318.262050
318.471653
318.632536
318.840338
319.032638
319.237853
319.452455
319.664174
319.882538
320.125341
320.342489
320.545051
320.792617
321.009466
321.230385
321.441438
321.643354
321.848455
322.044906
322.238186
322.434183
322.664761
322.862436
323.064505
323.265907
323.467105
323.697984
323.894881
324.122593
324.355208
324.585759
324.801586
325.007911
325.227542
325.454462
325.662772
325.888221
326.098008
326.298684
326.505747
326.704063
326.933518
327.159276
327.351650
327.540798
327.769922
327.995726
328.211791
328.424429
328.635222
328.837719
328.993936
329.228086
329.449835
329.651496
329.815226
329.966170
330.099848
330.245582
330.402849
330.591132
330.794382
330.988906
331.176445
331.348461
331.518262
331.657746
331.837696
332.011400
332.160037
332.241862
332.313244
332.365460
332.404558
332.442507
332.543144
332.691912
332.866058
333.057126
333.253091
333.487625
333.683487
333.922508
334.171824
334.374582
334.550109
334.715304
334.852805
334.978276
335.125048
335.304380
335.524686
335.734833
335.935891
336.159732
336.372501
336.597550
336.823993
337.037325
337.224270
337.484610
337.724410
337.970317
338.205437
338.428453
338.645405
338.799273
338.930553
339.090701
339.281206
339.481968
339.735402
339.966079
340.176963
340.384167
340.563534
340.772968
341.010816
341.238651
341.452739
341.646933
341.838992
341.986646
342.129632
342.287342
342.437478
342.607646
342.778279
342.977804
343.215497
343.453795
343.690977
343.873627
344.096630
344.279332
344.449135
344.620644
344.811211
344.931627
345.066744
345.158188
345.241746
345.357204
345.540046
345.735934
345.944280
346.138520
346.387189
346.593612
346.752325
346.859312
346.927309
347.030566
347.159170
347.296166
347.407414
347.496886
347.597998
347.777367
347.950663
348.127023
348.324244
348.490872
348.697764
348.900121
349.066688
349.307187
349.487508
349.670376
349.846822
350.033662
350.255132
350.448544
350.687037
350.915134
351.157997
351.344342
351.471639
351.559925
351.639276
351.723878
351.836771
351.965632
352.090153
352.275048
352.475206
352.689547
352.897983
353.140528
353.344648
353.592324
353.816241
354.022862
354.253007
354.451966
354.650095
354.848089
355.046133
355.263272
355.464018
355.682840
355.898103
356.105692
356.333592
356.530455
356.715948
356.953286
357.151600
357.360437
357.575392
357.792496
357.993122
358.197109
358.413932
358.632059
358.805650
359.032033
359.226178
359.443155
359.654114
359.914471
360.117750
360.311822
360.534443
360.724307
360.925482
361.174734
361.389525
361.608874
361.817256
362.025402
362.232811
362.433027
362.639805
362.864156
363.080454
363.283460
363.515402
363.719354
363.945411
364.182653
364.358173
364.593373
364.822863
365.033702
365.243645
365.464129
365.669253
365.893432
366.108581
366.306013
366.494277
366.716884
366.911014
367.114333
367.338777
367.537636
367.741341
367.934057
368.170841
368.424170
368.652079
368.852469
369.043913
369.204975
369.371232
369.573548
369.785662
369.992011
370.225130
370.424372
370.623508
370.823069
371.031005
371.257411
371.533490
371.788802
372.022560
372.248536
372.429337
372.604530
372.758464
372.932902
373.147995
373.364758
373.608536
373.805885
374.005405
374.206677
374.417564
374.673189
374.915831
375.150892
375.363677
375.581628
375.806738
376.069881
376.319023
376.522909
376.690158
376.817131
376.940593
377.081666
377.282245
377.544299
377.763028
377.982799
378.186253
378.381715
378.602772
378.840269
379.070627
379.254424
379.394134
379.570366
379.680211
379.815269
379.930465
380.065828
380.227376
380.418286
380.657499
380.865044
381.061608
381.284670
381.473113
381.670266
381.897073
382.072995
382.210961
382.308459
382.372903
382.434914
382.511734
382.629247
382.767560
382.937609
383.111818
383.315286
383.520826
383.722577
383.962670
384.167760
384.377329
384.608769
384.848001
385.060411
385.274824
385.476647
385.677265
385.876620
386.107917
386.302526
386.502730
386.735239
386.939849
387.138702
387.340135
387.562799
387.785712
387.987285
388.185345
388.375578
388.592723
388.792359
389.038088
389.298799
389.529052
389.799386
390.042498
390.315746
390.558966
390.835095
391.081720
391.302910
391.529690
391.740394
391.962180
392.161317
392.367540
392.608692
392.847250
393.045928
393.251369
393.449765
393.640151
393.860160
394.046517
394.243295
394.432603
394.633412
394.856192
395.032752
395.269206
395.466125
395.667752
395.874139
396.070266
396.299709
396.498863
396.697024
396.923217
397.116158
397.315230
397.515487
397.746342
397.949059
398.148228
398.378443
398.594136
398.804234
399.014499
399.225238
399.428840
399.633059
399.866600
400.068350
400.296541
400.503202
400.702361
400.921334
401.100117
401.284577
401.510672
401.737187
401.916610
402.087512
402.300467
402.515531
402.723706
402.926464
403.128302
403.327638
403.546855
403.777293
403.974506
404.206812
404.433892
404.630348
404.860938
405.063149
405.295513
405.491952
405.687288
405.916455
406.111875
406.312366
406.532227
406.728019
406.924878
407.128227
407.357868
407.577502
407.780461
408.001183
408.225462
408.434473
408.658419
408.889584
409.098421
409.302417
409.499908
409.701212
409.933512
410.132435
410.316962
410.523002
410.722212
410.940498
411.158617
411.340571
411.580775
411.799020
412.039235
412.267317
412.491470
412.695454
412.889520
413.087823
413.292304
413.474899
413.600343
413.655783
413.779535
413.999417
414.278784
414.544587
414.771069
414.984692
415.218386
415.478987
415.710634
415.906196
416.061321
416.171478
416.246909
416.294694
416.366146
416.485151
416.649433
416.836184
417.066469
417.287449
417.517870
417.743315
417.929177
418.165260
418.400896
418.599309
418.796533
418.997858
419.199026
419.400910
419.599105
419.803526
420.007903
420.205748
420.405397
420.594696
420.767337
420.941251
421.121915
421.278852
421.500100
421.700427
421.909647
422.140430
422.405289
422.648956
422.889393
423.169101
423.405577
423.658225
423.896040
424.102390
424.327221
424.551661
424.753002
424.949713
425.142801
425.374308
425.586927
425.794179
426.025213
426.225016
426.491612
426.720232
426.931806
427.171117
427.376304
427.607729
427.808922
428.039687
428.244938
428.468869
428.674602
428.873229
429.079935
429.284321
429.490808
429.703140
429.920350
430.157124
430.365640
430.569750
430.788020
430.961756
431.136082
431.254066
431.305640
431.333287
431.377435
431.478507
431.610175
431.768538
431.965289
432.187053
432.428924
432.703650
432.960379
433.175333
433.386729
433.633674
433.821714
434.089683
434.297624
434.498434
434.727676
434.950937
435.168826
435.386493
435.599772
435.798690
436.012657
436.217587
436.434817
436.648318
436.849899
437.048110
437.283082
437.498603
437.704013
437.897027
438.089929
438.272302
438.479925
438.658548
438.860756
439.058499
439.276766
439.466345
439.647564
439.861591
440.057225
440.247794
440.440214
440.655683
440.850340
441.072886
441.263481
441.456652
441.663410
441.873867
442.089826
442.288726
442.490984
442.693518
442.927084
443.161558
443.331470
443.561252
443.794881
443.992963
444.196101
444.425054
444.664574
444.878491
445.101197
445.298115
445.485255
445.732234
445.937620
446.148543
446.397309
446.638789
446.857297
447.065635
447.266606
447.473860
447.665664
447.883991
448.072260
448.294542
448.494048
448.699277
448.882005
449.129747
449.316231
449.567106
449.780495
449.977881
450.156451
450.345625
450.531321
450.740411
450.944942
451.168711
451.402125
451.607265
451.803382
452.030559
452.252930
452.446685
452.649343
452.841611
453.068046
453.290910
453.485703
453.686028
453.910299
454.118533
454.323952
454.578677
454.828036
455.074701
455.315470
455.545376
455.785301
456.021863
456.258184
456.519704
456.741324
456.991869
457.194833
457.396792
457.579406
457.785274
457.960532
458.130261
458.322732
458.506571
458.696116
458.880920
459.069530
459.297838
459.499193
459.707077
459.958671
460.178026
460.434319
460.658356
460.886667
461.139590
461.392493
461.606111
461.835044
462.032849
462.211848
462.407820
462.576437
462.741520
462.939590
463.145177
463.347870
463.549921
463.759910
463.984346
464.246099
464.516240
464.743030
464.999866
465.210361
465.378460
465.610589
465.779469
465.974604
466.173775
466.355321
466.527371
466.773710
466.983146
467.208525
467.436200
467.708642
467.975106
468.242195
468.472821
468.693560
468.914209
469.107488
469.301663
469.489835
469.676944
469.895128
470.085990
470.308554
470.503415
470.714521
470.920302
471.160201
471.382016
471.627193
471.879187
472.098905
472.312272
472.561302
472.772012
473.018671
473.227756
473.456484
473.683914
473.895280
474.132178
474.363560
474.573705
474.777846
475.016539
475.229023
475.450807
475.686886
475.887528
476.098057
476.318424
476.518181
476.721478
476.893103
477.116122
477.338849
477.564311
477.788885
478.003934
478.232066
478.431007
478.665470
478.876339
479.116837
479.315907
479.551600
479.738240
479.943105
480.170707
480.385389
480.599086
480.837993
481.062230
481.260398
481.454790
481.663441
481.845908
482.083752
482.295256
482.515007
482.743955
482.942410
483.156332
483.364731
483.569659
483.779164
483.961676
484.153706
484.355862
484.594484
484.795505
484.988849
485.201300
485.384121
485.542835
485.687932
485.815024
485.919435
486.007044
486.084465
486.147722
486.208178
486.273629
486.360650
486.474870
486.592801
486.713540
486.844422
486.962140
487.039246
487.127105
487.221541
487.349677
487.468534
487.568710
487.636150
487.678879
487.706398
487.732957
487.752737
487.767203
487.776781
487.783907
487.789246
487.793225
487.796724
487.798826
487.800406
487.801716
487.802655
487.803259
487.803701
487.804083
487.804341
487.804552
487.804708
487.804814
487.804893
487.804958
487.805004
487.805038
487.805065
487.805083
487.805098
487.805107
487.805113
487.805117
487.805120
487.805123
487.805125
487.805126
487.805128
487.805130
487.805131
487.805132
487.805133
487.805134
487.805134
487.805135
487.805135
487.805136
487.805136
487.805136
487.805136
487.805136
487.805136
487.805136
487.805136
487.805136
487.805136
487.805136
487.805136
487.805136
487.805136
487.805136
487.805136
487.805136
487.805136
487.805136
487.805136
487.805136
487.805136
487.805136
487.805136
487.805136
487.805136
487.805136
487.805136
487.805136
487.805136
487.805136
487.805136
487.805136
487.805136
487.805137
487.805137
487.805137
487.805137
487.805137
487.805137
487.805137
487.805137
487.805137
487.805137
487.805137
487.805137
487.805137
487.805137
487.805137
487.805137
487.805137
487.805137
487.805137
487.805137
487.805137
487.805137
487.805137
487.805137
487.805137
487.805137
487.805137
487.805137
487.805137
487.805137
487.805137
487.805137
487.805137
487.805137
487.805137
487.805137
487.805137
487.805137
487.805137
487.805137
487.805137
487.805137
487.805137
487.805137
487.805137
487.805137
487.805137
487.805137
487.805137
487.805137
487.805137
487.805137
487.805137
487.805137
487.805137
487.805137
487.805137
487.805137
487.805137
487.805137
487.805137
487.805137
487.805137
487.805137
487.805137
487.805137
487.805137
487.805137
487.805137
487.805137
487.805137
487.805137
487.805137
487.805137
487.805137
487.805137
487.805137
487.805137
487.805137
487.805137
487.805137
487.805137
487.805137
487.805137
487.805137
487.805137
487.805137
487.805137
487.805137
487.805137
487.805137
487.805137
487.805137
487.805137
487.805137
487.805137
487.805137
487.805137
487.805137
487.805137
487.805137
487.805137
487.805137
487.805137
487.805137
487.805137
487.805137
487.805137
487.805137
487.805137
487.805137
487.805137
487.805137
487.805137
487.805137
487.805137
487.805137
487.805137
487.805137
487.805137
487.805137
487.805137
487.805137
487.805137
487.805137
487.805137
487.805137
487.805137
487.805137
487.805137
487.805137
487.805137
487.805137
487.805137
487.805137
487.805137
487.805137
487.805137
487.805137
487.805137
487.805137
487.805137
487.805137
487.805137
487.805137
487.805137
487.805137
487.805137
487.805137
487.805137
487.805137
487.805137
487.805137
487.805137
487.805137
487.805137
487.805137
487.805137
487.805137
487.805137
487.805137
487.805137
487.805137
487.805137
487.805137
487.805137
487.805137
487.805137
487.805137
487.805137
487.805137
487.805137
487.805137
487.805137
487.805137
487.805137
487.805137
487.805137
487.805137
487.805137
487.805137
487.805137
487.805137
487.805137
487.805137
487.805137
487.805137
487.805137
487.805137
487.805137
487.805137
487.805137
487.805137
487.805137
487.805137
487.805137
487.805137
487.805137
487.805137
487.805137
487.805137
487.805137
487.805137
487.805137
487.805137
487.805137
487.805137
487.805137
487.805137
487.805137
487.805137
487.805137
487.805137
487.805137
487.805137
487.805137
487.805137
487.805137
487.805137
487.805137
487.805137
487.805137
487.805137
487.805137
487.805137
487.805137
487.805137
487.805137
487.805137
487.805137
487.805137
487.805137
487.805137
487.805137
487.805137
487.805137
487.805137
487.805137
487.805137
487.805137
487.805137
487.805137
487.805137
487.805137
487.805137
487.805137
487.805137
487.805137
487.805137
487.805137
487.805137
487.805137
487.805137
487.805137
487.805137
487.805137
487.805137
487.805137
487.805137
487.805137
487.805137
487.805137
487.805137
487.805137
487.805137
487.805137
487.805137
487.805137
487.805137
487.805137
487.805137
487.805137
487.805137
487.805137
487.805137
487.805137
487.805137
487.805137
487.805137
487.805137
487.805137
487.805137
487.805137
487.805137
487.805137
487.805137
487.805137
487.805137
487.805137
487.805137
487.805137
487.805137
487.805137
487.805137
487.805137
487.805137
487.805137
487.805137
487.805137
487.805137
487.805137
487.805137
487.805137
487.805137
487.805137
487.805137
487.805137
487.805137
487.805137
487.805137
487.805137
487.805137
487.805137
487.805137
487.805137
487.805137
487.805137
487.805137
487.805137
487.805137
487.805137
487.805137
487.805137
487.805137
487.805137
487.805137
487.805137
487.805137
487.805137
487.805137
487.805137
487.805137
487.805137
487.805137
487.805137
487.805137
487.805137
487.805137
487.805137
487.805137
487.805137
487.805137
487.805137
487.805137
487.805137
487.805137
487.805137
487.805137
487.805137
487.805137
487.805137
487.805137
487.805137
487.805137
487.805137
487.805137
487.805137
487.805137
487.805137
487.805137
487.805137
487.805137
487.805137
487.805137
487.805137
487.805137
487.805137
487.805137
487.805137
487.805137
487.805137
487.805137
487.805137
487.805137
487.805137
487.805137
487.805137
487.805137
487.805137
487.805137
487.805137
487.805137
487.805137
487.805137
487.805137
487.805137
487.805137
487.805137
487.805137
487.805137
487.805137
487.805137
487.805137
487.805137
487.805137
487.805137
487.805137
487.805137
487.805137
487.805137
487.805137
487.805137
487.805137
487.805137
487.805137
487.805137
487.805137
487.805137
487.805137
487.805137
487.805137
487.805137
487.805137
487.805137
487.805137
487.805137
487.805137
487.805137
487.805137
487.805137
487.805137
487.805137
487.805137
487.805137
487.805137
487.805137
487.805137
487.805137
487.805137
487.805137
487.805137
487.805137
487.805137
487.805137
487.805137
487.805137
487.805137
487.805137
487.805137
487.805137
487.805137
487.805137
487.805137
487.805137
487.805137
487.805137
487.805137
487.805137
487.805137
487.805137
487.805137
487.805137
487.805137
487.805137
487.805137
487.805137
487.805137
487.805137
487.805138
487.805138
487.805138
487.805138
487.805138
487.805138
487.805138
487.805138
487.805138
487.805138
487.805138
487.805138
487.805138
487.805138
487.805138
487.805138
487.805138
487.805138
487.805138
487.805138
487.805138
487.805138
487.805138
487.805138
487.805138
487.805138
487.805138
487.805138
487.805138
487.805138
487.805138
487.805138
487.805138
487.805138
487.805138
487.805138
487.805138
487.805138
487.805138
487.805138
487.805138
487.805138
487.805138
487.805138
487.805138
487.805138
487.805138
487.805138
487.805138
487.805138
487.805138
487.805138
487.805138
487.805138
487.805138
487.805138
487.805138
487.805138
487.805138
487.805138
487.805138
487.805138
487.805138
487.805138
487.805138
487.805138
487.805138
487.805138
487.805138
487.805138
487.805138
487.805138
487.805138
487.805138
487.805138
487.805138
487.805138
487.805138
487.805138
487.805138
487.805138
487.805138
487.805138
487.805138
487.805138
487.805138
487.805138
487.805138
487.805138
487.805138
487.805138
487.805138
487.805138
487.805138
487.805138
487.805138
487.805138
487.805138
487.805138
487.805138
487.805138
487.805138
487.805138
487.805138
487.805138
487.805138
487.805138
487.805138
487.805138
487.805138
487.805138
487.805138
487.805138
487.805138
487.805138
487.805138
487.805138
487.805138
487.805138
487.805138
487.805138
487.805138
487.805138
487.805138
487.805138
487.805138
487.805138
487.805138
487.805138
487.805138
487.805138
487.805138
487.805138
487.805138
487.805138
487.805138
487.805138
487.805138
487.805138
487.805138
487.805138
487.805138
487.805138
487.805138
487.805138
487.805138
487.805138
487.805138
487.805138
487.805138
487.805138
487.805138
487.805138
487.805138
487.805138
487.805138
487.805138
487.805138
487.805138
487.805138
487.805138
487.805138
487.805138
487.805138
487.805138
487.805138
487.805138
487.805138
487.805138
487.805138
487.805138
487.805138
487.805138
487.805138
487.805138
487.805138
487.805138
487.805138
487.805138
487.805138
487.805138
487.805138
487.805138
487.805138
487.805138
487.805138
487.805138
487.805138
487.805138
487.805138
487.805138
487.805138
487.805138
487.805138
487.805138
487.805138
487.805138
487.805138
487.805138
487.805138
487.805138
487.805138
487.805138
487.805138
487.805138
487.805138
487.805138
487.805138
487.805138
487.805138
487.805138
487.805138
487.805138
487.805138
487.805138
487.805138
487.805138
487.805138
487.805138
487.805138
487.805138
487.805138
487.805138
487.805138
487.805138
487.805138
487.805138
487.805138
487.805138
487.805138
487.805138
487.805138
487.805138
487.805138
487.805138
487.805138
487.805138
487.805138
487.805138
487.805138
487.805138
487.805138
487.805138
487.805138
487.805138
487.805138
487.805138
487.805138
487.805138
487.805138
487.805138
487.805138
487.805138
487.805138
487.805138
487.805138
487.805138
487.805138
487.805138
487.805138
487.805138
487.805138
487.805138
487.805138
487.805138
487.805138
487.805138
487.805138
487.805138
487.805138
487.805138
487.805138
487.805138
487.805138
487.805138
487.805138
487.805138
487.805138
487.805138
487.805138
487.805138
487.805138
487.805138
487.805138
487.805138
487.805138
487.805138
487.805138
487.805138
487.805138
487.805138
487.805138
487.805138
487.805138
487.805138
487.805138
487.805138
487.805138
487.805138
487.805138
487.805138
487.805138
487.805138
487.805138
487.805138
487.805138
487.805138
487.805138
487.805138
487.805138
487.805138
487.805138
487.805138
487.805138
487.805138
487.805138
487.805138
487.805138
487.805138
487.805138
487.805138
487.805138
487.805138
487.805138
487.805138
487.805138
487.805138
487.805138
487.805138
487.805138
487.805138
487.805138
487.805138
487.805138
487.805138
487.805138
487.805138
487.805138
487.805138
487.805138
487.805138
487.805138
487.805138
487.805138
487.805138
487.805138
487.805138
487.805138
487.805138
487.805138
487.805138
487.805138
487.805138
487.805138
487.805138
487.805138
487.805138
487.805138
487.805138
487.805138
487.805138
487.805138
487.805138
487.805138
487.805138
487.805138
487.805138
487.805138
487.805138
487.805138
487.805138
487.805138
487.805138
487.805138
487.805138
487.805138
487.805138
487.805138
487.805138
487.805138
487.805138
487.805138
487.805138
487.805138
487.805138
487.805138
487.805138
487.805138
487.805138
487.805138
487.805138
487.805138
487.805138
487.805138
487.805138
487.805138
487.805138
487.805138
487.805138
487.805138
487.805138
487.805138
487.805138
487.805138
487.805138
487.805138
487.805138
487.805138
487.805138
487.805138
487.805138
487.805138
487.805138
487.805138
487.805138
487.805138
487.805138
487.805138
487.805138
487.805138
487.805138
487.805138
487.805138
487.805138
487.805139
487.805139
487.805139
487.805139
487.805139
487.805139
487.805139
487.805139
487.805139
487.805139
487.805139
487.805139
487.805139
487.805139
487.805139
487.805139
487.805139
487.805139
487.805139
487.805139
487.805139
487.805139
487.805139
487.805139
487.805139
487.805139
487.805139
487.805139
487.805139
487.805139
487.805139
487.805139
487.805139
487.805139
487.805139
487.805139
487.805139
487.805139
487.805139
487.805139
487.805139
487.805139
487.805139
487.805139
487.805139
487.805139
487.805139
487.805139
487.805139
487.805139
487.805139
487.805139
487.805139
487.805139
487.805139
487.805139
487.805139
487.805139
487.805139
487.805139
487.805139
487.805139
487.805139
487.805139
487.805139
487.805139
487.805139
487.805139
487.805139
487.805139
487.805139
487.805139
487.805139
487.805139
487.805139
487.805139
487.805139
487.805139
487.805139
487.805139
487.805139
487.805139
487.805139
487.805139
487.805139
487.805139
487.805139
487.805139
487.805139
487.805139
487.805139
487.805139
487.805139
487.805139
487.805139
487.805139
487.805139
487.805139
487.805139
487.805139
487.805139
487.805139
487.805139
487.805139
487.805139
487.805139
487.805139
487.805139
487.805139
487.805139
487.805139
487.805139
487.805139
487.805139
487.805139
487.805139
487.805139
487.805139
487.805139
487.805139
487.805139
487.805139
487.805139
487.805139
487.805139
487.805139
487.805139
487.805139
487.805139
487.805139
487.805139
487.805139
487.805139
487.805139
487.805139
487.805139
487.805139
487.805139
487.805139
487.805139
487.805139
487.805139
487.805139
487.805139
487.805139
