2.85576
3.08013
3.27572
3.48145
3.68811
3.89863
4.10299
4.30972
4.56168
4.77304
5.0274
5.22951
5.45456
5.68826
5.89041
6.09016
6.28938
6.49009
6.71616
6.91625
7.13062
7.33437
7.5664
7.79251
8.01835
8.22691
8.45507
8.65958
8.89447
9.13025
9.32658
9.51959
9.75097
9.9534
10.1603
10.3889
10.6301
10.8228
11.0567
11.2559
11.4855
11.6985
11.8942
12.1083
12.3425
12.5636
12.7671
12.9931
13.1994
13.3963
13.6314
13.8632
14.0711
14.2991
14.5275
14.7306
14.9224
15.1634
15.393
15.6014
15.797
16.0232
16.2585
16.4586
16.6971
16.9311
17.1321
17.3423
17.5652
17.767
17.9641
18.169
18.3938
18.617
18.8317
19.0587
19.2678
19.476
19.6724
19.8966
20.0925
20.2951
20.4946
20.7283
20.9319
21.166
21.3647
21.5913
21.7906
22.0234
22.2586
22.4649
22.6874
22.8917
23.127
23.3346
23.5387
23.7395
23.9448
24.1764
24.3807
24.6029
24.8429
25.0441
25.2465
25.4754
25.6668
25.8807
26.0784
26.3034
26.5064
26.7066
26.9427
27.1689
27.3803
27.5781
27.8059
28.0015
28.249
28.4724
28.6846
28.9088
29.1439
29.3823
29.5836
29.7815
30.0118
30.2465
30.4874
30.6848
30.9083
31.1423
31.3805
31.5795
31.8038
32.0094
32.2049
32.4091
32.6102
32.8417
33.0491
33.2788
33.4853
33.7187
33.957
34.1848
34.3886
34.6031
34.8132
35.0506
35.2474
35.4537
35.6873
35.9056
36.1119
36.3137
36.5454
36.7472
36.9463
37.1536
37.4065
37.622
37.814
38.0463
38.2688
38.4734
38.6766
38.879
39.0835
39.3166
39.55
39.7524
39.9574
40.1784
40.3741
40.57
40.7783
41.0032
41.1969
41.4316
41.6547
41.8668
42.0878
42.3017
42.522
42.7322
42.9366
43.1555
43.3763
43.5679
43.8028
44.0134
44.2426
44.4493
44.6439
44.8723
45.1033
45.3029
45.5047
45.735
45.9355
46.1533
46.365
46.6004
46.8153
47.0413
47.2705
47.4724
47.6959
47.8958
48.1349
48.3299
48.5374
48.7657
49.003
49.2014
49.4196
49.6473
49.8421
50.0741
50.3084
50.5378
50.7329
50.9321
51.1639
51.3704
51.575
51.8181
52.0462
52.2449
52.4397
52.6762
52.9176
53.14
53.3505
53.5595
53.7673
53.9996
54.2039
54.4374
54.668
54.9028
55.0902
55.3313
55.5279
55.7267
55.9308
56.1619
56.3609
56.5624
56.7949
56.9971
57.2256
57.4372
57.6709
57.8684
58.1023
58.3164
58.5119
58.7204
58.9466
59.1444
59.3604
59.5737
59.7773
60.0391
60.2478
60.4501
60.6765
60.8823
61.1166
61.3555
61.5503
61.7819
61.9895
62.2216
62.4559
62.679
62.9091
63.1125
63.3226
63.5178
63.7497
63.9464
64.1447
64.3614
64.6031
64.8069
65.0138
65.241
65.4563
65.6689
65.8761
66.1112
66.342
66.5472
66.7765
67.0066
67.2431
67.4783
67.7075
67.9063
68.1348
68.3771
68.6057
68.812
69.051
69.2651
69.4843
69.6827
69.8949
70.1231
70.3245
70.5335
70.7649
70.9685
71.205
71.4209
71.6187
71.8192
72.0185
72.2533
72.4542
72.6541
72.8851
73.1151
73.3223
73.5207
73.7574
73.959
74.1579
74.3515
74.5776
74.7987
74.9866
75.1938
75.4295
75.6758
75.8962
76.1039
76.3421
76.5787
76.8053
77.0486
77.2342
77.4387
77.6701
77.8687
78.0685
78.2776
78.4993
78.7383
78.9414
79.1464
79.3784
79.6038
79.8104
80.0426
80.2707
80.481
80.6986
80.9032
81.1055
81.3276
81.5321
81.7653
81.9652
82.2073
82.4325
82.6305
82.8272
83.0302
83.2659
83.4965
83.7059
83.9285
84.1678
84.3703
84.572
84.8009
85.0054
85.2311
85.4345
85.675
85.9038
86.1151
86.3424
86.5448
86.749
86.9851
87.2204
87.4145
87.6506
87.846
88.0817
88.28
88.5261
88.7553
88.9598
89.1826
89.39
89.5787
89.7788
90.009
90.2428
90.4558
90.679
90.8771
91.1138
91.3167
91.5628
91.7733
92.0067
92.2351
92.4405
92.6772
92.8797
93.084
93.3165
93.5158
93.7358
93.9581
94.1558
94.3699
94.6034
94.8091
95.0362
95.2768
95.506
95.72
95.9469
96.1898
96.4183
96.6181
96.8366
97.0372
97.265
97.5038
97.6997
97.9277
98.1363
98.3739
98.5904
98.7996
99.032
99.2539
99.4529
99.655
99.8935
100.083
100.316
100.515
100.752
100.985
101.216
101.414
101.62
101.854
102.087
102.294
102.496
102.705
102.902
103.133
103.331
103.554
103.754
103.952
104.188
104.383
104.585
104.785
105.022
105.221
105.458
105.682
105.888
106.087
106.289
106.527
106.723
106.96
107.165
107.393
107.592
107.844
108.075
108.274
108.504
108.749
108.986
109.214
109.438
109.659
109.894
110.126
110.336
110.564
110.76
110.957
111.188
111.39
111.597
111.834
112.073
112.309
112.51
112.735
112.942
113.188
113.413
113.618
113.85
114.042
114.242
114.474
114.676
114.868
115.086
115.316
115.544
115.763
115.992
116.19
116.383
116.616
116.846
117.044
117.245
117.456
117.661
117.904
118.127
118.356
118.554
118.752
118.982
119.178
119.378
119.587
119.815
120.014
120.256
120.465
120.695
120.916
121.129
121.354
121.549
121.789
122.012
122.242
122.442
122.653
122.891
123.09
123.318
123.515
123.745
123.983
124.185
124.41
124.616
124.819
125.022
125.257
125.462
125.696
125.93
126.161
126.395
126.624
126.856
127.057
127.257
127.491
127.719
127.915
128.148
128.378
128.574
128.8
129.019
129.238
129.464
129.673
129.899
130.106
130.306
130.535
130.766
130.999
131.205
131.435
131.645
131.861
132.065
132.286
132.491
132.728
132.936
133.168
133.397
133.641
133.868
134.093
134.331
134.571
134.802
135.042
135.267
135.499
135.702
135.938
136.136
136.332
136.525
136.763
136.981
137.221
137.421
137.624
137.856
138.087
138.294
138.517
138.752
138.998
139.226
139.462
139.667
139.874
140.1
140.309
140.526
140.733
140.96
141.208
141.412
141.607
141.808
142.014
142.246
142.483
142.729
142.958
143.168
143.397
143.605
143.809
144.007
144.222
144.422
144.626
144.83
145.061
145.299
145.533
145.735
145.974
146.208
146.408
146.635
146.843
147.085
147.315
147.523
147.758
147.957
148.201
148.423
148.633
148.858
149.063
149.297
149.5
149.697
149.926
150.127
150.329
150.529
150.768
150.974
151.203
151.404
151.596
151.821
152.063
152.292
152.495
152.715
152.925
153.141
153.36
153.562
153.786
153.994
154.2
154.43
154.636
154.848
155.06
155.273
155.487
155.707
155.921
156.129
156.366
156.591
156.795
157.025
157.234
157.437
157.671
157.896
158.13
158.346
158.55
158.776
159.006
159.216
159.428
159.656
159.873
160.071
160.299
160.501
160.709
160.935
161.171
161.413
161.645
161.873
162.108
162.312
162.538
162.763
162.976
163.174
163.385
163.585
163.807
164.014
164.213
164.417
164.614
164.819
165.03
165.237
165.469
165.67
165.908
166.13
166.339
166.571
166.769
167.002
167.205
167.41
167.618
167.847
168.077
168.283
168.512
168.732
168.947
169.147
169.384
169.62
169.852
170.079
170.289
170.493
170.715
170.931
171.155
171.364
171.587
171.778
172.004
172.199
172.399
172.607
172.833
173.063
173.302
173.533
173.761
173.963
174.201
174.431
174.632
174.831
175.032
175.26
175.463
175.675
175.896
176.103
176.338
176.582
176.782
176.984
177.205
177.431
177.641
177.862
178.062
178.283
178.48
178.679
178.911
179.113
179.338
179.546
179.749
179.97
180.169
180.381
180.608
180.835
181.062
181.266
181.498
181.694
181.897
182.137
182.342
182.549
182.745
182.951
183.183
183.382
183.594
183.814
184.022
184.232
184.467
184.671
184.884
185.102
185.312
185.517
185.738
185.94
186.158
186.379
186.606
186.838
187.059
187.264
187.466
187.697
187.937
188.163
188.381
188.605
188.831
189.054
189.276
189.502
189.716
189.932
190.139
190.342
190.551
190.778
190.978
191.176
191.379
191.579
191.78
191.983
192.19
192.405
192.61
192.846
193.055
193.263
193.475
193.683
193.888
194.093
194.332
194.561
194.782
195.008
195.243
195.446
195.651
195.876
196.095
196.315
196.519
196.753
196.965
197.192
197.408
197.635
197.853
198.054
198.26
198.466
198.675
198.881
199.112
199.351
199.579
199.777
199.986
200.205
200.404
200.627
200.827
201.038
201.27
201.49
201.717
201.947
202.156
202.364
202.582
202.8
203.024
203.256
203.478
203.679
203.883
204.09
204.322
204.551
204.769
204.996
205.223
205.453
205.667
205.899
206.108
206.315
206.536
206.745
206.974
207.176
207.382
207.587
207.817
208.048
208.283
208.486
208.704
208.916
209.144
209.337
209.537
209.745
209.951
210.173
210.359
210.571
210.805
211.013
211.234
211.446
211.664
211.887
212.107
212.326
212.541
212.74
212.952
213.155
213.38
213.608
213.825
214.052
214.263
214.475
214.69
214.894
215.115
215.335
215.539
215.739
215.963
216.166
216.396
216.614
216.818
217.052
217.256
217.457
217.668
217.894
218.118
218.324
218.535
218.757
218.957
219.157
219.399
219.63
219.847
220.059
220.285
220.514
220.731
220.969
221.192
221.408
221.627
221.846
222.047
222.25
222.479
222.676
222.903
223.102
223.315
223.536
223.761
223.962
224.174
224.391
224.595
224.821
225.046
225.271
225.481
225.701
225.914
226.122
226.329
226.534
226.747
226.955
227.164
227.379
227.618
227.825
228.032
228.249
228.476
228.687
228.894
229.093
229.309
229.51
229.729
229.946
230.16
230.369
230.575
230.778
230.982
231.183
231.405
231.613
231.831
232.056
232.291
232.521
232.734
232.945
233.157
233.364
233.594
233.796
234.001
234.223
234.408
234.608
234.815
235.032
235.282
235.48
235.709
235.921
236.142
236.349
236.555
236.794
237.014
237.216
237.429
237.641
237.844
238.046
238.261
238.494
238.693
238.913
239.126
239.346
239.57
239.771
239.975
240.197
240.411
240.622
240.84
241.042
241.253
241.461
241.688
241.911
242.131
242.357
242.577
242.789
243.009
243.232
243.441
243.671
243.887
244.095
244.298
244.503
244.718
244.946
245.172
245.38
245.598
245.811
246.017
246.23
246.456
246.678
246.912
247.127
247.338
247.545
247.766
247.97
248.175
248.395
248.596
248.836
249.045
249.288
249.478
249.71
249.928
250.15
250.371
250.604
250.821
251.026
251.254
251.467
251.683
251.883
252.086
252.294
252.527
252.73
252.93
253.143
253.347
253.552
253.777
253.998
254.196
254.415
254.64
254.838
255.052
255.253
255.455
255.676
255.905
256.125
256.316
256.531
256.738
256.945
257.158
257.367
257.568
257.778
257.972
258.173
258.411
258.604
258.813
259.042
259.251
259.449
259.665
259.896
260.117
260.32
260.52
260.736
260.949
261.175
261.397
261.599
261.834
262.037
262.272
262.471
262.684
262.889
263.095
263.327
263.536
263.737
263.976
264.208
264.43
264.648
264.845
265.059
265.28
265.493
265.703
265.918
266.143
266.35
266.55
266.773
267.001
267.226
267.431
267.633
267.85
268.077
268.28
268.508
268.714
268.918
269.122
269.331
269.554
269.781
270.003
270.226
270.431
270.652
270.869
271.065
271.271
271.493
271.696
271.912
272.116
272.324
272.547
272.772
272.988
273.216
273.43
273.627
273.846
274.044
274.271
274.503
274.715
274.922
275.148
275.355
275.563
275.769
275.99
276.211
276.436
276.639
276.854
277.084
277.31
277.528
277.729
277.941
278.171
278.375
278.577
278.798
279.021
279.239
279.467
279.668
279.87
280.075
280.276
280.504
280.7
280.917
281.138
281.355
281.579
281.78
281.99
282.213
282.446
282.666
282.887
283.121
283.326
283.537
283.741
283.972
284.176
284.4
284.613
284.827
285.028
285.254
285.469
285.671
285.891
286.107
286.309
286.545
286.778
286.985
287.225
287.424
287.623
287.838
288.04
288.241
288.447
288.646
288.848
289.07
289.295
289.526
289.731
289.953
290.157
290.37
290.573
290.784
291.018
291.245
291.473
291.697
291.907
292.108
292.323
292.531
292.766
292.968
293.2
293.429
293.665
293.887
294.111
294.344
294.545
294.749
294.983
295.192
295.391
295.604
295.832
296.062
296.274
296.479
296.682
296.887
297.121
297.342
297.559
297.767
297.983
298.186
298.387
298.599
298.829
299.031
299.231
299.438
299.646
299.875
300.111
300.337
300.565
300.766
300.971
301.175
301.38
301.591
301.794
301.998
302.202
302.429
302.655
302.863
303.069
303.274
303.481
303.703
303.921
304.119
304.347
304.581
304.82
305.02
305.226
305.45
305.677
305.904
306.125
306.357
306.565
306.799
306.997
307.205
307.407
307.613
307.826
308.04
308.252
308.449
308.651
308.862
309.071
309.276
309.486
309.691
309.907
310.139
310.348
310.556
310.76
310.991
311.221
311.429
311.631
311.839
312.041
312.246
312.47
312.684
312.886
313.116
313.318
313.517
313.719
313.93
314.16
314.377
314.579
314.794
315.006
315.209
315.406
315.626
315.83
316.032
316.242
316.459
316.689
316.917
317.133
317.361
317.578
317.776
317.975
318.179
318.376
318.585
318.821
319.032
319.237
319.466
319.667
319.869
320.08
320.312
320.52
320.726
320.954
321.164
321.377
321.595
321.801
322.013
322.215
322.422
322.627
322.851
323.086
323.284
323.523
323.756
323.967
324.176
324.377
324.592
324.82
325.049
325.276
325.478
325.678
325.885
326.085
326.313
326.546
326.762
326.964
327.186
327.409
327.622
327.827
328.055
328.264
328.472
328.693
328.927
329.146
329.381
329.587
329.812
330.011
330.241
330.467
330.687
330.897
331.135
331.336
331.567
331.781
332.012
332.21
332.427
332.649
332.849
333.059
333.281
333.5
333.719
333.915
334.128
334.329
334.557
334.773
334.973
335.188
335.411
335.627
335.828
336.029
336.26
336.464
336.69
336.901
337.112
337.349
337.562
337.785
338
338.207
338.413
338.62
338.82
339.03
339.224
339.424
339.625
339.856
340.06
340.273
340.49
340.702
340.924
341.147
341.357
341.546
341.758
341.965
342.185
342.389
342.618
342.831
343.048
343.258
343.464
343.669
343.905
344.108
344.325
344.555
344.746
344.981
345.205
345.417
345.643
345.866
346.074
346.275
346.484
346.688
346.89
347.083
347.281
347.51
347.741
347.94
348.153
348.375
348.577
348.794
349.031
349.27
349.462
349.687
349.89
350.088
350.305
350.529
350.748
350.954
351.185
351.412
351.637
351.844
352.051
352.276
352.5
352.723
352.946
353.164
353.397
353.616
353.817
354.037
354.26
354.471
354.694
354.906
355.125
355.353
355.562
355.782
355.981
356.216
356.448
356.678
356.91
357.15
357.385
357.624
357.827
358.033
358.238
358.445
358.655
358.895
359.115
359.326
359.529
359.749
359.955
360.177
360.391
360.594
360.804
361.028
361.246
361.457
361.691
361.888
362.113
362.316
362.541
362.769
362.981
363.187
363.403
363.631
363.868
364.082
364.321
364.554
364.79
364.994
365.205
365.413
365.616
365.825
366.029
366.244
366.45
366.678
366.901
367.113
367.319
367.519
367.727
367.932
368.132
368.359
368.601
368.813
369.03
369.251
369.483
369.694
369.892
370.11
370.327
370.542
370.747
370.992
371.223
371.423
371.638
371.87
372.076
372.278
372.495
372.727
372.93
373.155
373.381
373.61
373.829
374.035
374.268
374.473
374.672
374.889
375.11
375.322
375.533
375.728
375.933
376.159
376.364
376.576
376.804
377.022
377.253
377.459
377.666
377.879
378.087
378.299
378.502
378.71
378.945
379.164
379.366
379.601
379.809
380.029
380.255
380.476
380.706
380.926
381.135
381.345
381.571
381.771
381.978
382.18
382.388
382.621
382.825
383.051
383.294
383.519
383.734
383.936
384.151
384.385
384.606
384.826
385.039
385.24
385.448
385.659
385.892
386.123
386.332
386.541
386.75
386.952
387.155
387.373
387.616
387.832
388.04
388.271
388.495
388.704
388.902
389.118
389.319
389.519
389.726
389.966
390.191
390.411
390.629
390.832
391.05
391.273
391.488
391.704
391.924
392.132
392.366
392.591
392.802
393.027
393.231
393.446
393.677
393.893
394.097
394.318
394.527
394.752
394.971
395.198
395.425
395.654
395.874
396.099
396.335
396.554
396.778
396.986
397.195
397.421
397.64
397.868
398.106
398.318
398.534
398.755
398.972
399.196
399.411
399.623
399.839
400.045
400.256
400.478
400.693
400.896
401.132
401.335
401.533
401.746
401.954
402.176
402.4
402.601
402.804
403.005
403.236
403.444
403.654
403.891
404.111
404.333
404.542
404.748
404.956
405.181
405.397
405.605
405.81
406.01
406.231
406.437
406.67
406.878
407.082
407.285
407.499
407.72
407.953
408.156
408.359
408.565
408.771
408.972
409.187
409.401
409.614
409.818
410.024
410.231
410.431
410.653
410.882
411.11
411.323
411.557
411.77
412.007
412.224
412.445
412.66
412.894
413.093
413.303
413.505
413.71
413.942
414.167
414.374
414.583
414.815
415.027
415.229
415.443
415.647
415.851
416.079
416.301
416.516
416.717
416.941
417.164
417.372
417.605
417.833
418.043
418.269
418.478
418.711
418.91
419.11
419.31
419.509
419.728
419.925
420.148
420.368
420.58
420.809
421.008
421.228
421.443
421.645
421.859
422.081
422.3
422.5
422.701
422.911
423.127
423.34
423.551
423.748
423.958
424.192
424.418
424.624
424.824
425.051
425.283
425.496
425.731
425.945
426.158
426.367
426.574
426.792
426.997
427.207
427.421
427.634
427.85
428.074
428.284
428.505
428.742
428.949
429.157
429.381
429.604
429.83
430.06
430.267
430.492
430.708
430.916
431.123
431.358
431.563
431.765
431.993
432.197
432.412
432.614
432.855
433.09
433.301
433.501
433.713
433.918
434.127
434.347
434.561
434.763
434.995
435.199
435.406
435.607
435.819
436.052
436.277
436.509
436.73
436.956
437.155
437.388
437.606
437.811
438.021
438.226
438.454
438.664
438.856
439.064
439.265
439.494
439.719
439.951
440.155
440.362
440.567
440.797
441.022
441.232
441.452
441.654
441.874
442.101
442.327
442.558
442.755
442.991
443.224
443.422
443.624
443.849
444.085
444.287
444.482
444.712
444.926
445.149
445.351
445.556
445.758
445.957
446.186
446.39
446.593
446.826
447.028
447.228
447.461
447.67
447.873
448.081
448.278
448.51
448.733
448.965
449.182
449.408
449.611
449.834
450.047
450.251
450.485
450.691
450.9
451.132
451.363
451.571
451.772
451.975
452.175
452.378
452.607
452.807
453.013
453.25
453.454
453.648
453.85
454.08
454.307
454.516
454.72
454.924
455.159
455.363
455.597
455.829
456.035
456.256
456.458
456.687
456.896
457.139
457.355
457.562
457.785
457.994
458.227
458.434
458.642
458.874
459.108
459.311
459.522
459.732
459.928
460.157
460.359
460.568
460.777
460.973
461.201
461.409
461.625
461.826
462.029
462.237
462.44
462.677
462.885
463.097
463.326
463.525
463.731
463.936
464.17
464.378
464.579
464.811
465.031
465.247
465.459
465.67
465.872
466.069
466.304
466.541
466.747
466.963
467.167
467.397
467.607
467.812
468.047
468.28
468.488
468.698
468.924
469.136
469.339
469.539
469.745
469.942
470.17
470.402
470.601
470.836
471.067
471.269
471.503
471.738
471.936
472.139
472.337
472.57
472.777
472.982
473.218
473.402
473.606
473.813
474.056
474.287
474.496
474.718
474.945
475.169
475.389
475.625
475.834
476.035
476.237
476.438
476.672
476.876
477.084
477.306
477.507
477.721
477.936
478.148
478.355
478.567
478.805
479.02
479.244
479.45
479.649
479.857
480.088
480.309
480.509
480.719
480.946
481.157
481.361
481.568
481.775
481.964
482.167
482.389
482.597
482.805
483.014
483.22
483.437
483.67
483.887
484.109
484.33
484.535
484.768
484.97
485.185
485.389
485.595
485.798
486.028
486.228
486.429
486.63
486.831
487.044
487.243
487.446
487.648
487.852
488.053
488.254
488.452
488.657
488.861
489.064
489.264
489.467
489.669
489.874
490.103
490.312
490.543
490.747
490.946
491.183
491.413
491.628
491.864
492.105
492.314
492.516
492.716
492.95
493.162
493.366
493.587
493.809
494.028
494.246
494.448
494.68
494.889
495.12
495.327
495.562
495.773
496.004
496.21
496.408
496.609
496.81
497.011
497.215
497.437
497.654
497.859
498.06
498.284
498.505
498.707
498.942
499.147
499.356
499.551
499.75
499.956
500.162
500.37
500.577
500.786
501.029
501.258
501.46
501.659
501.892
502.099
502.329
502.534
502.736
502.965
503.191
503.419
503.639
503.847
504.047
504.261
504.466
504.679
504.889
505.092
505.294
505.527
505.75
505.966
506.165
506.365
506.565
506.81
507.008
507.236
507.448
507.671
507.874
508.07
508.299
508.506
508.702
508.9
509.121
509.328
509.563
509.774
509.974
510.183
510.389
510.608
510.82
511.025
511.228
511.464
511.699
511.903
512.104
512.34
512.552
512.793
513.003
513.232
513.449
513.671
513.874
514.091
514.314
514.517
514.718
514.949
515.172
515.375
515.572
515.764
515.974
516.207
516.41
516.609
516.839
517.04
517.242
517.444
517.648
517.854
518.058
518.265
518.469
518.674
518.905
519.117
519.338
519.546
519.769
520.004
520.213
520.418
520.654
520.883
521.082
521.291
521.487
521.723
521.95
522.154
522.389
522.595
522.79
523.011
523.223
523.452
523.686
523.9
524.106
524.318
524.528
524.731
524.964
525.171
525.395
525.596
525.801
526.005
526.229
526.431
526.632
526.856
527.084
527.295
527.485
527.689
527.92
528.124
528.327
528.562
528.763
528.993
529.211
529.416
529.643
529.871
530.068
530.296
530.499
530.696
530.923
531.13
531.33
531.566
531.789
532
532.199
532.399
532.598
532.832
533.067
533.267
533.522
533.719
533.92
534.147
534.349
534.582
534.821
535.025
535.234
535.457
535.655
535.855
536.063
536.305
536.543
536.786
537
537.195
537.412
537.611
537.813
538.013
538.216
538.448
538.656
538.887
539.09
539.296
539.503
539.726
539.932
540.167
540.398
540.598
540.798
541.035
541.239
541.469
541.672
541.889
542.11
542.316
542.549
542.773
542.982
543.185
543.423
543.634
543.855
544.078
544.28
544.49
544.715
544.92
545.122
545.324
545.529
545.754
545.986
546.205
546.421
546.65
546.878
547.085
547.289
547.519
547.724
547.954
548.156
548.385
548.621
548.821
549.024
549.256
549.487
549.698
549.908
550.117
550.338
550.557
550.775
551.001
551.234
551.437
551.654
551.859
552.057
552.275
552.473
552.68
552.886
553.121
553.323
553.55
553.752
553.971
554.184
554.395
554.612
554.817
555.018
555.239
555.445
555.644
555.843
556.045
556.258
556.46
556.666
556.886
557.107
557.307
557.508
557.732
557.932
558.151
558.356
558.571
558.783
558.99
559.211
559.424
559.646
559.855
560.075
560.285
560.502
560.719
560.944
561.145
561.395
561.616
561.824
562.046
562.27
562.496
562.746
562.975
563.186
563.395
563.636
563.837
564.068
564.282
564.503
564.738
564.988
565.208
565.419
565.629
565.849
566.076
566.29
566.499
566.72
566.929
567.149
567.379
567.583
567.789
568.008
568.234
568.445
568.655
568.881
569.103
569.32
569.524
569.742
569.96
570.19
570.412
570.621
570.831
571.041
571.267
571.497
571.707
571.952
572.163
572.392
572.606
572.84
573.058
573.267
573.474
573.694
573.909
574.113
574.347
574.563
574.773
574.994
575.199
575.414
575.635
575.839
576.065
576.285
576.495
576.716
576.936
577.143
577.344
577.566
577.796
578.014
578.252
578.482
578.682
578.891
579.102
579.351
579.562
579.783
580.001
580.208
580.419
580.627
580.847
581.071
581.299
581.518
581.738
581.979
582.189
582.41
582.629
582.846
583.06
583.264
583.476
583.69
583.909
584.138
584.366
584.606
584.831
585.061
585.276
585.502
585.732
585.953
586.193
586.423
586.632
586.846
587.068
587.286
587.488
587.701
587.926
588.133
588.349
588.559
588.767
589.008
589.229
589.449
589.668
589.904
590.113
590.344
590.549
590.75
590.967
591.196
591.406
591.635
591.855
592.09
592.316
592.525
592.739
592.948
593.156
593.371
593.588
593.836
594.061
594.277
594.497
594.726
594.961
595.176
595.388
595.598
595.816
596.033
596.236
596.453
596.683
596.883
597.112
597.315
597.564
597.795
598.005
598.215
598.456
598.678
598.885
599.093
599.32
599.53
599.751
599.965
600.181
600.39
600.611
600.814
601.037
601.251
601.468
601.701
601.917
602.146
602.351
602.56
602.772
602.993
603.2
603.423
603.644
603.863
604.067
604.284
604.5
604.725
604.935
605.166
605.375
605.578
605.804
606.015
606.215
606.426
606.651
606.905
607.114
607.351
607.578
607.81
608.041
608.255
608.493
608.722
608.922
609.142
609.372
609.575
609.782
609.993
610.203
610.431
610.632
610.851
611.059
611.283
611.495
611.71
611.919
612.138
612.347
612.584
612.785
613.005
613.23
613.451
613.669
613.885
614.111
614.324
614.531
614.781
615.007
615.211
615.434
615.648
615.85
616.066
616.283
616.507
616.727
616.961
617.178
617.388
617.608
617.832
618.042
618.243
618.463
618.693
618.925
619.145
619.394
619.617
619.854
620.074
620.285
620.517
620.725
620.935
621.161
621.379
621.582
621.791
622.031
622.232
622.447
622.656
622.866
623.088
623.296
623.496
623.709
623.917
624.145
624.367
624.594
624.799
625.003
625.223
625.434
625.638
625.862
626.077
626.303
626.533
626.749
626.964
627.184
627.403
627.61
627.815
628.03
628.231
628.448
628.67
628.895
629.122
629.35
629.565
629.781
630.031
630.251
630.481
630.694
630.911
631.121
631.338
631.587
631.818
632.042
632.272
632.482
632.692
632.919
633.129
633.339
633.581
633.798
634.015
634.232
634.434
634.654
634.868
635.075
635.3
635.51
635.743
635.96
636.18
636.399
636.6
636.801
637.041
637.254
637.471
637.711
637.926
638.152
638.372
638.591
638.792
639.003
639.228
639.441
639.656
639.862
640.08
640.298
640.501
640.751
640.983
641.183
641.393
641.613
641.82
642.059
642.275
642.503
642.72
642.922
643.122
643.344
643.565
643.785
644.019
644.245
644.455
644.681
644.912
645.122
645.325
645.535
645.771
645.977
646.203
646.415
646.623
646.834
647.087
647.293
647.495
647.711
647.944
648.144
648.358
648.568
648.817
649.038
649.258
649.468
649.678
649.908
650.128
650.362
650.61
650.82
651.05
651.269
651.491
651.71
651.92
652.14
652.353
652.569
652.79
653.001
653.221
653.44
653.668
653.9
654.111
654.333
654.547
654.772
655.005
655.229
655.436
655.648
655.853
656.068
656.297
656.513
656.724
656.924
657.144
657.354
657.564
657.815
658.029
658.259
658.468
658.69
658.896
659.097
659.3
659.531
659.756
659.981
660.195
660.406
660.615
660.83
661.055
661.256
661.486
661.693
661.922
662.144
662.351
662.571
662.78
662.988
663.195
663.427
663.636
663.873
664.095
664.303
664.519
664.734
664.938
665.149
665.399
665.613
665.83
666.031
666.275
666.503
666.711
666.94
667.161
667.391
667.601
667.805
668.032
668.262
668.482
668.711
668.922
669.131
669.352
669.571
669.787
669.988
670.196
670.428
670.628
670.842
671.058
671.277
671.501
671.719
671.92
672.125
672.349
672.55
672.769
673.01
673.219
673.43
673.65
673.859
674.09
674.304
674.53
674.752
674.959
675.177
675.386
675.596
675.815
676.031
676.246
676.466
676.697
676.947
677.156
677.378
677.597
677.818
678.047
678.262
678.481
678.683
678.891
679.113
679.324
679.539
679.769
680.003
680.204
680.434
680.639
680.87
681.076
681.29
681.52
681.731
681.949
682.156
682.371
682.591
682.814
683.051
683.252
683.462
683.682
683.884
684.112
684.323
684.543
684.751
684.978
685.188
685.428
685.648
685.859
686.091
686.314
686.533
686.773
686.983
687.194
687.413
687.635
687.847
688.06
688.27
688.479
688.72
688.938
689.175
689.376
689.579
689.804
690.026
690.242
690.482
690.689
690.896
691.105
691.326
691.526
691.746
691.956
692.166
692.407
692.64
692.867
693.087
693.302
693.518
693.728
693.949
694.159
694.378
694.609
694.83
695.051
695.259
695.469
695.688
695.915
696.125
696.345
696.564
696.785
697.012
697.23
697.441
697.651
697.871
698.081
698.306
698.522
698.741
698.992
699.206
699.412
699.619
699.846
700.065
700.282
700.493
700.712
700.919
701.148
701.35
701.577
701.797
701.999
702.199
702.429
702.659
702.882
703.108
703.329
703.548
703.763
703.979
704.21
704.42
704.661
704.881
705.091
705.291
705.514
705.741
705.991
706.195
706.401
706.607
706.823
707.036
707.257
707.461
707.687
707.887
708.115
708.319
708.524
708.755
708.962
709.169
709.383
709.595
709.807
710.031
710.233
710.451
710.664
710.885
711.107
711.334
711.549
711.775
712.005
712.23
712.445
712.646
712.866
713.105
713.305
713.526
713.751
713.987
714.216
714.435
714.657
714.866
715.087
715.298
715.522
715.737
715.957
716.157
716.367
716.578
716.788
716.989
717.224
717.434
717.656
717.864
718.099
718.322
718.53
718.755
718.965
719.166
719.394
719.604
719.823
720.029
720.26
720.48
720.69
720.895
721.128
721.375
721.598
721.826
722.052
722.268
722.502
722.713
722.93
723.145
723.377
723.594
723.803
724.036
724.256
724.457
724.677
724.887
725.108
725.329
725.529
725.763
725.969
726.171
726.42
726.621
726.844
727.054
727.275
727.503
727.735
727.964
728.171
728.39
728.6
728.829
729.039
729.248
729.457
729.666
729.875
730.107
730.316
730.527
730.736
730.957
731.186
731.406
731.634
731.843
732.07
732.272
732.493
732.711
732.918
733.138
733.349
733.554
733.761
733.968
734.18
734.41
734.62
734.831
735.036
735.244
735.459
735.68
735.9
736.11
736.337
736.545
736.761
736.976
737.206
737.439
737.638
737.858
738.074
738.292
738.518
738.738
738.967
739.168
739.389
739.601
739.809
740.014
740.234
740.443
740.653
740.865
741.068
741.295
741.505
741.715
741.934
742.135
742.354
742.577
742.785
743.011
743.245
743.449
743.679
743.909
744.129
744.336
744.542
744.762
744.987
745.219
745.446
745.663
745.867
746.097
746.312
746.554
746.758
746.987
747.202
747.422
747.628
747.83
748.062
748.279
748.51
748.728
748.946
749.159
749.377
749.604
749.813
750.019
750.236
750.47
750.69
750.909
751.126
751.334
751.554
751.772
751.986
752.211
752.422
752.642
752.876
753.096
753.306
753.516
753.727
753.936
754.151
754.367
754.588
754.798
755.021
755.238
755.459
755.669
755.898
756.107
756.324
756.558
756.778
756.998
757.213
757.441
757.665
757.904
758.111
758.325
758.565
758.786
759.018
759.234
759.481
759.684
759.92
760.141
760.351
760.572
760.793
761.004
761.231
761.442
761.652
761.853
762.102
762.304
762.535
762.742
762.946
763.168
763.381
763.586
763.807
764.007
764.229
764.437
764.639
764.855
765.084
765.294
765.523
765.73
765.933
766.141
766.371
766.602
766.82
767.03
767.25
767.464
767.677
767.896
768.12
768.346
768.576
768.804
769.021
769.231
769.442
769.652
769.863
770.082
770.306
770.514
770.735
770.964
771.173
771.377
771.594
771.81
772.034
772.235
772.44
772.68
772.899
773.103
773.321
773.54
773.741
773.955
774.157
774.37
774.587
774.806
775.015
775.241
775.455
775.668
775.886
776.108
776.329
776.537
776.737
776.967
777.168
777.378
777.588
777.799
778.019
778.226
778.46
778.693
778.912
779.14
779.363
779.563
779.763
779.973
780.213
780.423
780.654
780.874
781.084
781.284
781.485
781.705
781.925
782.131
782.341
782.571
782.771
782.981
783.189
783.393
783.621
783.821
784.042
784.283
784.487
784.698
784.908
785.108
785.332
785.534
785.758
785.991
786.204
786.407
786.627
786.863
787.093
787.303
787.524
787.751
788.002
788.221
788.421
788.621
788.83
789.035
789.256
789.476
789.696
789.92
790.145
790.353
790.56
790.781
791.026
791.237
791.454
791.682
791.882
792.102
792.311
792.538
792.747
792.963
793.183
793.413
793.643
793.863
794.098
794.313
794.532
794.754
794.972
795.196
795.41
795.62
795.84
796.081
796.299
796.5
796.72
796.941
797.15
797.391
797.597
797.821
798.036
798.252
798.482
798.7
798.927
799.142
799.349
