1.12704
1.12713
2.34879
2.90167
3.35276
3.85344
4.35467
4.8543
5.35518
5.89044
6.35427
6.8559
7.35533
7.85579
8.35804
8.8945
9.35748
9.85827
10.3889
10.8583
11.3588
11.8944
12.3598
12.8595
13.3598
13.8634
14.3613
14.861
15.362
15.863
16.3628
16.8636
17.3635
17.8636
18.3638
18.8638
19.3752
19.865
20.3658
20.8667
21.367
21.8659
22.3684
22.8676
23.3684
23.8688
24.3808
24.8692
25.3699
25.8809
26.3706
26.8702
27.3806
27.8709
28.3716
28.873
29.3824
29.8724
30.3745
30.8739
31.3809
31.8742
32.3743
32.8755
33.3763
33.877
34.3888
34.8767
35.3779
35.8795
36.3787
36.8791
37.4066
37.8869
38.3794
38.895
39.3799
39.8804
40.3811
40.8822
41.3813
41.8818
42.3821
42.8832
43.3827
43.8835
44.3834
44.8831
45.384
45.8845
46.3847
46.886
47.3864
47.8964
48.3872
48.8876
49.4198
49.8881
50.3881
50.8897
51.3886
51.8895
52.4079
52.9177
53.3909
53.8908
54.391
54.9031
55.3925
55.8921
56.3922
56.8938
57.3937
57.8937
58.3945
58.8928
59.3924
59.8931
60.3947
60.8955
61.3954
61.8971
62.3969
62.9094
63.3974
63.8974
64.3989
64.8987
65.3988
65.8991
66.3991
66.9001
67.4005
67.9065
68.4015
68.9008
69.4002
69.912
70.402
70.9035
71.421
71.9034
72.4039
72.9046
73.4056
73.9056
74.4056
74.9061
75.4296
75.9069
76.4073
76.9075
77.4388
77.9081
78.4082
78.9415
79.4095
79.9095
80.41
80.9101
81.4091
81.9098
82.4327
82.9117
83.4114
83.9286
84.4124
84.913
85.4345
85.9132
86.4135
86.9146
87.4186
87.9143
88.414
88.9154
89.4163
89.9161
90.4559
90.9168
91.4179
91.9177
92.4172
92.9171
93.4186
93.9184
94.4192
94.9201
95.4205
95.9472
96.4211
96.9218
97.4208
97.928
98.4212
98.9216
99.4218
99.9239
100.423
100.924
101.424
101.923
102.425
102.926
103.424
103.924
104.425
104.926
105.426
105.928
106.428
106.928
107.428
107.928
108.428
108.929
109.438
109.93
110.43
110.931
111.431
111.932
112.431
112.942
113.432
113.932
114.433
114.933
115.433
115.935
116.435
116.935
117.456
117.935
118.436
118.935
119.436
119.936
120.465
120.938
121.438
121.939
122.442
122.939
123.439
123.938
124.439
124.94
125.462
125.94
126.442
126.942
127.441
127.941
128.442
128.942
129.443
129.944
130.444
130.944
131.445
131.945
132.445
132.946
133.445
133.947
134.447
134.947
135.446
135.949
136.447
136.948
137.448
137.949
138.449
138.949
139.462
139.951
140.451
140.961
141.452
141.951
142.483
142.959
143.452
143.952
144.453
144.954
145.454
145.954
146.455
146.955
147.455
147.957
148.457
148.956
149.457
149.958
150.457
150.974
151.459
151.959
152.458
152.959
153.459
153.959
154.459
154.961
155.487
155.961
156.461
156.963
157.463
157.962
158.462
158.964
159.463
159.964
160.501
160.965
161.466
161.966
162.466
162.976
163.467
163.967
164.467
164.967
165.469
165.967
166.467
166.969
167.469
167.971
168.468
168.969
169.47
169.97
170.493
170.972
171.471
171.971
172.472
172.971
173.472
173.973
174.473
174.973
175.474
175.974
176.475
176.984
177.473
177.973
178.48
178.975
179.477
179.977
180.477
180.977
181.498
181.978
182.478
182.978
183.48
183.98
184.49
184.979
185.479
185.978
186.48
186.98
187.481
187.981
188.483
188.981
189.502
189.983
190.483
190.983
191.483
191.983
192.484
192.984
193.485
193.985
194.486
195.009
195.485
195.986
196.486
196.986
197.487
197.989
198.489
198.989
199.489
199.99
200.489
200.991
201.491
201.992
202.492
202.992
203.493
203.993
204.493
204.996
205.493
205.993
206.494
206.994
207.496
207.994
208.494
208.996
209.497
209.996
210.496
210.997
211.496
211.996
212.497
212.999
213.498
213.999
214.498
214.999
215.539
216.001
216.502
217.002
217.501
218.001
218.535
219.003
219.503
220.004
220.514
221.004
221.504
222.004
222.503
223.003
223.505
224.005
224.505
225.006
225.507
226.006
226.506
227.007
227.508
228.032
228.509
229.009
229.51
230.009
230.509
231.01
231.511
232.01
232.521
233.01
233.51
234.01
234.511
235.012
235.512
236.011
236.514
237.014
237.515
238.015
238.516
239.014
239.514
240.014
240.516
241.016
241.516
242.016
242.517
243.017
243.519
244.018
244.52
245.019
245.519
246.02
246.52
247.021
247.521
248.02
248.519
249.045
249.522
250.022
250.525
251.026
251.523
252.024
252.536
253.024
253.552
254.025
254.524
255.052
255.524
256.025
256.532
257.027
257.528
258.027
258.528
259.042
259.528
260.029
260.53
261.028
261.528
262.037
262.53
263.031
263.536
264.032
264.532
265.059
265.533
266.033
266.531
267.031
267.532
268.034
268.534
269.034
269.535
270.035
270.535
271.065
271.537
272.037
272.548
273.037
273.537
274.044
274.539
275.038
275.538
276.039
276.54
277.04
277.54
278.039
278.54
279.039
279.54
280.041
280.542
281.043
281.544
282.043
282.543
283.042
283.544
284.044
284.544
285.045
285.545
286.045
286.545
287.044
287.545
288.047
288.546
289.047
289.548
290.047
290.547
291.048
291.548
292.047
292.547
293.049
293.549
294.049
294.55
295.05
295.551
296.063
296.551
297.051
297.56
298.053
298.554
299.054
299.554
300.055
300.566
301.055
301.555
302.056
302.554
303.07
303.554
304.055
304.581
305.056
305.557
306.057
306.566
307.059
307.559
308.06
308.56
309.072
309.561
310.06
310.561
311.061
311.561
312.062
312.563
313.063
313.564
314.063
314.579
315.064
315.563
316.065
316.564
317.065
317.578
318.063
318.585
319.066
319.567
320.08
320.569
321.068
321.568
322.068
322.569
323.086
323.57
324.069
324.592
325.07
325.57
326.085
326.571
327.071
327.57
328.073
328.573
329.072
329.587
330.073
330.573
331.072
331.573
332.075
332.575
333.075
333.575
334.076
334.583
335.075
335.576
336.077
336.575
337.077
337.577
338.079
338.579
339.078
339.579
340.08
340.581
341.081
341.581
342.081
342.582
343.082
343.582
344.082
344.582
345.083
345.583
346.084
346.586
347.085
347.586
348.085
348.585
349.086
349.585
350.088
350.587
351.088
351.588
352.088
352.589
353.089
353.589
354.087
354.589
355.089
355.59
356.091
356.591
357.092
357.624
358.093
358.592
359.115
359.592
360.091
360.595
361.094
361.595
362.113
362.593
363.094
363.595
364.095
364.597
365.097
365.616
366.097
366.597
367.117
367.598
368.097
368.601
369.099
369.598
370.11
370.598
371.099
371.638
372.1
372.599
373.099
373.611
374.101
374.601
375.11
375.603
376.103
376.603
377.104
377.606
378.105
378.605
379.105
379.605
380.106
380.607
381.107
381.606
382.107
382.621
383.105
383.606
384.108
384.609
385.109
385.61
386.124
386.609
387.11
387.618
388.111
388.611
389.118
389.613
390.112
390.629
391.111
391.612
392.132
392.614
393.115
393.614
394.115
394.613
395.116
395.615
396.116
396.616
397.117
397.64
398.119
398.618
399.117
399.623
400.119
400.618
401.132
401.62
402.119
402.619
403.119
403.654
404.121
404.622
405.121
405.621
406.122
406.622
407.123
407.623
408.156
408.624
409.125
409.625
410.125
410.625
411.124
411.625
412.126
412.627
413.127
413.625
414.127
414.628
415.129
415.629
416.129
416.629
417.13
417.629
418.13
418.629
419.131
419.631
420.148
420.63
421.131
421.645
422.133
422.634
423.134
423.634
424.133
424.635
425.134
425.634
426.135
426.636
427.136
427.637
428.137
428.636
429.157
429.637
430.138
430.637
431.139
431.638
432.148
432.64
433.139
433.639
434.16
434.64
435.141
435.641
436.142
436.642
437.156
437.643
438.144
438.664
439.145
439.645
440.156
440.645
441.144
441.654
442.147
442.647
443.146
443.646
444.147
444.648
445.15
445.648
446.149
446.65
447.148
447.648
448.149
448.65
449.15
449.651
450.152
450.652
451.152
451.652
452.175
452.651
453.153
453.653
454.154
454.653
455.16
455.654
456.155
456.655
457.156
457.656
458.157
458.657
459.157
459.657
460.157
460.658
461.158
461.658
462.157
462.677
463.16
463.659
464.17
464.659
465.159
465.671
466.162
466.661
467.167
467.663
468.162
468.664
469.164
469.664
470.17
470.665
471.164
471.664
472.165
472.665
473.165
473.666
474.167
474.668
475.169
475.667
476.167
476.672
477.168
477.669
478.17
478.669
479.169
479.669
480.17
480.67
481.17
481.671
482.172
482.673
483.173
483.673
484.174
484.674
485.185
485.674
486.174
486.675
487.176
487.676
488.177
488.676
489.176
489.677
490.177
490.678
491.184
491.677
492.176
492.716
493.179
493.681
494.179
494.68
495.18
495.68
496.21
496.68
497.182
497.682
498.182
498.683
499.183
499.684
500.184
500.684
501.183
501.684
502.186
502.685
503.192
503.687
504.185
504.687
505.187
505.688
506.188
506.689
507.188
507.688
508.189
508.689
509.189
509.688
510.19
510.688
511.19
511.699
512.191
512.692
513.232
513.693
514.192
514.718
515.194
515.694
516.207
516.695
517.196
517.695
518.196
518.696
519.196
519.698
520.213
520.697
521.198
521.723
522.199
522.698
523.223
523.699
524.199
524.7
525.205
525.701
526.201
526.7
527.201
527.703
528.202
528.701
529.211
529.704
530.203
530.704
531.205
531.705
532.205
532.704
533.205
533.719
534.205
534.705
535.206
535.707
536.206
536.707
537.208
537.708
538.216
538.708
539.21
539.709
540.21
540.711
541.21
541.71
542.212
542.713
543.212
543.713
544.212
544.715
545.213
545.714
546.214
546.713
547.214
547.725
548.215
548.715
549.215
549.716
550.217
550.717
551.234
551.717
552.216
552.718
553.218
553.719
554.219
554.719
555.219
555.72
556.221
556.721
557.237
557.732
558.222
558.732
559.234
559.724
560.242
560.739
561.229
561.725
562.23
562.746
563.224
563.726
564.226
564.732
565.233
565.728
566.245
566.744
567.234
567.743
568.234
568.73
569.229
569.742
570.244
570.735
571.231
571.731
572.231
572.746
573.232
573.748
574.231
574.737
575.232
575.733
576.249
576.74
577.234
577.734
578.252
578.736
579.246
579.748
580.237
580.743
581.238
581.738
582.244
582.743
583.254
583.745
584.239
584.74
585.24
585.756
586.257
586.747
587.248
587.753
588.248
588.741
589.253
589.758
590.242
590.75
591.25
591.75
592.243
592.761
593.246
593.746
594.245
594.757
595.246
595.746
596.246
596.747
597.249
597.75
598.248
598.748
599.254
599.751
600.265
600.766
601.251
601.751
602.251
602.766
603.258
603.759
604.253
604.753
605.254
605.769
606.27
606.753
607.267
607.765
608.276
608.755
609.257
609.755
610.257
610.758
611.273
611.77
612.269
612.759
613.259
613.759
614.275
614.781
615.265
615.759
616.273
616.761
617.262
617.762
618.267
618.761
619.262
619.762
620.279
620.762
621.274
621.764
622.264
622.764
623.264
623.765
624.266
624.767
625.267
625.782
626.267
626.769
627.278
627.777
628.285
628.775
629.283
629.781
630.275
630.775
631.269
631.771
632.272
632.777
633.272
633.772
634.283
634.773
635.273
635.773
636.274
636.775
637.285
637.774
638.276
638.787
639.287
639.787
640.292
640.775
641.287
641.778
642.277
642.781
643.294
643.785
644.279
644.779
645.28
645.78
646.294
646.778
647.279
647.796
648.292
648.782
649.283
649.782
650.283
650.784
651.294
651.783
652.283
652.79
653.284
653.786
654.29
654.797
655.286
655.786
656.286
656.787
657.288
657.788
658.287
658.789
659.3
659.789
660.29
660.789
661.289
661.796
662.306
662.801
663.291
663.798
664.303
664.792
665.303
665.793
666.299
666.796
667.295
667.795
668.295
668.807
669.295
669.811
670.295
670.802
671.302
671.803
672.313
672.798
673.304
673.798
674.304
674.804
675.3
675.815
676.3
676.8
677.302
677.812
678.317
678.812
679.318
679.802
680.32
680.804
681.314
681.815
682.305
682.806
683.306
683.806
684.323
684.808
685.307
685.823
686.314
686.806
687.31
687.808
688.324
688.808
689.309
689.825
690.325
690.811
691.326
691.809
692.311
692.822
693.322
693.822
694.313
694.83
695.314
695.812
696.314
696.819
697.315
697.814
698.327
698.826
699.317
699.816
700.315
700.816
701.333
701.822
702.332
702.817
703.323
703.823
704.325
704.819
705.324
705.835
706.336
706.823
707.321
707.82
708.34
708.836
709.322
709.828
710.322
710.838
711.334
711.83
712.339
712.824
713.331
713.84
714.331
714.83
715.326
715.831
716.325
716.842
717.329
717.828
718.345
718.839
719.328
719.827
720.328
720.829
721.34
721.829
722.331
722.831
723.33
723.835
724.331
724.831
725.332
725.842
726.332
726.844
727.349
727.839
728.344
728.85
729.335
729.836
730.341
730.851
731.335
731.843
732.336
732.852
733.349
733.853
734.339
734.855
735.339
735.839
736.338
736.849
737.341
737.858
738.353
738.841
739.353
739.842
740.341
740.859
741.349
741.861
742.354
742.844
743.345
743.844
744.36
744.855
745.344
745.861
746.346
746.847
747.347
747.862
748.347
748.848
749.363
749.863
750.364
750.864
751.358
751.861
752.355
752.85
753.36
753.85
754.361
754.852
755.352
755.853
756.352
756.869
757.364
757.868
758.358
758.853
759.365
759.855
760.354
760.856
761.356
761.873
762.356
762.866
763.367
763.871
764.368
764.857
765.358
765.874
766.365
766.875
767.359
767.86
768.359
768.859
769.376
769.863
770.36
770.867
771.367
771.863
772.364
772.864
773.375
773.864
774.364
774.864
775.371
775.886
776.366
776.865
777.378
777.867
778.376
778.872
779.367
779.867
780.367
780.874
781.369
781.88
782.37
782.869
783.37
783.877
784.382
784.872
785.382
785.877
786.371
786.887
787.387
787.873
788.379
788.884
789.375
789.879
790.386
790.881
791.374
791.882
792.375
792.892
793.377
793.887
794.376
794.878
795.379
795.893
796.384
796.88
797.391
797.88
798.38
798.881
