0.00595007
0.000833275
0.0135888
0.00910352
0.00080727
0.0135607
0.000319232
0.0150457
0.0118768
0.00688884
0.00702724
0.00486904
0.00426312
0.000904484
0.000761052
0.0049049
0.00314445
0.00280349
0.00574282
0.000658874
0.00126062
0.00796432
0.00424127
0.00299735
0.0132797
0.00211936
0.000451248
0.000718931
0.0197233
0.00646699
0.0010839
0.000847785
0.000527618
0.000555305
0.000888574
0.00312054
0.00807179
0.0273013
0.00243661
0.0123897
0.000848411
0.000648015
0.000934831
0.000658775
0.000649202
0.00110894
0.000929939
0.000747863
0.00826038
0.0264458
0.000526497
0.00330157
0.00045751
0.0100611
0.000496898
0.000402853
0.000273842
0.00265749
0.00998764
0.0016705
0.00394202
0.00704137
0.000747401
0.0520082
0.00433647
0.0175155
0.00901016
0.00101601
0.00127368
0.00365722
0.00112323
0.000473173
0.000412735
0.00103732
0.00816925
0.000487205
0.0233808
0.000495231
0.00109198
0.0181561
0.00771341
0.033794
0.000509475
0.0088993
0.000194007
0.00072063
0.00116791
0.00066917
0.00353789
0.00308048
0.000622514
0.00083983
0.000900371
0.000650977
0.00989268
0.00135945
0.0107569
0.000832191
0.0160422
0.000469452
0.000616859
0.000678136
0.0109928
0.00752677
0.000626133
0.000706731
0.00102535
0.00050442
0.000609936
0.000568543
0.00067072
0.00196515
0.000740754
0.000641955
0.000726702
0.000734982
0.00234101
0.00395212
0.000617761
0.000557896
0.000677265
0.00133276
0.00908349
0.00923781
0.000607807
0.000781743
0.000851841
0.00116971
0.00496357
0.00468411
0.0171585
0.000681312
0.000535465
0.00422479
0.00060662
0.000923657
0.000737021
0.00076398
0.00100497
0.000626573
0.00136164
0.00470574
0.0135567
0.000633283
0.000649521
0.00650383
0.00143742
0.00160686
0.00106153
0.00441959
0.00159751
0.00183404
0.00181862
0.00139434
0.0138231
0.00224639
0.0013193
0.00228461
0.000610604
0.00444626
0.000650787
0.000815821
0.000801554
0.000825911
0.000971503
0.000941255
0.00103609
0.00100921
0.0012221
0.000929178
0.00157155
0.0023846
0.00119078
0.00187595
0.00115773
0.00319816
0.00118322
0.00587312
0.000974268
0.000433104
0.000545403
0.000981267
0.00166963
0.000940154
0.00195195
0.00401558
0.00494964
0.00563351
0.00202287
0.00538484
0.0013829
0.00756171
0.0179448
0.00964913
0.000493689
0.0111216
0.000429694
0.000449202
0.000560743
0.000605971
0.000639253
0.000513797
0.0114869
0.0015053
0.00161855
0.000763341
0.00101549
0.000583197
0.00472602
0.000572273
0.000476841
0.000628465
0.0151845
0.000502784
0.0238652
0.000988096
0.0027065
0.00861647
0.000596435
0.000859688
0.000597727
0.000586243
0.000617299
0.00107106
0.000630499
0.00067776
0.000802792
0.000605593
0.00357479
0.00289407
0.0005517
0.00271125
0.00324188
0.000728868
0.000716729
0.000768626
0.000733413
0.00136117
0.00371131
0.0024385
0.000381675
0.000457725
0.00220498
0.000122247
0.000258032
0.000152628
0.00111245
0.000492096
0.000244635
0.000629608
0.000636606
0.00230017
0.000680973
0.000681859
0.00133047
0.0222148
0.0204517
0.020175
0.0201669
0.0201728
0.0202695
0.0202985
0.0205071
0.020561
0.0205127
0.0207919
0.0204776
0.020588
0.0206464
0.0223927
0.0206331
0.0204558
0.0205179
0.0206664
0.0205376
0.0206393
0.0205623
0.0203095
0.0204012
0.0204142
0.020687
0.0206592
0.0205696
0.0206254
0.0206718
0.0206783
0.0203873
0.0226117
0.0205932
0.0205461
0.0205708
0.0202882
0.0203404
0.0205051
0.0201528
0.0204315
0.020488
0.0217149
0.0204548
0.0203989
0.0207051
0.0207269
0.0202522
0.0212428
0.0217709
0.0206945
0.0206284
0.0202816
0.020546
0.0205064
0.020207
0.0204239
0.020486
0.0202168
0.0202329
0.0201661
0.0238737
0.0210055
0.0202797
0.0205368
0.0203563
0.020747
0.0204983
0.0208121
0.0205482
0.0204515
0.0206662
0.0202276
0.0205917
0.0206386
0.0203291
0.0204185
0.0205903
0.0201732
0.0202189
0.0203628
0.020292
0.0202459
0.020159
0.0201821
0.0204106
0.0205469
0.020447
0.0204011
0.0203197
0.0231605
0.0203045
0.0205018
0.020431
0.0204209
0.0208322
0.020852
0.0205767
0.021972
0.0201179
0.0205309
0.0204887
0.0205485
0.020313
0.0206776
0.0201373
0.0205627
0.0204847
0.0205722
0.0205661
0.0241804
0.0203368
0.0202469
0.0201443
0.0205838
0.0202671
0.0205023
0.0202395
0.0202938
0.0202868
0.0204043
0.0203175
0.0203793
0.0204715
0.0207057
0.0203644
0.0202113
0.0205435
0.0202903
0.0203248
0.0203396
0.0202362
0.0204916
0.0202018
0.0204762
0.0203784
0.0241843
0.0204422
0.0204405
0.0208312
0.0205575
0.0209019
0.0208915
0.0205034
0.0202287
0.0203717
0.0205378
0.0203297
0.0205298
0.0201881
0.0201517
0.0202246
0.0205265
0.0202969
0.0205005
0.0206271
0.0203715
0.0206973
0.0203836
0.0206308
0.0205963
0.0204331
0.0207478
0.020379
0.0202942
0.0203864
0.0206814
0.0208971
0.0206218
0.0203869
0.0203582
0.0210539
0.0213784
0.0207441
0.0208415
0.0203064
0.0205032
0.020714
0.0203478
0.0217662
0.0206463
0.0207993
0.0243718
0.0205582
0.0206338
0.0204393
0.0205929
0.0204114
0.0222848
0.0204342
0.0209414
0.0203976
0.0205605
0.0204969
0.0203685
0.02013
0.0200804
0.0209707
0.0220085
0.020837
0.0205145
0.0203345
0.0204534
0.0203256
0.0204919
0.020444
0.020389
0.0210765
0.0204756
0.0203926
0.0205022
0.0202569
0.0205849
0.0203068
0.0218691
0.0204123
0.0203133
0.0202847
0.0205444
0.0205792
0.0254668
0.0204688
0.0219314
0.0202065
0.0201641
0.0201605
0.0201044
0.0200662
0.0203739
0.0203746
0.0203338
0.0203538
0.0213152
0.0202542
0.022966
0.0205145
0.0204384
0.0204165
0.020698
0.0207423
0.0204583
0.0214135
0.0201999
0.0205359
0.0203024
0.0202965
0.0203461
0.0204241
0.0202657
0.0225477
0.0206054
0.0203106
0.0206049
0.0236392
0.0203136
0.0202865
0.0204019
0.0203031
0.0221547
0.0205887
0.0202627
0.0201322
0.0201067
0.0202801
0.0204048
0.0205635
0.0204382
0.0204883
0.0203008
0.0204447
0.0206769
0.0205997
0.0205136
0.0202673
0.0201227
0.0203463
0.0205193
0.0204153
0.0204119
0.0205376
0.0205896
0.0203191
0.0204472
0.0201099
0.0203273
0.0204411
0.0202543
0.0204799
0.020294
0.0241434
0.0239584
0.0207074
0.0206198
0.0205644
0.0205014
0.0237971
0.0206321
0.021082
0.0205603
0.022246
0.0203227
0.0203087
0.0222335
0.0204558
0.020427
0.020418
0.0202468
0.0215545
0.0303306
0.0205445
0.0204464
0.0201368
0.0205645
0.0301165
0.0203287
0.0242419
0.0204425
0.0239049
0.0205887
0.02036
0.0204513
0.0230345
0.020553
0.0218936
0.0208083
0.0204763
0.0204217
0.0207134
0.0205158
0.020627
0.0204011
0.0202163
0.0208042
0.0205395
0.0204643
0.0205525
0.0243062
0.0204629
0.0207876
0.0203666
0.0208751
0.0209598
0.0202406
0.0202947
0.0202679
0.0204144
0.0204987
0.0204542
0.0202277
0.020633
0.0205569
0.0221624
0.020445
0.0205449
0.0203489
0.020994
0.0202563
0.0201986
0.020208
0.0203439
0.0207069
0.0204673
0.0202678
0.0205518
0.0203981
0.0203796
0.0207672
0.0206035
0.0205086
0.0207862
0.024115
0.0204801
0.0203848
0.0203676
0.0202443
0.0201286
0.0202388
0.0220627
0.0205238
0.0224364
0.0202938
0.0304703
0.0202554
0.0203397
0.0206438
0.0202794
0.0203823
0.0207507
0.0206274
0.0206486
0.0212917
0.0205756
0.0206744
0.0206511
0.020336
0.0205353
0.0205422
0.0202483
0.0206328
0.0203189
0.0206144
0.0204012
0.0205925
0.0202981
0.0205402
0.0204168
0.0205666
0.0200699
0.0204471
0.0202869
0.0205383
0.0203944
0.0203524
0.020574
0.0201846
0.0213122
0.0203673
0.0204066
0.0249695
0.0203136
0.0206856
0.0204502
0.0202761
0.0204581
0.020387
0.0202954
0.020227
0.0208518
0.0204266
0.0206998
0.0203529
0.0206816
0.0319946
0.0205845
0.0210073
0.0208215
0.0206732
0.0205227
0.0204418
0.0215906
0.0202335
0.0207009
0.0206612
0.0203453
0.0203771
0.0203508
0.0204247
0.0202692
0.0203109
0.024328
0.0207188
0.0210933
0.0206052
0.0205187
0.0220371
0.0205132
0.0202733
0.0206422
0.0202937
0.0202627
0.0203831
0.0202911
0.020352
0.0203319
0.0234135
0.0206429
0.0204292
0.0204702
0.0202526
0.020245
0.0203111
0.0205764
0.0218392
0.0206726
0.0207082
0.0202781
0.0202673
0.0202277
0.0207082
0.0253141
0.020476
0.0201464
0.0202884
0.0201217
0.0202067
0.0204489
0.0204601
0.0203864
0.0203516
0.0203252
0.0234687
0.0204967
0.0204435
0.0239936
0.0203013
0.0205394
0.0208154
0.0206927
0.0205593
0.020326
0.0202823
0.0203674
0.0203161
0.0202343
0.0202904
0.0202406
0.0204748
0.0202561
0.0203143
0.0204019
0.0204858
0.0204367
0.0205925
0.0203268
0.0207184
0.0202502
0.0204854
0.0203812
0.0202344
0.0207549
0.0214462
0.0211364
0.0208591
0.0204226
0.0208561
0.0204523
0.0205366
0.0202499
0.0205691
0.0206876
0.0229173
0.0206574
0.0206673
0.0205404
0.0206602
0.0222487
0.0206136
0.0201416
0.020224
0.0210285
0.0263653
0.0204104
0.0202793
0.0201842
0.0203557
0.0202316
0.0203866
0.0202828
0.0212238
0.0207999
0.0204152
0.0206836
0.0206221
0.0207667
0.0217369
0.0206739
0.0204818
0.0207404
0.0220708
0.0208008
0.0206921
0.0208712
0.0204598
0.0205695
0.0205752
0.023991
0.0208865
0.0206302
0.0202251
0.0298953
0.0206408
0.0204674
0.020105
0.0202384
0.0204101
0.0205955
0.0204814
0.0203713
0.0207479
0.02062
0.0205641
0.023237
0.0203693
0.020585
0.0203658
0.0204049
0.02034
0.0206044
0.020434
0.0203473
0.0204354
0.0204605
0.0248825
0.0206327
0.0206015
0.0207131
0.0204226
0.0206421
0.0205108
0.0203234
0.0203126
0.0208076
0.0215151
0.0205438
0.0205321
0.0208067
0.0204422
0.0204939
0.0203444
0.0203896
0.0203197
0.0203325
0.020583
0.020297
0.0202512
0.0203865
0.0204706
0.0204525
0.0202886
0.0204264
0.0201596
0.020464
0.0219765
0.0234202
0.0206403
0.0204118
0.0206056
0.0204459
0.0204868
0.0210506
0.0215169
0.0202573
0.0205442
0.0206001
0.0207035
0.021159
0.0204734
0.0204179
0.0205213
0.0260606
0.0204811
0.0204864
0.0204226
0.0205747
0.0207046
0.0203912
0.0204511
0.0206009
0.0204953
0.0207544
0.0204705
0.0255009
0.0203296
0.0211547
0.0205551
0.0202776
0.020217
0.0202205
0.020272
0.0203472
0.020183
0.0203076
0.0202904
0.0200742
0.0203346
0.0207172
0.0205013
0.0203326
0.0226812
0.0204743
0.0202848
0.0205322
0.0203328
0.023901
0.0203984
0.021987
0.0205886
0.0200812
0.0205885
0.0205275
0.0205994
0.0205873
0.0204409
0.0204918
0.0208006
0.0208204
0.0209407
0.0207156
0.0207892
0.0204548
0.0223777
0.0203637
0.0203258
0.0203443
0.0208413
0.0201329
0.020354
0.0204621
0.0205167
0.020847
0.0219003
0.0204234
0.0203113
0.0203479
0.0204931
0.0202401
0.020402
0.0202369
0.0205465
0.0204431
0.0205149
0.0203082
0.0201378
0.0205219
0.020369
0.0203966
0.0204828
0.0227545
0.020452
0.0204481
0.0203925
0.0204567
0.0202759
0.0205986
0.0206872
0.0220461
0.0232326
0.0207198
0.020479
0.0245901
0.0200239
0.02029
0.0205279
0.0203451
0.0205363
0.0204411
0.0202757
0.0202876
0.0203605
0.02023
0.0200662
0.0200631
0.0203652
0.0200697
0.0202778
0.0217106
0.0242048
0.021102
0.0208233
0.0206153
0.0204891
0.0204435
0.020599
0.0204701
0.0202828
0.0204811
0.0205037
0.0201252
0.0202866
0.0203821
0.0202323
0.0204718
0.0205949
0.0204155
0.0202869
0.0202174
0.0205016
0.0204399
0.0203093
0.0205223
0.0204893
0.021514
0.0230517
0.0207898
0.0204613
0.0206439
0.0204526
0.0204
0.020728
0.0213738
0.0202954
0.0207389
0.0207038
0.0202531
0.0203416
0.0203756
0.0206182
0.0202734
0.0203361
0.0204226
0.0209268
0.0206569
0.0203217
0.0205159
0.0203866
0.0205059
0.0203119
0.0210745
0.020541
0.0205086
0.020501
0.0205145
0.0207647
0.0210467
0.0203368
0.0206515
0.0225555
0.0206315
0.0208846
0.0204952
0.0208144
0.0203587
0.020158
0.0202721
0.0205283
0.0204835
0.020588
0.0205598
0.0204582
0.0203233
0.0203237
0.0204663
0.0204271
0.0203216
0.0204613
0.0203346
0.0202309
0.0204741
0.0205019
0.021053
0.0203224
0.0202973
0.0201124
0.0202432
0.0202244
0.0205293
0.020387
0.0204189
0.0204031
0.0222479
0.0203541
0.0266281
0.0207283
0.02419
0.0215136
0.0203132
0.0262827
0.0204685
0.0346111
0.0216891
0.0204362
0.020452
0.0205758
0.0204204
0.0203939
0.021413
0.0205419
0.0204312
0.0203401
0.0206001
0.0205463
0.0201341
0.0202394
0.0202951
0.0202317
0.0206307
0.0299442
0.0205399
0.0203574
0.0206964
0.0205256
0.0205994
0.020602
0.0208729
0.0206149
0.02031
0.0205225
0.0206755
0.0204898
0.0204699
0.0232094
0.0204384
0.0204652
0.0252761
0.0204201
0.0202454
0.0201894
0.020433
0.0203888
0.0201629
0.0204709
0.0205212
0.020405
0.0201982
0.0202447
0.0203024
0.0202868
0.0203342
0.0202279
0.0204073
0.0225194
0.0210239
0.0206777
0.0202066
0.0238856
0.0203544
0.0202771
0.0203723
0.0203831
0.0201818
0.0205899
0.0205817
0.0202997
0.0204702
0.0202964
0.020263
0.0201695
0.0203624
0.0202637
0.0205443
0.0204334
0.0203206
0.0222428
0.0200609
0.0205382
0.0204475
0.0211245
0.0204241
0.0203098
0.0203417
0.0203888
0.0204602
0.0206971
0.0206949
0.0221881
0.0202063
0.0206493
0.0204653
0.0209062
0.0262568
0.0203488
0.0204579
0.0203819
0.0206119
0.0201968
0.0201039
0.0206978
0.0213234
0.0206662
0.0203779
0.0202995
0.0204757
0.0201471
0.0202429
0.0207672
0.0205932
0.0206086
0.0203384
0.0205285
0.0205062
0.0205506
0.0202989
0.0201179
0.0203754
0.0203457
0.020765
0.020574
0.0203834
0.0205458
0.0208459
0.0204403
0.0204971
0.0203072
0.0206313
0.0221351
0.0336763
0.0208446
0.0204814
0.0207199
0.0203711
0.0204107
0.02031
0.0205554
0.0204183
0.0207784
0.0203921
0.0204163
0.0219209
0.0204972
0.0205022
0.0212211
0.0204883
0.0205201
0.0205393
0.0205462
0.0206544
0.0205013
0.0206432
0.0204985
0.02057
0.0204663
0.0207684
0.0206653
0.0207966
0.0204096
0.0208373
0.0203865
0.0202878
0.0207243
0.0235309
0.0200148
0.020377
0.0205152
0.0204489
0.0234334
0.0227395
0.0205305
0.0205252
0.0206836
0.020364
0.0206861
0.0205076
0.0209393
0.020494
0.0205155
0.0204397
0.0204158
0.0204834
0.0203866
0.0202925
0.020419
0.0203641
0.0201401
0.0203133
0.0204529
0.020524
0.0204451
0.0206211
0.0208175
0.0206187
0.0205686
0.0205647
0.020588
0.0204573
0.0203316
0.0213866
0.0204919
0.0202582
0.0221623
0.0210878
0.0205093
0.0224834
0.0204658
0.0205841
0.0203839
0.0203358
0.0203742
0.0205401
0.020385
0.0203857
0.0202486
0.0202731
0.020127
0.0199926
0.0200572
0.0203916
0.0204621
0.0205107
0.0203946
0.0205713
0.0205752
0.0207765
0.0205203
0.0204426
0.0204451
0.020514
0.0205037
0.0205195
0.0210281
0.0217408
0.0205643
0.0204667
0.0204219
0.0203214
0.0210392
0.0205193
0.0204136
0.0205285
0.0204826
0.0223105
0.0206576
0.0206676
0.0205497
0.0202521
0.0201167
0.0205857
0.020526
0.0202443
0.0210013
0.0204829
0.0204896
0.0207899
0.0205165
0.0203243
0.0203545
0.0204365
0.020337
0.0212337
0.0270821
0.0207484
0.0203956
0.0205064
0.022932
0.0208728
0.0207377
0.0207481
0.0207321
0.0207218
0.0206567
0.0240768
0.020594
0.0206078
0.0201259
0.0204066
0.0202325
0.0202822
0.0205553
0.0203772
0.0204382
0.0202001
0.0208779
0.0204752
0.0205883
0.0205965
0.0205004
0.0204069
0.0207265
0.0205469
0.0203697
0.0208281
0.0203895
0.0205886
0.0219027
0.0224309
0.0205639
0.0242501
0.0205227
0.020604
0.0207265
0.0205004
0.0204917
0.0280903
0.0206323
0.0203672
0.0205998
0.0206917
0.0207354
0.0206375
0.0203346
0.0202727
0.0208903
0.0205825
0.0204576
0.020131
0.0203841
0.0206171
0.0204529
0.0209072
0.0207649
0.0207175
0.0207285
0.0205592
0.0205307
0.0206845
0.0206219
0.0204363
0.0203056
0.0203025
0.0202411
0.0203769
0.0206804
0.0205828
0.0204435
0.0205238
0.0202382
0.0199176
0.0202677
0.0201436
0.020505
0.0232014
0.0206768
0.0202683
0.0202683
0.0201756
0.0204831
0.020399
0.0203731
0.0203829
0.0203145
0.0201204
0.0200828
0.0203123
0.0201754
0.0201604
0.020412
0.0202801
0.0202682
0.0203417
0.0202122
0.0203532
0.0203083
0.021513
0.0205431
0.0205813
0.0205875
0.0202323
0.0220683
0.0203728
0.020242
0.0204986
0.0207246
0.0204542
0.0203892
0.0202409
0.0200936
0.0200491
0.0207856
0.0203749
0.0220321
0.0205004
0.0206538
0.0205101
0.0207498
0.0211659
0.0208516
0.0207628
0.0205595
0.0204663
0.0205289
0.0202951
0.0205945
0.0204493
0.0204547
0.0207811
0.0206788
0.0202007
0.0204303
0.0207686
0.0206541
0.0205234
0.0204637
0.0204321
0.02046
0.0205215
0.0206863
0.020713
0.0207748
0.0207708
0.02053
0.0204031
0.0202896
0.0202532
0.0205111
0.0206643
0.020415
0.0201262
0.0202564
0.0203306
0.0201752
0.0203372
0.0204489
0.0205047
0.020468
0.0205715
0.020623
0.0204351
0.0204562
0.0228025
0.0202418
0.0203983
0.0202632
0.0204149
0.0207297
0.0202195
0.0209293
0.0204875
0.0205324
0.0204723
0.0205916
0.0204921
0.0202156
0.0205365
0.0202612
0.0209538
0.0206505
0.0202401
0.0200486
0.0238638
0.020623
0.0227692
0.0208825
0.0202787
0.020393
0.0201563
0.0202843
0.0205748
0.0201586
0.0201778
0.0202329
0.0205051
0.0205971
0.0206964
0.0203854
0.0205264
0.0203385
0.0202073
0.0201082
0.0203745
0.0204786
0.0202147
0.0204976
0.0206158
0.0207075
0.0205073
0.0206958
0.0205661
0.0207338
0.0205863
0.0206506
0.0203759
0.0239592
0.0206126
0.0207007
0.0203542
0.020176
0.0202743
0.0203293
0.0205358
0.0206274
0.0202208
0.0203375
0.0202913
0.0203266
0.0205496
0.0206479
0.0207786
0.0208795
0.0209206
0.0206576
0.0203055
0.0204266
0.0202721
0.0203461
0.0203187
0.0203389
0.0205599
0.0203299
0.0204523
0.0205038
0.0204311
0.0206007
0.0204259
0.0203471
0.020771
0.020898
0.0206453
0.0207146
0.0205061
0.0204435
0.0226259
0.0208111
0.0203518
0.0206794
0.0216965
0.0202508
0.020782
0.020636
0.0202934
0.0204519
0.0204901
0.0204189
0.0206503
0.0204951
0.0204952
0.0205942
0.0202546
0.0203019
0.0203712
0.02026
0.0205379
0.0206739
0.0203799
0.0203331
0.0198303
0.0205423
0.0206219
0.0204858
0.0219992
0.02038
0.0201713
0.0205113
0.0276567
0.0204607
0.0202979
0.0202261
0.020422
0.0204824
0.020785
0.0205141
0.0203197
0.0203972
0.0202975
0.0205512
0.0204692
0.0205504
0.0206141
0.0204687
0.0201111
0.0202479
0.0202982
0.0201669
0.0203378
0.0206172
0.0204359
0.02078
0.0204234
0.0207851
0.020584
0.0205784
0.0205705
0.0203703
0.0271195
0.0203752
0.0202319
0.0206145
0.0221366
0.0205162
0.0203992
0.0203923
0.0202633
0.0205628
0.0205209
0.0204255
0.0203593
0.0201821
0.0205839
0.0206347
0.0203528
0.0202731
0.0251678
0.0203916
0.0203037
0.0205282
0.0202029
0.020689
0.0204615
0.0203657
0.0202507
0.0201462
0.0202071
0.0224947
0.0203354
0.0202552
0.0204601
0.0204853
0.0205699
0.0205358
0.0205962
0.0203049
0.0205756
0.0200896
0.0204269
0.0204174
0.0203937
0.0215011
0.0206785
0.0203783
0.0206092
0.0205907
0.0267357
0.0227065
0.0206646
0.0203116
0.0221648
0.0203399
0.0202003
0.0205021
0.020297
0.0205218
0.0235567
0.0204827
0.0203475
0.0201766
0.0205843
0.0206071
0.0204435
0.0219411
0.0205187
0.0205808
0.0202941
0.020353
0.020723
0.0203552
0.0246021
0.020148
0.0258022
0.0199939
0.0203242
0.0203103
0.0202139
0.0200502
0.0198999
0.0202501
0.0203627
0.0203779
0.0205017
0.0201709
0.0202196
0.0202627
0.0238724
0.020039
0.0291716
0.020422
0.0203759
0.0202743
0.0203155
0.0204708
0.0205491
0.0203206
0.0199275
0.0202568
0.0203876
0.0205207
0.0202164
0.0202684
0.0204843
0.0203453
0.0207244
0.0204341
0.0206125
0.0204173
0.0204938
0.0204082
0.0204079
0.0203485
0.0204866
0.0202588
0.0203868
0.0200948
0.0203593
0.0201805
0.0206057
0.0202515
0.026854
0.0203422
0.020426
0.0202289
0.0204658
0.0204227
0.0208291
0.0205733
0.0205646
0.0203225
0.020427
0.0200667
0.0200108
0.0202693
0.0205314
0.0205954
0.0203484
0.0203906
0.0206987
0.0201166
0.0203908
0.0203239
0.0211605
0.0205008
0.0205
0.0205431
0.0205107
0.0204972
0.0206909
0.0207772
0.0207084
0.0205868
0.0202771
0.0201631
0.0204606
0.0203041
0.0206026
0.0203993
0.0201368
0.0202973
0.0205622
0.0203823
0.0210247
0.0223829
0.0241894
0.0203823
0.0207148
0.020481
0.020305
0.0204198
0.0205106
0.020336
0.0202675
0.0205755
0.0205458
0.020649
0.0204808
0.0225508
0.0205157
0.0204666
0.0204938
0.0205186
0.0203912
0.0214337
0.0204572
0.0206608
0.0226705
0.0204878
0.020457
0.0267646
0.0203343
0.020582
0.0204094
0.0203537
0.021273
0.0204956
0.0207718
0.0205073
0.0203463
0.0205785
0.0206657
0.0203988
0.0202909
0.0202727
0.0204559
0.0205245
0.0205727
0.02069
0.0205381
0.0203691
0.0207794
0.0204112
0.0203255
0.0242314
0.02044
0.0202843
0.024578
0.0207282
0.0202584
0.0205577
0.0205151
0.0204323
0.0204961
0.0206677
0.0207294
0.0205734
0.020622
0.0206074
0.020688
0.0201085
0.0207507
0.0204719
0.0206609
0.0203184
0.0204935
0.0203553
0.0266855
0.0206859
0.0202737
0.0203719
0.0206287
0.0209298
0.0203374
0.0222324
0.0206908
0.0224831
0.0210951
0.0203768
0.0202006
0.0203993
0.0203341
0.0207025
0.0203904
0.0203395
0.0207298
0.0205427
0.021919
0.0208383
0.020418
0.0205864
0.0205
0.0202429
0.0206775
0.0204677
0.0204562
0.0204979
0.0204628
0.0204719
0.020429
0.0203667
0.0205345
0.0204615
0.0204415
0.020481
0.0203411
0.0209243
0.0208136
0.0218203
0.020479
0.0202497
0.0220354
0.020502
0.0203477
0.0206185
0.0216659
0.0206609
0.0202766
0.0237613
0.0206346
0.0220723
0.0220697
0.0202329
0.0207529
0.020569
0.0206449
0.0206451
0.0204128
0.0204014
0.0205564
0.0203451
0.0199504
0.0217683
0.020225
0.0202239
0.0200939
0.0201524
0.0202633
0.0202181
0.0201993
0.0201757
0.0201835
0.0200759
0.0201628
0.019928
0.0224863
0.0201396
0.0205508
0.0203499
0.020674
0.0215674
0.0205379
0.0203345
0.0209531
0.0204587
0.0204348
0.0208074
0.0203734
0.0203747
0.0204135
0.0247157
0.0204292
0.0202748
0.0204769
0.0204056
0.0204399
0.0203464
0.0202339
0.0203486
0.0204141
0.0204643
0.0206454
0.020406
0.0202574
0.0204551
0.0206634
0.0203007
0.0205355
0.0202236
0.0202869
0.0204015
0.0204281
0.0202596
0.0208377
0.0226473
0.0206389
0.0206115
0.0206671
0.0237029
0.020586
0.0208232
0.0205185
0.0205154
0.0204962
0.0207407
0.020526
0.0201335
0.0204607
0.0205285
0.0203191
0.0204811
0.0204348
0.0204516
0.0204186
0.0206015
0.0201441
0.0204212
0.0202602
0.0205536
0.0206801
0.0217377
0.0205928
0.0204757
0.0204259
0.0206648
0.020113
0.0209355
0.020453
0.0221766
0.020748
0.0200977
0.0201965
0.0199844
0.0204481
0.0205028
0.0203161
0.0203536
0.0199172
0.0202717
0.0202375
0.0202488
0.0203607
0.0203121
0.0205052
0.0203315
0.020313
0.0202609
0.0204985
0.0205356
0.0204843
0.0206305
0.0263356
0.0264414
0.0209556
0.0204242
0.0204375
0.0203094
0.0235021
0.0204159
0.0202956
0.0204178
0.0206363
0.0205547
0.020579
0.0202525
0.0205095
0.020277
0.0201364
0.0238974
0.02067
0.0199732
0.020342
0.020132
0.0203096
0.0204276
0.0204835
0.0204436
0.0212763
0.0204404
0.0204153
0.0205802
0.0209494
0.0204135
0.020937
0.0239622
0.0206879
0.0206491
0.0203065
0.0298589
0.0204468
0.0203404
0.0202562
0.0201407
0.0209576
0.0202908
0.0204508
0.020492
0.0230189
0.0204609
0.0216494
0.0205062
0.0206397
0.022161
0.0206587
0.0204242
0.0204386
0.0202056
0.020444
0.0206013
0.0203845
0.0204126
0.0202191
0.0203845
0.0216675
0.0202607
0.0206286
0.0201233
0.0200793
0.020274
0.0205128
0.0204319
0.0204015
0.0206138
0.020384
0.0203908
0.0204956
0.0204123
0.020241
0.0236335
0.024626
0.0205744
0.0206217
0.0203544
0.0210509
0.0204846
0.0235699
0.0201418
0.0209262
0.0204765
0.0203496
0.02014
0.0202947
0.0204552
0.0235305
0.0205482
0.0204938
0.0206141
0.0207376
0.0205223
0.0208623
0.0240106
0.0209935
0.0204023
0.0200859
0.0205704
0.0204429
0.020386
0.0203699
0.0205062
0.0202569
0.0201974
0.0203794
0.0205372
0.0201769
0.0203754
0.020469
0.0202179
0.0200964
0.0203587
0.0220775
0.0206172
0.0201702
0.0248427
0.0205706
0.0204003
0.0212195
0.0202857
0.0340855
0.021911
0.0202302
0.020432
0.0202258
0.0201678
0.0202938
0.0201353
0.0200423
0.0204818
0.0203688
0.0208349
0.0204351
0.0202765
0.0203804
0.0203241
0.0203411
0.0235388
0.0207857
0.0205634
0.0204309
0.0203336
0.023777
0.0202611
0.0205473
0.0202587
0.0204099
0.0208097
0.0205652
0.0206004
0.0204276
0.0204818
0.0206683
0.0219932
0.020599
0.0204151
0.0203462
0.0206665
0.0205192
0.0205227
0.0204036
0.0206418
0.0202722
0.0200411
0.0202841
0.020325
0.02064
0.0205194
0.020513
0.0204421
0.0202406
0.0201882
0.020331
0.0202722
0.0204012
0.0204478
0.0200055
0.020377
0.0204868
0.0205482
0.0204491
0.0216037
0.0206133
0.0203469
0.0219787
0.0205125
0.0205298
0.0204265
0.0206239
0.0204168
0.0202571
0.0202532
0.0207166
0.0205806
0.0202227
0.0204456
0.0218491
0.0205984
0.0205363
0.0203745
0.0202162
0.0203642
0.0243956
0.0202842
0.0202248
0.0202659
0.0218375
0.0205656
0.0207178
0.0205217
0.020398
0.0203324
0.0203155
0.0207625
0.0202429
0.0204608
0.0203496
0.0204737
0.0205332
0.0203472
0.0203701
0.0203463
0.0206425
0.0205769
0.0203982
0.0204783
0.0203826
0.0203211
0.0204086
0.0204497
0.0205041
0.0203395
0.0205812
0.0202734
0.0205692
0.0205176
0.0203521
0.0204883
0.020751
0.02057
0.0202747
0.0204273
0.0276156
0.0230767
0.0205798
0.0205335
0.0203831
0.0207166
0.0204956
0.0206601
0.0227987
0.0225898
0.0206326
0.020439
0.0203852
0.0203654
0.0204183
0.0205212
0.0204845
0.0205086
0.0202058
0.0203257
0.0204374
0.0204602
0.0254685
0.0202275
0.0207196
0.0210192
0.0207485
0.0200623
0.0201329
0.0200644
0.0202929
0.0203352
0.0202193
0.0203407
0.0201706
0.0218921
0.0203632
0.0202422
0.0205734
0.0203184
0.0201874
0.0202715
0.0203183
0.0204314
0.0205517
0.0239031
0.0203762
0.020332
0.0203274
0.0205001
0.0203555
0.0206727
0.0201361
0.0202315
0.0202755
0.0254307
0.0205569
0.0206815
0.0202504
0.0205278
0.0202271
0.0203146
0.0204359
0.0201876
0.0205339
0.0205459
0.0203095
0.0203905
0.0206039
0.0209034
0.020247
0.0205369
0.0225786
0.0205913
0.0205451
0.0202686
0.0203973
0.0203504
0.0210489
0.0205924
0.0216056
0.0202846
0.0201964
0.0202763
0.0204492
0.0202791
0.0235944
0.0205951
0.0205941
0.0204792
0.0250419
0.020434
0.0202952
0.0201991
0.0202715
0.0203244
0.0203218
0.0205903
0.0203488
0.020442
0.0203922
0.0202616
0.0204817
0.0201101
0.0205861
0.0202473
0.020511
0.0205222
0.0205425
0.0204613
0.0207308
0.0204041
0.0202369
0.0203837
0.0204126
0.0203383
0.0203465
0.0205372
0.023966
0.0208385
0.0206231
0.0208147
0.0204604
0.0205863
0.0204237
0.0205887
0.0205039
0.0209186
0.0208031
0.0208739
0.0217458
0.02128
0.020278
0.022339
0.0205541
0.0205979
0.0205728
0.0208137
0.0204382
0.0206197
0.020116
0.0202328
0.0201199
0.0203433
0.0206133
0.0203956
0.0202556
0.025024
0.0203323
0.0206825
0.0204693
0.0202792
0.0203925
0.024054
0.0206822
0.0209557
0.0205438
0.0202341
0.0200957
0.020456
0.0202918
0.0208642
0.0205687
0.0205375
0.02121
0.0206552
0.0203668
0.0205763
0.0205332
0.0203893
0.0204025
0.0205158
0.0205163
0.0204127
0.0237315
0.0241236
0.0203954
0.0205409
0.0205843
0.0204864
0.0203171
0.0200118
0.0201443
0.0202565
0.0203224
0.0205307
0.0202364
0.0202803
0.0206596
0.0210484
0.0203318
0.0202654
0.0203707
0.0204841
0.0202999
0.0204128
0.020243
0.0203165
0.020331
0.020348
0.022485
0.0207336
0.020758
0.0201569
0.0219992
0.02076
0.0201385
0.0210528
0.0205411
0.0206354
0.0206833
0.0207669
0.0205765
0.0245989
0.0208343
0.0205778
0.0212847
0.0261379
0.020373
0.0205555
0.0209568
0.0204309
0.0205484
0.02039
0.0207326
0.020551
0.0206373
0.0204745
0.0204366
0.0204881
0.0232808
0.0204238
0.0203
0.0266788
0.0206711
0.0215662
0.0207244
0.0205288
0.0218335
0.0209028
0.0204117
0.0203871
0.0203418
0.0203178
0.02018
0.0201637
0.0205915
0.0238978
0.0203627
0.0206113
0.0205409
0.0205467
0.0202152
0.0205758
0.0206169
0.0203018
0.0205171
0.0292662
0.0206704
0.0204661
0.020853
0.0206565
0.0203834
0.0204413
0.0202699
0.0205582
0.0202967
0.0203379
0.0203222
0.0204404
0.020404
0.0205669
0.0204987
0.0204438
0.0205962
0.0206498
0.0204854
0.0205316
0.020545
0.0202131
0.0201842
0.0204369
0.0205328
0.0204455
0.0202681
0.0201265
0.0201672
0.0205111
0.0203605
0.0205802
0.0203198
0.0202831
0.0204428
0.0267222
0.0204759
0.0204391
0.0203405
0.0206878
0.0237418
0.0206134
0.0204898
0.0203211
0.0203918
0.020378
0.0208403
0.0204581
0.0213009
0.0203616
0.0202658
0.0206643
0.0249687
0.0204827
0.020999
0.0205735
0.0207833
0.0205823
0.0206098
0.0204183
0.0205985
0.0202949
0.0204894
0.0203508
0.0204796
0.0204466
0.0206935
0.0204495
0.0203986
0.0206085
0.0207393
0.0205864
0.0249516
0.0206006
0.0206024
0.0206104
0.0203494
0.0204383
0.0229353
0.0205544
0.0206999
0.0204292
0.0202833
0.0204181
0.0205592
0.0202135
0.0199857
0.0204295
0.0202611
0.0204439
0.0203193
0.0202086
0.0199846
0.0200905
0.0203905
0.0203142
0.0201177
0.0231375
0.0203618
0.0200288
0.020303
0.0202869
0.0202426
0.0225625
0.0205467
0.0206993
0.0204537
0.0202901
0.0211439
0.0207007
0.0204678
0.0202799
0.0203402
0.0202119
0.020264
0.0202565
0.0205314
0.0203694
0.0203992
0.0204829
0.0204763
0.0205882
0.0202915
0.0204128
0.0205775
0.0202261
0.0206687
0.020548
0.0209187
0.0209043
0.0205028
0.0204831
0.0205686
0.0207205
0.0202198
0.0204427
0.0205431
0.0203811
0.0202419
0.0223644
0.0205366
0.0205844
0.0202645
0.0204187
0.0203071
0.0203165
0.0201134
0.0200575
0.0201138
0.0201131
0.0205729
0.0204183
0.0216199
0.0203969
0.0205114
0.020441
0.0203085
0.0201518
0.0218996
0.0202481
0.0208954
0.0238465
0.0207149
0.0205449
0.0205146
0.0205404
0.0206489
0.0205382
0.0217278
0.0203615
0.0203444
0.0206987
0.0209166
0.0203489
0.023217
0.0204483
0.0203285
0.0204939
0.0206632
0.0204995
0.020949
0.0202013
0.0204158
0.0207947
0.0205087
0.0202952
0.0203965
0.0203519
0.0204866
0.0204572
0.0204097
0.0201265
0.0214455
0.0204799
0.0204384
0.0201593
0.0202706
0.0206142
0.0204964
0.0202652
0.0200603
0.0202741
0.0203404
0.0202095
0.0203084
0.0230444
0.0205839
0.0206367
0.0206669
0.0205803
0.0205026
0.0205797
0.0204217
0.0207226
0.0204869
0.0204945
0.0203429
0.0202872
0.0205692
0.0245965
0.0204737
0.0205145
0.0208148
0.0207468
0.0217044
0.0205871
0.020613
0.0205887
0.0237189
0.0231234
0.0206968
0.0247906
0.0201622
0.0208968
0.022942
0.0206424
0.0205938
0.0236157
0.0202952
0.020521
0.0204484
0.0207863
0.0205757
0.020506
0.0204431
0.0203909
0.0207771
0.0207546
0.0201823
0.0205006
0.0206933
0.020572
0.0209308
0.0202189
0.0202658
0.0203688
0.0204433
0.020859
0.020425
0.020596
0.0206248
0.0300598
0.0207086
0.0202592
0.0226704
0.0233756
0.0205205
0.0205691
0.0204543
0.0206693
0.0204812
0.0203511
0.0204283
0.0204238
0.020633
0.0205171
0.0204341
0.0205072
0.0200094
0.0199723
0.0200622
0.0201803
0.0202287
0.0201138
0.0202262
0.0203141
0.0204193
0.0204659
0.0278189
0.0204362
0.0223289
0.0239933
0.0206795
0.020953
0.0210958
0.0204448
0.0205652
0.0204225
0.020215
0.0202443
0.0203316
0.0203969
0.0204674
0.0201869
0.0201621
0.0201494
0.0269916
0.0204852
0.0205438
0.0206628
0.0207015
0.0204764
0.0206409
0.0204885
0.0203529
0.0206721
0.0202855
0.0201994
0.0202167
0.0202434
0.0203828
0.0204743
0.0204762
0.0207278
0.0203549
0.0202201
0.0202835
0.020406
0.0202995
0.0203786
0.0202615
0.0205715
0.0205503
0.0203214
0.020304
0.0202316
0.0205612
0.0204779
0.0202485
0.0243695
0.0204647
0.0202854
0.0228812
0.0223228
0.0207526
0.0210066
0.0204828
0.0203793
0.0205155
0.0203478
0.0208248
0.0207616
0.0206533
0.0205195
0.0206908
0.0207236
0.0202797
0.024429
0.0201924
0.0203366
0.0205838
0.020786
0.0205001
0.0204094
0.0208764
0.0200903
0.0201033
0.0204281
0.0208508
0.0201806
0.0248464
0.0204595
0.0204428
0.0204706
0.0204893
0.0205481
0.0209851
0.0203508
0.0202784
0.0204486
0.0201903
0.0203333
0.0204628
0.0203977
0.0205177
0.0202027
0.0220832
0.0203379
0.0207631
0.0201256
0.0203101
0.0203178
0.0205284
0.0206463
0.0203233
0.0259023
0.0206665
0.0206259
0.0206933
0.0213874
0.0210128
0.0208315
0.0206489
0.0205352
0.020621
0.0208334
0.0204305
0.0239981
0.0207587
0.020524
0.0226804
0.0208757
0.0206056
0.020217
0.0205495
0.0202646
0.0217781
0.0208854
0.0207305
0.0204982
0.0206656
0.0207804
0.0202704
0.0203769
0.0201289
0.020048
0.021872
0.0204025
0.0203047
0.0202491
0.0201011
0.0200707
0.0202145
0.0200802
0.0215987
0.0206283
0.0206073
0.0203466
0.0203725
0.0220254
0.022299
0.0205204
0.0206517
0.0207326
0.0206201
0.0204241
0.0202769
0.0203251
0.0206323
0.0205529
0.0202899
0.0202452
0.0202997
0.0203376
0.0204714
0.0201823
0.0200188
0.0201608
0.0207537
0.0204482
0.0203229
0.0202514
0.0203939
0.0202983
0.02032
0.0201478
0.0204368
0.0203074
0.0226553
0.0206133
0.0204421
0.0221399
0.0204022
0.0204967
0.0204768
0.0202264
0.0204913
0.0202049
0.0200591
0.020337
0.0203718
0.0202636
0.0204685
0.0201887
0.0204426
0.0202802
0.0202075
0.0235333
0.0206903
0.0204116
0.0204896
0.0205056
0.0248799
0.0205093
0.0207873
0.0220631
0.0205334
0.0201819
0.0204864
0.02038
0.0202499
0.0206512
0.0204394
0.0203104
0.0204943
0.0203109
0.0205299
0.0202359
0.0204602
0.0203763
0.0206463
0.0207023
0.0206926
0.02035
0.0205608
0.0204148
0.0203277
0.0205162
0.0203085
0.0211922
0.0204519
0.0206467
0.0204203
0.0203042
0.0204229
0.0204068
0.0204338
0.0203343
0.0202097
0.0203228
0.020479
0.0206811
0.0204092
0.0204199
0.0204156
0.0204836
0.020153
0.0204028
0.0202085
0.020313
0.0204507
0.0206776
0.0216626
0.0206504
0.0204986
0.0220243
0.020443
0.0205273
0.0212366
0.0206437
0.0207936
0.020059
0.0199778
0.0210852
0.02036
0.0211137
0.020622
0.0204912
0.0202969
0.0297103
0.0201949
0.0200998
0.0202021
0.020363
0.0204418
0.0204194
0.0226929
0.0206189
0.0204944
0.0212096
0.0205381
0.0204571
0.0203272
0.0200792
0.0203625
0.0207509
0.02042
0.0204198
0.0203319
0.020707
0.0202704
0.0203472
0.0203442
0.0203188
0.0202613
0.0200461
0.0200862
0.0283418
0.0247466
0.0205248
0.0204148
0.0205205
0.0203773
0.0206529
0.020629
0.0208813
0.0203786
0.0206512
0.0204828
0.0204502
0.0209859
0.02051
0.0203898
0.0204895
0.0207178
0.0202657
0.0206252
0.0204452
0.020381
0.0203816
0.0200968
0.0201062
0.0203612
0.0205692
0.0215007
0.020868
0.0202314
0.0204619
0.0204531
0.0206229
0.0203441
0.0201418
0.0203506
0.0204369
0.020695
0.0205222
0.0204182
0.020144
0.0203714
0.0201983
0.0202729
0.0205494
0.0206843
0.0204788
0.0225491
0.0202833
0.0202878
0.020107
0.0204406
0.0203866
0.0232758
0.0203485
0.0205652
0.0204321
0.0203632
0.0202299
0.0204122
0.0203325
0.0255528
0.0203155
0.0202279
0.0203568
0.0202894
0.0254734
0.0203928
0.0202145
0.0204295
0.020393
0.0202773
0.0202843
0.0203492
0.0203312
0.0205115
0.0202054
0.0203571
0.0205147
0.0208707
0.0237357
0.0206766
0.0205228
0.0205924
0.0204974
0.0203071
0.0204304
0.0201539
0.0238007
0.0205348
0.020402
0.0205382
0.0203419
0.0242713
0.0202577
0.0274991
0.0201617
0.020686
0.0206963
0.0208859
0.020559
0.0204107
0.0204198
0.02027
0.0204389
0.0203809
0.0204963
0.0203686
0.0203946
0.0202392
0.0221383
0.0211508
0.0204703
0.020342
0.0202581
0.0206312
0.0205629
0.0206267
0.0208882
0.0219867
0.0238805
0.0203764
0.020469
0.020428
0.020637
0.0204378
0.0204466
0.0204661
0.0204415
0.0202169
0.0204967
0.0202811
0.0202453
0.0205893
0.0203749
0.020632
0.0206282
0.020517
0.0205942
0.0206968
0.0204467
0.0217992
0.0245814
0.0205945
0.0209443
0.0207511
0.0204187
0.0204103
0.0205272
0.0202788
0.0204429
0.0207844
0.0207258
0.0202157
0.0203906
0.0204783
0.0203258
0.0203107
0.0219463
0.0206828
0.0204233
0.0203857
0.0200801
0.0207687
0.020658
0.0205428
0.0203334
0.0202173
0.0203505
0.0204309
0.0203211
0.0204205
0.0209138
0.020294
0.0205624
0.0203371
0.0205687
0.0205662
0.0208269
0.0208294
0.0203846
0.0202171
0.0218208
0.0210082
0.0208463
0.0231419
0.0204956
0.0205183
0.0210035
0.0203027
0.0204791
0.0208554
0.0206654
0.020521
0.0202888
0.0202569
0.0204245
0.0202587
0.0205676
0.0203749
0.0204783
0.0205286
0.0203069
0.0203811
0.0205154
0.0205947
0.0206085
0.0207888
0.02082
0.0206388
0.0205871
0.0207733
0.0202726
0.0204613
0.0203565
0.0202181
0.020311
0.0203016
0.0257756
0.0207074
0.0206313
0.0204735
0.0203188
0.0206408
0.020363
0.0202686
0.0205173
0.0205589
0.0207059
0.0204488
0.0203334
0.0205416
0.0201807
0.0205614
0.0206339
0.0207363
0.0207651
0.0203111
0.0201789
0.0203579
0.0202228
0.0204964
0.0200508
0.0204409
0.0204865
0.0204342
0.0206551
0.020465
0.0254228
0.0204141
0.0206266
0.0203
0.0267561
0.0204477
0.0203709
0.0203525
0.0202536
0.0202098
0.0224982
0.0239538
0.0240963
0.0203873
0.0204425
0.0201251
0.0203222
0.0201585
0.0203914
0.0205462
0.0203577
0.0207278
0.0205489
0.0205985
0.0250034
0.020451
0.0202007
0.0205148
0.0206355
0.0208508
0.0205295
0.0207354
0.0204712
0.0204723
0.0204015
0.0205017
0.0203799
0.0206271
0.0206107
0.0203851
0.020232
0.0203619
0.0205762
0.0204924
0.0206351
0.0211162
0.0204451
0.0201597
0.0202248
0.0202486
0.0203
0.0205596
0.0204033
0.0203411
0.020319
0.020435
0.0202131
0.0200772
0.027203
0.0204386
0.0203927
0.0202637
0.0204854
0.0203123
0.0199332
0.0206403
0.0204634
0.0206635
0.0203891
0.0202349
0.0205725
0.0207562
0.0206806
0.0206502
0.0205364
0.0205357
0.0203864
0.0224781
0.0206841
0.0205221
0.0203146
0.0205776
0.0204182
0.0202661
0.0203834
0.0234127
0.020739
0.0204277
0.0203357
0.0204527
0.020413
0.0202937
0.0209421
0.0205865
0.0203601
0.0202429
0.0207656
0.0204661
0.020336
0.0213208
0.0205958
0.0206877
0.0206536
0.0205553
0.0203933
0.0203876
0.0204758
0.0203598
0.0203825
0.0207449
0.0204084
0.0300414
0.0205563
0.0203942
0.0205419
0.0205384
0.0207422
0.0202724
0.0202148
0.0200794
0.0201961
0.0203161
0.0205772
0.0206462
0.0204914
0.020667
0.0203235
0.0205454
0.0204339
0.0203772
0.0203058
0.0206756
0.0206039
0.0203728
0.0203065
0.0206297
0.0203758
0.0266204
0.0204877
0.0205867
0.0213226
0.0204239
0.0205173
0.0205478
0.0204658
0.0201822
0.0203461
0.021181
0.0205004
0.0202522
0.0200878
0.0205747
0.0203289
0.0259187
0.0204514
0.020533
0.0203722
0.0208753
0.0205833
0.0219577
0.0209043
0.0205584
0.0204763
0.0203606
0.0204701
0.020355
0.0202446
0.0202785
0.0202389
0.0203982
0.0206518
0.0205254
0.0204892
0.0206813
0.0210651
0.0204956
0.0210018
0.0204869
0.020275
0.0205176
0.0199845
0.0201284
0.0203608
0.0201685
0.0200721
0.0201446
0.0202084
0.0204883
0.0205452
0.0203182
0.0206444
0.0204955
0.0202691
0.0203117
0.0204957
0.0203248
0.0203483
0.0202166
0.0202278
0.0205216
0.0204194
0.0210158
0.0203183
0.0203352
0.0204101
0.020379
0.0205433
0.0206225
0.0204591
0.0243697
0.0205485
0.0204365
0.0203496
0.0204136
0.0205412
0.0204189
0.0203995
0.0203019
0.0206367
0.0211933
0.0204177
0.0206851
0.0205893
0.0204335
0.0206805
0.0206168
0.0204048
0.0206309
0.020705
0.0204164
0.0206442
0.0204091
0.0206955
0.0220991
0.0214415
0.0340061
0.0339922
0.0203461
0.0206501
0.0206903
0.0202575
0.0205834
0.0203073
0.0203418
0.0201366
0.0235937
0.0205716
0.0205791
0.0203879
0.0202111
0.0203567
0.0205339
0.0202825
0.0204924
0.0205724
0.0206757
0.0203232
0.0205445
0.0207373
0.0203647
0.0204398
0.0224488
0.0205325
0.0205469
0.0203615
0.0203155
0.0203053
0.020198
0.020343
0.0234906
0.020683
0.0206039
0.0202669
0.0204302
0.0208233
0.0202199
0.0203186
0.0204485
0.0204013
0.0203712
0.0203903
0.0203689
0.0201778
0.020241
0.0235803
0.0203912
0.0205675
0.0205107
0.0204388
0.0204512
0.020777
0.0203937
0.0205372
0.0204127
0.0204091
0.0222902
0.0202094
0.0242696
0.0208134
0.0202699
0.0202191
0.0203351
0.0202603
0.0203674
0.0201805
0.0203107
0.0201882
0.0203989
0.0205704
0.0202105
0.0213521
0.0249928
0.0204211
0.0211588
0.0208864
0.0205153
0.0203948
0.0205318
0.0261347
0.0204143
0.0208472
0.020582
0.0208837
0.0226802
0.0205042
0.0208266
0.0210397
0.0203714
0.0225884
0.0209225
0.0204196
0.0203847
0.0203532
0.0202222
0.0203273
0.0202906
0.0215543
0.020544
0.0273229
0.0206667
0.0220538
0.0202255
0.0205123
0.0205567
0.0200957
0.0203541
0.0207158
0.0206717
0.0205215
0.0202516
0.0203651
0.02052
0.0203294
0.0202763
0.0203432
0.0205105
0.0205905
0.0205906
0.0204973
0.0205417
0.0204041
0.0204544
0.0206471
0.0224499
0.0203028
0.0209232
0.0203258
0.0205142
0.0202552
0.02031
0.0204341
0.0204301
0.0203678
0.0206256
0.0311313
0.020309
0.0201841
0.0203082
0.0202417
0.0205327
0.0207852
0.0203653
0.0202822
0.0205748
0.0217338
0.020458
0.020576
0.0203003
0.0205341
0.0215476
0.0206159
0.0201663
0.0202481
0.0203955
0.0203461
0.0205272
0.0204127
0.0202941
0.0212314
0.0207968
0.0205097
0.0209318
0.0204257
0.0202549
0.0203447
0.0207423
0.0207356
0.0212378
0.0208028
0.0206867
0.0206609
0.0204385
0.0207282
0.0205328
0.0204973
0.0208199
0.0205627
0.0209089
0.0205166
0.0205029
0.0205704
0.0206453
0.0204664
0.0245086
0.0203933
0.0206277
0.0206784
0.0202923
0.0213341
0.0204751
0.0205854
0.020694
0.0207946
0.0205789
0.0204116
0.0203554
0.0203466
0.0209905
0.0203394
0.0205973
0.0205137
0.0203381
0.0209357
0.0207445
0.0221379
0.0203293
0.0203313
0.0203402
0.0204977
0.0203959
0.0203718
0.0202841
0.020221
0.0202665
0.026289
0.0204405
0.0203239
0.0204828
0.0207664
0.0204589
0.0205219
0.0204081
0.0204669
0.0202358
0.0208366
0.0202439
0.0202539
0.0204441
0.0204345
0.0203389
0.0204343
0.0204227
0.0202548
0.0205032
0.0205817
0.0244517
0.0205022
0.0204128
0.0243778
0.0203869
0.0209154
0.0208406
0.0204809
0.0202632
0.0205942
0.0207087
0.0203783
0.0218672
0.0218634
0.0206105
0.0201491
0.0206837
0.0201158
0.0201806
0.0201084
0.0221726
0.0204253
0.0207903
0.0208397
0.0265517
0.0210234
0.0204007
0.0241895
0.0205147
0.020394
0.0225781
0.020558
0.0205275
0.0204959
0.0211409
0.0203059
0.0205429
0.0206616
0.0203603
0.020367
0.0204348
0.0203081
0.020311
0.0205249
0.0205394
0.0206891
0.0205911
0.0204729
0.0205032
0.0206297
0.0210745
0.0209601
0.0206699
0.0212916
0.0203305
0.0222521
0.0203467
0.0203388
0.0202935
0.0203978
0.0203529
0.0203465
0.0202431
0.0204374
0.0205591
0.0222723
0.020708
0.0202421
0.0211422
0.0206048
0.0263759
0.0220796
0.0206963
0.0203877
0.0201198
0.0205129
0.0203948
0.0207183
0.0203757
0.02034
0.0204096
0.0211285
0.0218133
0.0205816
0.020609
0.0206755
0.0205232
0.020559
0.020403
0.0219321
0.020565
0.020438
0.0204292
0.020355
0.0204966
0.0252964
0.0202984
0.0203562
0.0205204
0.020146
0.0203859
0.0203611
0.0206988
0.0204147
0.020597
0.0204091
0.0222989
0.0204072
0.0202642
0.0261325
0.0204575
0.0201389
0.020307
0.0201779
0.0204299
0.0207164
0.0207735
0.0205482
0.020654
0.0207028
0.0205462
0.0206319
0.0206134
0.0203652
0.0206802
0.0250382
0.0203021
0.0213905
0.0207874
0.020894
0.0202483
0.0202956
0.0205999
0.0200845
0.0202583
0.0201176
0.0204111
0.0203533
0.0206433
0.0231402
0.020245
0.0202602
0.0202448
0.0202324
0.0202891
0.020018
0.0200838
0.0199717
0.020054
0.0201879
0.0201466
0.0202905
0.0201535
0.0205715
0.0202975
0.0206392
0.020618
0.0203877
0.0202332
0.0202507
0.0202239
0.0202223
0.0203054
0.0203458
0.0204346
0.0206787
0.0203996
0.0238716
0.0204864
0.0202577
0.0203342
0.0208393
0.0203424
0.0203948
0.0202902
0.0206303
0.0201391
0.0202871
0.0204067
0.0204557
0.0203835
0.0206796
0.0205048
0.0203688
0.0205478
0.0205505
0.0206279
0.0204958
0.0205795
0.0207689
0.0204535
0.0209321
0.0206498
0.0204638
0.0205826
0.0204815
0.0207173
0.0219294
0.0230375
0.0207592
0.0202755
0.0204646
0.02056
0.0239722
0.0203308
0.0206781
0.024427
0.0202763
0.0245229
0.0204299
0.0206011
0.0206
0.0206224
0.0204912
0.0204371
0.0203547
0.0203787
0.0201694
0.0203759
0.0204039
0.020301
0.0205227
0.0206328
0.0204628
0.0203053
0.0203835
0.0203711
0.0204299
0.0217391
0.0204907
0.0205623
0.020213
0.02007
0.0253259
0.0209482
0.0205796
0.0216788
0.0206526
0.0206725
0.0202644
0.0203364
0.0204348
0.0204142
0.0262445
0.0205051
0.0204003
0.0204165
0.0203891
0.020569
0.0204533
0.0204968
0.0203022
0.0203601
0.0202818
0.0203916
0.0206395
0.0206071
0.0263108
0.0202202
0.0204254
0.0204918
0.0217721
0.0202172
0.0203709
0.0202917
0.0204177
0.0204759
0.0204396
0.020461
0.0203619
0.0206424
0.0203806
0.0205646
0.0215429
0.022758
0.0209329
0.0202975
0.0204515
0.0204405
0.0204014
0.0205169
0.0248671
0.0206248
0.0205595
0.024473
0.0225285
0.0204242
0.0204552
0.0203745
0.020247
0.0201328
0.0215191
0.0203388
0.0203954
0.0207706
0.0204756
0.0205238
0.0207605
0.0205077
0.0212208
0.0205153
0.0208239
0.0203282
0.0205259
0.0205491
0.0204734
0.0205321
0.0207621
0.0201886
0.0213529
0.0207292
0.0204067
0.0205325
0.0205236
0.0205909
0.0206867
0.0236646
0.0205822
0.0205524
0.0201111
0.0203953
0.0303916
0.0204725
0.0250037
0.0239796
0.0205365
0.0202776
0.0206054
0.0205761
0.020559
0.0238845
0.0206763
0.0203785
0.0203538
0.0209618
0.0215661
0.0204779
0.0204753
0.0202227
0.0213338
0.0203333
0.0206333
0.0204359
0.0203692
0.0201702
0.0203021
0.0203618
0.0211628
0.0204395
0.0205598
0.0203128
0.0204328
0.0205341
0.0204672
0.0205162
0.0217959
0.0205975
0.0203858
0.020514
0.0202477
0.0202785
0.0205253
0.0202512
0.0203551
0.0201813
0.0200656
0.0203603
0.0207597
0.0225411
0.0206439
0.0203242
0.0204311
0.0205401
0.0203869
0.0227126
0.0206678
0.0204608
0.0203875
0.0244825
0.0205852
0.0202753
0.0202886
0.0202814
0.0214031
0.0203855
0.0204227
0.0202858
0.0205105
0.0204808
0.0205955
0.0202673
0.0203615
0.020259
0.0262714
0.0204897
0.0203683
0.0202397
0.0200691
0.0203234
0.0204938
0.0202511
0.0203871
0.0205236
0.0203534
0.0202898
0.0204171
0.0201646
0.0204167
0.0202156
0.0199018
0.0202726
0.0204754
0.0282747
0.0204808
0.0204176
0.020386
0.0220575
0.0204049
0.0211805
0.0205545
0.0201468
0.025737
0.0273733
0.0203894
0.0206537
0.0203831
0.0202817
0.0203401
0.020024
0.0203814
0.0202277
0.0203949
0.0203317
0.0205586
0.021438
0.0205866
0.0210089
0.0207073
0.0205073
0.0203139
0.0202798
0.0203577
0.0203395
0.0202096
0.0208144
0.0201811
0.0203353
0.0201666
0.0225094
0.0206002
0.0205186
0.0205267
0.0205565
0.0204439
0.0202403
0.020451
0.0205532
0.0204263
0.0204606
0.0206557
0.0203864
0.0205564
0.0206672
0.0205675
0.0211421
0.0207592
0.0206517
0.0207097
0.0207068
0.0205454
0.020665
0.0205638
0.0206051
0.0203616
0.0203959
0.0322078
0.0217402
0.0218902
0.0207607
0.0207866
0.0205692
0.0219461
0.0205124
0.0205931
0.0204843
0.0207115
0.0205394
0.0206012
0.0206836
0.0204434
0.0202956
0.0206463
0.0203365
0.0205847
0.020159
0.0207844
0.0205086
0.0206805
0.0215106
0.0202178
0.0202306
0.020313
0.0203304
0.0205987
0.0204635
0.0245988
0.0206074
0.023726
0.020349
0.0207107
0.0205519
0.0202416
0.0201423
0.0204274
0.0202575
0.0205231
0.0203606
0.0203865
0.0203882
0.0205535
0.0205281
0.0206444
0.0205301
0.0205553
0.020417
0.0208756
0.0216016
0.0205127
0.020506
0.0205851
0.0204209
0.0203874
0.0205588
0.0207511
0.0205314
0.0206539
0.0201121
0.0202731
0.0205233
0.0236781
0.0219277
0.0204972
0.0203953
0.0203707
0.0202209
0.0201951
0.0231475
0.0206468
0.0207017
0.0203049
0.0205702
0.0202303
0.0201132
0.0202032
0.0207525
0.0206276
0.0218853
0.0203255
0.0204563
0.0203242
0.0206079
0.0203877
0.0203947
0.0204693
0.0203057
0.0202155
0.0204795
0.0203976
0.020296
0.0203278
0.0202778
0.0205222
0.0206569
0.0207255
0.0200593
0.0202658
0.0260493
0.0209221
0.0200452
0.0201868
0.0201335
0.020472
0.0208328
0.0215549
0.0203566
0.0206282
0.0240774
0.0206632
0.0202424
0.0204758
0.0204526
0.0205652
0.0203991
0.0202998
0.0203275
0.0205962
0.020349
0.0208261
0.0206991
0.0204881
0.0204843
0.0202425
0.0203129
0.0202648
0.0203438
0.0205517
0.0201485
0.0204318
0.0202523
0.020138
0.0205646
0.0201959
0.020305
0.0205313
0.0204497
0.0204131
0.0203907
0.0205273
0.0247551
0.0223114
0.0208094
0.0227405
0.0206035
0.0204612
0.0216341
0.0208159
0.0206232
0.0204563
0.0204458
0.0202855
0.0202857
0.0316322
0.0204406
0.0206517
0.0206776
0.0201779
0.0202833
0.0204267
0.0205555
0.0221444
0.0254752
0.0203578
0.0254991
0.0206583
0.0205608
0.0204974
0.0203491
0.0203462
0.0204738
0.0206541
0.020291
0.0202706
0.0203588
0.020585
0.0203826
0.0200783
0.0202326
0.0203594
0.02026
0.0201841
0.0207
0.0207221
0.0205243
0.0204634
0.0204058
0.0204677
0.0204561
0.0205268
0.0208367
0.0209187
0.0205678
0.0204889
0.0207914
0.0205785
0.0203083
0.0207938
0.0202074
0.0204753
0.0205896
0.0209766
0.0203927
0.0205597
0.0206541
0.0208806
0.0248572
0.0295106
0.0206412
0.0204404
0.0204835
0.0206544
0.0206709
0.0204974
0.020349
0.020678
0.020431
0.0203489
0.0209415
0.0203959
0.0206563
0.0203128
0.022325
0.02075
0.0208478
0.0206602
0.0214137
0.020198
0.020843
0.0204107
0.0203476
0.0203667
0.0208689
0.02048
0.02038
0.0206192
0.0205314
0.0203291
0.0203333
0.0201321
0.0202954
0.0229694
0.020309
0.0203971
0.0202298
0.0203907
0.0202612
0.0204084
0.0202777
0.0202005
0.0204411
0.0320407
0.0209815
0.0205152
0.0207301
0.0206933
0.0222631
0.0207929
0.0204802
0.020407
0.0231242
0.0208283
0.0205444
0.0237284
0.0208309
0.0206809
0.0204681
0.0237127
0.020956
0.0204985
0.0205217
0.0203386
0.0204268
0.0206156
0.0232933
0.0233078
0.0252056
0.0204361
0.0206636
0.0205378
0.0200783
0.020431
0.0203817
0.0203363
0.0207777
0.0203238
0.0204353
0.0206907
0.0205228
0.0201856
0.0207494
0.0211755
0.0204502
0.0205861
0.020307
0.0208
0.0205081
0.0203753
0.0204308
0.0207048
0.0206667
0.0206658
0.0208351
0.0204067
0.0207174
0.0224043
0.0207677
0.0204197
0.0207136
0.0201981
0.0201296
0.0201741
0.0202448
0.020298
0.0204721
0.020413
0.0202437
0.0206477
0.0206137
0.0204276
0.0201613
0.020265
0.0204583
0.0204201
0.0203821
0.0205249
0.0206879
0.0207348
0.0203963
0.0206626
0.020359
0.0205338
0.0203435
0.0205831
0.0203566
0.0203664
0.0204059
0.0218475
0.0206548
0.020536
0.0205393
0.0207856
0.0204217
0.0204643
0.0235552
0.0204805
0.0223161
0.0204429
0.0204939
0.0205745
0.0205302
0.0207206
0.0205012
0.0257899
0.0206594
0.0230801
0.0206231
0.0204841
0.0203438
0.0204732
0.023943
0.0204941
0.0205583
0.0202712
0.0204741
0.0214033
0.0202561
0.0206418
0.0202651
0.0203348
0.0205931
0.0208185
0.0207598
0.0203597
0.0204376
0.0202503
0.020133
0.0201739
0.0205348
0.0203761
0.0202861
0.0203044
0.0201608
0.0200478
0.0201924
0.0205117
0.0205267
0.0203958
0.0257056
0.0207199
0.020484
0.0205362
0.0210466
0.020471
0.020693
0.0204316
0.0204324
0.0204544
0.0205038
0.0206498
0.0205155
0.0204098
0.0205148
0.0214992
0.0206424
0.0203875
0.0203939
0.0217971
0.0204811
0.0202789
0.0204667
0.0206087
0.0202099
0.0206092
0.0204907
0.0205464
0.0201376
0.0205206
0.0205626
0.0204073
0.0203236
0.020326
0.0204027
0.0207191
0.0204112
0.0201518
0.0203935
0.0207367
0.020535
0.0203536
0.020571
0.0205155
0.020413
0.0203611
0.0204396
0.0204504
0.0219172
0.0206973
0.0204706
0.0207454
0.0202743
0.020393
0.0207411
0.0205091
0.0207967
0.020094
0.0204371
0.0207759
0.0203915
0.0203387
0.0204577
0.0203377
0.0249799
0.0207626
0.0203703
0.0204416
0.0204124
0.0205411
0.0224855
0.0207968
0.0202857
0.0208275
0.0203523
0.020352
0.0205497
0.020575
0.020668
0.0208185
0.0205333
0.0266499
0.020529
0.0204543
0.0204804
0.0203169
0.0207891
0.0206427
0.0201789
0.0203673
0.0206475
0.0204322
0.0203644
0.0206468
0.0207626
0.0204765
0.0204033
0.0202872
0.0203037
0.0202218
0.0205243
0.0202039
0.020594
0.0203416
0.0204364
0.0202859
0.0202133
0.0203439
0.0205693
0.0212109
0.0206691
0.0203302
0.0203732
0.0205628
0.0204641
0.0205465
0.0205606
0.0205029
0.0203535
0.0204625
0.0214758
0.0201722
0.0201778
0.0199679
0.0203119
0.0207064
0.0212594
0.020476
0.0208414
0.0203818
0.0205381
0.0207169
0.0202674
0.0207753
0.0204448
0.0204886
0.0204718
0.0205369
0.0207056
0.0204073
0.0203729
0.0203058
0.0209558
0.0205579
0.0212079
0.0204211
0.0205576
0.0215528
0.0205833
0.0203942
0.0203722
0.0203333
0.0204385
0.0203923
0.0204552
0.0204007
0.0203951
0.020796
0.0203169
0.0205641
0.0202886
0.0206137
0.0204004
0.0204965
0.0205425
0.0201692
0.0203212
0.0206815
0.0203429
0.0204628
0.0206795
0.0202507
0.020166
0.0206506
0.0235703
0.0207824
0.0206274
0.0203886
0.0202794
0.0203417
0.020438
0.0203882
0.0203472
0.0203402
0.0202645
0.0203425
0.0205195
0.0204021
0.0203408
0.0204438
0.0202595
0.0202778
0.0201935
0.02009
0.0205653
0.0204305
0.0204286
0.0202207
0.0204886
0.0205221
0.0202104
0.0204921
0.0209538
0.0207166
0.0204148
0.0206051
0.0206862
0.020687
0.0217749
0.0207759
0.0204959
0.0204346
0.0203461
0.0203051
0.0208344
0.020955
0.0206487
0.0207192
0.0202509
0.0206014
0.0207122
0.0204223
0.0213634
0.0204309
0.0202219
0.0342698
0.0203626
0.0205067
0.0204324
0.0204194
0.0203224
0.0206964
0.0206427
0.0208029
0.0203312
0.0204244
0.0205322
0.0205354
0.0255068
0.0202909
0.020204
0.0203549
0.0206022
0.0207135
0.0202733
0.0201961
0.0204356
0.0206443
0.0203025
0.020454
0.0212675
0.0206869
0.0204078
0.0205052
0.0203235
0.0203374
0.0203176
0.0206021
0.0204865
0.0203251
0.0231675
0.0202998
0.0203995
0.0203538
0.0205481
0.0203383
0.0203568
0.0206807
0.0205807
0.0204552
0.0206444
0.0203821
0.0203802
0.0203506
0.0224286
0.0206975
0.0203369
0.0206214
0.0203968
0.0205092
0.020474
0.0203799
0.0204437
0.020646
0.0206306
0.020481
0.0203274
0.0205268
0.0206048
0.0204298
0.0204693
0.0203556
0.0205906
0.0243123
0.0206491
0.0203662
0.020284
0.0209436
0.02043
0.0204759
0.0203485
0.0205132
0.0203191
0.0203847
0.0203484
0.020216
0.0201679
0.0205906
0.0205465
0.0204867
0.0208354
0.0210015
0.0204389
0.0219037
0.0212896
0.0238853
0.0206177
0.0204101
0.0199737
0.0200584
0.0205148
0.0219152
0.0205294
0.0228787
0.0205577
0.020253
0.0206991
0.021085
0.0207592
0.0204944
0.0204524
0.0204586
0.0206143
0.0205504
0.020367
0.0203446
0.0203089
0.0202229
0.0203677
0.0204136
0.0204803
0.0203584
0.0202381
0.0205214
0.020465
0.0201641
0.0206189
0.020343
0.0204395
0.0203378
0.0199077
0.0201955
0.0201433
0.0207594
0.0203862
0.0262614
0.0203717
0.0225935
0.0203865
0.0201928
0.0204787
0.0204393
0.0203687
0.0205591
0.02032
0.0203211
0.0201842
0.0202458
0.0203429
0.0201257
0.0204094
0.0203258
0.0204312
0.0205905
0.0204663
0.0205184
0.0204471
0.0201993
0.0204852
0.0203355
0.0204609
0.0206108
0.0202934
0.0204946
0.0203439
0.0204433
0.0206804
0.0206024
0.0203339
0.0205331
0.0203113
0.0202851
0.0235947
0.020747
0.0224797
0.0208344
0.0202008
0.0206135
0.020652
0.0205315
0.0278529
0.0208524
0.0202347
0.0205437
0.0207012
0.0207796
0.0205495
0.020549
0.0224064
0.0206227
0.0205699
0.0204459
0.0204508
0.0206346
0.020416
0.0202936
0.020526
0.020474
0.0206414
0.0205658
0.0224377
0.0204038
0.0206156
0.020646
0.0203913
0.0202688
0.0205508
0.0202182
0.0205877
0.0201319
0.0204023
0.0208525
0.020337
0.0203435
0.0204254
0.0203835
0.020267
0.0204371
0.0202534
0.020484
0.0203637
0.0204668
0.0202863
0.0203432
0.0203041
0.0222562
0.0210304
0.0203438
0.0201979
0.0204805
0.0204873
0.0203586
0.0205205
0.0207995
0.0204848
0.0206473
0.0204826
0.0201144
0.0202987
0.0208557
0.0204622
0.0201963
0.0205239
0.0202119
0.0202779
0.0204907
0.0203586
0.0202027
0.0217276
0.0205028
0.0206484
0.0202029
0.0204158
0.0204832
0.0203367
0.0205846
0.0205046
0.0204099
0.0203088
0.0203724
0.0205567
0.0207277
0.020514
0.0205412
0.0204037
0.0234812
0.0205665
0.0202827
0.0203507
0.0204099
0.020102
0.0202861
0.0203118
0.0201924
0.0203256
0.0200035
0.0204582
0.0205287
0.0217367
0.0208922
0.0208313
0.0207746
0.0207293
0.0208638
0.0206171
0.0219953
0.0205287
0.0204465
0.0205842
0.0203304
0.0252369
0.0204631
0.0207162
0.0206977
0.0218716
0.0203342
0.0217504
0.0210302
0.0205925
0.0205348
0.0206868
0.0207209
0.0204897
0.0202835
0.0203079
0.0208109
0.022052
0.0204322
0.0207753
0.0210474
0.0242809
0.0202626
0.0204426
0.0203069
0.020142
0.0204063
0.0200997
0.0204042
0.0205385
0.0203368
0.0221672
0.0204498
0.0205808
0.020716
0.0205025
0.0202139
0.0204116
0.0203718
0.0205279
0.0203661
0.0199986
0.0202639
0.020264
0.0203891
0.0202331
0.020432
0.0203387
0.0205917
0.0203856
0.0202328
0.020795
0.0204442
0.0214581
0.0206172
0.0204358
0.020338
0.0203288
0.0204716
0.0207082
0.0204779
0.0201543
0.0200748
0.0202237
0.0203118
0.0202612
0.0222059
0.0204019
0.0202993
0.0221964
0.0204687
0.0210227
0.0205266
0.0223921
0.0213456
0.0224292
0.0207085
0.0205176
0.0282439
0.0226412
0.0206887
0.0252519
0.0204998
0.0203631
0.02053
0.0204919
0.0202372
0.0200887
0.0204698
0.0206138
0.0205831
0.0204161
0.0202899
0.0229297
0.0274312
0.0202962
0.0206731
0.0207646
0.0205256
0.0205675
0.0206276
0.0208191
0.0208913
0.0207647
0.0205893
0.022758
0.0216539
0.0202312
0.0208707
0.0200825
0.0201811
0.0201162
0.0202344
0.0206433
0.0206173
0.0203858
0.0259181
0.0204189
0.0205238
0.0203157
0.0205304
0.0204556
0.0217186
0.0208978
0.0206946
0.0204428
0.0204773
0.0206545
0.0206364
0.0202241
0.0205576
0.0206315
0.0202539
0.0205694
0.0205768
0.0319096
0.0205863
0.0204207
0.0206217
0.0204252
0.0202918
0.0204392
0.0214502
0.0207392
0.0204342
0.0208593
0.0204579
0.0207158
0.0205658
0.0206962
0.0203433
0.0204915
0.0203906
0.0204639
0.0203855
0.0202842
0.0202737
0.0206069
0.0209421
0.0204899
0.0203943
0.0206083
0.0203092
0.0207079
0.0204292
0.0202289
0.0201885
0.0200973
0.0203216
0.0201211
0.0215698
0.0204931
0.023408
0.0204556
0.0203503
0.0204327
0.0203209
0.0204638
0.0204376
0.020394
0.0208039
0.0204202
0.0205221
0.0205051
0.0210435
0.0208905
0.0207321
0.0203552
0.0205582
0.0206934
0.0203665
0.0205231
0.0205133
0.020538
0.0206035
0.0220978
0.0204149
0.0202926
0.0204433
0.0211793
0.0206331
0.021985
0.020595
0.0204335
0.0203647
0.0203725
0.0205623
0.0204506
0.0207193
0.0205013
0.0226578
0.0204123
0.020493
0.0205253
0.021589
0.0204882
0.0205831
0.0203166
0.0202885
0.0211256
0.0202869
0.0205315
0.0206769
0.0204385
0.0204949
0.0204401
0.0204939
0.0201588
0.0204109
0.020087
0.0201733
0.0206131
0.0204123
0.0203779
0.0204896
0.0205702
0.0208844
0.020393
0.0207897
0.0206437
0.0208966
0.0207028
0.0204424
0.0204295
0.0204789
0.0203326
0.0205779
0.0204219
0.0202596
0.020191
0.0204166
0.0205258
0.0206258
0.0211943
0.0206258
0.0205159
0.0203968
0.0207079
0.0210491
0.0205849
0.0207975
0.0204329
0.0206148
0.0205523
0.0208541
0.0202929
0.0205196
0.020698
0.0206082
0.0204655
0.0202941
0.020618
0.0206883
0.0206277
0.0203184
0.0204005
0.0204127
0.0206998
0.0205168
0.0225486
0.0208057
0.0206215
0.0206646
0.0207019
0.0204923
0.0203811
0.0204381
0.0203072
0.020792
0.020624
0.0206972
0.0205915
0.020497
0.0208193
0.0206293
0.0205452
0.0208359
0.0206054
0.0204617
0.026181
0.0216571
0.0207045
0.0205276
0.0204024
0.0206239
0.0205916
0.0206455
0.0205603
0.0206481
0.0204697
0.0201484
0.0204161
0.020285
0.0204293
0.0204655
0.0204863
0.0220068
0.020359
0.0227669
0.0265716
0.0206553
0.0205682
0.0204722
0.0205687
0.0201383
0.020136
0.0205125
0.0205247
0.0204468
0.0202312
0.0205417
0.0202894
0.0201967
0.0200954
0.020243
0.0203148
0.0206753
0.020395
0.0204424
0.0208148
0.0202826
0.0204692
0.0207493
0.020382
0.0207452
0.0205114
0.0204168
0.0203947
0.0204625
0.0205074
0.0204305
0.0211734
0.0206413
0.0204482
0.0206032
0.0204984
0.0205845
0.0204295
0.0230241
0.0204891
0.0205198
0.022838
0.0207767
0.0202682
0.021363
0.020841
0.0208471
0.022258
0.0203842
0.0207678
0.0208124
0.0203552
0.0203791
0.0205564
0.0205088
0.0204525
0.020446
0.0205284
0.0205176
0.0205762
0.0204752
0.0204321
0.0202175
0.0203826
0.0205515
0.0201526
0.0204755
0.0202234
0.0201063
0.0200706
0.020284
0.0201059
0.020162
0.0204378
0.0203968
0.0204303
0.0201663
0.0203982
0.02012
0.020256
0.0204024
0.0203733
0.020214
0.0202728
0.020284
0.0202397
0.0202107
0.0203782
0.0202428
0.0206411
0.0206171
0.0210068
0.0236434
0.0207571
0.0208312
0.0206347
0.0204529
0.0201144
0.0203836
0.020295
0.0210449
0.0204701
0.0202801
0.0203449
0.0201563
0.020207
0.0205816
0.0204259
0.0208528
0.0201523
0.0202141
0.0201674
0.0199467
0.0203414
0.022421
0.0206312
0.0206691
0.0204255
0.0204276
0.0203383
0.0207239
0.0204126
0.0236283
0.0208447
0.0205971
0.0202
0.0201715
0.0201497
0.0204145
0.0205832
0.0294651
0.0257177
0.0203138
0.0200045
0.0203081
0.0201818
0.0202434
0.020233
0.0232327
0.020332
0.0205126
0.0203787
0.0203916
0.020618
0.0203493
0.0201284
0.0199638
0.0203879
0.0202139
0.0204068
0.0202554
0.0204628
0.0204624
0.0203858
0.0204672
0.0202508
0.0204089
0.0206367
0.0205112
0.0202822
0.0205928
0.0262485
0.0205199
0.0205188
0.0203422
0.0207117
0.0227138
0.0204756
0.0248264
0.0216643
0.0205814
0.0202694
0.020497
0.0203344
0.020513
0.0205924
0.0204625
0.0201612
0.0204313
0.0204936
0.0206706
0.0203436
0.0204655
0.0203099
0.0199888
0.0202672
0.0201857
0.0203563
0.020401
0.0219343
0.0205688
0.0204642
0.0207555
0.0203634
0.0267969
0.0206351
0.0206771
0.0204816
0.0204777
0.0204657
0.020459
0.0207115
0.020587
0.020387
0.0203616
0.0207297
0.0206477
0.0203106
0.0203489
0.0203047
0.0202722
0.0201
0.0204537
0.0202801
0.0201579
0.0203435
0.0204063
0.0201644
0.0207886
0.0209887
0.0206514
0.0201199
0.020378
0.0202406
0.0204468
0.0223181
0.0205261
0.0202093
0.0204311
0.020423
0.0203066
0.020336
0.0203051
0.0201225
0.0202107
0.0204888
0.0202789
0.0205581
0.0203275
0.0202604
0.0205664
0.0205449
0.0205788
0.0210216
0.022355
0.0212313
0.0207124
0.0205451
0.0203919
0.0205038
0.0204393
0.020466
0.0204645
0.023539
0.0199662
0.02734
0.0224616
0.020541
0.0203132
0.020532
0.020352
0.0203365
0.0243571
0.0207957
0.0205349
0.0204703
0.0202816
0.0207574
0.020729
0.0208033
0.0205248
0.0201647
0.0204752
0.0204387
0.0203143
0.0201997
0.0202026
0.0203103
0.0206737
0.0203738
0.0208353
0.0204853
0.0206151
0.0226357
0.0205543
0.0205334
0.0203748
0.0206604
0.0207207
0.0205917
0.0205783
0.0203503
0.0202142
0.0231456
0.0205533
0.0205266
0.0209027
0.020351
0.0204715
0.0224329
0.0204288
0.0205333
0.0204607
0.0205514
0.0207255
0.0208017
0.0206756
0.0206849
0.0208082
0.0206407
0.0205004
0.0205374
0.0203127
0.020213
0.0210965
0.0206304
0.0205221
0.0220738
0.0213898
0.0203532
0.0206471
0.0203347
0.0201972
0.0202436
0.0200292
0.02001
0.020194
0.0201931
0.0202302
0.0205306
0.0212166
0.0213517
0.0203178
0.0202865
0.0202969
0.0201168
0.0202052
0.0199762
0.0201429
0.0202376
0.0202359
0.0206095
0.02042
0.0203438
0.0214807
0.020464
0.0202733
0.0204677
0.0203911
0.0203375
0.0204476
0.0208294
0.0205409
0.0211484
0.0207273
0.0237257
0.0219253
0.0205773
0.0205105
0.0202056
0.0201087
0.0229621
0.0202718
0.0205881
0.0205741
0.0206181
0.0206708
0.020508
0.0206391
0.0206112
0.0206016
0.0204525
0.0202936
0.0204237
0.0201807
0.0204472
0.0203168
0.0207352
0.0203084
0.020441
0.0200721
0.0203238
0.0205135
0.0206668
0.0203172
0.0202899
0.0201046
0.0203459
0.0203362
0.020409
0.0205253
0.0205933
0.0204762
0.020709
0.0205689
0.0222497
0.0205116
0.0204708
0.0205282
0.0206458
0.0207099
0.0204484
0.0204336
0.0221525
0.020583
0.0202069
0.0202971
0.0203147
0.0202727
0.0205736
0.0207506
0.0203731
0.0202934
0.0201636
0.0206874
0.0226485
0.0407481
0.0405388
