2.85845
3.08228
3.29328
3.50499
3.70768
3.91603
4.1297
4.33629
4.58608
4.79746
5.01268
5.23147
5.45051
5.68048
5.88259
6.11914
6.34489
6.53677
6.7741
6.98316
7.19252
7.42004
7.6274
7.84793
8.0827
8.30995
8.51794
8.74343
8.94842
9.17775
9.39428
9.58345
9.82283
10.0152
10.254
10.4946
10.6949
10.8998
11.1008
11.3198
11.5216
11.7652
11.9809
12.1817
12.3869
12.6272
12.8549
13.0491
13.2844
13.4872
13.7103
13.9346
14.1372
14.3442
14.5696
14.8039
15.0399
15.2383
15.4724
15.6756
15.9021
16.1516
16.3935
16.6162
16.804
17.0355
17.2382
17.441
17.6374
17.8727
18.0971
18.3323
18.5358
18.7588
18.9606
19.1631
19.3906
19.5966
19.8332
20.0697
20.2642
20.4951
20.6957
20.9001
21.1333
21.3794
21.5717
21.7904
22.0011
22.2081
22.4086
22.6282
22.8745
23.0979
23.3086
23.5493
23.7895
23.9866
24.2189
24.4129
24.6204
24.8242
25.0663
25.3097
25.5133
25.7527
25.9532
26.1891
26.3875
26.6305
26.8649
27.0568
27.295
27.4884
27.7147
27.9447
28.1871
28.3873
28.6444
28.8576
29.055
29.2592
29.4972
29.7218
29.9311
30.1614
30.3734
30.585
30.8157
31.0495
31.2784
31.4823
31.6863
31.8833
32.1108
32.3112
32.5122
32.7127
32.9518
33.1559
33.3552
33.5681
33.7887
33.9937
34.2055
34.393
34.6236
34.8254
35.0232
35.2489
35.4617
35.6571
35.8692
36.0979
36.2967
36.4959
36.7269
36.9556
37.1521
37.3608
37.5882
37.7895
38.0208
38.2212
38.457
38.6608
38.8893
39.0936
39.3218
39.5217
39.7261
39.9279
40.1805
40.413
40.6128
40.8438
41.0435
41.2763
41.508
41.7074
41.9148
42.1527
42.3949
42.6085
42.8091
43.0299
43.2697
43.4666
43.6978
43.9277
44.1297
44.3214
44.5478
44.7819
45.0077
45.2147
45.4253
45.6549
45.8742
46.0908
46.3251
46.562
46.7496
46.9878
47.1855
47.3846
47.6087
47.8095
48.0152
48.2215
48.4229
48.6614
48.866
49.0753
49.3008
49.5039
49.7065
49.9292
50.1741
50.3893
50.608
50.8052
51.0231
51.2279
51.4238
51.6236
51.8537
52.0806
52.323
52.5458
52.7474
52.9798
53.1829
53.4186
53.6203
53.8293
54.0472
54.2546
54.4832
54.6801
54.9175
55.1269
55.3391
55.5676
55.7971
55.9978
56.2309
56.436
56.6701
56.9152
57.1432
57.372
57.5712
57.8013
58.0088
58.2366
58.4413
58.6325
58.8596
59.0649
59.2631
59.4669
59.7026
59.9316
60.1382
60.3669
60.6082
60.8416
61.0592
61.3016
61.5043
61.7094
61.9403
62.163
62.3545
62.5555
62.7909
62.9922
63.1888
63.3978
63.6266
63.824
64.0523
64.255
64.4964
64.726
64.9303
65.1595
65.3932
65.6303
65.8642
66.0952
66.3216
66.5294
66.7582
66.9616
67.1727
67.3729
67.5706
67.8021
68.0439
68.2405
68.4778
68.7113
68.9466
69.1467
69.3554
69.5566
69.7959
70.0252
70.2704
70.4962
70.7049
70.9356
71.1703
71.3745
71.5978
71.7988
72.0337
72.2307
72.4319
72.6694
72.8649
73.0916
73.2978
73.499
73.7214
73.9612
74.1961
74.3968
74.5953
74.8012
75.0417
75.2812
75.4812
75.7082
75.9087
76.1167
76.3449
76.5782
76.7839
77.015
77.2516
77.4503
77.6819
77.9233
78.1222
78.3487
78.5872
78.8121
79.0077
79.201
79.3992
79.6334
79.8602
80.0965
80.2983
80.5264
80.7272
80.9392
81.1866
81.3844
81.6128
81.8483
82.0543
82.2853
82.5173
82.7474
82.9791
83.1853
83.4219
83.6496
83.846
84.0453
84.2831
84.5142
84.7575
84.985
85.1821
85.4129
85.6173
85.8409
86.0461
86.2755
86.4752
86.7142
86.9318
87.1391
87.3701
87.5705
87.8135
88.015
88.2404
88.434
88.634
88.8731
89.1007
89.3045
89.5078
89.7108
89.9181
90.1515
90.3509
90.5534
90.7783
90.9869
91.216
91.4524
91.6834
91.9237
92.1228
92.3569
92.5678
92.7943
93.0292
93.2692
93.467
93.7031
93.9097
94.1395
94.3863
94.5813
94.8132
95.0451
95.2815
95.4902
95.7193
95.9425
96.1655
96.3636
96.5677
96.8075
97.0078
97.2376
97.4372
97.6651
97.8852
98.1173
98.3471
98.5477
98.7822
98.9866
99.1832
99.4132
99.6164
99.838
100.04
100.237
100.467
100.662
100.862
101.064
101.295
101.519
101.724
101.964
102.166
102.405
102.633
102.84
103.045
103.279
103.517
103.744
103.955
104.191
104.379
104.606
104.807
105.037
105.242
105.467
105.679
105.904
106.133
106.362
106.565
106.806
107.008
107.239
107.443
107.658
107.884
108.094
108.322
108.564
108.793
108.999
109.23
109.431
109.664
109.868
110.096
110.288
110.493
110.717
110.959
111.195
111.425
111.672
111.872
112.1
112.327
112.541
112.773
112.973
113.205
113.405
113.634
113.842
114.074
114.275
114.487
114.713
114.925
115.127
115.366
115.596
115.809
116.03
116.236
116.453
116.65
116.858
117.053
117.269
117.481
117.703
117.922
118.151
118.387
118.612
118.814
119.015
119.238
119.438
119.642
119.839
120.082
120.321
120.543
120.774
120.968
121.198
121.391
121.597
121.819
122.024
122.252
122.464
122.707
122.933
123.135
123.381
123.596
123.828
124.03
124.262
124.463
124.703
124.929
125.16
125.391
125.603
125.83
126.035
126.243
126.45
126.676
126.895
127.113
127.332
127.559
127.765
127.978
128.195
128.412
128.645
128.848
129.056
129.256
129.49
129.7
129.921
130.126
130.325
130.557
130.76
130.961
131.191
131.393
131.605
131.832
132.067
132.272
132.508
132.73
132.925
133.155
133.352
133.55
133.788
134.017
134.227
134.438
134.643
134.869
135.099
135.303
135.503
135.718
135.92
136.138
136.352
136.575
136.815
137.033
137.258
137.474
137.682
137.911
138.116
138.344
138.539
138.779
139.006
139.233
139.429
139.661
139.875
140.101
140.332
140.562
140.77
140.977
141.212
141.424
141.66
141.888
142.081
142.304
142.514
142.747
142.953
143.171
143.373
143.58
143.84
144.056
144.295
144.504
144.703
144.946
145.133
145.332
145.542
145.74
145.935
146.14
146.351
146.593
146.798
147.007
147.226
147.43
147.638
147.882
148.088
148.295
148.532
148.76
148.958
149.167
149.394
149.602
149.834
150.036
150.27
150.475
150.709
150.929
151.137
151.364
151.562
151.773
152.016
152.242
152.475
152.678
152.884
153.081
153.28
153.473
153.679
153.921
154.146
154.373
154.606
154.805
155.005
155.23
155.433
155.668
155.874
156.075
156.274
156.509
156.734
156.947
157.164
157.371
157.588
157.795
158.012
158.23
158.463
158.667
158.874
159.079
159.287
159.494
159.738
159.945
160.157
160.383
160.582
160.811
161.014
161.225
161.441
161.641
161.861
162.064
162.292
162.5
162.735
162.937
163.159
163.368
163.564
163.769
163.966
164.191
164.39
164.617
164.823
165.053
165.261
165.488
165.686
165.886
166.122
166.35
166.553
166.762
166.99
167.207
167.436
167.644
167.865
168.096
168.333
168.548
168.764
168.982
169.184
169.395
169.609
169.824
170.028
170.255
170.468
170.67
170.885
171.084
171.283
171.49
171.718
171.918
172.119
172.321
172.521
172.752
172.958
173.183
173.39
173.591
173.824
174.026
174.226
174.45
174.673
174.897
175.098
175.301
175.501
175.732
175.974
176.198
176.409
176.62
176.853
177.063
177.267
177.474
177.679
177.887
178.101
178.331
178.539
178.751
178.979
179.184
179.378
179.575
179.811
180.032
180.247
180.454
180.663
180.879
181.096
181.312
181.518
181.742
181.941
182.143
182.361
182.595
182.826
183.034
183.238
183.473
183.677
183.91
184.143
184.377
184.606
184.834
185.043
185.261
185.476
185.684
185.916
186.129
186.367
186.594
186.801
187.008
187.24
187.438
187.638
187.839
188.034
188.259
188.457
188.688
188.91
189.134
189.333
189.536
189.763
189.987
190.186
190.409
190.613
190.817
191.024
191.254
191.46
191.679
191.876
192.104
192.31
192.537
192.745
192.948
193.154
193.393
193.613
193.811
194.032
194.24
194.472
194.669
194.888
195.117
195.32
195.558
195.791
196.024
196.225
196.427
196.631
196.838
197.063
197.275
197.496
197.71
197.937
198.154
198.379
198.596
198.809
199.014
199.223
199.447
199.648
199.868
200.067
200.275
200.479
200.68
200.893
201.104
201.335
201.542
201.744
201.96
202.162
202.372
202.598
202.805
203.015
203.225
203.437
203.646
203.869
204.065
204.274
204.498
204.701
204.906
205.108
205.338
205.547
205.759
205.973
206.174
206.41
206.607
206.827
207.037
207.267
207.468
207.664
207.903
208.133
208.348
208.536
208.756
208.976
209.182
209.397
209.603
209.811
210.023
210.256
210.502
210.697
210.89
211.093
211.316
211.544
211.764
211.986
212.196
212.398
212.616
212.82
213.034
213.246
213.467
213.705
213.926
214.136
214.352
214.561
214.768
214.969
215.208
215.43
215.636
215.837
216.045
216.254
216.475
216.702
216.907
217.129
217.356
217.554
217.753
217.994
218.227
218.456
218.679
218.894
219.117
219.324
219.528
219.73
219.936
220.136
220.335
220.543
220.778
221.009
221.245
221.484
221.692
221.894
222.101
222.34
222.533
222.761
222.982
223.208
223.442
223.658
223.894
224.125
224.324
224.528
224.721
224.946
225.148
225.344
225.572
225.776
226.01
226.219
226.417
226.639
226.872
227.07
227.3
227.536
227.757
227.971
228.184
228.399
228.6
228.812
229.013
229.23
229.458
229.675
229.878
230.09
230.302
230.51
230.71
230.919
231.116
231.326
231.52
231.717
231.932
232.152
232.373
232.574
232.807
233.01
233.228
233.435
233.635
233.867
234.07
234.277
234.507
234.704
234.91
235.119
235.326
235.541
235.744
235.966
236.204
236.409
236.634
236.839
237.048
237.248
237.458
237.659
237.87
238.087
238.305
238.519
238.713
238.923
239.133
239.348
239.557
239.761
239.968
240.186
240.387
240.608
240.822
241.027
241.233
241.455
241.662
241.863
242.064
242.291
242.496
242.703
242.916
243.141
243.341
243.564
243.772
244.003
244.227
244.432
244.651
244.87
245.099
245.33
245.551
245.765
245.996
246.228
246.446
246.658
246.865
247.09
247.304
247.508
247.712
247.939
248.144
248.345
248.567
248.79
249.023
249.224
249.441
249.652
249.858
250.083
250.31
250.548
250.757
250.979
251.199
251.43
251.665
251.883
252.088
252.31
252.523
252.739
252.967
253.192
253.404
253.624
253.857
254.071
254.289
254.508
254.728
254.956
255.173
255.397
255.628
255.863
256.075
256.285
256.498
256.703
256.917
257.135
257.333
257.528
257.74
257.953
258.159
258.373
258.606
258.827
259.045
259.254
259.468
259.667
259.869
260.064
260.283
260.506
260.726
260.953
261.178
261.399
261.626
261.851
262.064
262.265
262.487
262.7
262.903
263.108
263.328
263.567
263.8
264.028
264.228
264.45
264.673
264.88
265.092
265.318
265.519
265.735
265.935
266.158
266.382
266.609
266.811
267.006
267.221
267.441
267.666
267.897
268.114
268.321
268.534
268.739
268.961
269.183
269.412
269.62
269.832
270.054
270.259
270.471
270.694
270.91
271.099
271.317
271.523
271.734
271.961
272.187
272.393
272.623
272.862
273.061
273.284
273.516
273.72
273.923
274.127
274.328
274.552
274.784
274.998
275.198
275.404
275.625
275.84
276.045
276.25
276.466
276.666
276.872
277.086
277.292
277.501
277.725
277.947
278.179
278.383
278.584
278.803
278.999
279.231
279.47
279.691
279.915
280.141
280.37
280.573
280.792
281
281.219
281.442
281.662
281.896
282.098
282.298
282.515
282.74
282.981
283.183
283.408
283.635
283.843
284.046
284.244
284.458
284.662
284.89
285.124
285.339
285.553
285.756
285.983
286.186
286.407
286.621
286.83
287.061
287.265
287.474
287.678
287.885
288.103
288.336
288.557
288.781
288.986
289.202
289.421
289.646
289.857
290.06
290.265
290.489
290.709
290.885
291.087
291.299
291.502
291.703
291.934
292.128
292.328
292.535
292.751
292.964
293.173
293.38
293.58
293.785
294.007
294.21
294.438
294.657
294.86
295.076
295.27
295.503
295.711
295.914
296.119
296.332
296.563
296.79
296.991
297.201
297.417
297.621
297.85
298.048
298.26
298.475
298.676
298.877
299.079
299.277
299.493
299.749
299.953
300.18
300.378
300.587
300.788
300.991
301.215
301.432
301.65
301.89
302.09
302.293
302.499
302.714
302.95
303.153
303.37
303.594
303.8
304.001
304.227
304.428
304.644
304.871
305.102
305.319
305.547
305.756
305.96
306.167
306.377
306.59
306.801
307.01
307.229
307.455
307.667
307.886
308.111
308.324
308.534
308.747
308.981
309.208
309.425
309.625
309.841
310.051
310.259
310.483
310.701
310.933
311.139
311.334
311.536
311.754
311.988
312.182
312.393
312.608
312.833
313.037
313.244
313.45
313.667
313.891
314.108
314.328
314.539
314.748
314.978
315.185
315.42
315.638
315.84
316.072
316.308
316.526
316.736
316.964
317.168
317.368
317.575
317.794
318.016
318.25
318.463
318.662
318.862
319.094
319.304
319.529
319.732
319.964
320.164
320.363
320.562
320.768
321.002
321.219
321.442
321.648
321.864
322.067
322.275
322.5
322.731
322.96
323.164
323.383
323.574
323.789
323.999
324.198
324.405
324.639
324.855
325.079
325.302
325.529
325.745
325.957
326.185
326.403
326.603
326.818
327.05
327.263
327.469
327.675
327.896
328.117
328.331
328.542
328.765
328.998
329.202
329.434
329.662
329.865
330.093
330.313
330.521
330.727
330.96
331.193
331.406
331.612
331.812
332.026
332.251
332.477
332.713
332.915
333.12
333.333
333.567
333.762
333.963
334.198
334.408
334.629
334.838
335.053
335.281
335.483
335.719
335.939
336.152
336.358
336.582
336.81
337.022
337.229
337.455
337.68
337.88
338.114
338.323
338.534
338.732
338.94
339.157
339.377
339.589
339.793
340.031
340.248
340.448
340.647
340.858
341.088
341.298
341.512
341.733
341.969
342.174
342.39
342.601
342.819
343.021
343.244
343.461
343.677
343.877
344.081
344.28
344.48
344.687
344.917
345.13
345.342
345.562
345.795
346
346.2
346.417
346.614
346.826
347.034
347.247
347.453
347.657
347.882
348.126
348.364
348.587
348.814
349.02
349.219
349.434
349.643
349.851
350.09
350.278
350.481
350.718
350.912
351.114
351.336
351.56
351.787
352.02
352.245
352.466
352.67
352.906
353.124
353.33
353.551
353.774
353.991
354.216
354.436
354.642
354.857
355.087
355.288
355.519
355.729
355.93
356.14
356.366
356.588
356.82
357.031
357.238
357.439
357.648
357.855
358.052
358.275
358.473
358.692
358.894
359.107
359.329
359.54
359.749
359.956
360.185
360.391
360.602
360.836
361.063
361.291
361.511
361.74
361.969
362.176
362.404
362.628
362.847
363.063
363.272
363.474
363.683
363.907
364.128
364.362
364.57
364.785
364.999
365.22
365.444
365.677
365.889
366.12
366.32
366.524
366.741
366.954
367.177
367.379
367.598
367.8
368.02
368.238
368.466
368.706
368.923
369.156
369.361
369.558
369.767
369.991
370.188
370.401
370.624
370.824
371.034
371.246
371.446
371.671
371.872
372.082
372.299
372.504
372.73
372.95
373.184
373.408
373.612
373.819
374.024
374.243
374.467
374.674
374.876
375.103
375.327
375.556
375.765
375.968
376.173
376.378
376.579
376.816
377.036
377.253
377.472
377.679
377.898
378.094
378.303
378.523
378.744
378.976
379.199
379.425
379.629
379.846
380.076
380.282
380.493
380.698
380.914
381.122
381.345
381.554
381.76
381.97
382.175
382.389
382.615
382.834
383.041
383.251
383.454
383.655
383.871
384.092
384.297
384.513
384.737
384.964
385.178
385.41
385.619
385.835
386.057
386.286
386.513
386.71
386.921
387.127
387.333
387.537
387.757
387.962
388.175
388.399
388.631
388.852
389.065
389.291
389.523
389.726
389.934
390.144
390.353
390.556
390.762
390.96
391.17
391.391
391.612
391.827
392.027
392.249
392.459
392.675
392.905
393.117
393.321
393.521
393.726
393.961
394.175
394.379
394.585
394.815
395.042
395.248
395.45
395.677
395.908
396.139
396.367
396.576
396.796
396.992
397.206
397.411
397.623
397.859
398.063
398.27
398.495
398.719
398.945
399.149
399.358
399.565
399.772
399.985
400.192
400.424
400.619
400.835
401.068
401.282
401.493
401.718
401.925
402.15
402.37
402.595
402.813
403.033
403.263
403.49
403.712
403.921
404.128
404.35
404.583
404.805
405.023
405.256
405.475
405.696
405.92
406.137
406.359
406.563
406.765
406.984
407.19
407.403
407.621
407.858
408.065
408.271
408.494
408.733
408.94
409.149
409.364
409.568
409.786
410.006
410.232
410.444
410.65
410.853
411.065
411.267
411.482
411.707
411.944
412.158
412.368
412.583
412.789
412.989
413.212
413.441
413.672
413.889
414.099
414.326
414.54
414.768
415.006
415.212
415.418
415.623
415.821
416.027
416.236
416.438
416.664
416.891
417.108
417.332
417.542
417.765
417.971
418.185
418.394
418.597
418.803
419.009
419.228
419.458
419.675
419.889
420.122
420.338
420.569
420.792
420.997
421.208
421.413
421.632
421.869
422.083
422.287
422.511
422.714
422.927
423.132
423.368
423.575
423.787
424.01
424.238
424.47
424.665
424.896
425.108
425.304
425.529
425.765
425.985
426.206
426.438
426.663
426.884
427.087
427.292
427.499
427.701
427.908
428.132
428.363
428.578
428.793
429.028
429.241
429.45
429.686
429.913
430.13
430.348
430.571
430.796
430.999
431.208
431.434
431.662
431.867
432.073
432.269
432.466
432.695
432.915
433.12
433.337
433.565
433.775
433.988
434.197
434.409
434.645
434.866
435.096
435.309
435.518
435.722
435.92
436.123
436.335
436.56
436.763
436.996
437.215
437.437
437.657
437.86
438.076
438.302
438.523
438.739
438.944
439.17
439.393
439.616
439.816
440.027
440.238
440.452
440.667
440.872
441.078
441.308
441.531
441.752
441.96
442.172
442.385
442.6
442.803
443.024
443.231
443.433
443.633
443.839
444.061
444.262
444.484
444.707
444.941
445.133
445.338
445.589
445.801
446.003
446.211
446.435
446.636
446.854
447.081
447.285
447.508
447.721
447.931
448.141
448.349
448.567
448.796
449.031
449.245
449.484
449.693
449.904
450.115
450.353
450.55
450.768
450.984
451.209
451.424
451.638
451.837
452.057
452.289
452.497
452.726
452.93
453.15
453.354
453.563
453.769
453.999
454.226
454.427
454.643
454.845
455.054
455.257
455.489
455.699
455.909
456.126
456.326
456.563
456.792
457.015
457.245
457.454
457.664
457.896
458.124
458.345
458.574
458.798
459.006
459.219
459.414
459.616
459.82
460.051
460.284
460.494
460.7
460.908
461.121
461.338
461.572
461.799
462.005
462.232
462.436
462.646
462.849
463.087
463.317
463.538
463.745
463.958
464.182
464.382
464.613
464.817
465.03
465.255
465.462
465.679
465.894
466.103
466.331
466.54
466.764
466.959
467.185
467.399
467.619
467.844
468.075
468.308
468.513
468.728
468.942
469.17
469.394
469.611
469.827
470.052
470.269
470.487
470.712
470.922
471.139
471.355
471.563
471.77
472.002
472.24
472.45
472.651
472.852
473.088
473.302
473.506
473.72
473.919
474.149
474.384
474.608
474.841
475.047
475.275
475.492
475.694
475.911
476.114
476.334
476.566
476.783
476.989
477.188
477.389
477.612
477.814
478.049
478.276
478.487
478.723
478.95
479.154
479.369
479.577
479.787
479.992
480.227
480.431
480.648
480.864
481.072
481.282
481.505
481.731
481.938
482.168
482.397
482.622
482.843
483.069
483.285
483.492
483.694
483.902
484.093
484.322
484.556
484.762
484.995
485.204
485.403
485.637
485.858
486.074
486.276
486.48
486.689
486.925
487.135
487.359
487.56
487.759
487.997
488.231
488.431
488.659
488.869
489.069
489.289
489.496
489.694
489.916
490.125
490.324
490.526
490.755
490.991
491.23
491.461
491.682
491.907
492.133
492.348
492.573
492.793
492.997
493.197
493.399
493.599
493.8
494.015
494.238
494.439
494.654
494.886
495.111
495.32
495.543
495.752
495.957
496.172
496.392
496.62
496.829
497.031
497.234
497.468
497.676
497.898
498.099
498.333
498.559
498.761
498.966
499.166
499.387
499.608
499.829
500.049
500.285
500.486
500.714
500.927
501.163
501.381
501.603
501.832
502.06
502.286
502.491
502.717
502.924
503.149
503.384
503.615
503.815
504.017
504.221
504.458
504.692
504.921
505.128
505.341
505.562
505.79
506.017
506.227
506.456
506.688
506.91
507.128
507.325
507.53
507.75
507.98
508.203
508.434
508.662
508.867
509.086
509.289
509.528
509.741
509.953
510.151
510.384
510.586
510.822
511.055
511.273
511.488
511.691
511.905
512.138
512.356
512.563
512.77
512.996
513.209
513.431
513.636
513.868
514.069
514.266
514.514
514.707
514.939
515.168
515.379
515.589
515.819
516.03
516.231
516.433
516.663
516.863
517.091
517.29
517.49
517.694
517.92
518.147
518.383
518.611
518.819
519.032
519.231
519.46
519.688
519.888
520.096
520.315
520.518
520.738
520.973
521.197
521.408
521.619
521.827
522.032
522.259
522.474
522.673
522.882
523.09
523.295
523.519
523.75
523.957
524.19
524.396
524.638
524.856
525.076
525.283
525.5
525.729
525.928
526.165
526.387
526.587
526.82
527.055
527.253
527.455
527.669
527.902
528.099
528.333
528.557
528.788
529.018
529.256
529.452
529.656
529.868
530.102
530.305
530.538
530.764
530.976
531.193
531.394
531.598
531.811
532.014
532.218
532.441
532.657
532.891
533.091
533.29
533.49
533.724
533.92
534.123
534.342
534.551
534.746
534.947
535.146
535.361
535.591
535.793
536.025
536.257
536.499
536.741
536.944
537.15
537.364
537.587
537.786
537.981
538.181
538.416
538.62
538.847
539.076
539.278
539.51
539.725
539.953
540.159
540.379
540.617
540.855
541.085
541.3
541.531
541.734
541.966
542.193
542.41
542.618
542.848
543.049
543.249
543.454
543.653
543.858
544.07
544.286
544.517
544.72
544.94
545.147
545.384
545.605
545.809
546.05
546.253
546.463
546.691
546.892
547.093
547.294
547.516
547.732
547.947
548.167
548.37
548.578
548.805
549.006
549.255
549.455
549.684
549.902
550.131
550.359
550.592
550.794
551.033
551.236
551.442
551.639
551.85
552.062
552.265
552.495
552.705
552.933
553.134
553.36
553.553
553.758
553.961
554.18
554.383
554.613
554.837
555.041
555.254
555.468
555.687
555.895
556.128
556.343
556.561
556.775
557.005
557.235
557.46
557.665
557.868
558.08
558.321
558.545
558.757
558.973
559.184
559.401
559.601
559.8
560.014
560.243
560.457
560.675
560.909
561.145
561.378
561.606
561.815
562.046
562.258
562.476
562.689
562.907
563.123
563.334
563.55
563.774
563.976
564.218
564.426
564.63
564.862
565.097
565.306
565.516
565.714
565.911
566.11
566.307
566.509
566.727
566.956
567.172
567.383
567.614
567.811
568.009
568.226
568.437
568.671
568.892
569.09
569.293
569.521
569.723
569.935
570.145
570.351
570.558
570.769
570.974
571.204
571.43
571.629
571.849
572.064
572.28
572.485
572.699
572.932
573.165
573.367
573.571
573.803
574.043
574.245
574.473
574.678
574.913
575.133
575.36
575.568
575.768
575.977
576.177
576.41
576.615
576.851
577.057
577.281
577.469
577.672
577.873
578.106
578.33
578.534
578.77
578.968
579.182
579.396
579.61
579.821
580.054
580.278
580.508
580.721
580.927
581.136
581.341
581.57
581.809
582.017
582.243
582.468
582.677
582.878
583.105
583.313
583.512
583.71
583.933
584.166
584.371
584.573
584.776
584.977
585.179
585.385
585.623
585.83
586.043
586.242
586.475
586.685
586.911
587.145
587.341
587.566
587.795
588.007
588.233
588.47
588.723
588.924
589.128
589.331
589.572
589.799
590.028
590.226
590.463
590.674
590.877
591.079
591.281
591.498
591.718
591.949
592.163
592.393
592.612
592.83
593.038
593.245
593.481
593.691
593.911
594.142
594.345
594.548
594.751
594.979
595.208
595.412
595.61
595.817
596.018
596.215
596.445
596.658
596.866
597.088
597.289
597.526
597.758
597.959
598.164
598.381
598.591
598.792
599.025
599.233
599.429
599.64
599.864
600.069
600.273
600.503
600.711
600.938
601.141
601.372
601.575
601.775
602.008
602.212
602.423
602.629
602.857
603.066
603.302
603.496
603.713
603.93
604.13
604.344
604.553
604.764
604.965
605.181
605.396
605.629
605.844
606.082
606.302
606.521
606.758
606.984
607.188
607.396
607.611
607.833
608.048
608.253
608.477
608.693
608.925
609.139
609.341
609.553
609.793
609.997
610.219
610.445
610.669
610.914
611.125
611.327
611.561
611.776
611.983
612.188
612.4
612.624
612.849
613.073
613.298
613.518
613.741
613.973
614.216
614.42
614.642
614.845
615.076
615.301
615.503
615.727
615.942
616.148
616.352
616.594
616.81
617.025
617.24
617.464
617.676
617.904
618.12
618.345
618.58
618.809
619.017
619.245
619.45
619.665
619.866
620.081
620.289
620.501
620.717
620.931
621.132
621.347
621.564
621.777
621.986
622.219
622.422
622.647
622.853
623.057
623.261
623.464
623.697
623.908
624.116
624.343
624.559
624.779
624.985
625.209
625.409
625.624
625.838
626.059
626.294
626.53
626.743
626.965
627.19
627.41
627.627
627.859
628.064
628.276
628.506
628.721
628.954
629.162
629.394
629.621
629.827
630.042
630.254
630.459
630.665
630.879
631.094
631.34
631.586
631.807
632.035
632.235
632.459
632.664
632.896
633.102
633.304
633.507
633.734
633.95
634.176
634.395
634.609
634.832
635.035
635.251
635.471
635.697
635.899
636.122
636.323
636.528
636.762
636.966
637.197
637.401
637.616
637.853
638.069
638.303
638.51
638.737
638.983
639.196
639.403
639.647
639.873
640.078
640.301
640.529
640.754
640.979
641.19
641.403
641.618
641.842
642.062
642.274
642.492
642.699
642.929
643.165
643.402
643.604
643.826
644.051
644.272
644.487
644.689
644.892
645.12
645.322
645.527
645.742
645.962
646.197
646.422
646.638
646.875
647.096
647.298
647.502
647.714
647.929
648.153
648.374
648.589
648.834
649.049
649.274
649.489
649.711
649.914
650.14
650.355
650.56
650.785
650.99
651.21
651.439
651.666
651.87
652.093
652.297
652.525
652.725
652.946
653.15
653.362
653.568
653.788
653.995
654.197
654.411
654.623
654.838
655.057
655.257
655.473
655.701
655.904
656.108
656.328
656.544
656.77
656.974
657.2
657.425
657.648
657.873
658.078
658.293
658.521
658.737
658.951
659.18
659.383
659.62
659.825
660.041
660.272
660.496
660.72
660.942
661.157
661.358
661.562
661.788
661.997
662.232
662.461
662.683
662.891
663.112
663.341
663.542
663.744
663.959
664.187
664.394
664.614
664.828
665.037
665.269
665.485
665.688
665.889
666.093
666.304
666.507
666.711
666.936
667.149
667.377
667.579
667.792
668.008
668.211
668.436
668.653
668.861
669.072
669.279
669.486
669.71
669.933
670.147
670.365
670.578
670.804
671.032
671.265
671.488
671.704
671.929
672.144
672.35
672.556
672.762
672.975
673.192
673.424
673.648
673.849
674.055
674.289
674.51
674.738
674.938
675.167
675.38
675.605
675.824
676.051
676.281
676.506
676.721
676.939
677.154
677.356
677.568
677.779
677.999
678.224
678.448
678.659
678.886
679.1
679.314
679.515
679.73
679.935
680.14
680.369
680.594
680.83
681.058
681.266
681.471
681.69
681.902
682.106
682.337
682.591
682.82
683.042
683.253
683.487
683.702
683.917
684.142
684.372
684.59
684.815
685.037
685.243
685.458
685.668
685.875
686.098
686.319
686.524
686.738
686.964
687.169
687.373
687.579
687.792
687.994
688.214
688.455
688.69
688.897
689.104
689.316
689.541
689.776
689.979
690.211
690.419
690.626
690.83
691.056
691.266
691.487
691.689
691.896
692.103
692.312
692.538
692.754
692.957
693.184
693.399
693.617
693.848
694.068
694.287
694.489
694.719
694.944
695.16
695.39
695.604
695.804
696.03
696.247
696.471
696.701
696.914
697.136
697.371
697.585
697.786
698.011
698.235
698.46
698.679
698.901
699.138
699.383
699.607
699.837
700.063
700.287
700.493
700.717
700.927
701.158
701.374
701.582
701.793
702.016
702.223
702.423
702.649
702.865
703.069
703.286
703.504
703.725
703.961
704.176
704.401
704.606
704.841
705.09
705.311
705.513
705.727
705.951
706.16
706.363
706.588
706.801
707.026
707.258
707.473
707.706
707.923
708.148
708.374
708.585
708.81
709.044
709.253
709.485
709.7
709.908
710.121
710.359
710.561
710.784
710.999
711.221
711.432
711.64
711.856
712.091
712.304
712.526
712.751
712.99
713.206
713.421
713.652
713.876
714.078
714.312
714.537
714.754
714.977
715.182
715.408
715.612
715.838
716.053
716.278
716.504
716.713
716.918
717.154
717.38
717.623
717.855
718.07
718.285
718.504
718.751
718.955
719.157
719.377
719.599
719.8
720.029
720.251
720.469
720.692
720.917
721.135
721.348
721.552
721.768
721.979
722.188
722.403
722.608
722.809
723.022
723.237
723.452
723.663
723.891
724.112
724.329
724.554
724.761
724.973
725.198
725.426
725.652
725.853
726.075
726.285
726.507
726.741
726.971
727.2
727.431
727.64
727.873
728.086
728.288
728.501
728.725
728.927
729.131
729.337
729.572
729.807
730.028
730.242
730.459
730.693
730.893
731.099
731.319
731.546
731.757
731.986
732.204
732.409
732.624
732.845
733.07
733.296
733.524
733.746
733.961
734.163
734.381
734.586
734.786
735.001
735.204
735.415
735.631
735.861
736.086
736.299
736.542
736.75
736.961
737.168
737.407
737.609
737.84
738.062
738.272
738.477
738.699
738.914
739.119
739.344
739.549
739.774
739.988
740.203
740.404
740.624
740.829
741.049
741.28
741.5
741.703
741.932
742.163
742.365
742.581
742.807
743.042
743.246
743.467
743.669
743.871
744.107
744.311
744.537
744.755
744.976
745.197
745.43
745.642
745.85
746.073
746.298
746.523
746.748
746.962
747.193
747.406
747.609
747.828
748.029
748.255
748.469
748.684
748.909
749.134
749.352
749.558
749.784
750.007
750.208
750.413
750.65
750.869
751.077
751.311
751.537
751.753
751.957
752.183
752.389
752.604
752.818
753.033
753.259
753.471
753.676
753.897
754.134
754.358
754.575
754.778
754.982
755.198
755.433
755.662
755.879
756.118
756.333
756.539
756.755
756.978
757.186
757.389
757.616
757.821
758.045
758.26
758.476
758.709
758.917
759.122
759.322
759.536
759.777
759.982
760.218
760.421
760.642
760.856
761.079
761.294
761.497
761.702
761.905
762.107
762.333
762.558
762.784
763.009
763.224
763.438
763.66
763.875
764.08
764.296
764.529
764.736
764.938
765.139
765.371
765.586
765.823
766.04
766.255
766.461
766.67
766.896
767.132
767.346
767.552
767.777
767.982
768.189
768.412
768.62
768.842
769.053
769.26
769.483
769.698
769.913
770.128
770.343
770.554
770.79
770.994
771.217
771.444
771.669
771.884
772.09
772.315
772.54
772.762
772.985
773.21
773.435
773.659
773.882
774.093
774.302
774.507
774.722
774.932
775.15
775.362
775.585
775.807
776.035
776.287
776.501
776.734
776.958
777.172
777.4
777.601
777.804
778.006
778.224
778.444
778.649
778.868
779.07
779.275
779.519
779.725
779.949
780.174
780.395
780.61
780.811
781.038
781.251
781.458
781.661
781.876
782.101
782.336
782.55
782.775
782.991
783.212
783.416
783.627
783.863
784.068
784.272
784.489
784.698
784.91
785.135
785.348
785.549
785.794
785.994
786.229
786.464
786.67
786.898
787.12
787.325
787.539
787.76
787.975
788.178
788.402
788.636
788.852
789.055
789.269
789.471
789.672
789.876
790.096
790.317
790.523
790.739
790.966
791.178
791.382
791.611
791.823
792.048
792.258
792.458
792.673
792.878
793.1
793.324
793.53
793.757
793.983
794.205
794.411
794.643
794.848
795.05
795.275
795.481
795.693
795.906
796.121
796.335
796.541
796.76
796.962
797.197
797.401
797.632
797.836
798.072
798.288
798.492
798.706
798.917
799.121
799.357
