0.202239
0.202308
0.202367
0.202427
0.202487
0.202553
0.202604
0.202666
0.202721
0.202775
0.202842
0.218116
0.346310
0.495604
0.642775
0.765519
0.863980
0.950966
0.985743
1.034382
1.372090
1.716080
2.004904
2.162827
2.244309
2.309142
2.374965
2.446746
2.572682
2.734861
2.901927
3.017458
3.091708
3.140170
3.220741
3.323945
3.445128
3.542280
3.629106
3.707774
3.781155
3.863473
3.931677
4.014088
4.090533
4.170752
4.257733
4.359184
4.398198
4.453757
4.527137
4.622121
4.711284
4.826242
4.974177
5.174732
5.359229
5.578286
5.774369
6.031265
6.292231
6.498778
6.717016
6.921508
7.103376
7.292832
7.516272
7.708318
7.897084
8.113360
8.292168
8.479403
8.629707
8.780258
8.984602
9.197275
9.422428
9.666785
9.846958
10.015927
10.220293
10.415111
10.624478
10.866564
11.094311
11.287705
11.511333
11.747948
11.952097
12.158174
12.395256
12.627010
12.820395
13.006118
13.189135
13.369234
13.542668
13.749635
13.929448
14.108195
14.289872
14.518390
14.752290
14.964178
15.118192
15.275410
15.418218
15.556680
15.694116
15.839188
15.962489
16.094132
16.219910
16.359937
16.511823
16.654834
16.827377
17.027903
17.239203
17.445523
17.645976
17.784517
17.889970
17.999216
18.101530
18.225188
18.343788
18.463963
18.609568
18.773873
18.976956
19.191699
19.410764
19.606637
19.839741
20.039185
20.257592
20.431704
20.615264
20.799611
21.018582
21.204259
21.390218
21.610609
21.826460
22.051579
22.292657
22.530790
22.730007
22.954387
23.145727
23.371510
23.587460
23.760201
23.949700
24.145715
24.319652
24.498117
24.703086
24.870873
25.049599
25.192242
25.331886
25.410558
25.450343
25.455749
25.489815
25.569742
25.672625
25.828005
25.985897
26.167230
26.393308
26.589804
26.782689
26.924708
26.979531
27.105145
27.292473
27.637618
28.043816
28.446572
28.751382
28.977116
29.066275
29.081509
29.095554
29.105562
29.110061
29.114570
29.121180
29.123693
29.127011
29.131445
29.134683
29.138800
29.146888
29.159899
29.166722
29.170070
29.173514
29.177610
29.181210
29.185052
29.187810
29.190038
29.191788
29.194659
29.197479
29.198966
29.201194
29.205538
29.209295
29.213665
29.218053
29.222443
29.226809
29.228249
29.229032
29.231323
29.233230
29.235358
29.236875
29.238017
29.238908
29.239410
29.241110
29.241269
29.241465
29.241576
29.241688
29.241945
29.242235
29.242616
29.242917
29.243138
29.243340
29.243420
29.243609
29.243793
29.243961
29.244277
29.244349
29.244691
29.244846
29.244913
29.245047
29.245160
29.245392
29.245572
29.245695
29.246038
29.246101
29.246438
29.246503
29.246678
29.246798
29.247077
29.247355
29.247475
29.247534
29.247617
29.247841
29.247949
29.248028
29.248109
29.248171
29.248235
29.248348
29.248509
29.248686
29.249020
29.249242
29.249328
29.249571
29.249930
29.250068
29.250363
29.250686
29.250708
29.250791
29.250883
29.251094
29.251248
29.251551
29.251742
29.252034
29.252204
29.252357
29.252479
29.252558
29.252816
29.252901
29.253262
29.253587
29.253739
29.253900
29.254068
29.254181
29.254255
29.254392
29.254455
29.254754
29.254887
29.254944
29.255290
29.255409
29.255749
29.255819
29.256118
29.256176
29.256315
29.256625
29.256957
29.256979
29.257018
29.257121
29.257242
29.257318
29.257427
29.257511
29.257956
29.258056
29.258377
29.258523
29.258754
29.258894
