2.71694
2.94717
3.19166
3.38684
3.62714
3.82776
4.02445
4.24158
4.44766
4.64647
4.85081
5.08289
5.31542
5.52709
5.72863
5.92904
6.13614
6.36495
6.57196
6.80152
7.03198
7.23705
7.47894
7.70449
7.94179
8.18126
8.40234
8.61937
8.84646
9.0814
9.29232
9.51053
9.7157
9.94794
10.1717
10.3727
10.5999
10.7973
10.9936
11.1953
11.4004
11.6473
11.8614
12.077
12.2837
12.4841
12.6937
12.9285
13.1242
13.3599
13.5486
13.7834
13.994
14.1833
14.3973
14.6249
14.8291
15.0555
15.2642
15.5043
15.7184
15.9194
16.1567
16.3795
16.5821
16.7813
17.0119
17.2251
17.4261
17.6639
17.8604
18.1041
18.2918
18.5009
18.7309
18.9354
19.1281
19.3608
19.5647
19.7579
19.9944
20.1952
20.3888
20.6232
20.8563
21.0647
21.2918
21.539
21.7394
21.9389
22.1614
22.3908
22.5924
22.791
22.9967
23.1956
23.3962
23.6251
23.8262
24.0298
24.2306
24.4608
24.6955
24.9277
25.126
25.3638
25.5933
25.8309
26.0528
26.2855
26.4864
26.7225
26.9538
27.1896
27.4203
27.6192
27.8257
28.0279
28.2298
28.4331
28.6587
28.8609
29.0571
29.2865
29.4901
29.7251
29.9611
30.1572
30.3586
30.5645
30.7947
31.0332
31.2681
31.4651
31.7024
31.9061
32.1376
32.3467
32.5585
32.7533
32.9819
33.1838
33.3767
33.6153
33.8519
34.0828
34.3231
34.5487
34.7552
34.9852
35.1906
35.4242
35.6512
35.8503
36.0902
36.3168
36.5168
36.7161
36.9514
37.1529
37.3897
37.585
37.8302
38.0214
38.2277
38.4631
38.6606
38.8911
39.0963
39.3215
39.5201
39.7266
39.9516
40.1516
40.3588
40.5848
40.7764
40.9807
41.2088
41.4088
41.6469
41.87
42.0693
42.2926
42.4962
42.698
42.8996
43.1325
43.3361
43.5412
43.7713
43.9729
44.2026
44.4059
44.6405
44.8735
45.0824
45.3066
45.5435
45.7721
45.9751
46.2037
46.4092
46.6454
46.8717
47.0783
47.2795
47.5078
47.7411
47.9446
48.1467
48.3799
48.5795
48.8115
49.0481
49.2795
49.5105
49.7115
49.9094
50.1412
50.3783
50.6104
50.8438
51.0441
51.2465
51.4489
51.6783
51.8807
52.08
52.2811
52.5117
52.7133
52.9478
53.181
53.3832
53.6164
53.8162
54.0493
54.2536
54.455
54.6843
54.9098
55.1138
55.3155
55.551
55.7525
55.982
56.1842
56.4138
56.614
56.8541
57.0834
57.3156
57.55
57.7851
58.0151
58.218
58.4562
58.6576
58.8872
59.1173
59.3209
59.5555
59.787
59.9864
60.1915
60.4185
60.619
60.8209
61.0525
61.2526
61.4574
61.6575
61.8822
62.0904
62.2907
62.4934
62.7185
62.9237
63.1602
63.3903
63.5962
63.8223
64.0581
64.2907
64.4915
64.7195
64.9568
65.1589
65.3917
65.596
65.8194
66.0299
66.2637
66.4923
66.6945
66.9236
67.1627
67.3927
67.5964
67.7957
68.0268
68.2608
68.4647
68.6635
68.8917
69.0941
69.294
69.4971
69.7274
69.9274
70.1273
70.3293
70.563
70.7946
71.0275
71.2285
71.4622
71.6681
71.8977
72.0989
72.3308
72.529
72.767
72.9678
73.1694
73.3973
