0.000000
0.000000
0.000000
41.557999
41.745998
41.976002
42.035000
42.056000
43.160000
49.306000
50.820000
51.659000
63.026001
73.949997
77.698997
85.286003
87.043999
94.047997
95.568001
97.403999
117.320999
134.389008
149.927002
160.686996
161.677002
161.945999
173.770996
181.632996
189.408005
197.472000
201.940994
205.341995
212.740005
224.707001
238.434006
259.635986
267.532990
272.955994
282.662994
290.554993
297.653992
305.539001
307.484009
308.993988
310.838013
312.661011
314.726013
315.899994
315.944000
315.944000
315.944000
319.675995
320.489990
321.492004
327.593994
331.404999
332.829010
334.106995
337.164001
340.378998
344.489990
352.464996
367.515015
371.268005
375.746002
379.825012
384.459991
388.470001
391.783997
393.783997
397.591003
403.813995
405.166992
405.811005
406.419006
406.489014
406.502991
406.661011
406.928986
407.131989
407.442993
407.739990
407.752991
407.803986
407.856995
407.882996
407.894012
407.903015
407.907990
407.910004
407.911987
407.911987
407.911987
407.911987
407.911987
407.911987
407.911987
407.911987
407.911987
407.911987
407.911987
407.911987
407.911987
407.911987
407.911987
407.911987
407.911987
407.911987
407.911987
407.911987
407.911987
407.911987
407.911987
407.911987
407.911987
407.911987
407.911987
407.911987
407.911987
407.911987
407.911987
407.911987
407.911987
407.911987
407.911987
407.911987
407.911987
407.911987
407.911987
407.911987
407.911987
407.911987
407.911987
407.911987
407.911987
407.911987
407.911987
407.911987
407.911987
407.911987
407.911987
407.911987
407.911987
407.911987
