1.87637
1.87646
2.40319
2.93516
3.4069
3.91865
4.40697
4.90684
5.40619
5.92924
6.40695
6.90708
7.41057
7.94185
8.41097
8.91007
9.41006
9.94812
10.411
10.9104
11.4103
11.9111
12.4124
12.9288
13.414
13.9148
14.4149
14.9149
15.4144
15.9195
16.4144
16.9146
17.4263
17.9189
18.4186
18.9355
19.418
19.9186
20.4235
20.9184
21.4187
21.9391
22.4185
22.922
23.4222
23.9227
24.4229
24.9279
25.4222
25.9227
26.4233
26.9224
27.4228
27.9262
28.4335
28.9267
29.4261
29.9259
30.4262
30.9262
31.4269
31.9266
32.4262
32.9264
33.4308
33.9303
34.4303
34.931
35.4302
35.9306
36.431
36.9515
37.4302
37.9316
38.4632
38.9343
39.4351
39.9518
40.4345
40.9341
41.435
41.9355
42.4343
42.9343
43.4388
43.9385
44.4391
44.9388
45.4384
45.9393
46.4386
46.9381
47.4387
47.9446
48.443
48.9422
49.4423
49.9428
50.4422
50.9424
51.4425
51.9424
52.4522
52.9479
53.4464
53.947
54.4462
54.9469
55.447
55.9468
56.4471
56.9467
57.4474
57.949
58.4563
58.9505
59.4507
59.9509
60.451
60.9507
61.4574
61.9505
62.4508
62.9541
63.4547
63.954
64.4551
64.9569
65.4542
65.9553
66.4549
66.9554
67.4579
67.959
68.4648
68.9591
69.4585
69.9591
70.4584
70.9594
71.4623
71.9624
72.4631
72.9679
