9.49891
9.51558
11.1879
12.3123
21.594
28.9477
29.3863
29.4073
29.4273
29.4493
35.3219
35.343
35.363
35.3836
35.4035
35.4237
35.4429
35.4637
35.9627
36.815
41.7765
41.9779
41.9994
47.2457
50.0441
53.1143
53.1348
55.3743
55.3881
55.3995
55.4199
56.4823
56.5064
56.5261
56.5461
56.5639
56.5847
56.6055
56.6241
56.6763
56.6881
56.7093
56.7299
56.7611
56.7775
58.2213
58.2409
58.2598
58.2788
58.6576
58.6753
58.696
58.7156
58.7355
58.761
65.1103
68.7326
68.9396
69.1658
69.1792
69.5741
71.7774
71.7941
72.6025
74.3467
78.9647
86.2162
86.2309
86.2533
87.3452
87.7792
87.8005
87.8193
87.844
87.861
87.8813
87.9013
87.9199
87.9409
87.9592
87.9836
88.0027
88.0217
88.0413
88.0624
88.083
88.1033
88.1237
88.1432
88.1756
88.1893
88.2063
88.2279
88.2473
88.2669
88.2893
102.682
102.702
107.278
107.299
107.318
107.34
107.361
107.379
107.401
107.419
107.44
109.724
112.09
112.11
112.994
115.166
115.178
117.465
117.482
122.056
129.411
129.43
130.25
136.007
