9.3725e-05
0.00149742
0.00238292
0.00231694
0.0190331
0.0015287
0.00065143
0.00114666
0.00191914
0.00267568
0.000429892
0.00103266
0.00155153
0.00130694
0.00151555
0.0014017
0.00140437
0.0013565
0.000683191
0.00922367
0.00369643
0.000401548
0.00110884
0.00837652
0.000664966
0.000560486
0.001152
0.0162467
0.00165727
0.00142907
0.00199299
0.000457222
0.00377314
0.00358206
0.00356386
0.00165952
0.00248557
0.00362388
0.00125351
0.000675662
0.000872246
0.00177533
0.00180769
0.0125234
0.00112108
0.00314625
0.00323645
0.00154911
0.00150449
0.00394593
0.0011909
0.00130628
0.00123222
0.00140624
0.00681774
0.000257338
0.00258474
0.00998362
0.00754309
0.000778784
0.00450816
0.00421224
0.000580655
0.000636965
0.000575803
0.00269188
0.00571359
0.00137279
0.0031181
0.00645885
0.000830721
0.00287005
0.00127165
0.00541103
0.00166568
0.00181661
0.00194596
0.000622126
0.00137748
0.000595626
0.00309306
0.00179726
0.000689889
0.000994176
0.00148961
0.000967602
0.00199038
0.00140673
0.0013321
0.00387766
0.00357133
0.000886641
0.00215941
0.00129534
0.00136713
0.00301287
0.000288441
0.000474209
0.000512219
0.000693954
0.000687804
0.00124457
0.00331382
0.0013567
0.00329186
0.00206664
0.00247981
0.00639865
0.000353951
0.000259228
0.00046037
0.00843459
0.000469325
0.00378447
0.000335386
0.00639335
0.000833801
0.000451535
0.000317064
0.000781228
