7.92973
9.5351
11.1996
12.3313
12.9724
14.7718
14.9684
16.7277
17.3952
17.8418
18.9593
20.2443
21.1291
21.6044
23.2976
25.0198
26.1187
27.8586
28.9699
29.1759
29.4806
31.0907
31.7156
32.396
34.1079
35.4847
35.9834
36.8316
38.6187
40.454
41.7936
42.0285
43.8339
45.5145
45.9586
46.1868
47.2658
48.9931
49.4101
50.0658
50.3042
50.4819
51.377
53.1632
53.5873
55.4384
55.5892
56.8009
57.7976
58.3043
58.7764
59.6881
61.3918
62.0229
63.1227
64.9211
65.1331
65.8238
67.4462
68.7515
68.9504
69.1929
69.5924
71.3316
71.8195
72.6194
74.3805
75.6368
77.43
78.9838
80.032
81.726
82.1578
83.662
84.0909
85.787
86.2739
87.3717
88.3148
90.15
91.9198
93.6709
95.4305
97.2024
98.9776
99.6485
100.976
102.488
102.727
104.484
106.183
107.045
107.47
109.251
109.493
109.739
111.203
111.864
112.131
113.017
114.739
115.201
116.839
117.255
117.504
118.564
120.361
120.793
122.073
123.764
124.408
124.626
125.536
127.274
128.987
129.225
129.456
130.279
130.491
132.195
132.427
134.195
135.126
136.027
137.547
138.979
139.184
140.912
142.641
144.321
146.047
147.8
