0.00438003
0.00069911
0.000945206
0.00187232
0.0189882
0.0214663
0.023116
0.0179809
0.00863089
0.0081614
0.00910077
0.00640188
0.0107969
0.00116107
0.0201928
0.00102478
0.00937104
0.0122043
0.00335392
0.00219075
0.0152036
0.00123635
0.00135321
0.00187808
0.0134624
0.00259884
0.0019313
0.00632468
0.00942605
0.0160296
0.000782962
0.0101274
0.0202982
0.000932246
0.00836726
0.000701725
0.00823267
0.0270556
0.00843748
0.00227723
0.0112547
0.000752979
0.0108832
0.0095675
0.00950379
0.00126257
0.00354768
0.0123299
0.00350622
0.00707166
0.00238354
0.00563813
0.00134408
0.000846137
0.000901425
0.0114033
0.00301494
0.010335
0.000489825
0.00208277
0.000952839
0.00270509
0.00218762
0.00168284
0.00593935
0.00588248
0.0149142
0.00297003
0.00154575
0.00256729
0.00214315
0.0115475
0.0017626
0.00430363
0.00563829
0.000889025
0.00431066
0.0139634
0.00860762
0.015515
0.00583966
0.0107165
0.00516354
0.00469832
0.00997914
0.0023191
0.00592266
0.00636044
0.00448888
0.00403846
0.00539811
0.00705728
0.00380924
0.00153096
0.00280361
0.00132415
0.00568446
0.00638923
0.00162921
0.00410412
0.00186735
0.00336152
0.00161035
0.00461288
0.00234893
0.00149237
0.0112001
0.0111672
0.00378157
0.0147581
0.0100184
0.0159354
0.00229121
0.0154099
0.00919177
0.014503
0.00562273
0.00814903
0.000875204
0.00107609
0.00157341
0.00131931
0.00119223
0.00156158
0.00454372
0.000762187
0.00627718
0.00717243
0.00323392
0.00695413
0.00946158
0.00562925
