0.202240
0.202303
0.202371
0.202425
0.202483
0.202547
0.202607
0.202665
0.202728
0.202785
0.202859
0.220635
0.351968
0.525595
0.687135
0.801557
0.906233
0.987942
1.006675
1.193858
1.546236
1.902790
2.122601
2.231534
2.291246
2.346492
2.415280
2.498190
2.616047
2.784164
2.924682
3.039404
3.120098
3.169556
3.259199
3.366071
3.474295
3.574676
3.663634
3.743505
3.828460
3.897855
3.977515
4.060284
4.137897
4.220141
4.324734
4.412304
4.450107
4.508435
4.584022
4.680268
4.784833
4.930154
5.115575
5.324745
5.511436
5.728960
5.953617
6.130980
6.268419
6.401955
6.586291
6.803646
7.046689
7.297951
7.526424
7.789651
8.023691
8.197991
8.358669
8.462547
8.525957
8.634697
8.831034
9.070082
9.301769
9.486414
9.689303
9.872904
10.069403
10.273884
10.518542
10.751518
10.940637
11.154078
11.377449
11.574832
11.779218
12.018177
12.207399
12.364770
12.496695
12.570883
12.585479
12.616616
12.708797
12.841311
12.978692
13.102890
13.269624
13.433604
13.614369
13.841195
14.081899
14.288366
14.527778
14.730768
14.925326
15.130064
15.285558
15.463257
15.653390
15.836931
16.057806
16.256264
16.500161
16.746479
17.000294
17.228912
17.462836
17.725526
17.913518
18.074453
18.160697
18.252887
18.351017
18.515956
18.778602
19.006708
19.214286
19.408361
19.639878
19.836011
20.010465
20.090311
20.142230
20.198171
20.289913
20.436974
20.585949
20.784842
20.972746
21.197651
21.384609
21.570181
21.758452
21.977184
22.160922
22.345824
22.540048
22.778346
23.000177
23.203752
23.399082
23.592736
23.824083
24.030709
24.263797
24.493088
24.707245
24.865155
25.014691
25.135763
25.251790
25.361940
25.513445
25.698773
25.847739
25.929657
26.047423
26.188423
26.352993
26.549289
26.768577
27.003806
27.209342
27.410807
27.641788
27.864231
28.054978
28.275565
28.462461
28.563826
28.603865
28.667485
28.748947
28.873888
29.040477
29.217773
29.456497
29.665734
29.887877
30.063842
30.239446
30.422705
30.648684
30.855373
31.100633
31.322626
31.511927
31.645780
31.762505
31.916133
32.063194
32.228170
32.365802
32.471209
32.592418
32.772274
33.019109
33.233867
33.441270
33.648516
33.897429
34.119497
34.345387
34.606797
34.840937
35.027251
35.203155
35.401466
35.584262
35.815788
36.053253
36.296003
36.540098
36.737004
36.953650
37.164978
37.349253
37.538504
37.768162
37.997602
38.221989
38.391072
38.557523
38.753346
38.974771
39.242173
39.448258
39.666101
39.881028
40.111054
40.314049
40.547196
40.770953
40.967681
41.161732
41.388680
41.624962
41.866703
42.078321
42.318914
42.517320
42.705863
42.940835
43.151196
43.358462
43.559394
43.750914
43.970937
44.172984
44.381861
44.614823
44.815181
45.069227
45.278030
45.474358
45.593295
45.691132
45.774509
45.883946
46.070755
46.278850
46.538813
46.751619
46.982614
47.175220
47.373114
47.592965
47.819223
48.049555
48.285065
48.479991
48.684821
48.849658
49.005390
49.157416
49.241603
49.289387
49.388359
49.541535
49.693702
49.862436
50.048415
50.283205
50.496710
50.716330
50.980260
51.197584
51.419012
51.575684
51.723571
51.830760
51.945906
52.061792
52.205548
52.375456
52.612301
52.811830
52.981723
53.091412
53.244368
53.431902
53.639446
53.856935
54.032275
54.182079
54.302332
54.401384
54.514655
54.634615
54.802343
54.927996
54.984978
55.060588
55.217283
55.369607
55.541077
55.688002
55.867940
56.043975
56.290948
56.531194
56.757370
57.005181
57.252851
57.465936
57.715539
57.966284
58.217234
58.460122
58.670880
58.918973
59.135767
59.392670
59.609112
59.856569
60.064068
60.295591
60.487439
60.674695
60.894067
61.078345
61.292933
61.482585
61.706904
61.893456
62.120323
62.319870
62.513942
62.707501
62.893268
63.084889
63.313924
63.500989
63.720293
63.918602
64.153749
64.356453
64.559998
64.804953
65.017420
65.266662
65.478622
65.717620
65.919964
66.119017
66.315318
66.546550
66.744673
66.977585
67.216708
67.414867
67.650377
67.849223
68.085106
68.329500
68.584203
68.802523
69.056236
69.275728
69.491214
69.726930
69.915457
70.120746
70.264647
70.380328
70.512755
70.674379
70.812848
70.984090
71.171037
71.346579
71.504358
71.752345
71.943839
72.170057
72.403552
72.634212
72.832925
73.063090
73.269498
73.468413
73.703113
73.901579
74.130999
74.358692
74.553001
74.780554
75.003244
75.227780
75.420097
75.649034
75.867197
76.043468
76.246206
76.431468
76.615863
76.838842
77.048405
77.226204
77.442690
77.668919
77.853456
78.054717
78.222446
78.423265
78.606418
78.827270
79.043597
79.249447
79.452360
79.629631
79.817750
79.940036
80.001175
80.121503
80.300712
80.542986
80.775468
80.971329
81.213591
81.414791
81.614269
81.840106
82.029749
82.246609
82.434207
82.659406
82.853947
83.080563
83.305413
83.534215
83.763018
83.965276
84.206079
84.417646
84.633182
84.819148
84.945575
84.994750
85.056897
85.171919
85.311252
85.514894
85.712315
85.954299
86.159513
86.382920
86.558755
86.755030
86.945711
87.129974
87.323209
87.505157
87.704194
87.938089
88.132599
88.353885
88.577594
88.755214
88.920318
89.095448
89.318327
89.519549
89.759850
89.974018
90.230321
90.471320
90.657650
90.840563
90.969072
91.083405
91.188409
91.309205
91.460786
91.647529
91.795643
91.890793
91.991013
92.092241
92.240427
92.394129
92.572513
92.799986
93.000443
93.200253
93.396026
93.611281
93.789070
93.966876
94.148022
94.365893
94.553210
94.771413
94.955310
95.151656
95.295629
95.442772
95.594354
95.751814
95.950260
96.125571
96.293541
96.461453
96.609032
96.731621
96.878857
97.037052
97.215626
97.380390
97.571447
97.720047
97.869862
98.051125
98.254140
98.487871
98.684827
98.882314
99.078083
99.305892
99.498328
99.722426
99.916291
100.140065
100.329355
100.544238
100.745978
100.912945
101.093584
101.221138
101.346088
101.512005
101.691777
101.908622
102.107250
102.256848
102.422786
102.647683
102.858201
103.108017
103.321030
103.562279
103.785005
103.967225
104.172316
104.347680
104.556184
104.735737
104.946779
105.128757
105.333166
105.495366
105.649273
105.823626
106.058394
106.271562
106.428305
106.577775
106.735066
106.833410
106.944020
107.061010
107.195496
107.368993
107.528418
107.708793
107.842706
107.964176
108.120573
108.314070
108.537175
108.765406
108.988779
109.198185
109.372379
109.504323
109.586767
109.641419
109.717110
109.864573
110.037981
110.216342
110.401165
110.545132
110.737563
110.955865
111.179245
111.359795
111.532097
111.729193
111.909513
112.099268
112.289830
112.476179
112.661044
112.878711
113.104829
113.251582
113.324396
113.432158
113.660432
113.879530
114.080554
114.275640
114.503807
114.692807
114.908458
115.094178
115.308377
115.490895
115.707111
115.925967
116.121960
116.292618
116.409159
116.523738
116.682441
116.899242
117.130674
117.358588
117.512174
117.652976
117.809162
117.961090
118.096098
118.240782
118.425072
118.590699
118.791850
118.969924
119.175217
119.351290
119.565308
119.789742
119.994247
120.239247
120.450650
120.695263
120.906122
121.151353
121.361226
121.606225
121.810854
121.978750
122.100771
122.174680
122.256825
122.303598
122.369584
122.418058
122.474111
122.511273
122.593143
122.657249
122.672898
122.675196
122.684282
122.694988
122.698257
122.700580
122.702660
122.707505
122.710121
122.713181
122.715462
122.716237
122.718805
122.721411
122.723500
122.726243
122.727511
122.728938
122.730419
122.734326
122.736358
122.738695
122.741251
122.742130
122.744848
122.745543
122.749146
122.750070
122.751965
122.753451
122.754750
122.758512
122.759529
122.761214
122.762944
122.766789
122.768340
122.769764
122.771500
122.772156
122.774628
122.775334
122.776640
122.777308
122.779742
122.782842
122.783663
122.786954
122.788689
122.791501
122.792498
122.795585
122.796759
122.798113
122.799903
122.800558
122.801448
122.803754
122.805526
122.807212
122.807859
122.809724
122.811163
122.814572
122.816086
122.818283
122.819320
122.822085
122.825552
122.826250
122.828279
122.830843
122.832877
122.833776
122.834561
122.836619
122.837659
122.841073
122.842029
122.844406
122.845349
122.848047
122.849475
122.851264
122.851693
122.853601
122.854455
122.856145
122.856589
122.858756
122.859674
122.862016
122.862635
122.863820
122.865297
122.867670
122.868740
122.870504
122.871487
122.872653
122.873072
122.875017
122.875311
122.876959
122.879412
122.881498
122.882968
122.884954
122.886271
122.888342
122.889957
122.891950
122.894030
122.896182
122.897952
122.899214
122.900055
122.901381
122.904279
122.905916
122.906654
122.907568
122.908336
122.908655
122.909173
122.910425
122.910941
122.911658
122.913579
122.916252
122.917181
122.918876
122.919759
122.922919
122.923345
122.924602
122.927195
122.927697
122.929020
122.932488
122.934828
122.936028
122.937010
122.937796
122.938669
122.940860
122.941918
122.943290
122.945761
122.946416
122.947500
122.949746
122.951513
122.952383
122.954243
122.956195
122.958216
122.959742
122.961341
122.961992
122.962707
122.963708
122.965525
122.966694
122.969515
122.970332
122.975020
122.975595
122.977769
122.978424
122.980722
122.981783
122.984132
122.985883
122.987249
122.988862
122.990778
122.991301
122.992335
122.993278
122.995100
122.998118
123.000256
123.000700
123.003489
123.005492
123.006858
123.009673
123.011266
123.013359
123.013709
123.014999
123.017387
123.018464
123.020384
123.021676
123.023751
123.024552
123.025422
123.027814
123.028458
123.029328
123.031186
123.033580
123.035336
123.036418
123.037475
123.039026
123.039729
123.042351
123.044884
123.046689
123.048211
123.049817
123.052509
123.055009
123.056373
123.057817
123.058536
123.060257
123.062157
123.062912
123.064665
123.067462
123.068391
123.070199
123.073549
123.075844
123.077126
123.077601
123.080605
123.081735
123.083059
123.083943
123.085884
123.087287
123.088221
123.089688
123.092951
123.093518
123.095815
123.096751
123.097112
123.098340
123.100245
123.101442
123.103564
123.105628
123.106790
123.109824
123.111581
123.114047
123.115428
123.118028
123.120390
123.121567
123.123595
123.124064
123.127615
123.128201
123.131710
123.133549
123.134261
123.136242
123.138116
123.139800
123.141817
123.144428
123.145438
123.147797
123.148512
123.151221
123.152550
123.153221
123.155106
123.155701
123.157188
123.158805
123.160065
123.162751
123.163568
123.165529
123.166540
123.167021
123.169525
123.170460
123.172282
123.172733
123.175116
123.177929
123.178827
123.181556
123.182483
123.183332
123.184905
123.187009
123.188139
123.192041
123.193436
123.195076
123.197366
123.199313
123.200963
123.202165
123.203500
123.205956
123.206985
123.208382
123.209074
123.211909
123.212523
123.215013
123.216187
123.217252
123.219625
123.221786
123.223418
123.224918
123.225795
123.229105
123.230980
123.231816
123.233180
123.235044
123.237406
123.238500
123.240172
123.240936
123.241909
123.242709
123.243701
123.246369
123.247440
123.249726
123.253771
123.255759
123.259673
123.270859
123.293729
123.315295
123.357750
123.414095
123.428867
123.437612
123.453078
123.459865
123.463903
123.470086
123.477277
123.481274
123.484497
123.486623
123.495367
123.502710
123.505785
123.512319
123.521739
123.526948
123.529659
123.532898
123.540759
123.544538
123.546915
123.548981
123.550846
123.552446
123.556544
123.562016
123.563503
123.566926
123.568962
123.573845
123.580612
123.581687
123.583057
123.586263
123.588278
123.595950
123.607790
123.617134
123.622529
123.629996
123.636131
123.645358
123.652466
123.659417
123.664514
123.667210
123.675290
123.681145
123.685331
123.691858
123.695261
123.696853
123.697645
123.702672
123.710424
123.714808
123.717911
123.723395
123.726672
123.730481
123.733876
123.736192
123.738640
123.741608
123.745247
123.750708
123.752643
123.754889
123.759617
123.762195
123.767972
123.778007
123.789826
123.798183
123.800311
123.802544
123.806089
123.808618
123.812166
123.817236
123.818722
123.821734
123.822862
123.827481
123.830780
123.835660
123.839380
123.845250
123.856651
123.867456
123.880313
123.886524
123.888337
123.891465
123.898783
123.902353
123.907724
123.915904
123.923204
123.924733
123.925681
123.929074
123.935143
123.942212
123.951925
123.956495
123.961913
123.963468
123.967248
123.971964
123.977236
123.982495
123.992057
123.997557
124.000728
124.003621
124.012566
124.022942
124.035394
124.052717
124.062105
124.063279
124.066867
124.069122
124.071464
124.073325
124.076997
124.078323
124.082534
124.088535
124.095353
124.098773
124.100348
124.104139
124.111372
124.115228
124.117652
124.124634
124.127241
124.130155
124.139677
124.147162
124.153730
124.155734
124.158731
124.159471
