2.71036
2.9058
3.14544
3.34523
3.54788
3.77779
4.0136
4.22313
4.44165
4.64497
4.87898
5.08471
5.31829
5.56528
5.79727
5.99406
6.25534
6.49143
6.69977
6.90308
7.12482
7.3514
7.59132
7.81513
8.02043
8.22856
8.44702
8.654
8.85972
9.08719
9.27209
9.48178
9.70558
9.94971
10.176
10.38
10.5757
10.7679
10.9665
11.1703
11.411
11.6168
11.8507
12.0908
12.2972
12.5005
12.7271
12.9412
13.1424
13.3665
13.5585
13.7961
14.0284
14.2673
14.5072
14.7383
14.9344
15.1627
15.4003
15.6087
15.8393
16.0723
16.2651
16.4693
16.6986
16.936
17.1402
17.3761
17.6084
17.8215
18.0467
18.2691
18.4722
18.7094
18.9395
19.1716
19.399
19.5969
19.8284
20.0234
20.2255
20.4285
20.6692
20.8999
21.1071
21.3335
21.5649
21.7719
21.9667
22.1965
22.4038
22.6072
22.8314
23.0647
23.2674
23.4698
23.7018
23.9337
24.1709
24.362
24.6013
24.8007
25.0006
25.2416
25.4684
25.668
25.8996
26.0988
26.3026
26.525
26.7267
26.97
27.2024
27.4088
27.6388
27.834
28.0746
28.3039
28.5321
28.7342
28.9359
29.1643
29.3648
29.5923
29.7921
30.0229
30.22
30.4263
30.6622
30.8714
31.0729
31.2671
31.4998
31.7034
31.9364
32.1462
32.383
32.5866
32.7874
33.0147
33.2113
33.4453
33.6365
33.879
34.0768
34.2767
34.4743
34.7062
34.9117
35.1118
35.3068
35.5429
35.7585
35.9477
36.1637
36.3519
36.5891
36.7964
37.0236
37.2664
37.4941
37.6965
37.9266
38.1532
38.3842
38.593
38.8313
39.0506
39.2792
39.4848
39.7206
39.9553
40.1857
40.422
40.6519
40.8885
41.0879
41.2956
41.5309
41.7618
41.965
42.2027
42.4433
42.6757
42.9039
43.14
43.3451
43.5839
43.802
44.0043
44.2377
44.4296
44.6675
44.8649
45.0669
45.2665
45.4966
45.7057
45.9399
46.1757
46.4113
46.591
46.7943
47.0255
47.2269
47.4529
47.6866
47.922
48.1144
48.3174
48.5541
48.7533
48.9524
49.1546
49.3859
49.5911
49.7899
50.0326
50.2785
50.4718
50.683
50.9057
51.1052
51.3541
51.5763
51.8071
52.0447
52.2384
52.4725
52.7027
52.9053
53.1034
53.3418
53.5658
53.8007
54.0063
54.2438
54.4655
54.6755
54.9143
55.1139
55.3486
55.5737
55.8003
56.0112
56.2472
56.4712
56.6755
56.8815
57.1135
57.3519
57.5709
57.7816
58.0045
58.2065
58.4068
58.6424
58.8384
59.0374
59.2404
59.4443
59.6699
59.8639
60.0649
60.3032
60.5025
60.7379
60.9455
61.1697
61.3797
61.6024
61.8128
62.0112
62.2409
62.446
62.6804
62.878
63.1118
63.3185
63.5242
63.7602
63.9985
64.2274
64.4562
64.6657
64.899
65.0978
65.2937
65.5327
65.763
65.965
66.1692
66.3988
66.5992
66.8031
67.0201
67.238
67.4356
67.6361
67.8774
68.0545
68.2846
68.4888
68.7171
68.9191
69.1448
69.3547
69.5539
69.7485
69.9796
70.1835
70.4176
70.6144
70.8487
71.0851
71.3143
71.5502
71.7578
71.9541
72.1558
72.3619
72.5907
72.7903
73.0154
73.2297
73.4578
73.6741
73.9028
74.1139
74.3351
74.5375
74.7687
74.972
75.2034
75.412
75.6161
75.8515
76.0716
76.2752
76.4999
76.7482
76.991
77.2148
77.4175
77.6553
77.8546
78.0879
78.2971
78.5302
78.7201
78.9486
79.153
79.3539
79.5885
79.7916
80.0186
80.2221
80.4501
80.6584
80.8931
81.1079
81.2961
81.5018
81.7047
81.9111
82.1384
82.3366
82.5676
82.7734
83.0022
83.2047
83.4112
83.6451
83.8479
84.075
84.2705
84.4983
84.6995
84.9087
85.1077
85.3355
85.531
85.7729
85.9994
86.1961
86.4358
86.6307
86.8671
87.0978
87.3255
87.5416
87.7654
87.9586
88.1716
88.3967
88.593
88.831
89.0533
89.2586
89.4558
89.7025
89.8848
90.124
90.3541
90.5608
90.7678
91.0143
91.2119
91.4421
91.6745
91.902
92.114
92.3438
92.5427
92.7478
92.988
93.1819
93.4098
93.6471
93.8533
94.0848
94.3162
94.5403
94.7474
94.9859
95.214
95.414
95.6432
95.8548
96.0686
96.2934
96.524
96.725
96.95
97.1771
97.3814
97.6135
97.8103
98.041
98.2445
98.4802
98.7163
98.9524
99.1906
99.3863
99.6349
99.8563
100.051
100.287
100.501
100.735
100.96
101.166
101.399
101.603
101.804
102.039
102.24
102.47
102.67
102.908
103.104
103.343
103.574
103.811
104.046
104.236
104.471
104.678
104.867
105.069
105.311
105.506
105.739
105.968
106.168
106.396
106.604
106.824
107.026
107.268
107.466
107.703
107.94
108.163
108.401
108.6
108.809
109.041
109.237
109.474
109.705
109.915
110.111
110.321
110.544
110.743
110.972
111.184
111.414
111.642
111.847
112.079
112.281
112.516
112.753
112.983
113.182
113.416
113.648
113.858
114.092
114.288
114.522
114.726
114.923
115.144
115.344
115.542
115.747
115.98
116.177
116.376
116.584
116.814
117.017
117.24
117.443
117.676
117.878
118.116
118.351
118.549
118.788
118.99
119.19
119.423
119.661
119.867
120.094
120.334
120.567
120.765
121.002
121.202
121.396
121.601
121.814
122.039
122.234
122.435
122.628
122.868
123.065
123.292
123.499
123.732
123.928
124.178
124.388
124.59
124.82
125.026
125.265
125.521
125.718
125.956
126.176
126.38
126.577
126.812
127.015
127.248
127.443
127.678
127.907
128.108
128.331
128.528
128.762
128.966
129.196
129.393
129.622
129.827
130.029
130.234
130.473
130.703
130.908
131.11
131.353
131.545
131.772
131.977
132.183
132.411
132.612
132.848
133.048
133.25
133.482
133.713
133.948
134.182
134.412
134.652
134.878
135.113
135.315
135.525
135.751
135.985
136.179
136.393
136.618
136.819
137.052
137.302
137.532
137.726
137.931
138.159
138.368
138.56
138.769
138.963
139.162
139.398
139.643
139.824
140.05
140.253
140.479
140.691
140.885
141.103
141.335
141.538
141.758
141.958
142.194
142.387
142.627
142.85
143.055
143.276
143.475
143.706
143.903
144.101
144.302
144.535
144.735
144.943
145.173
145.406
145.597
145.802
146.027
146.228
146.459
146.657
146.884
147.09
147.339
147.564
147.783
148.008
148.207
148.437
148.633
148.866
149.075
149.289
149.482
149.717
149.951
150.185
150.433
150.666
150.892
151.096
151.298
151.533
151.761
151.988
152.194
152.398
152.634
152.871
153.105
153.33
153.531
153.767
153.97
154.163
154.367
154.601
154.798
155.003
155.236
155.473
155.699
155.903
156.113
156.344
156.548
156.785
156.985
157.186
157.417
157.616
157.849
158.084
158.287
158.514
158.719
158.951
159.154
159.38
159.582
159.818
160.016
160.218
160.422
160.623
160.85
161.058
161.29
161.493
161.715
161.926
162.154
162.353
162.549
162.762
162.993
163.218
163.426
163.649
163.858
164.056
164.258
164.496
164.691
164.919
165.121
165.325
165.55
165.759
165.99
166.191
166.429
166.662
166.894
167.094
167.329
167.553
167.76
167.989
168.196
168.427
168.625
168.855
169.062
169.297
169.524
169.729
169.958
170.189
170.392
170.594
170.827
171.028
171.257
171.5
171.7
171.905
172.13
172.366
172.594
172.801
173.026
173.231
173.46
173.66
173.861
174.1
174.328
174.529
174.763
174.994
175.199
175.43
175.631
175.833
176.065
176.306
176.533
176.765
177.005
177.232
177.432
177.662
177.869
178.068
178.301
178.536
178.734
178.93
179.134
179.362
179.567
179.766
179.964
180.204
180.433
180.631
180.866
181.102
181.303
181.507
181.738
181.94
182.145
182.379
182.578
182.807
183.008
183.246
183.445
183.645
183.878
184.083
184.309
184.51
184.747
184.978
185.205
185.408
185.646
185.877
186.112
186.349
186.547
186.755
186.984
187.181
187.382
187.581
187.816
188.015
188.245
188.484
188.684
188.909
189.155
189.386
189.615
189.813
190.045
190.252
190.481
190.708
190.919
191.156
191.378
191.579
191.814
192.017
192.245
192.487
192.688
192.884
193.088
193.324
193.522
193.752
193.979
194.186
194.385
194.631
194.854
195.056
195.282
195.483
195.726
195.952
196.179
196.387
196.626
196.85
197.052
197.288
197.493
197.725
197.962
198.16
198.386
198.589
198.824
199.026
199.255
199.458
199.655
199.855
200.059
200.289
200.493
200.723
200.933
201.159
201.359
201.586
201.791
201.996
202.227
202.452
202.663
202.891
203.092
203.327
203.562
203.76
203.99
204.192
204.43
204.627
204.828
205.061
205.263
205.491
205.698
205.932
206.128
206.361
206.601
206.833
207.056
207.262
207.496
207.693
207.9
208.096
208.334
208.531
208.732
208.967
209.2
209.431
209.639
209.84
210.062
210.261
210.463
210.692
210.905
211.145
211.374
211.602
211.807
212.045
212.241
212.468
212.67
212.88
213.105
213.344
213.578
213.774
214.003
214.207
214.449
214.644
214.844
215.054
215.25
215.455
215.689
215.889
216.116
216.316
216.548
216.763
216.992
217.2
217.428
217.635
217.866
218.067
218.276
218.477
218.707
218.909
219.141
219.374
219.578
219.776
220.012
220.213
220.41
220.644
220.845
221.073
221.284
221.485
221.683
221.885
222.125
222.355
222.581
222.818
223.025
223.22
223.427
223.654
223.855
224.082
224.284
224.523
224.719
224.95
225.182
225.418
225.618
225.824
226.055
226.255
226.482
226.684
226.889
227.087
227.322
227.558
227.757
227.988
228.19
228.428
228.624
228.85
229.058
229.284
229.487
229.727
229.921
230.123
230.353
230.562
230.784
230.987
231.219
231.422
231.658
231.856
232.062
232.293
232.491
232.69
232.89
233.124
233.325
233.527
233.725
233.963
234.188
234.428
234.67
234.895
235.122
235.325
235.565
235.759
235.965
236.194
236.402
236.624
236.827
237.065
237.263
237.469
237.7
237.931
238.164
238.402
238.632
238.838
239.069
239.306
239.539
239.737
239.975
240.204
240.434
240.641
240.873
241.07
241.298
241.5
241.708
241.908
242.144
242.376
242.604
242.842
243.074
243.278
243.503
243.708
243.944
244.145
244.369
244.575
244.81
245.041
245.243
245.476
245.705
245.938
246.141
246.373
246.572
246.802
247.004
247.243
247.47
247.676
247.904
248.108
248.307
248.517
248.719
248.922
249.156
249.356
249.591
249.793
250.026
250.225
250.455
250.691
250.888
251.121
251.322
251.552
251.756
251.99
252.223
252.46
252.658
252.861
253.093
253.295
253.523
253.732
253.957
254.157
254.396
254.628
254.86
255.055
255.296
255.526
255.725
255.953
256.164
256.396
256.623
256.855
257.095
257.295
257.53
257.756
257.966
258.191
