1.8668
1.8669
2.39376
2.93482
3.39738
3.89826
4.39762
4.89735
5.39747
5.89741
6.39744
6.90325
7.40187
7.9013
8.40196
8.90203
9.40246
9.90183
10.4018
10.9016
11.4113
11.9055
12.4063
12.9416
13.4053
13.906
14.4055
14.9344
15.4064
15.9057
16.407
16.9362
17.4101
17.9094
18.4097
18.9396
19.4169
19.9095
20.4286
20.9099
21.4105
21.9135
22.422
22.9138
23.4142
23.9341
24.4133
24.9137
25.4142
25.9136
26.4135
26.9178
27.4185
27.9175
28.4176
28.9362
29.4178
29.9179
30.4265
30.9182
31.4177
31.9366
32.4219
32.9223
33.4456
33.9222
34.4216
34.9212
35.4237
35.9477
36.4215
36.9252
37.4259
37.934
38.4254
38.9258
39.4257
39.9263
40.4257
40.928
41.4291
41.9296
42.4437
42.9291
43.4298
43.9305
44.4298
44.9297
45.4299
45.9402
46.4298
46.9319
47.4337
47.9339
48.4337
48.9524
49.4339
49.9349
50.4381
50.9377
51.4374
51.9377
52.4725
52.9381
53.4381
53.9376
54.4655
54.9383
55.4384
55.9377
56.4713
56.9416
57.442
57.9417
58.4412
58.9416
59.4445
59.942
60.4421
60.9458
61.4417
61.9455
62.4461
62.9456
63.4456
63.9455
64.4565
64.9455
65.4459
65.9651
66.4454
66.9496
67.4498
67.95
68.4496
68.9504
69.4498
69.9496
70.4494
70.9498
71.4499
71.9544
72.4536
72.954
73.4581
73.954
74.4541
74.9723
75.454
75.9535
76.4537
76.9546
77.4568
77.9584
78.4582
78.9578
79.4575
79.9571
80.4571
80.9579
81.4576
81.958
82.4576
82.9584
83.4617
83.9623
84.4618
84.9618
85.4643
85.9621
86.4624
86.9614
87.4614
87.9638
88.4653
88.9658
89.466
89.966
90.4655
90.9656
91.4654
91.9661
92.4658
92.9884
93.4656
93.9703
94.4698
94.9862
95.4698
95.9699
96.47
96.9696
97.4703
97.9697
98.4805
98.9776
99.474
99.9737
100.501
100.976
101.474
101.974
102.474
102.974
103.473
103.974
104.476
104.979
105.478
105.978
106.477
106.978
107.477
107.978
108.478
108.978
109.478
109.979
110.482
110.982
111.482
111.982
112.482
112.983
113.482
113.981
114.482
114.982
115.482
115.986
116.486
116.986
117.486
117.986
118.486
118.99
119.486
119.986
120.486
121.002
121.49
121.99
122.49
122.989
123.499
123.99
124.49
124.99
125.521
125.99
126.494
127.016
127.494
127.993
128.494
128.994
129.494
129.994
130.493
130.994
131.494
131.995
132.498
132.998
133.498
133.998
134.498
134.999
135.497
135.998
136.498
136.998
137.498
137.998
138.501
139.002
139.501
140.002
140.502
141.001
141.502
142.002
142.502
143.001
143.502
144.001
144.502
145.006
145.505
146.005
146.506
147.006
147.505
148.008
148.506
149.005
149.506
150.01
150.509
151.01
151.509
152.01
152.51
153.009
153.51
154.01
154.509
155.009
155.509
156.013
156.516
157.017
157.517
158.018
158.518
159.017
159.517
160.018
160.518
161.018
161.517
162.017
162.517
163.018
163.517
164.018
164.518
165.018
165.518
166.022
166.522
167.022
167.522
168.022
168.521
169.022
169.524
170.022
170.522
171.028
171.524
172.025
172.526
173.026
173.526
174.026
174.529
175.026
175.526
176.03
176.533
177.029
177.529
178.03
178.536
179.03
179.53
180.03
180.53
181.03
181.534
182.034
182.534
183.033
183.534
184.033
184.534
185.034
185.535
186.033
186.536
187.037
187.537
188.038
188.538
189.038
189.538
190.045
190.538
191.037
191.537
192.038
192.538
193.042
193.542
194.042
194.542
195.041
195.542
196.041
196.542
197.041
197.546
198.045
198.545
199.045
199.546
200.046
200.546
201.045
201.546
202.046
202.546
203.046
203.546
204.05
204.55
205.061
205.55
206.05
206.55
207.056
207.55
208.05
208.55
209.053
209.554
210.062
210.554
211.054
211.554
212.053
212.554
213.054
213.554
214.054
214.554
215.056
215.558
216.058
216.557
217.058
217.558
218.058
218.558
219.057
219.558
220.058
220.562
221.061
221.562
222.062
222.562
223.062
223.561
224.062
224.562
225.062
225.563
226.065
226.565
227.066
227.566
228.065
228.566
229.066
229.565
230.066
230.566
231.066
231.566
232.07
232.569
233.069
233.571
234.07
234.57
235.07
235.569
236.07
236.57
237.07
237.574
238.074
238.574
239.073
239.574
240.074
240.574
241.074
241.574
242.073
242.574
243.078
243.578
244.078
244.577
245.078
245.578
246.078
246.578
247.077
247.577
248.078
248.581
249.081
249.581
250.082
250.582
251.081
251.582
252.082
252.583
253.093
253.586
254.086
254.586
255.086
255.586
256.086
256.586
257.095
257.587
258.086
