0.000000
0.000000
0.000000
41.710999
41.743000
41.786999
42.063000
42.088001
43.173000
48.629002
50.624001
53.587002
66.356003
72.950996
76.114998
85.867996
87.855003
87.959000
89.968002
91.667000
112.031998
129.095001
144.423996
154.382004
155.307999
155.807999
165.294006
178.921997
186.796005
191.020004
193.169006
200.253006
212.281006
228.063004
240.358002
249.046005
257.016998
262.243988
271.513000
279.329987
286.214996
293.114014
299.996002
300.773987
300.936005
301.036987
301.167999
302.368011
304.161987
306.556000
310.506989
312.667999
314.157013
314.350006
314.476990
322.763000
326.177002
328.632996
331.601990
331.837006
335.544006
352.984009
364.427002
365.269012
367.707001
371.050995
374.248993
380.119995
382.808990
387.101990
390.075989
393.321014
396.260986
399.114990
399.865997
400.359985
400.839996
401.281006
403.506989
406.290009
408.933990
415.063995
435.846985
439.329010
440.270996
440.557007
441.355988
441.731995
442.187988
445.752991
451.605011
455.265015
459.993011
469.020996
470.028992
472.421997
477.960999
483.128998
493.704987
500.859009
506.032990
509.954987
515.335999
518.960999
523.463013
529.362000
537.010010
547.255981
555.098999
559.002014
563.200012
565.380005
568.405029
571.679993
576.190002
579.330994
583.364990
586.552979
590.161987
596.468018
599.732971
601.987000
608.323975
616.283997
624.870972
636.554993
649.890991
659.533020
672.528992
691.906006
703.080994
703.640015
703.721008
703.721985
703.739014
716.723022
717.906006
718.341980
718.586975
718.601990
718.622009
718.731995
718.786987
718.901978
718.974976
718.974976
719.091003
719.142029
719.143982
719.181030
719.181030
720.343994
722.348999
725.369019
729.739990
734.736023
737.828003
742.018982
747.867004
753.051025
759.877991
769.768005
776.153015
780.387024
788.668030
794.749023
799.866028
807.250000
812.216003
816.098999
817.828003
817.963013
817.981995
817.984009
817.984985
817.984985
817.984985
825.934998
825.948975
825.953979
837.875977
837.875977
837.875977
837.875977
837.875977
837.875977
837.875977
837.875977
837.879028
838.057983
839.197021
840.771973
841.099976
841.679016
843.231018
845.578979
851.193970
852.736023
855.323975
859.497009
864.059021
868.460022
876.586975
883.049988
889.169983
893.517029
898.854980
899.388000
899.445007
899.562012
899.585999
900.072021
915.185974
915.827026
916.601013
917.018982
918.268982
920.193970
920.200989
920.208008
921.182007
922.716003
924.085999
942.523987
946.333008
946.594971
946.995972
948.142029
948.340027
948.945007
949.810974
953.424011
960.541992
963.223999
965.197998
970.421021
973.974976
976.984009
982.466003
990.862000
992.489990
994.091003
996.693970
999.679993
1005.794983
1010.596985
1017.286011
1026.376953
1047.194946
1048.557983
1049.115967
1051.651001
1054.482056
1057.446045
1059.083984
1060.680054
1061.802979
1067.557007
1081.661011
1086.892944
1088.114990
1090.650024
1093.213013
1094.083984
1094.305054
1094.308960
1094.410034
1094.646973
1096.223999
1097.468018
1099.418945
1101.969971
1106.864014
1111.464966
1112.990967
1115.411011
1116.152954
1116.348022
1116.352051
1116.363037
1116.383057
1116.405029
1116.494995
1116.500000
1117.604004
1117.614990
1117.614990
1117.614990
1117.615967
1117.651001
1117.651001
1117.662964
1117.833008
1119.358032
1119.358032
1119.369019
1119.383057
1119.383057
1119.383057
1119.383057
1119.385010
1119.386963
1119.386963
1119.386963
1119.386963
1119.386963
1119.386963
1119.386963
1119.386963
1119.386963
1119.386963
1119.386963
1119.386963
1119.386963
1119.386963
1119.386963
1119.386963
1119.386963
1119.386963
1119.386963
1119.386963
1119.386963
1119.386963
1119.386963
1119.386963
1119.386963
1119.386963
1119.386963
1119.386963
1119.386963
1119.386963
1119.386963
1119.386963
1119.386963
1119.386963
1119.386963
1119.386963
1119.386963
1119.386963
1119.386963
1119.386963
1119.386963
1119.386963
1119.386963
1119.386963
1119.386963
1119.386963
1119.386963
1119.386963
1119.386963
1119.386963
1119.386963
1119.386963
1119.386963
1119.386963
1119.386963
1119.386963
1119.386963
1119.386963
1119.386963
1119.386963
1119.386963
1119.386963
1119.386963
1119.386963
1119.386963
1119.386963
1119.386963
1119.386963
1119.386963
1119.386963
1119.386963
1119.386963
1119.386963
1119.386963
1119.386963
1119.386963
1119.386963
1119.386963
1119.386963
1119.386963
1119.386963
1119.386963
1119.386963
1119.386963
1119.386963
1119.386963
1119.386963
1119.386963
1119.386963
1119.386963
1119.386963
1119.386963
1119.386963
1119.386963
1119.386963
1119.386963
1119.386963
1119.386963
1119.386963
1119.386963
1119.386963
1119.386963
1119.386963
1119.386963
1119.386963
1119.386963
1119.386963
1119.386963
1119.386963
1119.386963
1119.386963
1119.386963
1119.386963
1119.386963
1119.386963
1119.386963
1119.386963
1119.386963
1119.386963
1119.386963
1119.386963
1119.386963
1119.386963
1119.386963
1119.386963
1119.386963
1119.386963
1119.386963
1119.386963
1119.386963
1119.386963
1119.386963
1119.386963
1119.386963
1119.386963
1119.386963
1119.386963
1119.386963
1119.386963
1119.386963
1119.386963
1119.386963
1119.386963
1119.386963
1119.386963
1119.386963
1119.386963
1119.386963
1119.386963
1119.386963
1119.386963
1119.386963
1119.386963
1119.386963
1119.386963
1119.386963
1119.386963
1119.386963
1119.386963
1119.386963
1119.386963
1119.386963
1119.386963
1119.386963
1119.386963
1119.386963
1119.386963
1119.386963
1119.386963
1119.386963
1119.386963
1119.386963
1119.386963
1119.386963
1119.386963
1119.386963
1119.386963
1119.386963
1119.386963
1119.386963
1119.386963
1119.386963
1119.386963
1119.386963
1119.386963
1119.386963
1119.386963
1119.386963
1119.386963
1119.386963
1119.386963
1119.386963
1119.386963
1119.386963
1119.386963
1119.386963
1119.386963
1119.386963
1119.386963
1119.386963
1119.386963
1119.386963
1119.386963
1119.386963
1119.386963
1119.386963
1119.386963
1119.386963
1119.386963
1119.386963
1119.386963
1119.386963
1119.386963
