0.00287846
0.000795989
0.02774
0.00154648
0.00160208
0.0133985
0.00861295
0.0226885
0.00147675
0.00227224
0.0186591
0.0143175
0.00118561
0.00235099
0.00223513
0.00287157
0.000831191
0.00214966
0.00503593
0.00375241
0.00365557
0.0120757
0.00297985
0.00740896
0.00465758
0.00209082
0.00477695
0.00261853
0.0124858
0.00415822
0.00192371
0.0020744
0.00208473
0.00217055
0.00273476
0.00621805
0.00744753
0.00545796
0.00175618
0.00675878
0.00402047
0.0106569
0.00224082
0.00282747
0.00120799
0.023205
0.00118464
0.00331159
0.117262
