0.202239
0.202303
0.202366
0.202429
0.202488
0.202552
0.202624
0.202674
0.202733
0.202808
0.202861
0.232341
0.374995
0.525481
0.687028
0.817507
0.904637
0.987892
1.007820
1.179467
1.577513
1.886067
2.115838
2.230087
2.299689
2.354549
2.428525
2.530178
2.664226
2.798107
2.940740
3.085307
3.249413
3.373517
3.474699
3.526312
3.573124
3.671517
3.807311
3.934675
4.064796
4.160895
4.270715
4.412356
4.581468
4.689541
4.714937
4.820996
4.988016
5.147141
5.237740
5.284613
5.358382
5.432541
5.488073
5.566200
5.637789
5.686155
5.704895
5.772438
5.893642
6.035541
6.105896
6.218049
6.405363
6.590574
6.790949
7.044112
7.320146
7.593354
7.821905
8.044939
8.299829
8.502153
8.677292
8.773858
8.862853
8.960041
9.076175
9.190718
9.313828
9.444531
9.640458
9.863302
10.056567
10.243228
10.425352
10.602483
10.768338
10.934856
11.159199
11.370512
11.621250
11.830643
12.034674
12.275921
12.485155
12.688553
12.884874
13.109807
13.319680
13.492976
13.668726
13.882045
14.066113
14.272508
14.462102
14.615504
14.782781
14.938966
15.120678
15.360401
15.572348
15.813550
16.007816
16.210174
16.365071
16.495981
16.608885
16.752386
16.917261
17.110454
17.244312
17.313389
17.394832
17.491618
17.616843
17.797339
18.010947
18.215060
18.472087
18.697931
18.963066
19.190222
19.448507
19.665762
19.915623
20.120747
20.352587
20.553584
20.802056
21.064907
21.281914
21.488213
21.686268
21.911545
22.135661
22.328208
22.553436
22.772462
22.989390
23.175111
23.359654
23.575173
23.781789
23.981522
24.146693
24.305051
24.457552
24.605402
24.750742
24.895336
25.062777
25.218634
25.345572
25.489631
25.638208
25.789032
25.942069
26.080736
26.237087
26.416294
26.653079
26.899764
27.112672
27.349933
27.581527
27.774376
27.994768
28.213068
28.401248
28.625046
28.849649
29.048204
29.249813
29.449207
29.671189
29.892362
30.115826
30.352210
30.604434
30.856097
31.067831
31.297895
31.503437
31.674209
31.840703
32.040341
32.237294
32.481258
32.689828
32.914461
33.107476
33.244385
33.344141
33.426535
33.533930
33.654016
33.768279
33.899638
34.076839
34.245758
34.455680
34.640327
34.862555
35.092202
35.326389
35.513799
35.709296
35.887783
36.075577
36.254614
36.466913
36.617193
36.734646
36.804910
36.893376
37.028162
37.238983
37.437598
37.668400
37.862737
38.085846
38.277884
38.504327
38.727753
38.922552
39.152069
39.352297
39.589364
39.788177
40.007821
40.201412
40.374618
40.516825
40.686647
40.851675
41.077183
41.332093
41.547318
41.789030
42.026468
42.230612
42.471229
42.670101
42.884906
43.046814
43.191902
43.295664
43.366768
43.438159
43.531686
43.639570
43.761855
43.872553
43.986003
44.120737
44.261895
44.432298
44.654279
