2.67802
2.90744
3.13071
3.36447
3.57431
3.8124
4.04079
4.2519
4.44879
4.67925
4.883
5.07932
5.3199
5.52466
5.76222
5.9977
6.22871
6.45629
6.6669
6.85562
7.09522
7.30669
7.52569
7.76843
8.00365
8.19835
8.43194
8.67528
8.90619
9.11224
9.30766
9.52462
9.74736
9.93803
10.1767
10.3847
10.5962
10.8185
11.0479
11.2711
11.4842
11.7086
11.9157
12.1043
12.3448
12.5716
12.7724
12.9741
13.1641
13.3623
13.5595
13.7917
13.9932
14.2212
14.4431
14.6576
14.8619
15.1048
15.3373
15.5328
15.7429
15.9855
16.2202
16.4211
16.6494
16.8488
17.0446
17.275
17.5121
17.7423
17.9508
18.1485
18.3846
18.5877
18.8197
19.0223
19.2372
19.4286
19.6563
19.8851
20.1049
20.3072
20.542
20.7769
20.9755
21.1739
21.3747
21.5768
21.7695
21.9689
22.1992
22.4118
22.638
22.8417
23.0405
23.2678
23.4721
23.6783
23.8837
24.1129
24.3447
24.5425
24.7408
24.9745
25.1755
25.4085
25.6419
25.8358
26.0664
26.2737
26.4733
26.7081
26.9038
27.1409
27.3443
27.5717
27.7756
27.9727
28.1787
28.398
28.6072
28.8413
29.072
29.2698
29.5058
29.7145
29.9115
30.1431
30.3748
30.5734
30.8035
31.0032
31.2424
31.446
31.6786
31.8831
32.1056
32.3129
32.5547
32.7508
32.9808
33.2212
33.4197
33.6179
33.8181
34.0516
34.2697
34.4768
34.7241
34.9556
35.1805
35.379
35.5809
35.8092
36.0452
36.2784
36.4854
36.6854
36.8774
37.0784
37.2748
37.4931
37.7272
37.9615
38.1586
38.3942
38.642
38.8635
39.0991
39.3017
39.503
39.7058
39.9427
40.1596
40.3691
40.5961
40.8312
41.042
41.2644
41.4918
41.6936
41.9268
42.1573
42.3535
42.5593
42.7618
42.9874
43.2276
43.461
43.6917
43.9258
44.1632
44.3536
44.591
44.8247
45.0533
45.2882
45.5213
45.7257
45.9522
46.1568
46.3901
46.6314
46.8552
47.0942
47.2832
47.5273
47.7548
47.9567
48.1562
48.3938
48.5949
48.8331
49.0385
49.272
49.4997
49.7342
49.9403
50.1729
50.4034
50.646
50.8404
51.074
51.2734
51.4979
51.7018
51.9061
52.1094
52.3403
52.5457
52.7761
52.9809
53.2109
53.4099
53.6487
53.8831
54.058
54.289
54.4916
54.7288
54.9335
55.1646
55.4167
55.6475
55.8499
56.0742
56.2758
56.5079
56.7375
56.9444
57.1687
57.3992
57.5956
57.8323
58.0353
58.2658
58.4713
58.7023
58.9344
59.1339
59.3431
59.5762
59.8074
60.0554
60.2589
60.4671
60.6943
60.895
61.097
61.3202
