0.000000
0.000000
0.000000
41.557999
41.745998
41.993999
42.039001
42.060001
43.375999
48.631001
50.612999
53.314999
65.900002
72.828003
76.358002
89.084999
98.418999
109.708000
127.121002
130.005997
130.889999
131.395004
134.001999
134.544006
136.003998
138.145996
139.391998
147.406998
158.869003
165.572998
168.835007
168.908997
168.923004
177.701004
200.276001
212.811005
223.074005
237.953003
245.009995
249.884003
255.520996
258.738007
262.528015
269.381012
276.472992
281.674988
283.414001
285.632996
288.997009
294.351990
294.414001
294.414001
294.417999
294.647003
295.026001
295.157013
295.187988
295.252991
295.550995
295.888000
296.653992
296.701996
296.708008
296.720001
296.743988
296.747986
296.747986
296.747986
297.417999
298.596985
298.950989
303.083008
304.583008
305.472992
309.411987
317.683990
327.673004
332.875000
343.398010
351.420013
356.283997
358.881012
361.828003
363.428009
364.330994
364.875000
368.437012
368.957001
369.058014
370.097992
376.687012
379.902008
381.480988
382.852997
386.125000
389.204987
392.847992
398.457001
417.028992
418.235992
419.476990
421.399994
424.684998
428.746002
434.446991
437.744995
439.825012
441.523987
450.641998
455.872009
456.431000
457.195007
458.213013
459.365997
462.500000
467.498993
476.457001
484.231995
488.737000
494.776001
