1.83465
1.83477
2.36262
2.89525
3.36462
3.87325
4.36562
4.8833
5.36667
5.86587
6.36643
6.86643
7.36636
7.8663
8.36584
8.9064
9.37034
9.86985
10.3849
10.8699
11.3703
11.87
12.3705
12.8707
13.3741
13.8736
14.374
14.874
15.3739
15.8745
16.3746
16.8743
17.3747
17.8747
18.3849
18.8769
19.3842
19.8854
20.3782
20.8776
21.3944
21.8781
22.3776
22.8788
23.3809
23.8838
24.382
24.8824
25.3827
25.8822
26.3819
26.8824
27.3822
27.886
28.3981
28.8859
29.3867
29.8862
30.3867
30.8865
31.3856
31.8859
32.3867
32.8899
33.3902
33.8896
34.39
34.8901
35.3901
35.8906
36.3903
36.8901
37.3933
37.8941
38.3946
38.8943
39.3939
39.8937
40.3945
40.8937
41.3945
41.894
42.3973
42.8984
43.3986
43.8985
44.3985
44.8975
45.3983
45.8977
46.3986
46.9008
47.4024
47.9017
48.4027
48.9026
49.4017
49.902
50.4035
50.9021
51.4017
51.9065
52.4094
52.9083
53.4132
53.9103
54.4101
54.9104
55.417
55.9108
56.4105
56.9102
57.4111
57.9099
58.4097
58.9096
59.4105
59.91
60.4098
60.914
